,value_per_image
0,-10.80221148159285
1,-10.80221148159285
2,-10.80221148159285
3,-10.80221148159285
4,-10.80221148159285
5,-10.80221148159285
6,-10.80221148159285
7,-10.80221148159285
8,-10.80221148159285
9,-10.80221148159285
10,-10.80221148159285
11,-10.80221148159285
12,-10.80221148159285
13,-10.80221148159285
14,-10.80221148159285
15,-10.80221148159285
16,-10.80221148159285
17,-10.80221148159285
18,-10.80221148159285
19,-10.80221148159285
20,-10.80221148159285
21,-10.80221148159285
22,-10.80221148159285
23,-10.80221148159285
24,-10.80221148159285
25,-10.80221148159285
26,-10.80221148159285
27,-10.80221148159285
28,-10.80221148159285
29,-10.80221148159285
30,-10.80221148159285
31,-10.80221148159285
32,-10.80221148159285
33,-10.80221148159285
34,-10.80221148159285
35,-10.80221148159285
36,-10.80221148159285
37,-10.80221148159285
38,-10.80221148159285
39,-10.80221148159285
40,-10.80221148159285
41,-10.80221148159285
42,-10.80221148159285
43,-10.80221148159285
44,-10.80221148159285
45,-10.80221148159285
46,-10.80221148159285
47,-10.80221148159285
48,-10.80221148159285
49,-10.80221148159285
50,-10.80221148159285
51,-10.80221148159285
52,-10.80221148159285
53,-10.80221148159285
54,-10.80221148159285
55,-10.80221148159285
56,-10.80221148159285
57,-10.80221148159285
58,-10.80221148159285
59,-10.80221148159285
60,-10.80221148159285
61,-10.80221148159285
62,-10.80221148159285
63,-10.80221148159285
64,-10.80221148159285
65,-10.80221148159285
66,-10.80221148159285
67,-10.80221148159285
68,-10.80221148159285
69,-10.80221148159285
70,-10.80221148159285
71,-10.80221148159285
72,-10.80221148159285
73,-10.80221148159285
74,-10.80221148159285
75,-10.80221148159285
76,-10.80221148159285
77,-10.80221148159285
78,-10.80221148159285
79,-10.80221148159285
80,-10.80221148159285
81,-10.80221148159285
82,-10.80221148159285
83,-10.80221148159285
84,-10.80221148159285
85,-10.80221148159285
86,-10.80221148159285
87,-10.80221148159285
88,-10.80221148159285
89,-10.80221148159285
90,-10.80221148159285
91,-10.80221148159285
92,-10.80221148159285
93,-10.80221148159285
94,-10.80221148159285
95,-10.80221148159285
96,-10.80221148159285
97,-10.80221148159285
98,-10.80221148159285
99,-10.80221148159285
100,-10.80221148159285
101,-10.80221148159285
102,-10.80221148159285
103,-10.80221148159285
104,-10.80221148159285
105,-10.80221148159285
106,-10.80221148159285
107,-10.80221148159285
108,-10.80221148159285
109,-10.80221148159285
110,-10.80221148159285
111,-10.80221148159285
112,-10.80221148159285
113,-10.80221148159285
114,-10.80221148159285
115,-10.80221148159285
116,-10.80221148159285
117,-10.80221148159285
118,-10.80221148159285
119,-10.80221148159285
120,-10.80221148159285
121,-10.80221148159285
122,-10.80221148159285
123,-10.80221148159285
124,-10.80221148159285
125,-10.80221148159285
126,-10.80221148159285
127,-10.80221148159285
128,-10.80221148159285
129,-10.80221148159285
130,-10.80221148159285
131,-10.80221148159285
132,-10.80221148159285
133,-10.80221148159285
134,-10.80221148159285
135,-10.80221148159285
136,-10.80221148159285
137,-10.80221148159285
138,-10.80221148159285
139,-10.80221148159285
140,-10.80221148159285
141,-10.80221148159285
142,-10.80221148159285
143,-10.80221148159285
144,-10.80221148159285
145,-10.80221148159285
146,-10.80221148159285
147,-10.80221148159285
148,-10.80221148159285
149,-10.80221148159285
150,-10.80221148159285
151,-10.80221148159285
152,-10.80221148159285
153,-10.80221148159285
154,-10.80221148159285
155,-10.80221148159285
156,-10.80221148159285
157,-10.80221148159285
158,-10.80221148159285
159,-10.80221148159285
160,-10.80221148159285
161,-10.80221148159285
162,-10.80221148159285
163,-10.80221148159285
164,-10.80221148159285
165,-10.80221148159285
166,-10.80221148159285
167,-10.80221148159285
168,-10.80221148159285
169,-10.80221148159285
170,-10.80221148159285
171,-10.80221148159285
172,-10.80221148159285
173,-10.80221148159285
174,-10.80221148159285
175,-10.80221148159285
176,-10.80221148159285
177,-10.80221148159285
178,-10.80221148159285
179,-10.80221148159285
180,-10.80221148159285
181,-10.80221148159285
182,-10.80221148159285
183,-10.80221148159285
184,-10.80221148159285
185,-10.80221148159285
186,-10.80221148159285
187,-10.80221148159285
188,-10.80221148159285
189,-10.80221148159285
190,-10.80221148159285
191,-10.80221148159285
192,-10.80221148159285
193,-10.80221148159285
194,-10.80221148159285
195,-10.80221148159285
196,-10.80221148159285
197,-10.80221148159285
198,-10.80221148159285
199,-10.80221148159285
200,-10.80221148159285
201,-10.80221148159285
202,-10.80221148159285
203,-10.80221148159285
204,-10.80221148159285
205,-10.80221148159285
206,-10.80221148159285
207,-10.80221148159285
208,-10.80221148159285
209,-10.80221148159285
210,-10.80221148159285
211,-10.80221148159285
212,-10.80221148159285
213,-10.80221148159285
214,-10.80221148159285
215,-10.80221148159285
216,-10.80221148159285
217,-10.80221148159285
218,-10.80221148159285
219,-10.80221148159285
220,-10.80221148159285
221,-10.80221148159285
222,-10.80221148159285
223,-10.80221148159285
224,-10.80221148159285
225,-10.80221148159285
226,-10.80221148159285
227,-10.80221148159285
228,-10.80221148159285
229,-10.80221148159285
230,-10.80221148159285
231,-10.80221148159285
232,-10.80221148159285
233,-10.80221148159285
234,-10.80221148159285
235,-10.80221148159285
236,-10.80221148159285
237,-10.80221148159285
238,-10.80221148159285
239,-10.80221148159285
240,-10.80221148159285
241,-10.80221148159285
242,-10.80221148159285
243,-10.80221148159285
244,-10.80221148159285
245,-10.80221148159285
246,-10.80221148159285
247,-10.80221148159285
248,-10.80221148159285
249,-10.80221148159285
250,-10.80221148159285
251,-10.80221148159285
252,-10.80221148159285
253,-10.80221148159285
254,-10.80221148159285
255,-10.80221148159285
256,-10.80221148159285
257,-10.80221148159285
258,-10.80221148159285
259,-10.80221148159285
260,-10.80221148159285
261,-10.80221148159285
262,-10.80221148159285
263,-10.80221148159285
264,-10.80221148159285
265,-10.80221148159285
266,-10.80221148159285
267,-10.80221148159285
268,-10.80221148159285
269,-10.80221148159285
270,-10.80221148159285
271,-10.80221148159285
272,-10.80221148159285
273,-10.80221148159285
274,-10.80221148159285
275,-10.80221148159285
276,-10.80221148159285
277,-10.80221148159285
278,-10.80221148159285
279,-10.80221148159285
280,-10.80221148159285
281,-10.80221148159285
282,-10.80221148159285
283,-10.80221148159285
284,-10.80221148159285
285,-10.80221148159285
286,-10.80221148159285
287,-10.80221148159285
288,-10.80221148159285
289,-10.80221148159285
290,-10.80221148159285
291,-10.80221148159285
292,-10.80221148159285
293,-10.80221148159285
294,-10.80221148159285
295,-10.80221148159285
296,-10.80221148159285
297,-10.80221148159285
298,-10.80221148159285
299,-10.80221148159285
300,-10.80221148159285
301,-10.80221148159285
302,-10.80221148159285
303,-10.80221148159285
304,-10.80221148159285
305,-10.80221148159285
306,-10.80221148159285
307,-10.80221148159285
308,-10.80221148159285
309,-10.80221148159285
310,-10.80221148159285
311,-10.80221148159285
312,-10.80221148159285
313,-10.80221148159285
314,-10.80221148159285
315,-10.80221148159285
316,-10.80221148159285
317,-10.80221148159285
318,-10.80221148159285
319,-10.80221148159285
320,-10.80221148159285
321,-10.80221148159285
322,-10.80221148159285
323,-10.80221148159285
324,-10.80221148159285
325,-10.80221148159285
326,-10.80221148159285
327,-10.80221148159285
328,-10.80221148159285
329,-10.80221148159285
330,-10.80221148159285
331,-10.80221148159285
332,-10.80221148159285
333,-10.80221148159285
334,-10.80221148159285
335,-10.80221148159285
336,-10.80221148159285
337,-10.80221148159285
338,-10.80221148159285
339,-10.80221148159285
340,-10.80221148159285
341,-10.80221148159285
342,-10.80221148159285
343,-10.80221148159285
344,-10.80221148159285
345,-10.80221148159285
346,-10.80221148159285
347,-10.80221148159285
348,-10.80221148159285
349,-10.80221148159285
350,-10.80221148159285
351,-10.80221148159285
352,-10.80221148159285
353,-10.80221148159285
354,-10.80221148159285
355,-10.80221148159285
356,-10.80221148159285
357,-10.80221148159285
358,-10.80221148159285
359,-10.80221148159285
360,-10.80221148159285
361,-10.80221148159285
362,-10.80221148159285
363,-10.80221148159285
364,-10.80221148159285
365,-10.80221148159285
366,-10.80221148159285
367,-10.80221148159285
368,-10.80221148159285
369,-10.80221148159285
370,-10.80221148159285
371,-10.80221148159285
372,-10.80221148159285
373,-10.80221148159285
374,-10.80221148159285
375,-10.80221148159285
376,-10.80221148159285
377,-10.80221148159285
378,-10.80221148159285
379,-10.80221148159285
380,-10.80221148159285
381,-10.80221148159285
382,-10.80221148159285
383,-10.80221148159285
384,-10.80221148159285
385,-10.80221148159285
386,-10.80221148159285
387,-10.80221148159285
388,-10.80221148159285
389,-10.80221148159285
390,-10.80221148159285
391,-10.80221148159285
392,-10.80221148159285
393,-10.80221148159285
394,-10.80221148159285
395,-10.80221148159285
396,-10.80221148159285
397,-10.80221148159285
398,-10.80221148159285
399,-10.80221148159285
400,-10.80221148159285
401,-10.80221148159285
402,-10.80221148159285
403,-10.80221148159285
404,-10.80221148159285
405,-10.80221148159285
406,-10.80221148159285
407,-10.80221148159285
408,-10.80221148159285
409,-10.80221148159285
410,-10.80221148159285
411,-10.80221148159285
412,-10.80221148159285
413,-10.80221148159285
414,-10.80221148159285
415,-10.80221148159285
416,-10.80221148159285
417,-10.80221148159285
418,-10.80221148159285
419,-10.80221148159285
420,-10.80221148159285
421,-10.80221148159285
422,-10.80221148159285
423,-10.80221148159285
424,-10.80221148159285
425,-10.80221148159285
426,-10.80221148159285
427,-10.80221148159285
428,-10.80221148159285
429,-10.80221148159285
430,-10.80221148159285
431,-10.80221148159285
432,-10.80221148159285
433,-10.80221148159285
434,-10.80221148159285
435,-10.80221148159285
436,-10.80221148159285
437,-10.80221148159285
438,-10.80221148159285
439,-10.80221148159285
440,-10.80221148159285
441,-10.80221148159285
442,-10.80221148159285
443,-10.80221148159285
444,-10.80221148159285
445,-10.80221148159285
446,-10.80221148159285
447,-10.80221148159285
448,-10.80221148159285
449,-10.80221148159285
450,-10.80221148159285
451,-10.80221148159285
452,-10.80221148159285
453,-10.80221148159285
454,-10.80221148159285
455,-10.80221148159285
456,-10.80221148159285
457,-10.80221148159285
458,-10.80221148159285
459,-10.80221148159285
460,-10.80221148159285
461,-10.80221148159285
462,-10.80221148159285
463,-10.80221148159285
464,-10.80221148159285
465,-10.80221148159285
466,-10.80221148159285
467,-10.80221148159285
468,-10.80221148159285
469,-10.80221148159285
470,-10.80221148159285
471,-10.80221148159285
472,-10.80221148159285
473,-10.80221148159285
474,-10.80221148159285
475,-10.80221148159285
476,-10.80221148159285
477,-10.80221148159285
478,-10.80221148159285
479,-10.80221148159285
480,-10.80221148159285
481,-10.80221148159285
482,-10.80221148159285
483,-10.80221148159285
484,-10.80221148159285
485,-10.80221148159285
486,-10.80221148159285
487,-10.80221148159285
488,-10.80221148159285
489,-10.80221148159285
490,-10.80221148159285
491,-10.80221148159285
492,-10.80221148159285
493,-10.80221148159285
494,-10.80221148159285
495,-10.80221148159285
496,-10.80221148159285
497,-10.80221148159285
498,-10.80221148159285
499,-10.80221148159285
500,-10.80221148159285
501,-10.80221148159285
502,-10.80221148159285
503,-10.80221148159285
504,-10.80221148159285
505,-10.80221148159285
506,-10.80221148159285
507,-10.80221148159285
508,-10.80221148159285
509,-10.80221148159285
510,-10.80221148159285
511,-10.80221148159285
512,-10.80221148159285
513,-10.80221148159285
514,-10.80221148159285
515,-10.80221148159285
516,-10.80221148159285
517,-10.80221148159285
518,-10.80221148159285
519,-10.80221148159285
520,-10.80221148159285
521,-10.80221148159285
522,-10.80221148159285
523,-10.80221148159285
524,-10.80221148159285
525,-10.80221148159285
526,-10.80221148159285
527,-10.80221148159285
528,-10.80221148159285
529,-10.80221148159285
530,-10.80221148159285
531,-10.80221148159285
532,-10.80221148159285
533,-10.80221148159285
534,-10.80221148159285
535,-10.80221148159285
536,-10.80221148159285
537,-10.80221148159285
538,-10.80221148159285
539,-10.80221148159285
540,-10.80221148159285
541,-10.80221148159285
542,-10.80221148159285
543,-10.80221148159285
544,-10.80221148159285
545,-10.80221148159285
546,-10.80221148159285
547,-10.80221148159285
548,-10.80221148159285
549,-10.80221148159285
550,-10.80221148159285
551,-10.80221148159285
552,-10.80221148159285
553,-10.80221148159285
554,-10.80221148159285
555,-10.80221148159285
556,-10.80221148159285
557,-10.80221148159285
558,-10.80221148159285
559,-10.80221148159285
560,-10.80221148159285
561,-10.80221148159285
562,-10.80221148159285
563,-10.80221148159285
564,-10.80221148159285
565,-10.80221148159285
566,-10.80221148159285
567,-10.80221148159285
568,-10.80221148159285
569,-10.80221148159285
570,-10.80221148159285
571,-10.80221148159285
572,-10.80221148159285
573,-10.80221148159285
574,-10.80221148159285
575,-10.80221148159285
576,-10.80221148159285
577,-10.80221148159285
578,-10.80221148159285
579,-10.80221148159285
580,-10.80221148159285
581,-10.80221148159285
582,-10.80221148159285
583,-10.80221148159285
584,-10.80221148159285
585,-10.80221148159285
586,-10.80221148159285
587,-10.80221148159285
588,-10.80221148159285
589,-10.80221148159285
590,-10.80221148159285
591,-10.80221148159285
592,-10.80221148159285
593,-10.80221148159285
594,-10.80221148159285
595,-10.80221148159285
596,-10.80221148159285
597,-10.80221148159285
598,-10.80221148159285
599,-10.80221148159285
600,-10.80221148159285
601,-10.80221148159285
602,-10.80221148159285
603,-10.80221148159285
604,-10.80221148159285
605,-10.80221148159285
606,-10.80221148159285
607,-10.80221148159285
608,-10.80221148159285
609,-10.80221148159285
610,-10.80221148159285
611,-10.80221148159285
612,-10.80221148159285
613,-10.80221148159285
614,-10.80221148159285
615,-10.80221148159285
616,-10.80221148159285
617,-10.80221148159285
618,-10.80221148159285
619,-10.80221148159285
620,-10.80221148159285
621,-10.80221148159285
622,-10.80221148159285
623,-10.80221148159285
624,-10.80221148159285
625,-10.80221148159285
626,-10.80221148159285
627,-10.80221148159285
628,-10.80221148159285
629,-10.80221148159285
630,-10.80221148159285
631,-10.80221148159285
632,-10.80221148159285
633,-10.80221148159285
634,-10.80221148159285
635,-10.80221148159285
636,-10.80221148159285
637,-10.80221148159285
638,-10.80221148159285
639,-10.80221148159285
640,-10.80221148159285
641,-10.80221148159285
642,-10.80221148159285
643,-10.80221148159285
644,-10.80221148159285
645,-10.80221148159285
646,-10.80221148159285
647,-10.80221148159285
648,-10.80221148159285
649,-10.80221148159285
650,-10.80221148159285
651,-10.80221148159285
652,-10.80221148159285
653,-10.80221148159285
654,-10.80221148159285
655,-10.80221148159285
656,-10.80221148159285
657,-10.80221148159285
658,-10.80221148159285
659,-10.80221148159285
660,-10.80221148159285
661,-10.80221148159285
662,-10.80221148159285
663,-10.80221148159285
664,-10.80221148159285
665,-10.80221148159285
666,-10.80221148159285
667,-10.80221148159285
668,-10.80221148159285
669,-10.80221148159285
670,-10.80221148159285
671,-10.80221148159285
672,-10.80221148159285
673,-10.80221148159285
674,-10.80221148159285
675,-10.80221148159285
676,-10.80221148159285
677,-10.80221148159285
678,-10.80221148159285
679,-10.80221148159285
680,-10.80221148159285
681,-10.80221148159285
682,-10.80221148159285
683,-10.80221148159285
684,-10.80221148159285
685,-10.80221148159285
686,-10.80221148159285
687,-10.80221148159285
688,-10.80221148159285
689,-10.80221148159285
690,-10.80221148159285
691,-10.80221148159285
692,-10.80221148159285
693,-10.80221148159285
694,-10.80221148159285
695,-10.80221148159285
696,-10.80221148159285
697,-10.80221148159285
698,-10.80221148159285
699,-10.80221148159285
700,-10.80221148159285
701,-10.80221148159285
702,-10.80221148159285
703,-10.80221148159285
704,-10.80221148159285
705,-10.80221148159285
706,-10.80221148159285
707,-10.80221148159285
708,-10.80221148159285
709,-10.80221148159285
710,-10.80221148159285
711,-10.80221148159285
712,-10.80221148159285
713,-10.80221148159285
714,-10.80221148159285
715,-10.80221148159285
716,-10.80221148159285
717,-10.80221148159285
718,-10.80221148159285
719,-10.80221148159285
720,-10.80221148159285
721,-10.80221148159285
722,-10.80221148159285
723,-10.80221148159285
724,-10.80221148159285
725,-10.80221148159285
726,-10.80221148159285
727,-10.80221148159285
728,-10.80221148159285
729,-10.80221148159285
730,-10.80221148159285
731,-10.80221148159285
732,-10.80221148159285
733,-10.80221148159285
734,-10.80221148159285
735,-10.80221148159285
736,-10.80221148159285
737,-10.80221148159285
738,-10.80221148159285
739,-10.80221148159285
740,-10.80221148159285
741,-10.80221148159285
742,-10.80221148159285
743,-10.80221148159285
744,-10.80221148159285
745,-10.80221148159285
746,-10.80221148159285
747,-10.80221148159285
748,-10.80221148159285
749,-10.80221148159285
750,-10.80221148159285
751,-10.80221148159285
752,-10.80221148159285
753,-10.80221148159285
754,-10.80221148159285
755,-10.80221148159285
756,-10.80221148159285
757,-10.80221148159285
758,-10.80221148159285
759,-10.80221148159285
760,-10.80221148159285
761,-10.80221148159285
762,-10.80221148159285
763,-10.80221148159285
764,-10.80221148159285
765,-10.80221148159285
766,-10.80221148159285
767,-10.80221148159285
768,-10.80221148159285
769,-10.80221148159285
770,-10.80221148159285
771,-10.80221148159285
772,-10.80221148159285
773,-10.80221148159285
774,-10.80221148159285
775,-10.80221148159285
776,-10.80221148159285
777,-10.80221148159285
778,-10.80221148159285
779,-10.80221148159285
780,-10.80221148159285
781,-10.80221148159285
782,-10.80221148159285
783,-10.80221148159285
784,-10.80221148159285
785,-10.80221148159285
786,-10.80221148159285
787,-10.80221148159285
788,-10.80221148159285
789,-10.80221148159285
790,-10.80221148159285
791,-10.80221148159285
792,-10.80221148159285
793,-10.80221148159285
794,-10.80221148159285
795,-10.80221148159285
796,-10.80221148159285
797,-10.80221148159285
798,-10.80221148159285
799,-10.80221148159285
800,-10.80221148159285
801,-10.80221148159285
802,-10.80221148159285
803,-10.80221148159285
804,-10.80221148159285
805,-10.80221148159285
806,-10.80221148159285
807,-10.80221148159285
808,-10.80221148159285
809,-10.80221148159285
810,-10.80221148159285
811,-10.80221148159285
812,-10.80221148159285
813,-10.80221148159285
814,-10.80221148159285
815,-10.80221148159285
816,-10.80221148159285
817,-10.80221148159285
818,-10.80221148159285
819,-10.80221148159285
820,-10.80221148159285
821,-10.80221148159285
822,-10.80221148159285
823,-10.80221148159285
824,-10.80221148159285
825,-10.80221148159285
826,-10.80221148159285
827,-10.80221148159285
828,-10.80221148159285
829,-10.80221148159285
830,-10.80221148159285
831,-10.80221148159285
832,-10.80221148159285
833,-10.80221148159285
834,-10.80221148159285
835,-10.80221148159285
836,-10.80221148159285
837,-10.80221148159285
838,-10.80221148159285
839,-10.80221148159285
840,-10.80221148159285
841,-10.80221148159285
842,-10.80221148159285
843,-10.80221148159285
844,-10.80221148159285
845,-10.80221148159285
846,-10.80221148159285
847,-10.80221148159285
848,-10.80221148159285
849,-10.80221148159285
850,-10.80221148159285
851,-10.80221148159285
852,-10.80221148159285
853,-10.80221148159285
854,-10.80221148159285
855,-10.80221148159285
856,-10.80221148159285
857,-10.80221148159285
858,-10.80221148159285
859,-10.80221148159285
860,-10.80221148159285
861,-10.80221148159285
862,-10.80221148159285
863,-10.80221148159285
864,-10.80221148159285
865,-10.80221148159285
866,-10.80221148159285
867,-10.80221148159285
868,-10.80221148159285
869,-10.80221148159285
870,-10.80221148159285
871,-10.80221148159285
872,-10.80221148159285
873,-10.80221148159285
874,-10.80221148159285
875,-10.80221148159285
876,-10.80221148159285
877,-10.80221148159285
878,-10.80221148159285
879,-10.80221148159285
880,-10.80221148159285
881,-10.80221148159285
882,-10.80221148159285
883,-10.80221148159285
884,-10.80221148159285
885,-10.80221148159285
886,-10.80221148159285
887,-10.80221148159285
888,-10.80221148159285
889,-10.80221148159285
890,-10.80221148159285
891,-10.80221148159285
892,-10.80221148159285
893,-10.80221148159285
894,-10.80221148159285
895,-10.80221148159285
896,-10.80221148159285
897,-10.80221148159285
898,-10.80221148159285
899,-10.80221148159285
900,-10.80221148159285
901,-10.80221148159285
902,-10.80221148159285
903,-10.80221148159285
904,-10.80221148159285
905,-10.80221148159285
906,-10.80221148159285
907,-10.80221148159285
908,-10.80221148159285
909,-10.80221148159285
910,-10.80221148159285
911,-10.80221148159285
912,-10.80221148159285
913,-10.80221148159285
914,-10.80221148159285
915,-10.80221148159285
916,-10.80221148159285
917,-10.80221148159285
918,-10.80221148159285
919,-10.80221148159285
920,-10.80221148159285
921,-10.80221148159285
922,-10.80221148159285
923,-10.80221148159285
924,-10.80221148159285
925,-10.80221148159285
926,-10.80221148159285
927,-10.80221148159285
928,-10.80221148159285
929,-10.80221148159285
930,-10.80221148159285
931,-10.80221148159285
932,-10.80221148159285
933,-10.80221148159285
934,-10.80221148159285
935,-10.80221148159285
936,-10.80221148159285
937,-10.80221148159285
938,-10.80221148159285
939,-10.80221148159285
940,-10.80221148159285
941,-10.80221148159285
942,-10.80221148159285
943,-10.80221148159285
944,-10.80221148159285
945,-10.80221148159285
946,-10.80221148159285
947,-10.80221148159285
948,-10.80221148159285
949,-10.80221148159285
950,-10.80221148159285
951,-10.80221148159285
952,-10.80221148159285
953,-10.80221148159285
954,-10.80221148159285
955,-10.80221148159285
956,-10.80221148159285
957,-10.80221148159285
958,-10.80221148159285
959,-10.80221148159285
960,-10.80221148159285
961,-10.80221148159285
962,-10.80221148159285
963,-10.80221148159285
964,-10.80221148159285
965,-10.80221148159285
966,-10.80221148159285
967,-10.80221148159285
968,-10.80221148159285
969,-10.80221148159285
970,-10.80221148159285
971,-10.80221148159285
972,-10.80221148159285
973,-10.80221148159285
974,-10.80221148159285
975,-10.80221148159285
976,-10.80221148159285
977,-10.80221148159285
978,-10.80221148159285
979,-10.80221148159285
980,-10.80221148159285
981,-10.80221148159285
982,-10.80221148159285
983,-10.80221148159285
984,-10.80221148159285
985,-10.80221148159285
986,-10.80221148159285
987,-10.80221148159285
988,-10.80221148159285
989,-10.80221148159285
990,-10.80221148159285
991,-10.80221148159285
992,-10.80221148159285
993,-10.80221148159285
994,-10.80221148159285
995,-10.80221148159285
996,-10.80221148159285
997,-10.80221148159285
998,-10.80221148159285
999,-10.80221148159285
1000,-10.80221148159285
1001,-10.80221148159285
1002,-10.80221148159285
1003,-10.80221148159285
1004,-10.80221148159285
1005,-10.80221148159285
1006,-10.80221148159285
1007,-10.80221148159285
1008,-10.80221148159285
1009,-10.80221148159285
1010,-10.80221148159285
1011,-10.80221148159285
1012,-10.80221148159285
1013,-10.80221148159285
1014,-10.80221148159285
1015,-10.80221148159285
1016,-10.80221148159285
1017,-10.80221148159285
1018,-10.80221148159285
1019,-10.80221148159285
1020,-10.80221148159285
1021,-10.80221148159285
1022,-10.80221148159285
1023,-10.80221148159285
1024,-10.80221148159285
1025,-10.80221148159285
1026,-10.80221148159285
1027,-10.80221148159285
1028,-10.80221148159285
1029,-10.80221148159285
1030,-10.80221148159285
1031,-10.80221148159285
1032,-10.80221148159285
1033,-10.80221148159285
1034,-10.80221148159285
1035,-10.80221148159285
1036,-10.80221148159285
1037,-10.80221148159285
1038,-10.80221148159285
1039,-10.80221148159285
1040,-10.80221148159285
1041,-10.80221148159285
1042,-10.80221148159285
1043,-10.80221148159285
1044,-10.80221148159285
1045,-10.80221148159285
1046,-10.80221148159285
1047,-10.80221148159285
1048,-10.80221148159285
1049,-10.80221148159285
1050,-10.80221148159285
1051,-10.80221148159285
1052,-10.80221148159285
1053,-10.80221148159285
1054,-10.80221148159285
1055,-10.80221148159285
1056,-10.80221148159285
1057,-10.80221148159285
1058,-10.80221148159285
1059,-10.80221148159285
1060,-10.80221148159285
1061,-10.80221148159285
1062,-10.80221148159285
1063,-10.80221148159285
1064,-10.80221148159285
1065,-10.80221148159285
1066,-10.80221148159285
1067,-10.80221148159285
1068,-10.80221148159285
1069,-10.80221148159285
1070,-10.80221148159285
1071,-10.80221148159285
1072,-10.80221148159285
1073,-10.80221148159285
1074,-10.80221148159285
1075,-10.80221148159285
1076,-10.80221148159285
1077,-10.80221148159285
1078,-10.80221148159285
1079,-10.80221148159285
1080,-10.80221148159285
1081,-10.80221148159285
1082,-10.80221148159285
1083,-10.80221148159285
1084,-10.80221148159285
1085,-10.80221148159285
1086,-10.80221148159285
1087,-10.80221148159285
1088,-10.80221148159285
1089,-10.80221148159285
1090,-10.80221148159285
1091,-10.80221148159285
1092,-10.80221148159285
1093,-10.80221148159285
1094,-10.80221148159285
1095,-10.80221148159285
1096,-10.80221148159285
1097,-10.80221148159285
1098,-10.80221148159285
1099,-10.80221148159285
1100,-10.80221148159285
1101,-10.80221148159285
1102,-10.80221148159285
1103,-10.80221148159285
1104,-10.80221148159285
1105,-10.80221148159285
1106,-10.80221148159285
1107,-10.80221148159285
1108,-10.80221148159285
1109,-10.80221148159285
1110,-10.80221148159285
1111,-10.80221148159285
1112,-10.80221148159285
1113,-10.80221148159285
1114,-10.80221148159285
1115,-10.80221148159285
1116,-10.80221148159285
1117,-10.80221148159285
1118,-10.80221148159285
1119,-10.80221148159285
1120,-10.80221148159285
1121,-10.80221148159285
1122,-10.80221148159285
1123,-10.80221148159285
1124,-10.80221148159285
1125,-10.80221148159285
1126,-10.80221148159285
1127,-10.80221148159285
1128,-10.80221148159285
1129,-10.80221148159285
1130,-10.80221148159285
1131,-10.80221148159285
1132,-10.80221148159285
1133,-10.80221148159285
1134,-10.80221148159285
1135,-10.80221148159285
1136,-10.80221148159285
1137,-10.80221148159285
1138,-10.80221148159285
1139,-10.80221148159285
1140,-10.80221148159285
1141,-10.80221148159285
1142,-10.80221148159285
1143,-10.80221148159285
1144,-10.80221148159285
1145,-10.80221148159285
1146,-10.80221148159285
1147,-10.80221148159285
1148,-10.80221148159285
1149,-10.80221148159285
1150,-10.80221148159285
1151,-10.80221148159285
1152,-10.80221148159285
1153,-10.80221148159285
1154,-10.80221148159285
1155,-10.80221148159285
1156,-10.80221148159285
1157,-10.80221148159285
1158,-10.80221148159285
1159,-10.80221148159285
1160,-10.80221148159285
1161,-10.80221148159285
1162,-10.80221148159285
1163,-10.80221148159285
1164,-10.80221148159285
1165,-10.80221148159285
1166,-10.80221148159285
1167,-10.80221148159285
1168,-10.80221148159285
1169,-10.80221148159285
1170,-10.80221148159285
1171,-10.80221148159285
1172,-10.80221148159285
1173,-10.80221148159285
1174,-10.80221148159285
1175,-10.80221148159285
1176,-10.80221148159285
1177,-10.80221148159285
1178,-10.80221148159285
1179,-10.80221148159285
1180,-10.80221148159285
1181,-10.80221148159285
1182,-10.80221148159285
1183,-10.80221148159285
1184,-10.80221148159285
1185,-10.80221148159285
1186,-10.80221148159285
1187,-10.80221148159285
1188,-10.80221148159285
1189,-10.80221148159285
1190,-10.80221148159285
1191,-10.80221148159285
1192,-10.80221148159285
1193,-10.80221148159285
1194,-10.80221148159285
1195,-10.80221148159285
1196,-10.80221148159285
1197,-10.80221148159285
1198,-10.80221148159285
1199,-10.80221148159285
1200,-10.80221148159285
1201,-10.80221148159285
1202,-10.80221148159285
1203,-10.80221148159285
1204,-10.80221148159285
1205,-10.80221148159285
1206,-10.80221148159285
1207,-10.80221148159285
1208,-10.80221148159285
1209,-10.80221148159285
1210,-10.80221148159285
1211,-10.80221148159285
1212,-10.80221148159285
1213,-10.80221148159285
1214,-10.80221148159285
1215,-10.80221148159285
1216,-10.80221148159285
1217,-10.80221148159285
1218,-10.80221148159285
1219,-10.80221148159285
1220,-10.80221148159285
1221,-10.80221148159285
1222,-10.80221148159285
1223,-10.80221148159285
1224,-10.80221148159285
1225,-10.80221148159285
1226,-10.80221148159285
1227,-10.80221148159285
1228,-10.80221148159285
1229,-10.80221148159285
1230,-10.80221148159285
1231,-10.80221148159285
1232,-10.80221148159285
1233,-10.80221148159285
1234,-10.80221148159285
1235,-10.80221148159285
1236,-10.80221148159285
1237,-10.80221148159285
1238,-10.80221148159285
1239,-10.80221148159285
1240,-10.80221148159285
1241,-10.80221148159285
1242,-10.80221148159285
1243,-10.80221148159285
1244,-10.80221148159285
1245,-10.80221148159285
1246,-10.80221148159285
1247,-10.80221148159285
1248,-10.80221148159285
1249,-10.80221148159285
1250,-10.80221148159285
1251,-10.80221148159285
1252,-10.80221148159285
1253,-10.80221148159285
1254,-10.80221148159285
1255,-10.80221148159285
1256,-10.80221148159285
1257,-10.80221148159285
1258,-10.80221148159285
1259,-10.80221148159285
1260,-10.80221148159285
1261,-10.80221148159285
1262,-10.80221148159285
1263,-10.80221148159285
1264,-10.80221148159285
1265,-10.80221148159285
1266,-10.80221148159285
1267,-10.80221148159285
1268,-10.80221148159285
1269,-10.80221148159285
1270,-10.80221148159285
1271,-10.80221148159285
1272,-10.80221148159285
1273,-10.80221148159285
1274,-10.80221148159285
1275,-10.80221148159285
1276,-10.80221148159285
1277,-10.80221148159285
1278,-10.80221148159285
1279,-10.80221148159285
1280,-10.80221148159285
1281,-10.80221148159285
1282,-10.80221148159285
1283,-10.80221148159285
1284,-10.80221148159285
1285,-10.80221148159285
1286,-10.80221148159285
1287,-10.80221148159285
1288,-10.80221148159285
1289,-10.80221148159285
1290,-10.80221148159285
1291,-10.80221148159285
1292,-10.80221148159285
1293,-10.80221148159285
1294,-10.80221148159285
1295,-10.80221148159285
1296,-10.80221148159285
1297,-10.80221148159285
1298,-10.80221148159285
1299,-10.80221148159285
1300,-10.80221148159285
1301,-10.80221148159285
1302,-10.80221148159285
1303,-10.80221148159285
1304,-10.80221148159285
1305,-10.80221148159285
1306,-10.80221148159285
1307,-10.80221148159285
1308,-10.80221148159285
1309,-10.80221148159285
1310,-10.80221148159285
1311,-10.80221148159285
1312,-10.80221148159285
1313,-10.80221148159285
1314,-10.80221148159285
1315,-10.80221148159285
1316,-10.80221148159285
1317,-10.80221148159285
1318,-10.80221148159285
1319,-10.80221148159285
1320,-10.80221148159285
1321,-10.80221148159285
1322,-10.80221148159285
1323,-10.80221148159285
1324,-10.80221148159285
1325,-10.80221148159285
1326,-10.80221148159285
1327,-10.80221148159285
1328,-10.80221148159285
1329,-10.80221148159285
1330,-10.80221148159285
1331,-10.80221148159285
1332,-10.80221148159285
1333,-10.80221148159285
1334,-10.80221148159285
1335,-10.80221148159285
1336,-10.80221148159285
1337,-10.80221148159285
1338,-10.80221148159285
1339,-10.80221148159285
1340,-10.80221148159285
1341,-10.80221148159285
1342,-10.80221148159285
1343,-10.80221148159285
1344,-10.80221148159285
1345,-10.80221148159285
1346,-10.80221148159285
1347,-10.80221148159285
1348,-10.80221148159285
1349,-10.80221148159285
1350,-10.80221148159285
1351,-10.80221148159285
1352,-10.80221148159285
1353,-10.80221148159285
1354,-10.80221148159285
1355,-10.80221148159285
1356,-10.80221148159285
1357,-10.80221148159285
1358,-10.80221148159285
1359,-10.80221148159285
1360,-10.80221148159285
1361,-10.80221148159285
1362,-10.80221148159285
1363,-10.80221148159285
1364,-10.80221148159285
1365,-10.80221148159285
1366,-10.80221148159285
1367,-10.80221148159285
1368,-10.80221148159285
1369,-10.80221148159285
1370,-10.80221148159285
1371,-10.80221148159285
1372,-10.80221148159285
1373,-10.80221148159285
1374,-10.80221148159285
1375,-10.80221148159285
1376,-10.80221148159285
1377,-10.80221148159285
1378,-10.80221148159285
1379,-10.80221148159285
1380,-10.80221148159285
1381,-10.80221148159285
1382,-10.80221148159285
1383,-10.80221148159285
1384,-10.80221148159285
1385,-10.80221148159285
1386,-10.80221148159285
1387,-10.80221148159285
1388,-10.80221148159285
1389,-10.80221148159285
1390,-10.80221148159285
1391,-10.80221148159285
1392,-10.80221148159285
1393,-10.80221148159285
1394,-10.80221148159285
1395,-10.80221148159285
1396,-10.80221148159285
1397,-10.80221148159285
1398,-10.80221148159285
1399,-10.80221148159285
1400,-10.80221148159285
1401,-10.80221148159285
1402,-10.80221148159285
1403,-10.80221148159285
1404,-10.80221148159285
1405,-10.80221148159285
1406,-10.80221148159285
1407,-10.80221148159285
1408,-10.80221148159285
1409,-10.80221148159285
1410,-10.80221148159285
1411,-10.80221148159285
1412,-10.80221148159285
1413,-10.80221148159285
1414,-10.80221148159285
1415,-10.80221148159285
1416,-10.80221148159285
1417,-10.80221148159285
1418,-10.80221148159285
1419,-10.80221148159285
1420,-10.80221148159285
1421,-10.80221148159285
1422,-10.80221148159285
1423,-10.80221148159285
1424,-10.80221148159285
1425,-10.80221148159285
1426,-10.80221148159285
1427,-10.80221148159285
1428,-10.80221148159285
1429,-10.80221148159285
1430,-10.80221148159285
1431,-10.80221148159285
1432,-10.80221148159285
1433,-10.80221148159285
1434,-10.80221148159285
1435,-10.80221148159285
1436,-10.80221148159285
1437,-10.80221148159285
1438,-10.80221148159285
1439,-10.80221148159285
1440,-10.80221148159285
1441,-10.80221148159285
1442,-10.80221148159285
1443,-10.80221148159285
1444,-10.80221148159285
1445,-10.80221148159285
1446,-10.80221148159285
1447,-10.80221148159285
1448,-10.80221148159285
1449,-10.80221148159285
1450,-10.80221148159285
1451,-10.80221148159285
1452,-10.80221148159285
1453,-10.80221148159285
1454,-10.80221148159285
1455,-10.80221148159285
1456,-10.80221148159285
1457,-10.80221148159285
1458,-10.80221148159285
1459,-10.80221148159285
1460,-10.80221148159285
1461,-10.80221148159285
1462,-10.80221148159285
1463,-10.80221148159285
1464,-10.80221148159285
1465,-10.80221148159285
1466,-10.80221148159285
1467,-10.80221148159285
1468,-10.80221148159285
1469,-10.80221148159285
1470,-10.80221148159285
1471,-10.80221148159285
1472,-10.80221148159285
1473,-10.80221148159285
1474,-10.80221148159285
1475,-10.80221148159285
1476,-10.80221148159285
1477,-10.80221148159285
1478,-10.80221148159285
1479,-10.80221148159285
1480,-10.80221148159285
1481,-10.80221148159285
1482,-10.80221148159285
1483,-10.80221148159285
1484,-10.80221148159285
1485,-10.80221148159285
1486,-10.80221148159285
1487,-10.80221148159285
1488,-10.80221148159285
1489,-10.80221148159285
1490,-10.80221148159285
1491,-10.80221148159285
1492,-10.80221148159285
1493,-10.80221148159285
1494,-10.80221148159285
1495,-10.80221148159285
1496,-10.80221148159285
1497,-10.80221148159285
1498,-10.80221148159285
1499,-10.80221148159285
1500,-10.80221148159285
1501,-10.80221148159285
1502,-10.80221148159285
1503,-10.80221148159285
1504,-10.80221148159285
1505,-10.80221148159285
1506,-10.80221148159285
1507,-10.80221148159285
1508,-10.80221148159285
1509,-10.80221148159285
1510,-10.80221148159285
1511,-10.80221148159285
1512,-10.80221148159285
1513,-10.80221148159285
1514,-10.80221148159285
1515,-10.80221148159285
1516,-10.80221148159285
1517,-10.80221148159285
1518,-10.80221148159285
1519,-10.80221148159285
1520,-10.80221148159285
1521,-10.80221148159285
1522,-10.80221148159285
1523,-10.80221148159285
1524,-10.80221148159285
1525,-10.80221148159285
1526,-10.80221148159285
1527,-10.80221148159285
1528,-10.80221148159285
1529,-10.80221148159285
1530,-10.80221148159285
1531,-10.80221148159285
1532,-10.80221148159285
1533,-10.80221148159285
1534,-10.80221148159285
1535,-10.80221148159285
1536,-10.80221148159285
1537,-10.80221148159285
1538,-10.80221148159285
1539,-10.80221148159285
1540,-10.80221148159285
1541,-10.80221148159285
1542,-10.80221148159285
1543,-10.80221148159285
1544,-10.80221148159285
1545,-10.80221148159285
1546,-10.80221148159285
1547,-10.80221148159285
1548,-10.80221148159285
1549,-10.80221148159285
1550,-10.80221148159285
1551,-10.80221148159285
1552,-10.80221148159285
1553,-10.80221148159285
1554,-10.80221148159285
1555,-10.80221148159285
1556,-10.80221148159285
1557,-10.80221148159285
1558,-10.80221148159285
1559,-10.80221148159285
1560,-10.80221148159285
1561,-10.80221148159285
1562,-10.80221148159285
1563,-10.80221148159285
1564,-10.80221148159285
1565,-10.80221148159285
1566,-10.80221148159285
1567,-10.80221148159285
1568,-10.80221148159285
1569,-10.80221148159285
1570,-10.80221148159285
1571,-10.80221148159285
1572,-10.80221148159285
1573,-10.80221148159285
1574,-10.80221148159285
1575,-10.80221148159285
1576,-10.80221148159285
1577,-10.80221148159285
1578,-10.80221148159285
1579,-10.80221148159285
1580,-10.80221148159285
1581,-10.80221148159285
1582,-10.80221148159285
1583,-10.80221148159285
1584,-10.80221148159285
1585,-10.80221148159285
1586,-10.80221148159285
1587,-10.80221148159285
1588,-10.80221148159285
1589,-10.80221148159285
1590,-10.80221148159285
1591,-10.80221148159285
1592,-10.80221148159285
1593,-10.80221148159285
1594,-10.80221148159285
1595,-10.80221148159285
1596,-10.80221148159285
1597,-10.80221148159285
1598,-10.80221148159285
1599,-10.80221148159285
1600,-10.80221148159285
1601,-10.80221148159285
1602,-10.80221148159285
1603,-10.80221148159285
1604,-10.80221148159285
1605,-10.80221148159285
1606,-10.80221148159285
1607,-10.80221148159285
1608,-10.80221148159285
1609,-10.80221148159285
1610,-10.80221148159285
1611,-10.80221148159285
1612,-10.80221148159285
1613,-10.80221148159285
1614,-10.80221148159285
1615,-10.80221148159285
1616,-10.80221148159285
1617,-10.80221148159285
1618,-10.80221148159285
1619,-10.80221148159285
1620,-10.80221148159285
1621,-10.80221148159285
1622,-10.80221148159285
1623,-10.80221148159285
1624,-10.80221148159285
1625,-10.80221148159285
1626,-10.80221148159285
1627,-10.80221148159285
1628,-10.80221148159285
1629,-10.80221148159285
1630,-10.80221148159285
1631,-10.80221148159285
1632,-10.80221148159285
1633,-10.80221148159285
1634,-10.80221148159285
1635,-10.80221148159285
1636,-10.80221148159285
1637,-10.80221148159285
1638,-10.80221148159285
1639,-10.80221148159285
1640,-10.80221148159285
1641,-10.80221148159285
1642,-10.80221148159285
1643,-10.80221148159285
1644,-10.80221148159285
1645,-10.80221148159285
1646,-10.80221148159285
1647,-10.80221148159285
1648,-10.80221148159285
1649,-10.80221148159285
1650,-10.80221148159285
1651,-10.80221148159285
1652,-10.80221148159285
1653,-10.80221148159285
1654,-10.80221148159285
1655,-10.80221148159285
1656,-10.80221148159285
1657,-10.80221148159285
1658,-10.80221148159285
1659,-10.80221148159285
1660,-10.80221148159285
1661,-10.80221148159285
1662,-10.80221148159285
1663,-10.80221148159285
1664,-10.80221148159285
1665,-10.80221148159285
1666,-10.80221148159285
1667,-10.80221148159285
1668,-10.80221148159285
1669,-10.80221148159285
1670,-10.80221148159285
1671,-10.80221148159285
1672,-10.80221148159285
1673,-10.80221148159285
1674,-10.80221148159285
1675,-10.80221148159285
1676,-10.80221148159285
1677,-10.80221148159285
1678,-10.80221148159285
1679,-10.80221148159285
1680,-10.80221148159285
1681,-10.80221148159285
1682,-10.80221148159285
1683,-10.80221148159285
1684,-10.80221148159285
1685,-10.80221148159285
1686,-10.80221148159285
1687,-10.80221148159285
1688,-10.80221148159285
1689,-10.80221148159285
1690,-10.80221148159285
1691,-10.80221148159285
1692,-10.80221148159285
1693,-10.80221148159285
1694,-10.80221148159285
1695,-10.80221148159285
1696,-10.80221148159285
1697,-10.80221148159285
1698,-10.80221148159285
1699,-10.80221148159285
1700,-10.80221148159285
1701,-10.80221148159285
1702,-10.80221148159285
1703,-10.80221148159285
1704,-10.80221148159285
1705,-10.80221148159285
1706,-10.80221148159285
1707,-10.80221148159285
1708,-10.80221148159285
1709,-10.80221148159285
1710,-10.80221148159285
1711,-10.80221148159285
1712,-10.80221148159285
1713,-10.80221148159285
1714,-10.80221148159285
1715,-10.80221148159285
1716,-10.80221148159285
1717,-10.80221148159285
1718,-10.80221148159285
1719,-10.80221148159285
1720,-10.80221148159285
1721,-10.80221148159285
1722,-10.80221148159285
1723,-10.80221148159285
1724,-10.80221148159285
1725,-10.80221148159285
1726,-10.80221148159285
1727,-10.80221148159285
1728,-10.80221148159285
1729,-10.80221148159285
1730,-10.80221148159285
1731,-10.80221148159285
1732,-10.80221148159285
1733,-10.80221148159285
1734,-10.80221148159285
1735,-10.80221148159285
1736,-10.80221148159285
1737,-10.80221148159285
1738,-10.80221148159285
1739,-10.80221148159285
1740,-10.80221148159285
1741,-10.80221148159285
1742,-10.80221148159285
1743,-10.80221148159285
1744,-10.80221148159285
1745,-10.80221148159285
1746,-10.80221148159285
1747,-10.80221148159285
1748,-10.80221148159285
1749,-10.80221148159285
1750,-10.80221148159285
1751,-10.80221148159285
1752,-10.80221148159285
1753,-10.80221148159285
1754,-10.80221148159285
1755,-10.80221148159285
1756,-10.80221148159285
1757,-10.80221148159285
1758,-10.80221148159285
1759,-10.80221148159285
1760,-10.80221148159285
1761,-10.80221148159285
1762,-10.80221148159285
1763,-10.80221148159285
1764,-10.80221148159285
1765,-10.80221148159285
1766,-10.80221148159285
1767,-10.80221148159285
1768,-10.80221148159285
1769,-10.80221148159285
1770,-10.80221148159285
1771,-10.80221148159285
1772,-10.80221148159285
1773,-10.80221148159285
1774,-10.80221148159285
1775,-10.80221148159285
1776,-10.80221148159285
1777,-10.80221148159285
1778,-10.80221148159285
1779,-10.80221148159285
1780,-10.80221148159285
1781,-10.80221148159285
1782,-10.80221148159285
1783,-10.80221148159285
1784,-10.80221148159285
1785,-10.80221148159285
1786,-10.80221148159285
1787,-10.80221148159285
1788,-10.80221148159285
1789,-10.80221148159285
1790,-10.80221148159285
1791,-10.80221148159285
1792,-10.80221148159285
1793,-10.80221148159285
1794,-10.80221148159285
1795,-10.80221148159285
1796,-10.80221148159285
1797,-10.80221148159285
1798,-10.80221148159285
1799,-10.80221148159285
1800,-10.80221148159285
1801,-10.80221148159285
1802,-10.80221148159285
1803,-10.80221148159285
1804,-10.80221148159285
1805,-10.80221148159285
1806,-10.80221148159285
1807,-10.80221148159285
1808,-10.80221148159285
1809,-10.80221148159285
1810,-10.80221148159285
1811,-10.80221148159285
1812,-10.80221148159285
1813,-10.80221148159285
1814,-10.80221148159285
1815,-10.80221148159285
1816,-10.80221148159285
1817,-10.80221148159285
1818,-10.80221148159285
1819,-10.80221148159285
1820,-10.80221148159285
1821,-10.80221148159285
1822,-10.80221148159285
1823,-10.80221148159285
1824,-10.80221148159285
1825,-10.80221148159285
1826,-10.80221148159285
1827,-10.80221148159285
1828,-10.80221148159285
1829,-10.80221148159285
1830,-10.80221148159285
1831,-10.80221148159285
1832,-10.80221148159285
1833,-10.80221148159285
1834,-10.80221148159285
1835,-10.80221148159285
1836,-10.80221148159285
1837,-10.80221148159285
1838,-10.80221148159285
1839,-10.80221148159285
1840,-10.80221148159285
1841,-10.80221148159285
1842,-10.80221148159285
1843,-10.80221148159285
1844,-10.80221148159285
1845,-10.80221148159285
1846,-10.80221148159285
1847,-10.80221148159285
1848,-10.80221148159285
1849,-10.80221148159285
1850,-10.80221148159285
1851,-10.80221148159285
1852,-10.80221148159285
1853,-10.80221148159285
1854,-10.80221148159285
1855,-10.80221148159285
1856,-10.80221148159285
1857,-10.80221148159285
1858,-10.80221148159285
1859,-10.80221148159285
1860,-10.80221148159285
1861,-10.80221148159285
1862,-10.80221148159285
1863,-10.80221148159285
1864,-10.80221148159285
1865,-10.80221148159285
1866,-10.80221148159285
1867,-10.80221148159285
1868,-10.80221148159285
1869,-10.80221148159285
1870,-10.80221148159285
1871,-10.80221148159285
1872,-10.80221148159285
1873,-10.80221148159285
1874,-10.80221148159285
1875,-10.80221148159285
1876,-10.80221148159285
1877,-10.80221148159285
1878,-10.80221148159285
1879,-10.80221148159285
1880,-10.80221148159285
1881,-10.80221148159285
1882,-10.80221148159285
1883,-10.80221148159285
1884,-10.80221148159285
1885,-10.80221148159285
1886,-10.80221148159285
1887,-10.80221148159285
1888,-10.80221148159285
1889,-10.80221148159285
1890,-10.80221148159285
1891,-10.80221148159285
1892,-10.80221148159285
1893,-10.80221148159285
1894,-10.80221148159285
1895,-10.80221148159285
1896,-10.80221148159285
1897,-10.80221148159285
1898,-10.80221148159285
1899,-10.80221148159285
1900,-10.80221148159285
1901,-10.80221148159285
1902,-10.80221148159285
1903,-10.80221148159285
1904,-10.80221148159285
1905,-10.80221148159285
1906,-10.80221148159285
1907,-10.80221148159285
1908,-10.80221148159285
1909,-10.80221148159285
1910,-10.80221148159285
1911,-10.80221148159285
1912,-10.80221148159285
1913,-10.80221148159285
1914,-10.80221148159285
1915,-10.80221148159285
1916,-10.80221148159285
1917,-10.80221148159285
1918,-10.80221148159285
1919,-10.80221148159285
1920,-10.80221148159285
1921,-10.80221148159285
1922,-10.80221148159285
1923,-10.80221148159285
1924,-10.80221148159285
1925,-10.80221148159285
1926,-10.80221148159285
1927,-10.80221148159285
1928,-10.80221148159285
1929,-10.80221148159285
1930,-10.80221148159285
1931,-10.80221148159285
1932,-10.80221148159285
1933,-10.80221148159285
1934,-10.80221148159285
1935,-10.80221148159285
1936,-10.80221148159285
1937,-10.80221148159285
1938,-10.80221148159285
1939,-10.80221148159285
1940,-10.80221148159285
1941,-10.80221148159285
1942,-10.80221148159285
1943,-10.80221148159285
1944,-10.80221148159285
1945,-10.80221148159285
1946,-10.80221148159285
1947,-10.80221148159285
1948,-10.80221148159285
1949,-10.80221148159285
1950,-10.80221148159285
1951,-10.80221148159285
1952,-10.80221148159285
1953,-10.80221148159285
1954,-10.80221148159285
1955,-10.80221148159285
1956,-10.80221148159285
1957,-10.80221148159285
1958,-10.80221148159285
1959,-10.80221148159285
1960,-10.80221148159285
1961,-10.80221148159285
1962,-10.80221148159285
1963,-10.80221148159285
1964,-10.80221148159285
1965,-10.80221148159285
1966,-10.80221148159285
1967,-10.80221148159285
1968,-10.80221148159285
1969,-10.80221148159285
1970,-10.80221148159285
1971,-10.80221148159285
1972,-10.80221148159285
1973,-10.80221148159285
1974,-10.80221148159285
1975,-10.80221148159285
1976,-10.80221148159285
1977,-10.80221148159285
1978,-10.80221148159285
1979,-10.80221148159285
1980,-10.80221148159285
1981,-10.80221148159285
1982,-10.80221148159285
1983,-10.80221148159285
1984,-10.80221148159285
1985,-10.80221148159285
1986,-10.80221148159285
1987,-10.80221148159285
1988,-10.80221148159285
1989,-10.80221148159285
1990,-10.80221148159285
1991,-10.80221148159285
1992,-10.80221148159285
1993,-10.80221148159285
1994,-10.80221148159285
1995,-10.80221148159285
1996,-10.80221148159285
1997,-10.80221148159285
1998,-10.80221148159285
1999,-10.80221148159285
