,value_per_image
0,0.0038835003971852337
1,0.005546484505016865
2,0.005352478759877628
3,0.008029338209151958
4,0.003435653229797676
5,0.006242196674775864
6,0.005735242945115559
7,0.003989440718610316
8,0.0031247983043465677
9,0.004186240352434422
10,0.00351016319349576
11,0.00497780785795236
12,0.005572023666574685
13,0.010539809236974043
14,0.006827843150485575
15,0.0031170685905941675
16,0.004146508712335854
17,0.008863536754539419
18,0.0066417440764265714
19,0.0065588077263988255
20,0.0051931860770430245
21,0.0062866002597769715
22,0.004727646122824788
23,0.004407053667284131
24,0.007888685237105024
25,0.006388977968496546
26,0.002407874041429307
27,0.005500514518008555
28,0.006506834827149192
29,0.0059842621101946466
30,0.005015946903102309
31,0.005263610997660252
32,0.002844056414163893
33,0.0042537903060780565
34,0.0052111898099281816
35,0.0033640407497941365
36,0.00340570425611246
37,0.00629350357637326
38,0.0059828518912166066
39,0.009883140985589784
40,0.00369798194667424
41,0.00598182941885576
42,0.0022688581563063198
43,0.003338490244561831
44,0.00235153465778405
45,0.0030096689930488463
46,0.003992176276231682
47,0.0037366189810881852
48,0.0017935984086646316
49,0.0028613605580132804
50,0.002235268678992845
51,0.0026794190952216185
52,0.001631764087653452
53,0.0020587046200607863
54,0.0012425252951310398
55,0.0021949754029287408
56,0.0018920409149587368
57,0.0024176843227002387
58,0.002196327306138904
59,0.0050508156374533455
60,0.0029077918416251865
61,0.0009829609935735092
62,0.002797444102389045
63,0.0043087280630328545
64,0.008049319160926613
65,0.007838805552997544
66,0.006419804435037652
67,0.004043815020853809
68,0.005077991335823578
69,0.004064183861746786
70,0.006041334807447724
71,0.005566865738396118
72,0.005878054067294755
73,0.005455748519522323
74,0.003885086609933711
75,0.0038301666472007564
76,0.00550681270071807
77,0.0021447809458421028
78,0.0050856955252747225
79,0.0050678196729180645
80,0.0041858371543802035
81,0.0074415812492834394
82,0.006131958286249539
83,0.010213404128038606
84,0.003939099427324936
85,0.0044071572956872005
86,0.0048802963212625705
87,0.006723629820311959
88,0.008593282574334319
89,0.00908240372723353
90,0.008272688294167631
91,0.0041859779153277715
92,0.00634273609666945
93,0.01020464463855721
94,0.007024967973199289
95,0.00932013468775694
96,0.006822381960759049
97,0.0021216726356504075
98,0.003942353736995458
99,0.006861092043893714
100,0.003892288932449133
101,0.005242194137850476
102,0.005467701731509435
103,0.0064483069755534176
104,0.006359147207877678
105,0.002862332494315821
106,0.0041317042000198435
107,0.004063852833030625
108,0.004098841477333616
109,0.005486909100916464
110,0.00593895077912157
111,0.003705369557421168
112,0.0014890111339728369
113,0.001976103033238256
114,0.005952637221738673
115,0.003275891801829813
116,0.002005597249729018
117,0.0028232711071481537
118,0.0020182905509469433
119,0.002965821023554465
120,0.0015409357469449412
121,0.0011657637361072882
122,0.002383021475454074
123,0.001332379899827156
124,0.0013247412118003994
125,0.0015013138972411132
126,0.001847861649603711
127,0.0024445090973021872
128,0.004438689829138953
129,0.003248423812983536
130,0.004706232350604096
131,0.002723775446928759
132,0.005974629356671996
133,0.0028314044916365336
134,0.003337408485655792
135,0.003535747964808293
136,0.002353216498928927
137,0.007180532071315974
138,0.003187609471362788
139,0.0019530524009447648
140,0.0035044986357744873
141,0.0021480111013724443
142,0.005100154319320492
143,0.0028992835131558324
144,0.0064289798409966434
145,0.0031906202334849787
146,0.003651365142095647
147,0.005181012240361417
148,0.005543647141358461
149,0.003616128475666221
150,0.007400134194340427
151,0.004573374105199866
152,0.004681792811723704
153,0.003948578313856303
154,0.003960544090745426
155,0.00805027871873297
156,0.005823254728863986
157,0.004140807265024443
158,0.005185391006847928
159,0.0027180954394209326
160,0.005366135785235918
161,0.0036393248164481103
162,0.00922259846165033
163,0.005905069664079959
164,0.002436862689376625
165,0.004522606890621896
166,0.0036935375398616673
167,0.004836719969511902
168,0.007507893966985855
169,0.00581381587060924
170,0.005398348258765528
171,0.005149375956296087
172,0.004048110360378255
173,0.004132830572101077
174,0.004852499985303745
175,0.006195448344859812
176,0.001958954407361347
177,0.00365343364517149
178,0.002218110917675528
179,0.0030263003059297273
180,0.0020149602258193555
181,0.003444282408855122
182,0.0016405536575857312
183,0.0017463466841495436
184,0.002659007349390964
185,0.0017951950200348113
186,0.004682035695224809
187,0.001563794392119719
188,0.0018034142451499946
189,0.0033944925586068342
190,0.0011838426045248536
191,0.0037649390481806406
192,0.0012576595585441165
193,0.0021562035188639585
194,0.0013218377969505795
195,0.0017319108725493085
196,0.0020333556610989804
197,0.0018589872293983407
198,0.0015518733441919187
199,0.001530301238966002
200,0.003221519590269619
201,0.0009240640125134351
202,0.001238989440337568
203,0.002288344233037086
204,0.00200865922546638
205,0.0018388795496095762
206,0.00137254691168699
207,0.002569081666351047
208,0.003998758903768265
209,0.009060738963323092
210,0.010163021949286416
211,0.003737747552966645
212,0.004935078376271873
213,0.010049494594123706
214,0.005410111025067422
215,0.0041794078845349344
216,0.004706241029680364
217,0.01018257116171257
218,0.0073314271964074
219,0.004729704438922684
220,0.008163954754544114
221,0.004061086099289932
222,0.009751868940908008
223,0.0055891126510988496
224,0.0015878998819677651
225,0.003004041664123461
226,0.003886876792211549
227,0.002450294993230139
228,0.0011200067181789473
229,0.0019838225514039014
230,0.0037279451593901104
231,0.002985366458558129
232,0.0020577987590005373
233,0.002510731415462879
234,0.0037816736196291728
235,0.0013897122477220432
236,0.001268424893998331
237,0.002123060370333048
238,0.005684262931064872
239,0.001964866340562083
240,0.0019209590849585344
241,0.0027239797647459177
242,0.0032480949374478567
243,0.0021083880753877404
244,0.0020554102951683517
245,0.002479770108942457
246,0.006317437991577364
247,0.0014472761793847756
248,0.004194714120010444
249,0.00184380481730897
250,0.0034773457020710772
251,0.0013361724243084626
252,0.002836454285805979
253,0.0038878194690836103
254,0.0021181385400405955
255,0.0035898516925490774
256,0.008028831181771001
257,0.0040237857780397466
258,0.004140217034847034
259,0.004208010478124519
260,0.00566040958727965
261,0.0038174058699333275
262,0.003080749937114185
263,0.003589389378974793
264,0.006038883818860284
265,0.0043454841001839715
266,0.0031687103617072713
267,0.005493242850094475
268,0.004514782420505065
269,0.00528003718113424
270,0.002048476688244415
271,0.003510797647250445
272,0.0019325044555522305
273,0.00483558705359173
274,0.002965100067292092
275,0.0045180489355592345
276,0.0032945210691749933
277,0.0019081447861243844
278,0.0024736664289909697
279,0.0033803318193244905
280,0.002340277154939303
281,0.003055975098504891
282,0.00190007359809898
283,0.0034128111223615944
284,0.003630909330966513
285,0.0024890181378186267
286,0.003502179209819433
287,0.0021378932985030514
288,0.002530292752953453
289,0.0028224960565200108
290,0.004018987188557728
291,0.002559523430450072
292,0.003258281749122825
293,0.0030481197689050674
294,0.0019375749400393817
295,0.0021623185628922826
296,0.0036928865931733523
297,0.002579792375655341
298,0.0014930033605716011
299,0.00674696457726423
300,0.0021194969463992413
301,0.0029613965469506183
302,0.0026392387835462226
303,0.003264195439024607
304,0.004166076132667959
305,0.006695842932830247
306,0.003695509074837346
307,0.0027840119857471795
308,0.0053492881291188725
309,0.003527939122495254
310,0.0037730136391029203
311,0.002952187789822329
312,0.0029136069671469303
313,0.0057363589611636855
314,0.0038036843597751132
315,0.007004256603767308
316,0.004561685054085368
317,0.005825534495539552
318,0.007312447087362014
319,0.0045938197877816184
320,0.007200569600155251
321,0.005175194277650728
322,0.003934745636718359
323,0.0019164016722502527
324,0.002638957561430436
325,0.003618091016078312
326,0.002681313802624673
327,0.004009887023646355
328,0.0028897121375163434
329,0.003962955235079229
330,0.0029529036994185498
331,0.002012576275414085
332,0.0020914650891396187
333,0.0016974530712770988
334,0.002218866504022426
335,0.003229626654925214
336,0.00563123028897559
337,0.007515734978021844
338,0.0028720412594177066
339,0.003675881463503939
340,0.0065716727963023
341,0.00591128338098044
342,0.00608646414100579
343,0.0073380012275093874
344,0.005469396702757968
345,0.004841987109840555
346,0.0032493625149689954
347,0.0036401523751811993
348,0.006906241897374455
349,0.004651229861846076
350,0.006945109205344611
351,0.005019297852421904
352,0.004295767216617417
353,0.005076627723280221
354,0.0018415975762800872
355,0.0031194676106110087
356,0.0058365302825209905
357,0.003008494388121297
358,0.003893222310382885
359,0.0025146406151407385
360,0.004086317358843199
361,0.005367059467623786
362,0.003359523609757837
363,0.005735266293097431
364,0.00601503125195058
365,0.003679647839843204
366,0.0036871085734503507
367,0.002532381856305376
368,0.0048922412761334385
369,0.004552628482523943
370,0.0039417501525061405
371,0.003492216026187711
372,0.006023895677576505
373,0.006182664272435246
374,0.003542587240839671
375,0.004199353649351593
376,0.00820300226325676
377,0.002856065204933084
378,0.0041530992449748325
379,0.006105932023609777
380,0.004893199994784392
381,0.0034955269977017538
382,0.003963329922373804
383,0.004482563530499055
384,0.004577714673691195
385,0.0029651785222822385
386,0.007224892766722548
387,0.0027854334383507176
388,0.0023087648973317467
389,0.005120988107369678
390,0.0028387631440674084
391,0.0038472275119697157
392,0.007516040120309339
393,0.005147363243638994
394,0.00699835064189639
395,0.0015413606885719328
396,0.007052009996948362
397,0.0042691315853813335
398,0.0051063250372476955
399,0.003484310967465999
400,0.0026713863469237107
401,0.0020839981727508038
402,0.002329493531422681
403,0.006125799167944332
404,0.008593276107415455
405,0.0036132856937662904
406,0.0042271659573780394
407,0.005186252201452962
408,0.002982716090262889
409,0.0039816316133208405
410,0.0022479015192144246
411,0.002598504045685781
412,0.0031915449406888893
413,0.00749705938517429
414,0.006648550231496323
415,0.004461636067649929
416,0.005651896911073629
417,0.004805937055265168
418,0.0015051075252826092
419,0.003147476480698976
420,0.0025787350260283747
421,0.0010705820810293755
422,0.0040458380396666644
423,0.004050966021396728
424,0.0016154437143284085
425,0.002173007957156525
426,0.0021141374336978635
427,0.0011694202579189026
428,0.002342386829956841
429,0.0036822158095079147
430,0.0018890522907855246
431,0.0036810219850970634
432,0.005615082866920869
433,0.004150063275046725
434,0.003488876380002421
435,0.005238919302337518
436,0.004171623512571899
437,0.004398228759182582
438,0.008650830634206165
439,0.0063750726689680865
440,0.006100575211446625
441,0.004610395492757789
442,0.003095324129329942
443,0.009302314706850705
444,0.00800941592645175
445,0.005562496516106543
446,0.006125335555874432
447,0.003118205560653559
448,0.0049905872433409475
449,0.006105934689071261
450,0.004424370766132285
451,0.0024014056117615053
452,0.004326896988292235
453,0.004096704372333328
454,0.0041891978838862615
455,0.003437927843275187
456,0.004039415529679494
457,0.0036982542111709993
458,0.003885072705503624
459,0.003681551144178631
460,0.003421241681346905
461,0.0042959713905990704
462,0.0034832728579546647
463,0.00282562039399353
464,0.0023923123289718105
465,0.002339802314785067
466,0.0039526735198746575
467,0.0018207937470769856
468,0.0021634427455741482
469,0.00397465926732298
470,0.003284536776344112
471,0.008308219913766306
472,0.0018151146936918649
473,0.005075659522374829
474,0.00316072441985447
475,0.002440610594484749
476,0.002033173421702128
477,0.007336942005158694
478,0.001880670923924613
479,0.002212393704167185
480,0.0034658173553965108
481,0.007458119945140829
482,0.005069017084475381
483,0.005951136354170107
484,0.0060141293511632755
485,0.0024060400758881798
486,0.0025033670233905268
487,0.0031084876240614085
488,0.0024848650496775136
489,0.0035263796837962805
490,0.00236455829773823
491,0.0020501013396334975
492,0.004019590462274793
493,0.0042156108535570105
494,0.0041915430040971825
495,0.005259045293319654
496,0.0030919626401138085
497,0.004190998707686859
498,0.0042449971772711695
499,0.0027286279883202485
500,0.0049607047236946145
501,0.005340476058775073
502,0.005189045666750203
503,0.0059701412860038204
504,0.003671517331893496
505,0.005159526489121191
506,0.008933024623255542
507,0.003198730636108313
508,0.0038791721805861773
509,0.002978999452988471
510,0.0054485200690177
511,0.005403788518658394
512,0.002499835886816299
513,0.0023208444532180745
514,0.004263402036856207
515,0.0062329299658938075
516,0.002965069736727607
517,0.004085301556822877
518,0.0023719156414828625
519,0.0028297047768343297
520,0.005100507801005396
521,0.006391249177171824
522,0.004439021020181206
523,0.005043102758348946
524,0.005094697945537352
525,0.0029096462424152074
526,0.003039381751006923
527,0.0056132327983080725
528,0.0024893072411319873
529,0.003993375598668815
530,0.004533990603672698
531,0.0029412996220277887
532,0.008852827698615642
533,0.005110814359052428
534,0.0043464327820979184
535,0.005123219612625309
536,0.0032601910384799605
537,0.005408337212323235
538,0.003417174920303406
539,0.005580167847256298
540,0.006233713945082
541,0.005003145094049809
542,0.004438203453058828
543,0.0034875953809685232
544,0.002826607570806493
545,0.003950087159420801
546,0.003752190464276801
547,0.00522420948891972
548,0.0031282927257213515
549,0.003171597629477771
550,0.009677728013053328
551,0.004015162089965301
552,0.0047120642939432935
553,0.005242068966821983
554,0.006022843583095508
555,0.006041745229085046
556,0.003932240726280342
557,0.0024097568602719503
558,0.004331107353035587
559,0.0030272240750805067
560,0.005735085796683508
561,0.004085226465652288
562,0.0040724641685185685
563,0.004543617831530909
564,0.0054541139111374285
565,0.002914961010445213
566,0.0027007547232919425
567,0.006232354995900131
568,0.005571549704960174
569,0.00763613078862618
570,0.0032649654597649105
571,0.007680952719761264
572,0.00395956422789655
573,0.003277488981260437
574,0.005647973871237421
575,0.0034416770799331
576,0.0035434850439933045
577,0.002433256409403532
578,0.002488194608842464
579,0.002920183019814141
580,0.003003908089780572
581,0.0026101749460862088
582,0.0034974308532939764
583,0.0019202312749059872
584,0.003339635013053257
585,0.0016436835280166854
586,0.0017528550930224005
587,0.0007930394206469543
588,0.002265163714227717
589,0.0055570297370272715
590,0.003487040836284768
591,0.0023120398543878397
592,0.0023127809385689578
593,0.0022263729780772627
594,0.0020918625273112974
595,0.0030419081780284165
596,0.003347209138698564
597,0.002971315424259816
598,0.0036527996068076774
599,0.005545433495485688
600,0.004672471857312921
601,0.0018230389440045973
602,0.006118768501026621
603,0.005541908379954614
604,0.004434779141492532
605,0.0013672800239135393
606,0.0037641445184263865
607,0.002990071582882118
608,0.002751106292863088
609,0.0025930766231084873
610,0.003887413689985671
611,0.003551854272907269
612,0.0026945656709419
613,0.0045177081565721715
614,0.004055503425442157
615,0.0019298112893771089
616,0.0022450599708367914
617,0.002464378735631761
618,0.0023792055509347203
619,0.002717977427695348
620,0.003486939557140461
621,0.0035918195973896868
622,0.005230835282698567
623,0.0016486691891796767
624,0.004191553501631935
625,0.0063839480198725285
626,0.005843481126193779
627,0.008069825711567077
628,0.009380867127834995
629,0.003101188087633378
630,0.0035387425802760994
631,0.002722520205869628
632,0.002875279821637832
633,0.004999510373670843
634,0.006746595785852575
635,0.0022348104552154927
636,0.0042496370571182725
637,0.003227067961132704
638,0.0029110742107583513
639,0.0047371222660900075
640,0.0025757651684162404
641,0.003230851684188173
642,0.0038461408153876507
643,0.0064678590715357
644,0.0032552445880896477
645,0.0014086968842727428
646,0.004425205026917956
647,0.001915494499100526
648,0.0026750348529648287
649,0.001999841497256201
650,0.004591975311799501
651,0.0025012056885043163
652,0.00331781841494577
653,0.002655460039703391
654,0.003807300967417268
655,0.0018683881332394476
656,0.003792284690035075
657,0.0030201464428945644
658,0.00478245131255562
659,0.0034611953069091784
660,0.00422561595114274
661,0.0035805420601933134
662,0.0028285716886696077
663,0.005108492805305253
664,0.004241883133703652
665,0.0018485953630681372
666,0.002469306088023518
667,0.0066946074040056406
668,0.003049994741289292
669,0.00782648544416942
670,0.008526764090796172
671,0.003447924599683725
672,0.008927318653402183
673,0.005298563133508957
674,0.0046579706978640755
675,0.0035538691354487775
676,0.004547051157798824
677,0.00556293269004916
678,0.003845872180267799
679,0.003986632106482777
680,0.0046839579897504
681,0.010013551987554156
682,0.00293350120643093
683,0.008191660202644169
684,0.004763663507556525
685,0.004571917141340775
686,0.00742177553621658
687,0.005879502568000017
688,0.003885145714146712
689,0.0018848727902364187
690,0.002725956694402514
691,0.0018377553123717805
692,0.0021730920470489994
693,0.006370489324249158
694,0.0054611426046455745
695,0.0014255310062236432
696,0.004186337508055109
697,0.003742256219250724
698,0.002786133487590896
699,0.002463473823262032
700,0.004359081893930907
701,0.0013335462988055089
702,0.00491496687336949
703,0.00260962787544
704,0.006256037362606767
705,0.006039755716445689
706,0.006684573376284889
707,0.006928940378771005
708,0.011052855395512448
709,0.00656951183900771
710,0.004233525679487147
711,0.0030720112810331663
712,0.0070354997343201366
713,0.009042987556631231
714,0.002894897072590915
715,0.003008713466351896
716,0.00908908709518241
717,0.0036510034058252648
718,0.00561944602560059
719,0.00523751520406714
720,0.0020176730556980627
721,0.0022889986576121162
722,0.0033360805595309233
723,0.002600778050770279
724,0.01140985484551625
725,0.0029634981394706787
726,0.0030504344207667408
727,0.0018780841581141161
728,0.0029235365495405264
729,0.0022633663353517717
730,0.003081679113732534
731,0.0036351575659382537
732,0.0020156591814418133
733,0.004584916301737189
734,0.00219103791190635
735,0.002837075545951188
736,0.0017383216362499793
737,0.002198884588591929
738,0.002815671214547225
739,0.0034629266900635483
740,0.0020677903053266922
741,0.005570500085893468
742,0.00222920926371249
743,0.0017960238213083116
744,0.0034201042681582913
745,0.0015153375528441585
746,0.0033041953698915863
747,0.0024545269481497122
748,0.005005258381974914
749,0.0024210952589028448
750,0.004886232346552233
751,0.0037545819199187908
752,0.002227260884047083
753,0.0035782643641173954
754,0.0035524406241322095
755,0.002659319888336752
756,0.003008008219359757
757,0.0028140281917874268
758,0.0037589393899191727
759,0.003018971053051384
760,0.00419200273960122
761,0.0027353365252792377
762,0.0023258031916647565
763,0.005370901078423936
764,0.006922749519481326
765,0.006193064183000307
766,0.001463407619449429
767,0.0035979072829373064
768,0.00459336424280119
769,0.008356620021001385
770,0.00810070063961971
771,0.0027243368221735904
772,0.0036692353247010385
773,0.004192819112336194
774,0.008449333085427025
775,0.0035219561806851493
776,0.004808836699736653
777,0.0050055654918155865
778,0.0044838515801983924
779,0.003428470324769902
780,0.0028737162717274328
781,0.00611306938263204
782,0.00614566611073606
783,0.0022343920608601537
784,0.0025824724972365416
785,0.0035940856471145866
786,0.0035521688889165563
787,0.001470917129884386
788,0.0031400712813495282
789,0.00469521514636335
790,0.0061981026930470594
791,0.003118673981094326
792,0.002222557660511963
793,0.0047588493501538156
794,0.002462084883339169
795,0.001930317873230434
796,0.0022852485080365817
797,0.002919335397780397
798,0.0020573490414722995
799,0.002263148835629339
800,0.0076743316290300515
801,0.003752137089179591
802,0.006451492694892042
803,0.0025856992344956923
804,0.0032267467772796377
805,0.003292318449927175
806,0.002132404651602133
807,0.001309785585684026
808,0.007223619561184224
809,0.008524695565817853
810,0.00319014236140505
811,0.0028173758895295537
812,0.002328162274784905
813,0.00890063382555023
814,0.005050815251274625
815,0.006500253715613081
816,0.008880589950525984
817,0.004413639289279799
818,0.0022935153922951624
819,0.0035533164509904164
820,0.0016946634693431294
821,0.0037904529210096155
822,0.0017836713797736773
823,0.0017502769547505063
824,0.0022158434151498163
825,0.0011121546409119671
826,0.001511948406839383
827,0.0027547134878833125
828,0.0018759897223277321
829,0.0038208944562670008
830,0.0015771618302605375
831,0.004136892145930636
832,0.002979915796767452
833,0.0037964081395668405
834,0.002326195148605245
835,0.00269483678621237
836,0.003849673958186904
837,0.004208123633674026
838,0.0048936555155063965
839,0.003106616296310492
840,0.002519655337652357
841,0.0020714236529100734
842,0.0048779448863719215
843,0.00202477371762426
844,0.0052958467600732004
845,0.002792905002673195
846,0.002692572493215409
847,0.00376856388179809
848,0.004368793226511499
849,0.004794748745845279
850,0.0036959369123050244
851,0.0038209908876502686
852,0.004838438278530929
853,0.0031649106511600924
854,0.0024676472026343103
855,0.003671333709973061
856,0.002210554246930266
857,0.003562689481794029
858,0.007861363199711615
859,0.005898560429494204
860,0.0038494616296349342
861,0.005826760585589657
862,0.0035379075157675696
863,0.003963635114329401
864,0.0051155193731064405
865,0.003213873326548335
866,0.004706553535438172
867,0.004462795482131085
868,0.008490769307846426
869,0.00394462258309905
870,0.002771710393380544
871,0.006157053246502349
872,0.0040251701035747545
873,0.009542975751193606
874,0.0077236655231504815
875,0.006845228481534615
876,0.003786834965562807
877,0.0047590270981028495
878,0.009225572994239564
879,0.004699730119259903
880,0.004065744600897742
881,0.0017616402506158806
882,0.0037777835903544978
883,0.004243573188637571
884,0.0020449476524683364
885,0.003446253496262141
886,0.0030432790344897195
887,0.007048594509445683
888,0.003124345069911581
889,0.001866635112433884
890,0.003568285001604768
891,0.0029917872132604216
892,0.002588840775141341
893,0.002221423258451888
894,0.0019074387898637235
895,0.00272708225359361
896,0.002706047584873745
897,0.0034343629622339143
898,0.0025538569940553608
899,0.002017131359501459
900,0.001445850793580801
901,0.004256799526155357
902,0.0034778839154928232
903,0.004279935604396235
904,0.002289504085448525
905,0.007053909571796815
906,0.002119010159147804
907,0.0052250446964580526
908,0.0018905149813110969
909,0.0032429551640765185
910,0.005662005665603394
911,0.0030761353106412664
912,0.0034578475978624605
913,0.0030004506137597717
914,0.0021225593860367533
915,0.0025364428050977553
916,0.009288186848674952
917,0.00329462806941994
918,0.005703003453542368
919,0.004177582533023945
920,0.0029165531564350677
921,0.0036100061117758115
922,0.010375720731910813
923,0.0014841545637297845
924,0.0040685050307616615
925,0.007613285491246038
926,0.004140938890552
927,0.005129407773100832
928,0.0023768291014857087
929,0.005596925045419421
930,0.003849814677623615
931,0.002868884237085041
932,0.00379733803192651
933,0.003093574265179541
934,0.0018489375623702664
935,0.00648591311935167
936,0.003584117901379068
937,0.0024483614014698986
938,0.0033028390156320912
939,0.0022444493209566032
940,0.001873279525536557
941,0.0030746697891599
942,0.0029737373690861464
943,0.002184882403480224
944,0.002426491909659282
945,0.003150047792911123
946,0.0031453946336622925
947,0.0035624765233918257
948,0.0017486152886869526
949,0.0018191462489255226
950,0.003290369541061639
951,0.002786331987197341
952,0.004608378049406842
953,0.004610338038207122
954,0.004408466887953957
955,0.004039766127008816
956,0.003328411723980186
957,0.003693717442491695
958,0.004202200038731789
959,0.0033467762937996275
960,0.002834412263857858
961,0.001361194279163625
962,0.005556517844333301
963,0.002960047133022713
964,0.001833625271087384
965,0.0014995531740746029
966,0.0029508771779870853
967,0.00279853836000013
968,0.004597023999942368
969,0.0009762673124154047
970,0.0015340947752208215
971,0.0015981745432782552
972,0.0033950582199080144
973,0.0007160755295437981
974,0.001499123294730753
975,0.0031336008567378025
976,0.002328490568167816
977,0.00336902445092218
978,0.003164805442305757
979,0.0014701396433331956
980,0.002765233805640797
981,0.0018413799387292694
982,0.003080165208302817
983,0.00276165580934584
984,0.0035639990023679127
985,0.0050159439163807
986,0.002827319111355333
987,0.0015749397088344413
988,0.004277545661821779
989,0.0048207038886482105
990,0.0055087397587371
991,0.002302357989827919
992,0.0059515632017343965
993,0.00634898345575739
994,0.0013074538782388886
995,0.004248819838065853
996,0.005154436782401712
997,0.002402020718776467
998,0.004094723860637599
999,0.0018444012365727864
1000,0.0023809482090853987
1001,0.0041696415643318226
1002,0.003632889660294447
1003,0.002426199095884941
1004,0.002043299572254353
1005,0.004016429382185343
1006,0.005052314871336603
1007,0.002328004137962557
1008,0.004874402270527251
1009,0.002632329717337244
1010,0.004209689602107361
1011,0.0026266344266546683
1012,0.0019494655622844651
1013,0.004809366224817161
1014,0.008113543816784703
1015,0.005000345264238731
1016,0.003470517357852572
1017,0.00465181315805259
1018,0.002802172283287967
1019,0.0058121231876130525
1020,0.004803347785313706
1021,0.005609822524355221
1022,0.007349490566218425
1023,0.002978501157772757
1024,0.0021493193294839733
1025,0.001888819767233379
1026,0.007956483729238498
1027,0.004365328503203625
1028,0.002671029953012795
1029,0.002628105290067832
1030,0.003457763569994332
1031,0.002254197300122034
1032,0.004050729938945432
1033,0.0019184134247271763
1034,0.0027624662611879965
1035,0.003199886214173933
1036,0.0024669404654507053
1037,0.0013804717196978654
1038,0.0035559834934729977
1039,0.003604055275401229
1040,0.005488075340877086
1041,0.001994860159840788
1042,0.003813543321373592
1043,0.003779425876397083
1044,0.003243404623394812
1045,0.004069828668486498
1046,0.003838458243301389
1047,0.0016696638001354408
1048,0.006265644126440162
1049,0.0036803087501360563
1050,0.005011551162878393
1051,0.0032991081186948363
1052,0.004229282521085111
1053,0.0037341451244152467
1054,0.0024266476258995267
1055,0.0034606375412746184
1056,0.004502571376862954
1057,0.0032990560964361124
1058,0.0024951493095186697
1059,0.003291626017630681
1060,0.0038770898587191477
1061,0.0039052248202452
1062,0.0032447760830981
1063,0.0050760971713406005
1064,0.0041493692716526726
1065,0.0017554949517243471
1066,0.004985128759686428
1067,0.0060244330492402074
1068,0.005581445019594198
1069,0.005626731272319618
1070,0.004886762827636056
1071,0.0025689666334789184
1072,0.004246303093349846
1073,0.0034820723966291238
1074,0.005648442085772858
1075,0.007567348419442162
1076,0.008081378546393032
1077,0.003037987564068627
1078,0.0038757230888899173
1079,0.002302350693684928
1080,0.0025048628302039
1081,0.004081991266226388
1082,0.003064625983471364
1083,0.001875751612766891
1084,0.002866666508912628
1085,0.005348642344307581
1086,0.004723292948618984
1087,0.0037399635953836922
1088,0.008195648590231629
1089,0.004354036817097864
1090,0.010986314713795246
1091,0.006705680820346505
1092,0.009155062449422942
1093,0.006258031433437611
1094,0.011906876354414052
1095,0.004231419863845272
1096,0.007373282248767388
1097,0.006719119326576243
1098,0.005587449930430571
1099,0.0018489607203285054
1100,0.005493231500314129
1101,0.00951768513820528
1102,0.004123198569429643
1103,0.007219297052640235
1104,0.002625402068117775
1105,0.006059720128682039
1106,0.002596726172072527
1107,0.002834978721061524
1108,0.004319230792218853
1109,0.0020893187004607005
1110,0.004686468840073089
1111,0.0028085720916541856
1112,0.0033224098627824593
1113,0.003146947016542953
1114,0.0021849051647183228
1115,0.0038537984679858717
1116,0.0026119584699428808
1117,0.004577021817328447
1118,0.00523701410338012
1119,0.0029755582492899764
1120,0.0044279025541543535
1121,0.00461177717292015
1122,0.003377216397136101
1123,0.004523206189635342
1124,0.004307068978553858
1125,0.004002476132958521
1126,0.005522813375870778
1127,0.0034348275839515283
1128,0.0018665253736541891
1129,0.0026736256927576032
1130,0.006103566720394793
1131,0.0027066961410426365
1132,0.004967292412744293
1133,0.0029644054907004354
1134,0.0024465498781034442
1135,0.004105871329209794
1136,0.002787477934317719
1137,0.006074706529526522
1138,0.004571671390385679
1139,0.004346691330393831
1140,0.00527969316893733
1141,0.003480885890613288
1142,0.008277008886745783
1143,0.004483447052009198
1144,0.004705335534127722
1145,0.004208269549137468
1146,0.0055869880095649705
1147,0.0046448528860323045
1148,0.0037775484321192045
1149,0.00810213086767332
1150,0.004007416475271873
1151,0.0030927311505497034
1152,0.004591443942206245
1153,0.0047524160261338405
1154,0.002331740842637012
1155,0.00259584916907532
1156,0.0019274188174761852
1157,0.0026723344559614628
1158,0.002627353301531984
1159,0.004528064773680087
1160,0.004841159116316587
1161,0.004298172833199118
1162,0.0040933671866193455
1163,0.0027078904816860484
1164,0.004778914898666537
1165,0.004867392490783546
1166,0.0030306124135385877
1167,0.002480503964600032
1168,0.004527826852939108
1169,0.004502735744019513
1170,0.002118103057273798
1171,0.0023404366999172487
1172,0.005407045234505977
1173,0.00890145788583705
1174,0.002529578318478823
1175,0.0027484500990419733
1176,0.002657313483859564
1177,0.004203579636055671
1178,0.003200396301286127
1179,0.004262233903702971
1180,0.0036430631528942296
1181,0.005987910245902006
1182,0.00272461081003755
1183,0.003632042450216015
1184,0.005957417078180812
1185,0.0063300918599169
1186,0.004417386692926198
1187,0.004591006376237977
1188,0.0020858732109190234
1189,0.002170376393458677
1190,0.003740348637578078
1191,0.00460015617331284
1192,0.001919484961589213
1193,0.00634524809786977
1194,0.004464831040767822
1195,0.0058794009528361
1196,0.002988045876636329
1197,0.005535858732468537
1198,0.011551556741974913
1199,0.0049305722765563475
1200,0.004898912119400166
1201,0.0031153074368095303
1202,0.0045760940188528595
1203,0.0014139136919626807
1204,0.004143460516008839
1205,0.002011363837147619
1206,0.002218470704970719
1207,0.003923121442057728
1208,0.0025833337992989995
1209,0.003577290130508296
1210,0.005988845936425005
1211,0.008460993587658922
1212,0.0042871341376246475
1213,0.006707226159759302
1214,0.0073546655007922035
1215,0.002843374965149357
1216,0.003125753572478423
1217,0.003247013744217801
1218,0.002534061431350888
1219,0.002699620130595827
1220,0.0014458684410239874
1221,0.004683333457921077
1222,0.004048215828401224
1223,0.002811959195550432
1224,0.002552046561421269
1225,0.005126490718230491
1226,0.003453233658752245
1227,0.002528861044121818
1228,0.0021391017262914463
1229,0.004763650030285946
1230,0.0031506356726066754
1231,0.0010280207231039716
1232,0.002701118195140589
1233,0.003283663223106541
1234,0.003913655090400895
1235,0.004872871744277871
1236,0.008023995410246494
1237,0.004384325234184878
1238,0.0028303551469958553
1239,0.004004708512218139
1240,0.00276828031000697
1241,0.0025876662608757595
1242,0.0029253893203101612
1243,0.0018177069281137212
1244,0.0064481760333977255
1245,0.003091706300576025
1246,0.004416173622126768
1247,0.0016871245304847528
1248,0.005743472369796411
1249,0.003566474643668647
1250,0.002925974195081409
1251,0.004323555537639453
1252,0.0027965939692065197
1253,0.00741886708310842
1254,0.0017320704580209994
1255,0.001610606149651541
1256,0.0033639370484520284
1257,0.003952051350909092
1258,0.0042853409493874796
1259,0.007431611209553919
1260,0.005089047090616893
1261,0.0060168936015134655
1262,0.00770270210718337
1263,0.0022858290131792807
1264,0.0033329855353557217
1265,0.006605591788932573
1266,0.007197820017293774
1267,0.005305616805387534
1268,0.005323018864051215
1269,0.009528816728515759
1270,0.008882027951456343
1271,0.008259735899911216
1272,0.010709360513296844
1273,0.009344162236032823
1274,0.005781520028903916
1275,0.004705295741631803
1276,0.008076200727859273
1277,0.005543112338883481
1278,0.0048474805649085404
1279,0.011263472833852435
1280,0.005351852110586151
1281,0.0040274234239953115
1282,0.0028672864273312994
1283,0.0019248004689423985
1284,0.005499307777433564
1285,0.0027712850759980144
1286,0.002396353415137436
1287,0.0028037027090204412
1288,0.003893463610973256
1289,0.005934913808922459
1290,0.0046679740415369545
1291,0.006667099102942486
1292,0.0023581066300355238
1293,0.0035925448910439704
1294,0.005859002075865425
1295,0.006319613514221736
1296,0.004551261260689042
1297,0.0033805181843776138
1298,0.007529865982852305
1299,0.00399948735339119
1300,0.0035620047571750884
1301,0.003751972329694236
1302,0.008975454295998022
1303,0.005952251305639469
1304,0.003623218691909925
1305,0.001867854926521295
1306,0.002918501653562932
1307,0.006996628274566328
1308,0.0036777568367413437
1309,0.0037349800021190343
1310,0.00387506029281855
1311,0.003424904065462648
1312,0.004846680133640077
1313,0.003164472369000464
1314,0.00633305844119849
1315,0.004206648847968385
1316,0.0040777084673097284
1317,0.0014265474297188762
1318,0.004608646422801623
1319,0.002501149731891601
1320,0.002843551434588772
1321,0.0038556138196904908
1322,0.003371947251769214
1323,0.003730242099955301
1324,0.002852749382550865
1325,0.0028072974453365674
1326,0.0020890908661121968
1327,0.006316061285751753
1328,0.005836989740697842
1329,0.006377227887495774
1330,0.003417716858052183
1331,0.0015362755988346324
1332,0.007101820987558336
1333,0.003013701368299772
1334,0.0035640165514942727
1335,0.003039590431246849
1336,0.0061185032301983395
1337,0.0030052626205545464
1338,0.003461300982405468
1339,0.002559294391696405
1340,0.0031978680728660318
1341,0.004837190628299118
1342,0.002274577638516034
1343,0.0022333729010358488
1344,0.004511549806207408
1345,0.004677225711066571
1346,0.002614280921899754
1347,0.003447549925324571
1348,0.0018285168698826421
1349,0.004505164328177868
1350,0.002531373702684797
1351,0.0028911663597100392
1352,0.0032226013014669892
1353,0.00186974749579783
1354,0.004147729665949084
1355,0.0015290681797585093
1356,0.0022934916048529177
1357,0.002612156440760805
1358,0.0021827178851062225
1359,0.00178550796579712
1360,0.0029082246897095807
1361,0.0019710471397930145
1362,0.004041831777265103
1363,0.0028175184026647984
1364,0.007596537139822036
1365,0.0018192142232013172
1366,0.004588384621164982
1367,0.0029249463019089808
1368,0.0023755781712397218
1369,0.004838170454665725
1370,0.0015590941152255591
1371,0.0033350092351879376
1372,0.0016256462893633069
1373,0.003688262580607522
1374,0.0027208071081351714
1375,0.00363655862538435
1376,0.001915415866239386
1377,0.0049843933403173925
1378,0.010333700508115159
1379,0.004315752797507286
1380,0.0033229061962068325
1381,0.0020526834286405727
1382,0.002981832951208573
1383,0.005736303143356925
1384,0.003381774068399216
1385,0.005494664238882085
1386,0.005946633673813507
1387,0.001419213786698583
1388,0.006110849444143156
1389,0.0052849268463764755
1390,0.0020796559111200047
1391,0.0021831495956752107
1392,0.0063600607443758655
1393,0.0033985689769782195
1394,0.011917926937796988
1395,0.004580502136559681
1396,0.002528032540417144
1397,0.004059358268169454
1398,0.004074873384391555
1399,0.003187545890803593
1400,0.005381937121389931
1401,0.0066927974916508775
1402,0.0035004043100239943
1403,0.005590357725041289
1404,0.005790137171918928
1405,0.004460901387270744
1406,0.004820965047100711
1407,0.002428638549719279
1408,0.0037508895463641296
1409,0.00379713034319181
1410,0.0039185624681711785
1411,0.005003628372416572
1412,0.006099434544011503
1413,0.0059423051619495295
1414,0.005227356583997142
1415,0.0027656957777301232
1416,0.0031931368906502364
1417,0.004556939945544833
1418,0.0033974957214601173
1419,0.004368015267294357
1420,0.004508010572231114
1421,0.0037924797162349937
1422,0.00470481784659446
1423,0.004011175143958691
1424,0.001594270439239335
1425,0.003203112668435656
1426,0.004873906402336494
1427,0.0025692360068689892
1428,0.005452498075301843
1429,0.006637593145446948
1430,0.005194806430603444
1431,0.0038486747849561264
1432,0.0028066437999749016
1433,0.003370153552297235
1434,0.0049405973329342745
1435,0.0021599763966317262
1436,0.00416495299704651
1437,0.0027090362560754787
1438,0.004138688826231047
1439,0.00380765868610606
1440,0.003767785292089512
1441,0.002580276913469348
1442,0.006664615692102027
1443,0.0033730578820110033
1444,0.005737238104674712
1445,0.007956832032743959
1446,0.005066112360521325
1447,0.003122881168542659
1448,0.0052153456021799965
1449,0.008023266492948416
1450,0.0024500850621167066
1451,0.002737034734230855
1452,0.004047739549216006
1453,0.004892177887692968
1454,0.003582442527792437
1455,0.0029881817170736642
1456,0.0060251029479657355
1457,0.0034289043393116946
1458,0.004173941553372789
1459,0.00569849233419675
1460,0.002712129008465856
1461,0.003781270732558406
1462,0.0034043450833454165
1463,0.0029010584983815346
1464,0.0028892472961736648
1465,0.003378360030888468
1466,0.0017779221592726048
1467,0.005298265396097587
1468,0.002333716003170812
1469,0.0046146621367307294
1470,0.0013866481748326814
1471,0.0039908201904888885
1472,0.004791659530097654
1473,0.003077020979845994
1474,0.003495408475203051
1475,0.0047079699760718755
1476,0.004472014870787062
1477,0.0029800836756747264
1478,0.00593914376555112
1479,0.002482653760651023
1480,0.002925403233831634
1481,0.002081231709650982
1482,0.009525931858286152
1483,0.005596438267899807
1484,0.0024916829731590475
1485,0.0035295326998041328
1486,0.0034284478630072397
1487,0.002254816818707884
1488,0.003121094706915969
1489,0.0026260473305984512
1490,0.003061898304129662
1491,0.00425543749616278
1492,0.0035823528359676133
1493,0.0028151138837460518
1494,0.002900044566525344
1495,0.0020621557647923943
1496,0.003313373629120084
1497,0.004188912293778798
1498,0.0023261810583960624
1499,0.002966053315276841
1500,0.006125039514224026
1501,0.004736533767305796
1502,0.006089421247986888
1503,0.0037082745432237226
1504,0.006136995790683868
1505,0.004331742011456756
1506,0.002283242981113572
1507,0.001277611517422552
1508,0.0018492551142262532
1509,0.0016929153364861685
1510,0.0016423858719835569
1511,0.0021960878300092885
1512,0.0019667732591129093
1513,0.0018082047740349946
1514,0.002726901521910909
1515,0.002683113164686257
1516,0.00480478493043551
1517,0.002239220918225859
1518,0.0019145074496738808
1519,0.003970129315603479
1520,0.004253268533560696
1521,0.004306995739003339
1522,0.005215333581020909
1523,0.004371718912416192
1524,0.002467090020962771
1525,0.0024535227920704627
1526,0.00710550164551353
1527,0.004585922393539507
1528,0.003155087337629981
1529,0.0032132294289263963
1530,0.003274854173639073
1531,0.005181097783069789
1532,0.004796482985148585
1533,0.00344288443255703
1534,0.004117163861101614
1535,0.0051393918763164214
1536,0.003159103261835469
1537,0.004036573787160025
1538,0.008549613448876397
1539,0.006680644822379597
1540,0.0045558657629596105
1541,0.00391441942788366
1542,0.008609860032932513
1543,0.0031470371729072594
1544,0.005974209264358789
1545,0.006531814006033749
1546,0.0038054935745435404
1547,0.006627134349924833
1548,0.0035912442665247423
1549,0.006160854532882582
1550,0.008181039586537181
1551,0.003164276036725223
1552,0.0036623366875863242
1553,0.003155725760988073
1554,0.0036286687995585602
1555,0.004976974293936131
1556,0.004227665475591905
1557,0.002722402917808941
1558,0.006607519819925743
1559,0.004214473841111583
1560,0.0022036222452424385
1561,0.006346864825851866
1562,0.006902000229270645
1563,0.003027052822925577
1564,0.0033630808418616013
1565,0.0059493037882540345
1566,0.003997723057072136
1567,0.005254328016996762
1568,0.009095576095839688
1569,0.0028370612482304398
1570,0.0035252082955995593
1571,0.0029443330526105448
1572,0.0056421707258164575
1573,0.004642712479411899
1574,0.0028184016673025013
1575,0.00522824024369995
1576,0.004448753527794745
1577,0.007434033842777294
1578,0.0069183581651441435
1579,0.0041615556024874505
1580,0.009125628861861478
1581,0.0047178962018229395
1582,0.006989233648824887
1583,0.0022551035484817392
1584,0.0029333242904239385
1585,0.0019834288128134973
1586,0.002666735575036983
1587,0.0039039101040808408
1588,0.004209501524000012
1589,0.0029945730009000985
1590,0.002241916180353836
1591,0.0022100450645475373
1592,0.006138170064310449
1593,0.0025220293052022947
1594,0.004849771973683229
1595,0.002808002380666179
1596,0.007515955679289159
1597,0.0025242931322836987
1598,0.004458579586891438
1599,0.0023952821695571573
1600,0.00534308328313718
1601,0.002033685538912881
1602,0.002968545937177893
1603,0.0026438153186850066
1604,0.0017201664061065225
1605,0.0037597574689924975
1606,0.003858161193519479
1607,0.002678896299842773
1608,0.0027039569437517395
1609,0.002932747916353552
1610,0.0022034782900326754
1611,0.0012551502656736162
1612,0.0017100248543253551
1613,0.0034067122575938127
1614,0.0027325725572022786
1615,0.005191140196994178
1616,0.003395611843647064
1617,0.0037141831502417923
1618,0.0033335577669775405
1619,0.006160532577410352
1620,0.0027544845352409373
1621,0.0036942753741716736
1622,0.004150633792455703
1623,0.005041000859156325
1624,0.008503361129302667
1625,0.0026800912503944594
1626,0.003292039466948768
1627,0.006177842491284768
1628,0.0029176925913715593
1629,0.001625176729071586
1630,0.00128286545315147
1631,0.004106847238612343
1632,0.0020327853520903326
1633,0.006089214092909112
1634,0.0017015034239570867
1635,0.003046729910596238
1636,0.0025965077707982838
1637,0.003704520759141793
1638,0.0020362194113023838
1639,0.0021168472383258814
1640,0.004462263746627432
1641,0.0017902699964629683
1642,0.0054411763645143925
1643,0.0034345532244061967
1644,0.005176299352888222
1645,0.0048435836570087576
1646,0.0019353910847476747
1647,0.003461809183637789
1648,0.0044771096428911795
1649,0.0046677522931015715
1650,0.0021576333627563306
1651,0.0034860459256435524
1652,0.00431212619971901
1653,0.0052342494087980005
1654,0.0056162331885269605
1655,0.0015854765452968124
1656,0.0015190497415558304
1657,0.005039341221536004
1658,0.004151294286195021
1659,0.005138434758715997
1660,0.002611876495566989
1661,0.006441066412746891
1662,0.0016162147603528342
1663,0.00514456535693686
1664,0.00715132126506709
1665,0.005517446891497515
1666,0.00465822118258974
1667,0.003558265802067314
1668,0.007389670233944935
1669,0.00624715707052824
1670,0.002919369973600137
1671,0.0018635116638597328
1672,0.004598580145458896
1673,0.0073247620847701625
1674,0.004738995501457396
1675,0.004660167944034877
1676,0.005790700557980015
1677,0.003252706083596159
1678,0.004358201837932461
1679,0.004261983566812275
1680,0.005287825179812158
1681,0.003354594317211239
1682,0.004174763368585539
1683,0.0014906874252504346
1684,0.003271563406717171
1685,0.0025534627132246203
1686,0.0035450242475475696
1687,0.009016746010605172
1688,0.003469084101712034
1689,0.004318153325359181
1690,0.0012341370397906696
1691,0.005496060618490849
1692,0.0035920001297795813
1693,0.006505039796685301
1694,0.004554534906674876
1695,0.0021183058478806433
1696,0.005320164088887767
1697,0.003724437010543633
1698,0.002923486415776207
1699,0.006056623019242268
1700,0.00676457420119539
1701,0.002553541395484803
1702,0.003196678857840145
1703,0.002925853035303024
1704,0.004700972489384587
1705,0.003229318482259147
1706,0.0012371571691146862
1707,0.008731676059031005
1708,0.008088717320820076
1709,0.003638365521871529
1710,0.004240886273292347
1711,0.003587046579431292
1712,0.0053825025850547294
1713,0.003383096037888406
1714,0.003771047274390104
1715,0.004860403716851233
1716,0.00798612235390863
1717,0.004349336079997659
1718,0.003330258819780313
1719,0.0048940611446518355
1720,0.00853380006570911
1721,0.007582533669189546
1722,0.005454075474728086
1723,0.005558736635329676
1724,0.0046150738775399954
1725,0.004595182502714283
1726,0.005802161081898185
1727,0.003751443976800396
1728,0.002800802402589449
1729,0.0032880561604171927
1730,0.005491217335793192
1731,0.003652571150899674
1732,0.002724575171125429
1733,0.00571971853509309
1734,0.0049217848948004865
1735,0.0039047349060836773
1736,0.0033626040952088477
1737,0.003422994689023285
1738,0.0029657322337917945
1739,0.0022324811757063697
1740,0.0027850332939710785
1741,0.004284528973550392
1742,0.0032375076788364234
1743,0.0022598079436523485
1744,0.004400017098368982
1745,0.005312010203759556
1746,0.001698277588495882
1747,0.005334632343396493
1748,0.0031860774855860005
1749,0.0035401694531379366
1750,0.004954932743000141
1751,0.003609178232639571
1752,0.004071786059250357
1753,0.0024574469190825413
1754,0.0026853409262366395
1755,0.0022402097794437434
1756,0.0028713861427445983
1757,0.003319012442500806
1758,0.0021379657906684165
1759,0.004429011644746382
1760,0.0044732574351991905
1761,0.006803309186976032
1762,0.0035491374715048507
1763,0.005484184061058344
1764,0.007570613633208209
1765,0.005742625375742972
1766,0.004649960827510014
1767,0.00791731008697465
1768,0.010794752591536264
1769,0.003999980086396523
1770,0.0016205718596620676
1771,0.006958066472409271
1772,0.007413296019564379
1773,0.0021960371941025267
1774,0.005592329581210428
1775,0.005867846468818211
1776,0.002825444937158032
1777,0.004313566204207389
1778,0.0036773518066903375
1779,0.0031602323556199075
1780,0.004054424537307743
1781,0.003751523099136925
1782,0.003748053817308877
1783,0.002597792944463893
1784,0.0022485754919604408
1785,0.002319393507757555
1786,0.0016076787540831865
1787,0.0064773286194474795
1788,0.002292154370873261
1789,0.0019287364942915234
1790,0.0030093551381565518
1791,0.004752530574521185
1792,0.0032282125932449877
1793,0.006291021586916029
1794,0.004775969369188789
1795,0.0017187435257615233
1796,0.0028148723188650324
1797,0.003015207437797789
1798,0.004924071754575542
1799,0.0037944740296025977
1800,0.0035884061302608227
1801,0.0036419519575578672
1802,0.0049843465562735825
1803,0.006042346673137396
1804,0.0025397509110170425
1805,0.006711844413750155
1806,0.003288171722615824
1807,0.010432991565023612
1808,0.0036936187364666334
1809,0.0040636645428825564
1810,0.0019453503076498331
1811,0.006405747020436432
1812,0.006111037288120545
1813,0.0031652376417967
1814,0.004701265905929354
1815,0.005078847530179312
1816,0.0047178473698306755
1817,0.00643674128383266
1818,0.0038284529904302686
1819,0.0026168881179043607
1820,0.005172872944799347
1821,0.007345338398494247
1822,0.0028035761471878803
1823,0.006574729467195689
1824,0.007103662297498445
1825,0.01109867253064932
1826,0.006006537314764357
1827,0.0043747094259608856
1828,0.0029145570762087623
1829,0.004264067600897492
1830,0.0060732262650802045
1831,0.008372253876839325
1832,0.004039557021260328
1833,0.0061192881971100675
1834,0.002327406048836651
1835,0.004991802488476034
1836,0.004378614705153792
1837,0.00579205274773574
1838,0.005694538865269429
1839,0.004978744251014297
1840,0.0031946912024949604
1841,0.004832814980036961
1842,0.0061931190341472046
1843,0.0045962687760853285
1844,0.004574715489531171
1845,0.004333801653576479
1846,0.004447343643736224
1847,0.009130733542736209
1848,0.0040516525710266645
1849,0.005575406967169236
1850,0.002071245842806246
1851,0.002242430579765169
1852,0.0038903838974134975
1853,0.004413633365283445
1854,0.00928939504092544
1855,0.005731541708028553
1856,0.002117039377063775
1857,0.0020034823793465897
1858,0.0032534415525568416
1859,0.008508283407429403
1860,0.004027398073249921
1861,0.002200502764334233
1862,0.002606880784582273
1863,0.0047812497719292284
1864,0.0024625384664515265
1865,0.0030030071067452336
1866,0.0036088917528915476
1867,0.0038288187446362133
1868,0.0023441512202563228
1869,0.003404655293829079
1870,0.00311770070911135
1871,0.002412962590733559
1872,0.0036812979212777963
1873,0.003348614127969999
1874,0.004107835632603932
1875,0.003248214381262393
1876,0.006014599117500407
1877,0.006924363021322579
1878,0.007469077721541637
1879,0.0027503969363569065
1880,0.003216618208712109
1881,0.005534857649824131
1882,0.004990731658686607
1883,0.00481837897777437
1884,0.00565661576335529
1885,0.006794138762885962
1886,0.0036845944168952213
1887,0.0051648293525326724
1888,0.003588832648871235
1889,0.0032426464717372283
1890,0.004657781993973307
1891,0.005857588582399726
1892,0.003548234256387293
1893,0.007485452933012805
1894,0.006211838448083465
1895,0.002459797244915013
1896,0.002702008247827909
1897,0.001559021858861331
1898,0.005498674014692894
1899,0.001529230953942929
1900,0.002920607112113421
1901,0.002180781736661038
1902,0.002582123333518735
1903,0.005676432679924832
1904,0.004101352147620815
1905,0.004991540965525099
1906,0.0026400545927950203
1907,0.0025144452867067245
1908,0.0014351678383990707
1909,0.004480543072684118
1910,0.002403040950868746
1911,0.005206861238035372
1912,0.0029462591207927275
1913,0.0031507682421111666
1914,0.0064055991122510605
1915,0.002284921978896707
1916,0.001517546429411389
1917,0.0016121947062995544
1918,0.004974419829614677
1919,0.0018853935225826184
1920,0.002546893544901059
1921,0.0012016096749618704
1922,0.005037341265965035
1923,0.0017996954702194255
1924,0.002553608408692473
1925,0.0015927787336712592
1926,0.0019062167093863208
1927,0.0014920984556805036
1928,0.0011654627553570435
1929,0.0018835721546444886
1930,0.0021405478283835367
1931,0.0029159645345600933
1932,0.002532495670098307
1933,0.0023197462888780514
1934,0.002226394648873697
1935,0.0023779616899995424
1936,0.004541048245081137
1937,0.0025503308340925203
1938,0.00534461913387609
1939,0.004153236111218421
1940,0.0050840131523910105
1941,0.00406057470532201
1942,0.003481873564081632
1943,0.0034921585973875487
1944,0.003963524443763181
1945,0.005270336724339823
1946,0.008982519645664362
1947,0.007988388633776891
1948,0.00535757121349123
1949,0.005168156376130612
1950,0.005816670328443896
1951,0.0049976194588940825
1952,0.0012871247442646306
1953,0.0018153922179786274
1954,0.0011126496483352454
1955,0.0016357891297995805
1956,0.001949330337483896
1957,0.0013678402741245676
1958,0.0019390981138255332
1959,0.0026820099936605427
1960,0.0020363199651934924
1961,0.0010249459808310444
1962,0.0009280367941489897
1963,0.0019754638344883007
1964,0.0021094920812250594
1965,0.002247951294484003
1966,0.0013234317216707795
1967,0.0018535091118189624
1968,0.004009364000930744
1969,0.005262279428521321
1970,0.005951815606845037
1971,0.007262287869152986
1972,0.004725281517178149
1973,0.008320023367752541
1974,0.0016594328638363587
1975,0.004060801277658618
1976,0.002771727062153272
1977,0.004072506703231393
1978,0.004612064871167104
1979,0.0032346190159622643
1980,0.005258065711191094
1981,0.004171101560624674
1982,0.0039674783006345745
1983,0.004788555271736546
1984,0.00366384710122309
1985,0.003475872693482571
1986,0.00585296904954821
1987,0.0043283592611058855
1988,0.004695662619762661
1989,0.0031573017864648142
1990,0.00492989000379281
1991,0.0036976500654985595
1992,0.0041743858476009695
1993,0.004865414791474069
1994,0.010622783328099916
1995,0.003791964406024162
1996,0.003562013858052275
1997,0.0035079122941408768
1998,0.0030741186486846787
1999,0.0064102165136118
