,value_per_image
0,-0.06220665938030673
1,-0.03167075747106215
2,-0.05568082205085078
3,-0.06208322985065541
4,-0.03592857167781305
5,-0.0197545305491384
6,-0.04823694515329557
7,-0.05249697474024408
8,-0.03345425236998177
9,-0.04609343084772746
10,-0.04960305491635247
11,-0.03609974444767433
12,-0.028186794292307717
13,-0.04757532559442334
14,-0.04951794271970579
15,-0.043580208158311054
16,-0.06709985735827907
17,-0.07151697538499027
18,-0.0584179381236427
19,-0.04266225981766005
20,-0.053908175105358204
21,-0.03930564255436489
22,-0.04939761240956796
23,-0.034226741055395964
24,-0.060271940803395575
25,-0.04762195537651327
26,-0.04609390209027768
27,-0.039513367772646094
28,-0.06633512735958301
29,-0.04386941369799378
30,-0.04308940511575606
31,-0.07304115750690178
32,-0.039503890469503006
33,-0.07075744549318523
34,-0.058456594147674464
35,-0.028204856323016624
36,-0.047068489488622176
37,-0.06695624786405442
38,-0.05980396549164582
39,-0.04709724137169261
40,-0.02809589643344945
41,-0.0643818364365099
42,-0.06316181688898523
43,-0.04270972181237346
44,-0.034536937462077484
45,-0.027096603286889277
46,-0.028926994209050143
47,-0.043366374098532535
48,-0.03730062097147279
49,-0.0776460462539888
50,-0.057139215064112486
51,-0.02575635969651369
52,-0.05264646157407221
53,-0.05469458426795135
54,-0.03360557100910905
55,-0.02628631511306937
56,-0.036851903429001055
57,-0.0485500871138362
58,-0.06373641611864943
59,-0.04021931671866888
60,-0.035229542347561496
61,-0.02937759799318303
62,-0.0597049727860144
63,-0.06220720741319155
64,-0.07952307681208567
65,-0.03693302554215862
66,-0.06362260145380211
67,-0.05823135374987427
68,-0.04107316288908815
69,-0.09386961401567416
70,-0.03123305311621677
71,-0.04909446059224081
72,-0.04403162442322281
73,-0.03806453006278966
74,-0.041660996911898375
75,-0.035493014812144084
76,-0.04430603358582338
77,-0.02554481239393144
78,-0.06427042437977792
79,-0.047498856839606564
80,-0.04087410325128008
81,-0.03805709721439925
82,-0.06618616657964202
83,-0.07096265358393537
84,-0.05736743561865379
85,-0.06387585546395443
86,-0.04077796666993371
87,-0.0409926692018004
88,-0.0860746408929567
89,-0.03989441916034368
90,-0.047749791622003934
91,-0.0381958757125952
92,-0.05174669109642156
93,-0.04329147839376903
94,-0.057827541049253986
95,-0.03010973818532609
96,-0.06512382961460418
97,-0.020723005501550783
98,-0.0287821052049738
99,-0.06244467925556733
100,-0.03617956957237725
101,-0.03384653289333589
102,-0.0476579313154597
103,-0.044835556906806566
104,-0.030381200461712644
105,-0.033856478573168286
106,-0.06842715878148753
107,-0.06971764674930989
108,-0.03698205545111916
109,-0.03430115853173808
110,-0.05385093509193668
111,-0.03967409847516338
112,-0.049397830906573084
113,-0.024212566064742886
114,-0.08978303429571144
115,-0.030267783378258875
116,-0.035099838926376734
117,-0.038730666664685005
118,-0.03002231637338133
119,-0.04859324181055754
120,-0.047940347842182575
121,-0.02639333149126241
122,-0.041380670431902
123,-0.019815058873535747
124,-0.04674974269289403
125,-0.05652061790282197
126,-0.04805846736908104
127,-0.043455816999426536
128,-0.0414899985343034
129,-0.030246124153287382
130,-0.08094814619653633
131,-0.09349206850610982
132,-0.04817584110422612
133,-0.029913416422912908
134,-0.07773500589526071
135,-0.039273822632542366
136,-0.04766073941751653
137,-0.07087821835763675
138,-0.07166001418030217
139,-0.04629412095215767
140,-0.04834922963784683
141,-0.03240912745705921
142,-0.04878214207042793
143,-0.038981087648053234
144,-0.04920879257848173
145,-0.03846053107157877
146,-0.04669637175735965
147,-0.07605896976598543
148,-0.05167559425768527
149,-0.05298347412247521
150,-0.09456726265096912
151,-0.04053484209896555
152,-0.03086838096139549
153,-0.05689282952561549
154,-0.0633172163411153
155,-0.061973808377180827
156,-0.04081720825587866
157,-0.059013987262658024
158,-0.03367456459671056
159,-0.038264565391354366
160,-0.06529552668973257
161,-0.03258862211630284
162,-0.03335375860160197
163,-0.031723921953097506
164,-0.013446608134885666
165,-0.06311481251053618
166,-0.0391632044868025
167,-0.028019041097010075
168,-0.03879171321479041
169,-0.050899638118885725
170,-0.06913296153064127
171,-0.07022739472552464
172,-0.026259012127963773
173,-0.04643603683676771
174,-0.04746825730249335
175,-0.059956802631067375
176,-0.04243155930736717
177,-0.04834900298637387
178,-0.06444650967726721
179,-0.08038801973781058
180,-0.04702399126853953
181,-0.045335136771060415
182,-0.034181994555975835
183,-0.0469180336412226
184,-0.05321556520226619
185,-0.052258733066614216
186,-0.08234820198489515
187,-0.056601567224657874
188,-0.061096524803275626
189,-0.03616595923431418
190,-0.028654658658743126
191,-0.03177489513495537
192,-0.0386245209931108
193,-0.038822945899942715
194,-0.05392254887166152
195,-0.05778257854645481
196,-0.024480346365559142
197,-0.06635081565260591
198,-0.035836199071674714
199,-0.028673839401368487
200,-0.10618712497401127
201,-0.019612611328603084
202,-0.0386181399708333
203,-0.0674151518662439
204,-0.04923646180492445
205,-0.061180979255954476
206,-0.0260874054769968
207,-0.0706979437388881
208,-0.03014018729378965
209,-0.06592872041390405
210,-0.07515974095855292
211,-0.036307929516315736
212,-0.04770217571865058
213,-0.061577012573375535
214,-0.036231703006225566
215,-0.04882104434465153
216,-0.018179384920040488
217,-0.0646789353283835
218,-0.04121135977753485
219,-0.020725861034371948
220,-0.0552501391310378
221,-0.031553862182014523
222,-0.05142248488819093
223,-0.04820957344619621
224,-0.0279327521371932
225,-0.06567075709364953
226,-0.040234841580377455
227,-0.04592828468744666
228,-0.017649162460503874
229,-0.03355380395055022
230,-0.03453402106937852
231,-0.05168289780998702
232,-0.04403043474539749
233,-0.06929592638704485
234,-0.04279797500264718
235,-0.046772259106837764
236,-0.034675985798813425
237,-0.03381119634207635
238,-0.04318980757447643
239,-0.05648442811596997
240,-0.03216027993742422
241,-0.04601833503062736
242,-0.048495046753473034
243,-0.02802551379160537
244,-0.023436210674368508
245,-0.06130107867250587
246,-0.0484463436166673
247,-0.02216666921648681
248,-0.0947174268245384
249,-0.015681305463211233
250,-0.018328065507306972
251,-0.035916938271834384
252,-0.034285315925517264
253,-0.08203253046972868
254,-0.029083847952227487
255,-0.05515615223278203
256,-0.06726380468010795
257,-0.02895219756301575
258,-0.08371926176089921
259,-0.0465985335001128
260,-0.047880167160074934
261,-0.03542126858710338
262,-0.029384313255237805
263,-0.06318350148829145
264,-0.054441963954991526
265,-0.06592062697203364
266,-0.04977031175000241
267,-0.05159286606470933
268,-0.057676366176250125
269,-0.056825739375429576
270,-0.04188652358547934
271,-0.03684211272093268
272,-0.03192185116295683
273,-0.05481920435600327
274,-0.0299918089336931
275,-0.061762159478870336
276,-0.057735000635179376
277,-0.03780654747755163
278,-0.032077324888683936
279,-0.040988052895179816
280,-0.03865032046205297
281,-0.03919900880888809
282,-0.08466171287656292
283,-0.06051826580250681
284,-0.03445727944031063
285,-0.08964115893398175
286,-0.13295622048154834
287,-0.03439829608639805
288,-0.04483875310016932
289,-0.023472127856263483
290,-0.040710070081861637
291,-0.040520096604258565
292,-0.055280805900155376
293,-0.054043691069640916
294,-0.039532396048446966
295,-0.020233150744812776
296,-0.03874291680921274
297,-0.04863029418453111
298,-0.0466631733850096
299,-0.0845665616086866
300,-0.0397259979321509
301,-0.05569025193387213
302,-0.03301591962768013
303,-0.05708928937196744
304,-0.03488203033854212
305,-0.05561194927013008
306,-0.04369202026742345
307,-0.027381606672223
308,-0.07283470492739512
309,-0.06371885867055965
310,-0.05122816482153216
311,-0.02323318497908845
312,-0.024201993301999732
313,-0.02939398398993565
314,-0.031411204884287884
315,-0.047300063234261135
316,-0.033090597031163266
317,-0.0747505356172128
318,-0.05670483789036864
319,-0.031157289713071724
320,-0.06897211801252226
321,-0.051191573639593584
322,-0.07284772951973377
323,-0.03930247196423047
324,-0.036034514712371415
325,-0.03747255927419362
326,-0.029616744400542714
327,-0.05582324264883665
328,-0.05487861124373521
329,-0.0409215836768896
330,-0.058499831592477784
331,-0.03761230437089458
332,-0.0393767528523437
333,-0.02181029166384413
334,-0.042331342983723465
335,-0.0354987918259767
336,-0.06310227671360992
337,-0.055705069700417664
338,-0.0454745751320182
339,-0.022971303057787957
340,-0.06605243726748952
341,-0.08854978386009774
342,-0.04755840151658833
343,-0.031023344933216145
344,-0.035076594513907065
345,-0.03484085256073824
346,-0.03439294080628877
347,-0.03635263238702067
348,-0.037503637121641
349,-0.026132482672684185
350,-0.03690272418615651
351,-0.07602281970223793
352,-0.0370188826197304
353,-0.03805233981031378
354,-0.037679697923353184
355,-0.06748138916196117
356,-0.043821560456148274
357,-0.06598294792579162
358,-0.056867328604236565
359,-0.028158236067090062
360,-0.032320689793641465
361,-0.09566982947862383
362,-0.0203958951788297
363,-0.0403063222694649
364,-0.04860179939747599
365,-0.058450426056502726
366,-0.05617265280731985
367,-0.04286376396319279
368,-0.024509104929671743
369,-0.049819358388463415
370,-0.050455502548009325
371,-0.03876418926684465
372,-0.03514585958238831
373,-0.07256223532599572
374,-0.05064782882553647
375,-0.04211912174639247
376,-0.04805185218854355
377,-0.05154899236268992
378,-0.04712943606231882
379,-0.03977210025604423
380,-0.0430786796861288
381,-0.031056270672919994
382,-0.03183113738346235
383,-0.03819015516024368
384,-0.04496396184664291
385,-0.053084033727400635
386,-0.09502181662106307
387,-0.048124130474794816
388,-0.04700001414987078
389,-0.06074850174406648
390,-0.05689165522207003
391,-0.0381752401988418
392,-0.03535394311007841
393,-0.048710711895896285
394,-0.12248335933371594
395,-0.030794603356440187
396,-0.10029017797158513
397,-0.059781627765274174
398,-0.028399189011797075
399,-0.060553108615099216
400,-0.023102426259684943
401,-0.01927525322882258
402,-0.022991720093582326
403,-0.03389421098792321
404,-0.09857702496263636
405,-0.030556068032473595
406,-0.041655689091640566
407,-0.05325552419961956
408,-0.032657674987580584
409,-0.07840230202874793
410,-0.05260078462265918
411,-0.03768489000166418
412,-0.0356753082749701
413,-0.0396546939895401
414,-0.03372283755615011
415,-0.03663800816792971
416,-0.07690509763813197
417,-0.09350396511240784
418,-0.03938567208621231
419,-0.047741262398075066
420,-0.0448238843612083
421,-0.030697587014335757
422,-0.058631772274356425
423,-0.0543830982903551
424,-0.035626180445345386
425,-0.055850126287510654
426,-0.046923605059983525
427,-0.06206612076554044
428,-0.037698181603748285
429,-0.046358849130437786
430,-0.041164529828947485
431,-0.05811361181613435
432,-0.06000929021662967
433,-0.03421900033119269
434,-0.025885584149155552
435,-0.08103861736713326
436,-0.06039567509837001
437,-0.032435954710626214
438,-0.0473799387263068
439,-0.03882243353562057
440,-0.039404422823332175
441,-0.042600128565543634
442,-0.039807080807855486
443,-0.07241242433474279
444,-0.038981936926296507
445,-0.037156154783682914
446,-0.04641649931186269
447,-0.02607467436692084
448,-0.05129406116073733
449,-0.034757255988918295
450,-0.04691997302503413
451,-0.02117846376622732
452,-0.0356534013173508
453,-0.03244155739373352
454,-0.03714637626219617
455,-0.045492115675073455
456,-0.023931492176913573
457,-0.04910955174937765
458,-0.04280315774416001
459,-0.07275991529286281
460,-0.02377992919906145
461,-0.04623260329246096
462,-0.05513494593304785
463,-0.02626518562885425
464,-0.052995878041625616
465,-0.0387534525095821
466,-0.062252169399973675
467,-0.04084180624692374
468,-0.033718863383457524
469,-0.059709867468668486
470,-0.041099642745595286
471,-0.10102820548909734
472,-0.04417184652808727
473,-0.03952364147974312
474,-0.02083220881205125
475,-0.026571707099708613
476,-0.024327795165246663
477,-0.0549238470685289
478,-0.026969228230879064
479,-0.04882579579601322
480,-0.05296696614437496
481,-0.06343883653767991
482,-0.06147906869928504
483,-0.03554137899633398
484,-0.05443358568379442
485,-0.05433949315786513
486,-0.029029348027048225
487,-0.02600233777577593
488,-0.037409460080856695
489,-0.02748803489494888
490,-0.041130643250409576
491,-0.0412533211576787
492,-0.03691448476956948
493,-0.016257646192712222
494,-0.040794436068507016
495,-0.05467182261436137
496,-0.04654370326117265
497,-0.04028926930347355
498,-0.03226354912337077
499,-0.05732306170301719
500,-0.03767326709122718
501,-0.03075603958811645
502,-0.05298250899516106
503,-0.04267696919104798
504,-0.02212493267154219
505,-0.05938291458943059
506,-0.040974044491131206
507,-0.03436717658619002
508,-0.032803025907045924
509,-0.029823937274498925
510,-0.051321838363584685
511,-0.04141304389681975
512,-0.04662015533922455
513,-0.021759138034687344
514,-0.03381612751550432
515,-0.0643702336372185
516,-0.04675685199063915
517,-0.05093857975656396
518,-0.027511320891081215
519,-0.032758250983180484
520,-0.04829326986410005
521,-0.031093519271119974
522,-0.04190462086115272
523,-0.06742042210099533
524,-0.031827227178935234
525,-0.04238591895112096
526,-0.05156449360357166
527,-0.06809697720629737
528,-0.04290763324732543
529,-0.012826621210551534
530,-0.049328055467528685
531,-0.02949673033990002
532,-0.10008301878503256
533,-0.041979932551483266
534,-0.060230387259618864
535,-0.06085223906968658
536,-0.02184510217965982
537,-0.04369279035689832
538,-0.031104509155407356
539,-0.06512670794388882
540,-0.03231605885666308
541,-0.07586068422090038
542,-0.04557280289062747
543,-0.017961780291449868
544,-0.036796609959745166
545,-0.02601719559401221
546,-0.03448270054670763
547,-0.05236972828808698
548,-0.034071738053955636
549,-0.05326155378426695
550,-0.07549672474115082
551,-0.02436036832786013
552,-0.03624343286787226
553,-0.11848317258151415
554,-0.05306687305937695
555,-0.11598245145402493
556,-0.05840289414669884
557,-0.021028126399020425
558,-0.039294697376517584
559,-0.018940066002634457
560,-0.0971396426332178
561,-0.05192581131894795
562,-0.07219565689646276
563,-0.07052592209388715
564,-0.03777267776560835
565,-0.03614026500522878
566,-0.032313805195658706
567,-0.07743550045379731
568,-0.09017666396243636
569,-0.07696000005355105
570,-0.04905079398223482
571,-0.06355054258639531
572,-0.0565291941797843
573,-0.05009302293848719
574,-0.05077157266790555
575,-0.06630550100703682
576,-0.04883682403571344
577,-0.04082331862162791
578,-0.05342748234077031
579,-0.05944299342558989
580,-0.04630798468721299
581,-0.04204511345409469
582,-0.07084857123893737
583,-0.03616990357152024
584,-0.056068693919949134
585,-0.054306479077961566
586,-0.038041147477657945
587,-0.035452812880661766
588,-0.06960231497301028
589,-0.06864305257816206
590,-0.05422523276317941
591,-0.05341996124557647
592,-0.03755809727720162
593,-0.02854779787250285
594,-0.03304690882659705
595,-0.02523532285885536
596,-0.05071171231350583
597,-0.038663687447616765
598,-0.0468192337452102
599,-0.08303289529468091
600,-0.035611528233891784
601,-0.06762668668949576
602,-0.052901133766090666
603,-0.0637248758334394
604,-0.08708359491927296
605,-0.015976310506479432
606,-0.08587863799992214
607,-0.0453584758448326
608,-0.04399466362697352
609,-0.033949796838685965
610,-0.05460752077404512
611,-0.04621893968988621
612,-0.02999723758807175
613,-0.04545265490270662
614,-0.0622852724519701
615,-0.04093359312042759
616,-0.054252081074293836
617,-0.03387488778793015
618,-0.05684084898771523
619,-0.02974948260369118
620,-0.05227603566000485
621,-0.07179531844424518
622,-0.0470430797077756
623,-0.03884483872403857
624,-0.06734886005667362
625,-0.068456653885577
626,-0.045057689928000695
627,-0.06708814528717959
628,-0.04199995815782175
629,-0.08019176448924366
630,-0.04876322436188973
631,-0.03464986869572345
632,-0.04168595077976055
633,-0.06779813145238736
634,-0.0651280074710247
635,-0.020933049700019826
636,-0.06486119926971423
637,-0.034753053793923266
638,-0.04668564741466897
639,-0.03026909942094913
640,-0.05713285228094268
641,-0.017465889759994996
642,-0.05483743081360573
643,-0.050301445167781726
644,-0.05167081330046025
645,-0.026088772537618828
646,-0.0381170339328196
647,-0.028219626787387632
648,-0.04920274111091881
649,-0.04596687202648804
650,-0.05235173843421753
651,-0.03563361526303885
652,-0.075085436677288
653,-0.04798777696458047
654,-0.037172273461887236
655,-0.02986323153847365
656,-0.039147350702079406
657,-0.05219423063580096
658,-0.07776284037138084
659,-0.0527973310074125
660,-0.03630748915986522
661,-0.04026345260357485
662,-0.03563710229970877
663,-0.03574393772499944
664,-0.03349823289061544
665,-0.03751465567655245
666,-0.01793800377050756
667,-0.043744640658431165
668,-0.015615457157884637
669,-0.057637545996976215
670,-0.03349208218614915
671,-0.029716332623033317
672,-0.058268158592893964
673,-0.07009581910830129
674,-0.057632313429532525
675,-0.06708428357997552
676,-0.0450310286990659
677,-0.03691758471190069
678,-0.04490323128970742
679,-0.03623894556532358
680,-0.045548776894471114
681,-0.06031169216511367
682,-0.029923987624510925
683,-0.029518823679130193
684,-0.03449580185616792
685,-0.04633391312655978
686,-0.040750240920378634
687,-0.041286328718761006
688,-0.054674873890267414
689,-0.023642258380947818
690,-0.06822825327802251
691,-0.03187650471689564
692,-0.029658889130024933
693,-0.11935283043760996
694,-0.04985116455709775
695,-0.01584895880290426
696,-0.07651362198038987
697,-0.054289826789304656
698,-0.04969599125360817
699,-0.047691405621838434
700,-0.034027028810566184
701,-0.02354462642620817
702,-0.10027797762723556
703,-0.04560929342377193
704,-0.04844822576370743
705,-0.02466372799915824
706,-0.033396227674720724
707,-0.058413356956180586
708,-0.040735352250658816
709,-0.05350640647017665
710,-0.0156813098407019
711,-0.028877314122059305
712,-0.05247091469119393
713,-0.05976648239541719
714,-0.02812499674587989
715,-0.02488346416394909
716,-0.09451809598206216
717,-0.045547419154141684
718,-0.035073069423882705
719,-0.023528458154378627
720,-0.05699180344960775
721,-0.04391200516414025
722,-0.04438199177581016
723,-0.04730509487663799
724,-0.07605501973966783
725,-0.037447575716838266
726,-0.046043774567401496
727,-0.05557316532733488
728,-0.03560677372298171
729,-0.033275776174080014
730,-0.039536170452403326
731,-0.092230137906485
732,-0.02795162736149491
733,-0.03195259772088259
734,-0.031115011283830707
735,-0.033619018999300206
736,-0.029945077930582226
737,-0.048497277968627024
738,-0.059094016751715876
739,-0.061268060421813486
740,-0.01594237526651017
741,-0.04846412663399816
742,-0.048114575355228915
743,-0.034433516530192554
744,-0.06076330949816039
745,-0.018902640089319644
746,-0.04198132358552218
747,-0.03793715174680727
748,-0.05793650510969003
749,-0.02201164552455267
750,-0.06706551998176473
751,-0.04607019911593371
752,-0.024966269297172442
753,-0.0357196511597194
754,-0.04625619875536476
755,-0.053170938264308014
756,-0.047661710077332435
757,-0.04261185122041105
758,-0.024091789119346
759,-0.03924146508811595
760,-0.04580806513066935
761,-0.0359443783456902
762,-0.02446372527428521
763,-0.04035790709521917
764,-0.058144781943453926
765,-0.06998308949502978
766,-0.050659822739822016
767,-0.038376424119445175
768,-0.05722966943287939
769,-0.09047293323266133
770,-0.024929314506009083
771,-0.03068318014798747
772,-0.03749395532208428
773,-0.047751525480980786
774,-0.05812897742528823
775,-0.04079648804565296
776,-0.05116274657607155
777,-0.06680405583700975
778,-0.035270032041255964
779,-0.03193251228622968
780,-0.029942832220434475
781,-0.049596846273203286
782,-0.06020457874530381
783,-0.015352606255540246
784,-0.04206753848400282
785,-0.047957941112903725
786,-0.04064888606548397
787,-0.024350342034854974
788,-0.04032453086016482
789,-0.054394715955705684
790,-0.0597010357328971
791,-0.0416431873743412
792,-0.04547758055221392
793,-0.03579853147742184
794,-0.025749947194196682
795,-0.03924725811045551
796,-0.03609990047450588
797,-0.029246524450361418
798,-0.029639372404341655
799,-0.08014313182653927
800,-0.06255921766792137
801,-0.045968012025012064
802,-0.07510797994866464
803,-0.05883490089797463
804,-0.04816318806161054
805,-0.048173173320807935
806,-0.03317715158276475
807,-0.024215930610407308
808,-0.0857921583670945
809,-0.0959622577517864
810,-0.0446841807075983
811,-0.05183779617598752
812,-0.04612380744572683
813,-0.06966992042875543
814,-0.05599701588484702
815,-0.03850988492767078
816,-0.057329190353886526
817,-0.06219057468676616
818,-0.06591725265511615
819,-0.057734036763398826
820,-0.026181375976314928
821,-0.039716165584960335
822,-0.04315309518529816
823,-0.05277604493826931
824,-0.09990050279892454
825,-0.030999408310674582
826,-0.04700416509940935
827,-0.05545224134080017
828,-0.012597652788586685
829,-0.07918348380486101
830,-0.03700372071771575
831,-0.05069848119149825
832,-0.015033151134083225
833,-0.021711997179857462
834,-0.01716452011866204
835,-0.05053787007173275
836,-0.03017018842540093
837,-0.02960272416517563
838,-0.05067894732812374
839,-0.021041256536462168
840,-0.0400101426512347
841,-0.05180730852866426
842,-0.03969696479922909
843,-0.034620588169541056
844,-0.02610574259354121
845,-0.04565008563176543
846,-0.029178171307204306
847,-0.06890441622823408
848,-0.03618128173490917
849,-0.06073932186065348
850,-0.058711177391773686
851,-0.01678072211137827
852,-0.033296924778445466
853,-0.10199170261440876
854,-0.052673043729976006
855,-0.01974581892382912
856,-0.0408645906924665
857,-0.030377306682047005
858,-0.05151179660954314
859,-0.06667181611397943
860,-0.040767576634735986
861,-0.05774551923407335
862,-0.06162249450834556
863,-0.024207687407506787
864,-0.03024119590281088
865,-0.056833786242830614
866,-0.032764039563486766
867,-0.038249012351984295
868,-0.06338835730648046
869,-0.03919516407594612
870,-0.01251201182800972
871,-0.060843986288969414
872,-0.04995446609275123
873,-0.07653149295164921
874,-0.05963928858871308
875,-0.05044166178364483
876,-0.04010302677758905
877,-0.02569511831416467
878,-0.045280468547555436
879,-0.029077694677439432
880,-0.046234137650372084
881,-0.024106126680585118
882,-0.06986314353928255
883,-0.046124209559942515
884,-0.03426948261907085
885,-0.022987383261367702
886,-0.03787007752231393
887,-0.07325853464432046
888,-0.03901319582381908
889,-0.02242255639619252
890,-0.037887184061848315
891,-0.043838041230116816
892,-0.024463895925323567
893,-0.02467888418316366
894,-0.033789200227811546
895,-0.06814769087347848
896,-0.056514980354769685
897,-0.07712262852808797
898,-0.01816665368252901
899,-0.02973926510690265
900,-0.03649494039241035
901,-0.08066555457212203
902,-0.060827108299177673
903,-0.05215256689125298
904,-0.04457038004816636
905,-0.1108680463656768
906,-0.023332573723795092
907,-0.04757245502745402
908,-0.025353032842796715
909,-0.04513143740362265
910,-0.08876082762892774
911,-0.031512205599011106
912,-0.02325285481630326
913,-0.0359574480602494
914,-0.06209013795845127
915,-0.07626894744741228
916,-0.058489936613630215
917,-0.05306940362881357
918,-0.0783245437395343
919,-0.0410732514395054
920,-0.04065331609468791
921,-0.030979734123690726
922,-0.08072189985077191
923,-0.02243946306404971
924,-0.03429574881594348
925,-0.06636268008875745
926,-0.02241448001694277
927,-0.0530980415649196
928,-0.043063323954469684
929,-0.05623038300266656
930,-0.07629226956062359
931,-0.03338326726472144
932,-0.07141023731602572
933,-0.056675058998299964
934,-0.05075710949539354
935,-0.07081153378162919
936,-0.0569425175696284
937,-0.03198757598459564
938,-0.07512114467681469
939,-0.04333929373070401
940,-0.03981730132430098
941,-0.03625343573991165
942,-0.03864088584898715
943,-0.05294757243811506
944,-0.044589213138083256
945,-0.04834228398480347
946,-0.022966387730475355
947,-0.050405633552719535
948,-0.03416432973460225
949,-0.02574698785430872
950,-0.028825915755000157
951,-0.030923429975943318
952,-0.033665405118207904
953,-0.06343813491485974
954,-0.04096893028094522
955,-0.035532976984925815
956,-0.05052883558959681
957,-0.033759782104242304
958,-0.04266068421124207
959,-0.04953029649293858
960,-0.05310305044147386
961,-0.025278172553934327
962,-0.10271048262475498
963,-0.05699229987730491
964,-0.06873114010019549
965,-0.031464504384798475
966,-0.052434184539763035
967,-0.024357262180267316
968,-0.04089048584436675
969,-0.026187626858051614
970,-0.051945795038827035
971,-0.03853532533381531
972,-0.04862685514995679
973,-0.027768328157829827
974,-0.023300981888850027
975,-0.04771266125498882
976,-0.03561798916079853
977,-0.021495140215792
978,-0.047902277211076164
979,-0.027153623313796886
980,-0.03673921555128716
981,-0.03638637828890447
982,-0.032416703985102845
983,-0.03496408283749555
984,-0.03046288117196966
985,-0.12172135402795947
986,-0.08988471449064056
987,-0.042472410574580836
988,-0.03422491448291885
989,-0.03281853136835011
990,-0.07309822897759279
991,-0.03795645260994717
992,-0.04592544611756092
993,-0.09863179266169032
994,-0.036457614964578125
995,-0.04600467071868447
996,-0.10684797542769517
997,-0.05825302764534353
998,-0.05870864653747827
999,-0.021101428716842657
1000,-0.05139470205083857
1001,-0.04940122880854588
1002,-0.03806398333659057
1003,-0.02612785141027865
1004,-0.013256828473272244
1005,-0.040262406053381314
1006,-0.037400768363624895
1007,-0.08228337540721639
1008,-0.043477850425874265
1009,-0.025490929264791413
1010,-0.05104824734150695
1011,-0.045765850018955424
1012,-0.02058650273259848
1013,-0.053305341076759764
1014,-0.05528026037462022
1015,-0.04101516615389584
1016,-0.028940533427976117
1017,-0.01881538909481504
1018,-0.051574677918207655
1019,-0.055814559866010686
1020,-0.06631889149478543
1021,-0.040902273668110965
1022,-0.06318756845739386
1023,-0.04695087783144712
1024,-0.039593038024431926
1025,-0.04015097430599053
1026,-0.051168291096216234
1027,-0.04469293480507983
1028,-0.04887580004688414
1029,-0.052880059633900765
1030,-0.06620383935203418
1031,-0.06723396096127693
1032,-0.04880706947853716
1033,-0.04356654736978726
1034,-0.032912743756961994
1035,-0.04372096747236414
1036,-0.04621519179995244
1037,-0.03100941541118338
1038,-0.054376210097635005
1039,-0.034837875558912726
1040,-0.07704394747301625
1041,-0.03788163096403986
1042,-0.040956418901602905
1043,-0.04501861269010248
1044,-0.04526139875209431
1045,-0.03471624892378152
1046,-0.03911958748184852
1047,-0.028850651588830982
1048,-0.04056197562977817
1049,-0.043676082846246016
1050,-0.055507846007457236
1051,-0.03420472837253718
1052,-0.029379055942698257
1053,-0.07439624504798215
1054,-0.03059957680466696
1055,-0.06060633598904128
1056,-0.04329740289836422
1057,-0.056125542944035565
1058,-0.029807010145221014
1059,-0.03940980895044459
1060,-0.051291404688313696
1061,-0.05363305885576869
1062,-0.028849990190081123
1063,-0.054425396210026664
1064,-0.04310240661495767
1065,-0.016538316330055994
1066,-0.0702162641212044
1067,-0.04900584862065219
1068,-0.059981640602207835
1069,-0.03813069108452522
1070,-0.051967995534704686
1071,-0.02526150560512919
1072,-0.07312234713279267
1073,-0.04097699386600686
1074,-0.05417430754285959
1075,-0.06621230042320575
1076,-0.07025254329744028
1077,-0.040211950678086264
1078,-0.05494627342842557
1079,-0.03699399047666002
1080,-0.041222560121766776
1081,-0.06274658187682287
1082,-0.03207889844877348
1083,-0.0401338094393529
1084,-0.03927383908430376
1085,-0.039916421796712696
1086,-0.1306299822460208
1087,-0.02219734186465677
1088,-0.05070927895615955
1089,-0.02632440126416341
1090,-0.07760020768483482
1091,-0.06586212285848105
1092,-0.082164908207653
1093,-0.04107033969482273
1094,-0.07839179751744453
1095,-0.05329399544451226
1096,-0.026542644642435248
1097,-0.04320940032283178
1098,-0.03434470877194085
1099,-0.013226528515176115
1100,-0.036339015334767764
1101,-0.04229259766991544
1102,-0.038487016126649516
1103,-0.06058062158490981
1104,-0.01402343397135597
1105,-0.0505486743270371
1106,-0.03035455811614653
1107,-0.04115444870731172
1108,-0.039956432009709886
1109,-0.024166816907039482
1110,-0.06660882668215352
1111,-0.02441459434587757
1112,-0.039324954390891925
1113,-0.02673881721056311
1114,-0.05694508843764565
1115,-0.06577999368820746
1116,-0.032598360855225834
1117,-0.03633159538205424
1118,-0.04134677846694663
1119,-0.058625702464634236
1120,-0.0507510470202293
1121,-0.03837129169977317
1122,-0.03621563531194606
1123,-0.06251105282288187
1124,-0.06382316879591851
1125,-0.03662881760998446
1126,-0.048226559636161286
1127,-0.032580705614704275
1128,-0.05094742252609264
1129,-0.022696905515475038
1130,-0.045332849362048684
1131,-0.05184997551481297
1132,-0.03222678696310043
1133,-0.026704110758444147
1134,-0.03014624756686968
1135,-0.041169954471869656
1136,-0.016985369720940356
1137,-0.0554576426870894
1138,-0.040249406782557666
1139,-0.052283648279880766
1140,-0.055057152044655416
1141,-0.03206955335195727
1142,-0.061086803902850526
1143,-0.038244112321224606
1144,-0.03738059184167044
1145,-0.05667721226009954
1146,-0.04216065391000698
1147,-0.04956477049114378
1148,-0.03338594796939071
1149,-0.043397770579679605
1150,-0.041316203715712166
1151,-0.1091372628709043
1152,-0.04218108528489136
1153,-0.0402670086411718
1154,-0.03301467477786338
1155,-0.07161338983493049
1156,-0.05815760816764741
1157,-0.042619111878675835
1158,-0.026950843889305902
1159,-0.03956690933801586
1160,-0.06379266116622914
1161,-0.02645419781514847
1162,-0.052938300864799635
1163,-0.02381806069624521
1164,-0.0364057275063192
1165,-0.06358336034272963
1166,-0.03003160491969555
1167,-0.040023904491922696
1168,-0.05775847114130578
1169,-0.03707752565107656
1170,-0.04020072700648903
1171,-0.016523369131289142
1172,-0.05023891378846813
1173,-0.05565793951863405
1174,-0.03112570577927556
1175,-0.05006461566987097
1176,-0.04297142539495208
1177,-0.050676260726069386
1178,-0.027926417459518127
1179,-0.04488575590981452
1180,-0.0460534291292441
1181,-0.05937531457447955
1182,-0.05008773446423583
1183,-0.041282428388155386
1184,-0.04787993481841223
1185,-0.04073806355926903
1186,-0.0335781569676414
1187,-0.029122514509530455
1188,-0.02276668021559568
1189,-0.0351792025756193
1190,-0.039728340346224716
1191,-0.03629501017437777
1192,-0.016093429131248574
1193,-0.05871969982070375
1194,-0.05788186809560979
1195,-0.040428733525637736
1196,-0.05781627563456152
1197,-0.02857151971757191
1198,-0.06739663004929121
1199,-0.0655364518685866
1200,-0.052247496103033086
1201,-0.031032786687730282
1202,-0.09460360456846206
1203,-0.025384318127815848
1204,-0.05687130205249074
1205,-0.032299749165039
1206,-0.0405229053900589
1207,-0.055559755582885485
1208,-0.02923300739615688
1209,-0.053877735194595086
1210,-0.039135399702257545
1211,-0.06991826530903257
1212,-0.05333892562025934
1213,-0.041739623202893636
1214,-0.0565799260442709
1215,-0.04705146318117535
1216,-0.02871714652182965
1217,-0.05457353335846291
1218,-0.07492024691572746
1219,-0.035535532743734444
1220,-0.022748489714602447
1221,-0.05137613151537265
1222,-0.04194906013495013
1223,-0.021389055172862118
1224,-0.050368380203927976
1225,-0.07322611393408059
1226,-0.048214320356677734
1227,-0.03487849586056427
1228,-0.04816763114707321
1229,-0.03391003595383272
1230,-0.03182969492548975
1231,-0.013922258363919457
1232,-0.02571630444177315
1233,-0.036428234998247884
1234,-0.03970469380301162
1235,-0.06307143996472876
1236,-0.056406067915529635
1237,-0.06655558489225209
1238,-0.034009786075796425
1239,-0.043167629152856726
1240,-0.04221021058350696
1241,-0.04038128173067547
1242,-0.02181410218856948
1243,-0.06015208943139621
1244,-0.1015950015901229
1245,-0.04934435863563714
1246,-0.04992878404033206
1247,-0.0406666359697882
1248,-0.05772902249808867
1249,-0.042946309316407486
1250,-0.04596835978168903
1251,-0.02959590282656621
1252,-0.04153246249512646
1253,-0.06737626126435929
1254,-0.021812910726289155
1255,-0.03339840051466124
1256,-0.04525029236483715
1257,-0.05711076618115374
1258,-0.06592753425362922
1259,-0.10827069634620426
1260,-0.03847570449794988
1261,-0.05346807752939362
1262,-0.06111959816030841
1263,-0.03188037040614189
1264,-0.01272333341656664
1265,-0.03740313438664742
1266,-0.045806003250215055
1267,-0.05096758062967969
1268,-0.0889169892191332
1269,-0.0619185748991165
1270,-0.03994169367581291
1271,-0.05035157060333333
1272,-0.057679653651269765
1273,-0.05617205351699816
1274,-0.042954838493024484
1275,-0.03960014499684871
1276,-0.08389206605478274
1277,-0.03182322456508399
1278,-0.0459643592226608
1279,-0.05229329048870306
1280,-0.03967031902324542
1281,-0.029025585812373206
1282,-0.026507545667000944
1283,-0.02491978310157479
1284,-0.05712104887193145
1285,-0.026780696968094684
1286,-0.054739042766379205
1287,-0.02078726585195757
1288,-0.03088917391172557
1289,-0.0462625926617918
1290,-0.044189631330501
1291,-0.03322905789791185
1292,-0.0825905142754461
1293,-0.0590166706865217
1294,-0.05643854780180301
1295,-0.06529488398605895
1296,-0.047993928834341074
1297,-0.04124017872781223
1298,-0.04704371981282692
1299,-0.041245344258138215
1300,-0.04040043107712762
1301,-0.02034575567873616
1302,-0.0376650704728328
1303,-0.03951631647665154
1304,-0.03533412487301205
1305,-0.022336629024640998
1306,-0.028920473639105024
1307,-0.042216702249314585
1308,-0.03429450480903395
1309,-0.051585512463340234
1310,-0.03197583647183072
1311,-0.028421177432374694
1312,-0.0394325337649016
1313,-0.04294180273715048
1314,-0.05086841954631999
1315,-0.06453961855690231
1316,-0.09230253063091584
1317,-0.037022554602459234
1318,-0.06064466067515106
1319,-0.0393236257294015
1320,-0.061306410789857636
1321,-0.06704629186949172
1322,-0.03253811018088553
1323,-0.04919881750948686
1324,-0.03879512968654348
1325,-0.07151337953797211
1326,-0.03267226613654976
1327,-0.0751725207904989
1328,-0.03991782503360024
1329,-0.05343897510131875
1330,-0.04295989862977402
1331,-0.02696217708853274
1332,-0.040524049295170825
1333,-0.04729586871941969
1334,-0.03922105116189853
1335,-0.04550207972769247
1336,-0.0651745504880111
1337,-0.021076215392750425
1338,-0.04119529593637894
1339,-0.018133831141049
1340,-0.020489793707752668
1341,-0.04464640426542826
1342,-0.04693686776590175
1343,-0.025785570362151955
1344,-0.06793732702377303
1345,-0.0709894179238698
1346,-0.05629162316905822
1347,-0.07726191644245467
1348,-0.058353437641946275
1349,-0.06591151497709284
1350,-0.07652258451460292
1351,-0.05222139276791682
1352,-0.0725693319460431
1353,-0.0524383787010159
1354,-0.05888648893641185
1355,-0.03370817987866684
1356,-0.03567717016645422
1357,-0.05514854188143541
1358,-0.06643263877295938
1359,-0.025307095001048892
1360,-0.051440264808340776
1361,-0.02608076887162446
1362,-0.048868989312888994
1363,-0.04200693651760504
1364,-0.07417229402527042
1365,-0.04759161129897321
1366,-0.05203085669089763
1367,-0.07049089038312142
1368,-0.0348028568440027
1369,-0.052019543934936366
1370,-0.03319390946377453
1371,-0.04205717342769809
1372,-0.034029014779238045
1373,-0.02491719135638884
1374,-0.04738650043556715
1375,-0.03319027865113308
1376,-0.02277469784180591
1377,-0.056591004785821734
1378,-0.061896998688098566
1379,-0.03766563204937663
1380,-0.043838165936750016
1381,-0.04102452600763348
1382,-0.04114161878941351
1383,-0.05539928623654628
1384,-0.041634779347335366
1385,-0.03593860073975152
1386,-0.1318308742112861
1387,-0.02185710174592367
1388,-0.06234409313249025
1389,-0.030875633145077137
1390,-0.0447282351212639
1391,-0.04440932128216358
1392,-0.032591824558050896
1393,-0.03223402612224295
1394,-0.0497707879964753
1395,-0.02066007719355533
1396,-0.04611012119798751
1397,-0.03230552542675445
1398,-0.04543330757576813
1399,-0.03440343288492999
1400,-0.05997038468481336
1401,-0.0399571886544819
1402,-0.029905324123865026
1403,-0.028644696384155607
1404,-0.03039069042012697
1405,-0.022982192694237395
1406,-0.052404707312516466
1407,-0.028550707254343614
1408,-0.03670243107171516
1409,-0.040702213411437614
1410,-0.039434126890720164
1411,-0.04039173330210402
1412,-0.03155792301317173
1413,-0.10464346437939907
1414,-0.048782291037524864
1415,-0.0374286720807934
1416,-0.03952089548511215
1417,-0.05181599482236159
1418,-0.031763431916386364
1419,-0.032525051701789764
1420,-0.03160518442408139
1421,-0.04365777181867946
1422,-0.023864982680913062
1423,-0.030816618143237256
1424,-0.018606085146776637
1425,-0.04765651920598642
1426,-0.049714410132708935
1427,-0.031037001052202032
1428,-0.04969530450941704
1429,-0.051784058587037884
1430,-0.04822036975868544
1431,-0.050572712405716654
1432,-0.02812373396227448
1433,-0.03058694210616952
1434,-0.04035417050709945
1435,-0.021383211058870682
1436,-0.028975251493018182
1437,-0.04007751201134832
1438,-0.0591956650765885
1439,-0.05116627714224626
1440,-0.03247747361408915
1441,-0.02786288181612532
1442,-0.0662592153996107
1443,-0.025399353586979968
1444,-0.08831092207574127
1445,-0.07191529821270627
1446,-0.049238346535419066
1447,-0.029286345872381582
1448,-0.04898955056321695
1449,-0.06203055180085343
1450,-0.0258084044254023
1451,-0.03741144570376512
1452,-0.036475273683062116
1453,-0.04298927196874438
1454,-0.06380674987503078
1455,-0.04881013024242108
1456,-0.05395173820892546
1457,-0.02929706973089148
1458,-0.05711951306790646
1459,-0.032043708493700945
1460,-0.03077788697070345
1461,-0.04871196250574734
1462,-0.043982063952146315
1463,-0.038294785067990014
1464,-0.03995540644057432
1465,-0.0407690752602351
1466,-0.02376419768261397
1467,-0.07951192958490777
1468,-0.03041927220430582
1469,-0.0524678374157822
1470,-0.028364223145557626
1471,-0.0539236401756077
1472,-0.049005439405438514
1473,-0.05673325905254359
1474,-0.029103749741757463
1475,-0.04838277757964364
1476,-0.02465072670551973
1477,-0.034656179419788706
1478,-0.07969825867003126
1479,-0.03013879760933005
1480,-0.016856551360603208
1481,-0.04984083511880734
1482,-0.0989647191736198
1483,-0.031562452614900934
1484,-0.04803113400442752
1485,-0.05045300627910754
1486,-0.031059796689755413
1487,-0.05518186788985326
1488,-0.03836813190396633
1489,-0.039759700544139125
1490,-0.07178165418600058
1491,-0.055876933925397616
1492,-0.02910403387759302
1493,-0.055907419540961206
1494,-0.047668402577932915
1495,-0.04479256337783536
1496,-0.029139795233865274
1497,-0.03162114509273384
1498,-0.0424675139873373
1499,-0.023335540318268486
1500,-0.05581988793097558
1501,-0.03306634411547713
1502,-0.0767488187624303
1503,-0.03252414963182132
1504,-0.06522477226849129
1505,-0.08089093646515734
1506,-0.037009965012981975
1507,-0.03691815769133746
1508,-0.02769924628053384
1509,-0.05054775185530869
1510,-0.03707920002811787
1511,-0.056273976470186386
1512,-0.025652660413449047
1513,-0.03510408421034043
1514,-0.03961167474559727
1515,-0.042012453101260464
1516,-0.03219124692895059
1517,-0.05574303983153396
1518,-0.028806157283852638
1519,-0.08099473999226005
1520,-0.08422952459791573
1521,-0.053618739566043225
1522,-0.02870771712888805
1523,-0.02885055231251065
1524,-0.047261762492067816
1525,-0.03496674694405805
1526,-0.06791351926492263
1527,-0.04281597129760504
1528,-0.027984363774676342
1529,-0.02231640774377588
1530,-0.032595363253180576
1531,-0.05084509219506739
1532,-0.024051464422914996
1533,-0.04189272522013809
1534,-0.04668107361803429
1535,-0.040138638806013205
1536,-0.0453911193709012
1537,-0.0469501206219237
1538,-0.05461420362701228
1539,-0.06806255382309939
1540,-0.04949756445965077
1541,-0.043376595381246864
1542,-0.05566734378594276
1543,-0.020400595004119008
1544,-0.07031517243543514
1545,-0.06501005746635374
1546,-0.027886940690321854
1547,-0.053531619285142065
1548,-0.03149166353279634
1549,-0.04016300018677959
1550,-0.07559738486852287
1551,-0.025961083696864014
1552,-0.07829964843579684
1553,-0.04677463909062632
1554,-0.04219329318880422
1555,-0.07389513960464326
1556,-0.031696200332021786
1557,-0.05006537381927883
1558,-0.03393031791560596
1559,-0.05302459609703692
1560,-0.05428096784819579
1561,-0.053287584175282995
1562,-0.041302268553568174
1563,-0.03555347540570174
1564,-0.023154022061376442
1565,-0.06815720098694901
1566,-0.055287472249683466
1567,-0.04929403073299722
1568,-0.058682526733500676
1569,-0.044884832296018716
1570,-0.033216529293178025
1571,-0.02251598174237066
1572,-0.06749537914428562
1573,-0.04825967544220213
1574,-0.034040419239774765
1575,-0.057161408058763415
1576,-0.01998009131828526
1577,-0.06529938271813883
1578,-0.06547112593149138
1579,-0.034315742187662805
1580,-0.09426372471307297
1581,-0.04211764515260635
1582,-0.03012439240961695
1583,-0.027130607633236232
1584,-0.032312296697790684
1585,-0.040920035964384746
1586,-0.02726945728028224
1587,-0.03371872687866734
1588,-0.04160216245165338
1589,-0.07234935685368585
1590,-0.019755372071506752
1591,-0.02500894788253928
1592,-0.038368788651699084
1593,-0.05334320183691769
1594,-0.055482324392033086
1595,-0.04038042169400812
1596,-0.06906751336001668
1597,-0.05764732822998055
1598,-0.05575674060665126
1599,-0.040368201348163685
1600,-0.08690880737998408
1601,-0.03794938993111428
1602,-0.03407507557972775
1603,-0.04312281923907367
1604,-0.036570396024098194
1605,-0.060968351069225414
1606,-0.055538305473420514
1607,-0.06397797801770165
1608,-0.034816247970728034
1609,-0.05617408075178094
1610,-0.061565448357896825
1611,-0.017042300699391322
1612,-0.0379409188763552
1613,-0.06721579337641556
1614,-0.037409524780414184
1615,-0.042087396324478166
1616,-0.051914595714583435
1617,-0.02347927166533502
1618,-0.04415429414191365
1619,-0.0667743099158584
1620,-0.04310588075713312
1621,-0.026780271705994632
1622,-0.02381892940354824
1623,-0.027482008125783844
1624,-0.04011680551087481
1625,-0.03056728950134472
1626,-0.04568635300943382
1627,-0.04958042003267006
1628,-0.02893967012733281
1629,-0.0246134286076763
1630,-0.02291873671740776
1631,-0.024556713460052487
1632,-0.05268797779973065
1633,-0.07377797364216353
1634,-0.0215784787165454
1635,-0.04548054207013672
1636,-0.027855507012785774
1637,-0.03999715598969921
1638,-0.039508786321619284
1639,-0.0282417993626323
1640,-0.04698471261339615
1641,-0.02714904113091444
1642,-0.04621336259098231
1643,-0.031003962035296824
1644,-0.04813043613585703
1645,-0.06951237125902822
1646,-0.07414873659764304
1647,-0.062212790097850273
1648,-0.06979741091395818
1649,-0.042699867848967565
1650,-0.03937675283056205
1651,-0.03258813477204628
1652,-0.028754581490617093
1653,-0.10174514045990277
1654,-0.060201268401853934
1655,-0.0341180347782351
1656,-0.008347494585839749
1657,-0.0679046985989889
1658,-0.043061220716830606
1659,-0.04095610273003216
1660,-0.0288959983385748
1661,-0.045982765609939975
1662,-0.02054270349564186
1663,-0.04820355708449777
1664,-0.04116251488478412
1665,-0.05745419795461909
1666,-0.04384979242876769
1667,-0.03147638736456431
1668,-0.06088493113578415
1669,-0.04786494597626808
1670,-0.03364690674003603
1671,-0.029196131114454918
1672,-0.0448000042903856
1673,-0.07084267093324978
1674,-0.03256566166019903
1675,-0.02724421061933871
1676,-0.039767425243123655
1677,-0.04205949551224961
1678,-0.07873571862220274
1679,-0.0470496326231796
1680,-0.07216538534423615
1681,-0.021876855047082876
1682,-0.07181876212980418
1683,-0.035379441789229686
1684,-0.052292693479620435
1685,-0.026207194587764212
1686,-0.053904455761311074
1687,-0.048360851048599336
1688,-0.04046264298109481
1689,-0.023656105257844496
1690,-0.015568626571693037
1691,-0.060015797532233676
1692,-0.0337320927703627
1693,-0.02608268075591307
1694,-0.0514876222719158
1695,-0.03546297559522348
1696,-0.05597631008554678
1697,-0.0399196753926214
1698,-0.02167261936158832
1699,-0.04640264773068693
1700,-0.07951028450680261
1701,-0.022475158446098136
1702,-0.04426810212075216
1703,-0.03669119616721
1704,-0.06273691319243295
1705,-0.03718706445345333
1706,-0.032275414191342805
1707,-0.06805197073190644
1708,-0.06425631055777185
1709,-0.04306463572658144
1710,-0.06287799554610704
1711,-0.04864190632030331
1712,-0.044774747686460704
1713,-0.053481517676072
1714,-0.037037080961449545
1715,-0.058956127661067385
1716,-0.05555396565951845
1717,-0.04655652274802675
1718,-0.03786310140316865
1719,-0.0507146845690892
1720,-0.047968012096050006
1721,-0.07451271397264214
1722,-0.06903369867794072
1723,-0.07797615292497655
1724,-0.026399040583425612
1725,-0.05568276146260103
1726,-0.041924984739552855
1727,-0.0337403667837794
1728,-0.0506092814712737
1729,-0.04529981696008653
1730,-0.08236429725720659
1731,-0.038778388790834686
1732,-0.026676436886451018
1733,-0.05007698098210508
1734,-0.03289496236818835
1735,-0.03255066635635395
1736,-0.03452707528141048
1737,-0.043905012413559735
1738,-0.029592860670848174
1739,-0.026275624177498
1740,-0.03979256732183367
1741,-0.0406517830370671
1742,-0.05693688430326739
1743,-0.07518750818235523
1744,-0.0663836003047074
1745,-0.09042911780478333
1746,-0.025541697728685944
1747,-0.04734844952912519
1748,-0.03857227690226737
1749,-0.04214143791929223
1750,-0.05104726344582101
1751,-0.0861016285855822
1752,-0.044432157567682776
1753,-0.037765551937211816
1754,-0.04096724540783602
1755,-0.03225845493593884
1756,-0.04249301298903208
1757,-0.02946091371200395
1758,-0.031532724287806235
1759,-0.035076315423126586
1760,-0.0374890830929
1761,-0.05234372678687865
1762,-0.048511840054603315
1763,-0.021155430876562204
1764,-0.048777833043543474
1765,-0.036168426807950564
1766,-0.047870070697383214
1767,-0.039292030573577004
1768,-0.07746311702975013
1769,-0.036342930829073264
1770,-0.01438151216968691
1771,-0.03680980381098183
1772,-0.05352321154728033
1773,-0.022375265216379604
1774,-0.03229828847549955
1775,-0.06555956339829258
1776,-0.0488757212940864
1777,-0.049325309747736364
1778,-0.03692700330118981
1779,-0.04112716842437845
1780,-0.052972350293786635
1781,-0.06382552224557086
1782,-0.06374087973859288
1783,-0.04234992568646219
1784,-0.044280293048937006
1785,-0.01857047220802097
1786,-0.05012560957129975
1787,-0.14608514114056975
1788,-0.01927082584938056
1789,-0.04597706188969383
1790,-0.05632509223528447
1791,-0.07974316432082901
1792,-0.02781947868260247
1793,-0.08620078715439676
1794,-0.05244090040726845
1795,-0.030822774351398238
1796,-0.021435528482096167
1797,-0.04235381970753997
1798,-0.06008641536412315
1799,-0.03302383822696253
1800,-0.035980270358367435
1801,-0.06544966136874775
1802,-0.037351550232945584
1803,-0.045956868901411735
1804,-0.02919043282935873
1805,-0.05846942234149286
1806,-0.02662541300101132
1807,-0.08503965788451506
1808,-0.02472320595815764
1809,-0.05164136312120928
1810,-0.02135044435152591
1811,-0.057984400754661075
1812,-0.034324450432235684
1813,-0.03261616642120657
1814,-0.034840724139034294
1815,-0.040726577396551215
1816,-0.06068109111917925
1817,-0.06355095365044866
1818,-0.035178855681559026
1819,-0.013278092067473036
1820,-0.059198666810544864
1821,-0.06607609496972157
1822,-0.052076713968692345
1823,-0.06036388351544966
1824,-0.06724770786465152
1825,-0.05288402089943581
1826,-0.046799217845690896
1827,-0.032605554616034066
1828,-0.031617626871433664
1829,-0.05001171471885117
1830,-0.0346853287798484
1831,-0.05642210186867878
1832,-0.03826389809014312
1833,-0.0531617918626809
1834,-0.03776847756480461
1835,-0.05952224859608447
1836,-0.0334688827317195
1837,-0.04126284393912237
1838,-0.07093191261685265
1839,-0.044070424570861834
1840,-0.02835201493389005
1841,-0.05887217671222929
1842,-0.039701543854661465
1843,-0.054784012028338464
1844,-0.049145303325730035
1845,-0.039234108040870734
1846,-0.0727952989678929
1847,-0.06754988422472928
1848,-0.06018290745046088
1849,-0.05465571334677242
1850,-0.021947388515965324
1851,-0.03351586359964237
1852,-0.032260990567374366
1853,-0.05485787597297282
1854,-0.06331824822614146
1855,-0.057807745655365325
1856,-0.031056443432062895
1857,-0.036775279626012514
1858,-0.038351601365790286
1859,-0.0942413227696125
1860,-0.050363781034970016
1861,-0.06625741942846193
1862,-0.028042860751902668
1863,-0.05522998879780463
1864,-0.03678762040030133
1865,-0.034065018942471145
1866,-0.0368762921323418
1867,-0.045547818877244316
1868,-0.033120404469761354
1869,-0.07429123143444351
1870,-0.058192716102800614
1871,-0.038658640301302095
1872,-0.0664997377748848
1873,-0.05728232644514958
1874,-0.0715260070660156
1875,-0.02675206130062581
1876,-0.045789724726639086
1877,-0.04695570814746434
1878,-0.06747709621477932
1879,-0.06836417445708233
1880,-0.026355954237135798
1881,-0.04027128380014741
1882,-0.056554020461182825
1883,-0.04619793302896903
1884,-0.06513971782569025
1885,-0.04879331036053842
1886,-0.03771000258940597
1887,-0.04767550026584159
1888,-0.0426577055435067
1889,-0.04074622291576716
1890,-0.047208876644767264
1891,-0.08040873631047875
1892,-0.04638862815666624
1893,-0.06062642400794716
1894,-0.061053955141839936
1895,-0.03468884696818295
1896,-0.057151325006976166
1897,-0.024609358502386262
1898,-0.04601661289669196
1899,-0.04150886623574508
1900,-0.032082918527033814
1901,-0.04004968443636027
1902,-0.03959952416698494
1903,-0.054459660526250016
1904,-0.04387962864104114
1905,-0.03383908511936632
1906,-0.047087844276010066
1907,-0.04534460234545886
1908,-0.02541273823061396
1909,-0.08101025717975599
1910,-0.04990489167758149
1911,-0.028509836582578607
1912,-0.045325826723606466
1913,-0.027900515962187417
1914,-0.055685484097422695
1915,-0.042893503504526136
1916,-0.05235400826032079
1917,-0.05488798316277559
1918,-0.07671679805003967
1919,-0.06521812287916955
1920,-0.05134118693889835
1921,-0.0505155855805589
1922,-0.07757639833592175
1923,-0.06446295621733047
1924,-0.04565433341609101
1925,-0.05353465856380744
1926,-0.04058361721313319
1927,-0.02536332545060223
1928,-0.016976757834931126
1929,-0.05786773170033449
1930,-0.04542976154952775
1931,-0.07051946843053415
1932,-0.044682858654572014
1933,-0.05581196701297987
1934,-0.07074373998114528
1935,-0.04484348137927538
1936,-0.035112115207390535
1937,-0.027855950777973357
1938,-0.0320672073765355
1939,-0.05290511534757482
1940,-0.01783043850949333
1941,-0.025192591241914527
1942,-0.0236023613901964
1943,-0.04047425000617545
1944,-0.028669519201994068
1945,-0.051471483865138674
1946,-0.028480980899338083
1947,-0.12961156118175796
1948,-0.04521510742770326
1949,-0.03036759402100608
1950,-0.04317064898596303
1951,-0.05613364154970586
1952,-0.036358748869463615
1953,-0.04576250700412008
1954,-0.038929437630548056
1955,-0.04913791408278916
1956,-0.048012657269043815
1957,-0.05281772972622883
1958,-0.046565012599931545
1959,-0.06269160659055284
1960,-0.05650459731428481
1961,-0.029532189283204925
1962,-0.02043189802593824
1963,-0.020687953270601973
1964,-0.045871578716869324
1965,-0.04985635446464794
1966,-0.03761290504212051
1967,-0.04014668584787647
1968,-0.09903120315199188
1969,-0.04792597935989546
1970,-0.04939330991426851
1971,-0.049709053266850885
1972,-0.046641558132685314
1973,-0.07546299922599949
1974,-0.02154881306239845
1975,-0.05421943180493341
1976,-0.062494194498202135
1977,-0.057428834800410826
1978,-0.040597019712739615
1979,-0.039289092997488666
1980,-0.05127448809793403
1981,-0.0405260341353789
1982,-0.05108863880583756
1983,-0.10293002048862508
1984,-0.028338004185703626
1985,-0.034906596356183865
1986,-0.05123622997783908
1987,-0.03234716258275855
1988,-0.04960847584463345
1989,-0.021193313172939567
1990,-0.03764149681544728
1991,-0.05768142459957281
1992,-0.09555560810027498
1993,-0.0631353687801432
1994,-0.06711773892358762
1995,-0.031997469208355084
1996,-0.058748950419244335
1997,-0.03553663988654162
1998,-0.05446748299476418
1999,-0.029663387082754962
