,value_per_image
0,0.4039854614294903
1,0.4374057790984569
2,0.4266051316147207
3,0.4489149548037829
4,0.4505751527206234
5,0.5166202456400684
6,0.5998629653280464
7,0.3156612134477279
8,0.610458265822137
9,0.4238787224256574
10,0.5371374064626525
11,0.3064250877851903
12,0.5393114934904427
13,0.3186619464077077
14,0.2026041953213356
15,0.5262619283670152
16,0.3659245023369888
17,0.4755032665668691
18,0.35337003692471075
19,0.4061367041298636
20,0.4131031680216339
21,0.7366809043981609
22,0.512224968124818
23,0.4592051674298239
24,0.4564221686921928
25,0.4746357604600325
26,0.3615926653415492
27,0.4038580845548269
28,0.3699888072138812
29,0.4529585676773778
30,0.4766618080815602
31,0.4194470331726618
32,0.5518405493490423
33,0.6065267393544096
34,0.4047799653023852
35,0.4089439724038621
36,0.4805982175040343
37,0.4513025443431376
38,0.30758727726931423
39,0.4290410244621116
40,0.5700546650779387
41,0.4004460932219481
42,0.4825275478035822
43,0.4511990669298776
44,0.3482334772505353
45,0.359766358654665
46,0.4143811040896689
47,0.3110007420233981
48,0.3871318976340062
49,0.2661536246453145
50,0.3216836296722463
51,0.4151977278398667
52,0.5011374827835713
53,0.4813790591544963
54,0.2819759668653624
55,0.321349181692609
56,0.33310506672146745
57,0.4570318463623234
58,0.36193449428181823
59,0.5184006099617043
60,0.32471430712521016
61,0.2964052618981399
62,0.3872348911376936
63,0.2358978761575172
64,0.5779827689879391
65,0.3073485819157809
66,0.3592668273158751
67,0.4175805240208752
68,0.35763997395630914
69,0.4516151710159378
70,0.2877005523150113
71,0.4298342847281377
72,0.4355384408540253
73,0.4153076327715223
74,0.2595800836123876
75,0.5159040921172441
76,0.2674094556690997
77,0.326171248621211
78,0.431398667373271
79,0.4842196387265683
80,0.4254197864186091
81,0.5037287286378457
82,0.4704179309972208
83,0.501887170884065
84,0.4730914189139544
85,0.6291708305697873
86,0.4007019206484496
87,0.3105004708246721
88,0.4806204327478738
89,0.3537772431308056
90,0.3839777452683992
91,0.3454675756979456
92,0.3687590801970874
93,0.3799093595631348
94,0.4196632784753126
95,0.3923345363265657
96,0.36742175788017795
97,0.18669870135558392
98,0.4123012632916904
99,0.6367286386178171
100,0.2762874705540194
101,0.434026548028214
102,0.5239085147850118
103,0.4590580241990465
104,0.5283293308759646
105,0.5130577022311265
106,0.6455840078359694
107,0.5247212657728587
108,0.3360579233319961
109,0.3138465389475256
110,0.28251279919432604
111,0.5206508996024237
112,0.5366853942169176
113,0.4961756478951605
114,0.4163618391173393
115,0.4132850822706719
116,0.29093915565190004
117,0.3923018383951784
118,0.3167128826102585
119,0.395163163293412
120,0.4642454524480211
121,0.37729831511239614
122,0.4459126553108038
123,0.2332933126882757
124,0.273614919537626
125,0.5214100615331245
126,0.29934406629528365
127,0.5486926618212558
128,0.4781441889585954
129,0.2914440627458827
130,0.3444459814919537
131,0.3679569068305219
132,0.5133494184537342
133,0.3804446619527945
134,0.40771118131084294
135,0.4286599816298659
136,0.4754344340965893
137,0.4323280643231525
138,0.5038554633634112
139,0.3447989835748401
140,0.5806404408287926
141,0.4018013145423569
142,0.4829493163338414
143,0.2830274140540267
144,0.5556955948881473
145,0.4971755590102704
146,0.3261553771309236
147,0.4780134998545317
148,0.5293199615767946
149,0.37014132412226336
150,0.4143162574618404
151,0.4173314006695168
152,0.4078362225141333
153,0.2703938014518956
154,0.6188866274440481
155,0.35757436101480744
156,0.47469119801094106
157,0.5741882640628455
158,0.4706991982043616
159,0.33450302647114666
160,0.4548334833450021
161,0.465341592509961
162,0.24949846416564064
163,0.4217405748306041
164,0.35074660543753305
165,0.4047185255103201
166,0.4291540922209523
167,0.351988296552285
168,0.27276109655704417
169,0.4832590184701717
170,0.2652024164045664
171,0.5819796181933342
172,0.4566175287954548
173,0.6328953261529544
174,0.41639077147058856
175,0.33878053642192585
176,0.3342292654740678
177,0.3559880934936951
178,0.4515009817382064
179,0.5059546733105644
180,0.4063426169184172
181,0.3976764524089848
182,0.5574130395496105
183,0.4023127211302547
184,0.42098157002271536
185,0.30977107534801523
186,0.3177344909627833
187,0.5047558900180048
188,0.6014810039495052
189,0.4091299673955317
190,0.3047216878517757
191,0.46968636067617403
192,0.4582918730553932
193,0.3332947788677964
194,0.3813956431416149
195,0.4160167261862396
196,0.4964805000879696
197,0.4409585100385902
198,0.29245673137820705
199,0.426844496652802
200,0.384629517726393
201,0.36188660584888416
202,0.3847431298768545
203,0.2469813639160687
204,0.4911981569150619
205,0.4145475456856446
206,0.4949145168459945
207,0.5048246834718767
208,0.2567926698516288
209,0.5675771140458867
210,0.4847149846883274
211,0.48514300940306604
212,0.4624660330608312
213,0.4586773673440369
214,0.4870236528849413
215,0.4724021741303512
216,0.39233715707246297
217,0.44925481464881023
218,0.4373658260218712
219,0.5263516757106604
220,0.5798850642546111
221,0.2840655983577349
222,0.5624350379170749
223,0.3208839138295567
224,0.4903810870851722
225,0.372089235911304
226,0.3384074415350413
227,0.33849944874816434
228,0.33659869588261593
229,0.3979277332072954
230,0.3334695068535912
231,0.4414776115121688
232,0.4044942111545341
233,0.3341804274838692
234,0.2737067880694511
235,0.5035397706373325
236,0.4508446988027196
237,0.4626648419386767
238,0.44448249005512375
239,0.2326290681636732
240,0.3753301194424519
241,0.2891706428566848
242,0.3877263138109896
243,0.35328562698233784
244,0.2774039966386376
245,0.3394147371008074
246,0.34278194272192136
247,0.42795169726705456
248,0.5505035469737241
249,0.3112110845669723
250,0.17305491505106466
251,0.454522404596696
252,0.5145629949276715
253,0.3330624493592804
254,0.3635979798650269
255,0.4793422007441126
256,0.4229329768036065
257,0.26455039602841257
258,0.4837950712116638
259,0.33822754990187043
260,0.3410434918916271
261,0.418794625049761
262,0.3707999267887757
263,0.3731258626842786
264,0.4662297079284563
265,0.4059276986088495
266,0.2959003432431166
267,0.5162835827725505
268,0.5861959020271305
269,0.2791454342099824
270,0.30315556669528226
271,0.2947910358765499
272,0.5323045494635152
273,0.5797629263371818
274,0.28268473797416804
275,0.4619874050847623
276,0.43196548658482203
277,0.2675542176628648
278,0.4791524592534848
279,0.3401096416275237
280,0.3819788791878137
281,0.3965090113752272
282,0.5852026421795039
283,0.4888465439589677
284,0.23380434229824415
285,0.5854806491684572
286,0.5735052864011336
287,0.2738133186267063
288,0.36710071831849295
289,0.7025647038908983
290,0.4464359345881812
291,0.4732841863766021
292,0.5226747938867715
293,0.2968657744265639
294,0.4395727588283946
295,0.5017384530940106
296,0.39823250410980493
297,0.4519516457108625
298,0.4666219924871226
299,0.6366347577390934
300,0.3097379031217359
301,0.3201149766149009
302,0.584154007935571
303,0.4297002636227612
304,0.6128574528309586
305,0.3965873606328358
306,0.3894852417351791
307,0.3478391731379646
308,0.6437963014851246
309,0.4189626368118445
310,0.6053873395989251
311,0.4800006199050829
312,0.3923337987320745
313,0.4279033191434495
314,0.4857712939369328
315,0.5509711116070556
316,0.4036804510592055
317,0.4149503725933447
318,0.3522611323213185
319,0.4971144340554389
320,0.4744476275377349
321,0.34560247141003325
322,0.3647923278021444
323,0.4292092220805517
324,0.445834120222854
325,0.4128833272611041
326,0.4021383705211049
327,0.3779014473435264
328,0.3968493627635424
329,0.4690259347043821
330,0.2690826734405272
331,0.4882275595005321
332,0.3590895618300564
333,0.395874208156469
334,0.3409421279839468
335,0.5389141882033944
336,0.3405455932085548
337,0.4124985416205272
338,0.585667586931604
339,0.4603300633554003
340,0.2897227033254697
341,0.5081859957885768
342,0.491481402562729
343,0.2952980466006384
344,0.3746242875433445
345,0.4152434932509768
346,0.3438534508715314
347,0.3760533879271588
348,0.3832540013944748
349,0.3393431304561641
350,0.3913766454255492
351,0.2156452022198601
352,0.28648135650809997
353,0.5349145927691847
354,0.17356385211662098
355,0.2685675665974529
356,0.5938610267214954
357,0.4163214824222711
358,0.3250956066625273
359,0.4267477215803918
360,0.6111976647516366
361,0.5698682894976864
362,0.4052160488639287
363,0.4649794322342594
364,0.4194091581123522
365,0.3551004958719804
366,0.3152511624113712
367,0.3138681804748684
368,0.39360227786177704
369,0.33321343055562025
370,0.4019599204316245
371,0.4700360247018726
372,0.3596785431851192
373,0.5095586955890846
374,0.4033249059360015
375,0.4736412525015302
376,0.2588239007897786
377,0.3976977605538589
378,0.3996679355637342
379,0.4970539934056138
380,0.5886538217238888
381,0.4162540099341519
382,0.4724794103056055
383,0.36733680076887215
384,0.3307520878658185
385,0.4110571453045933
386,0.3834206088235581
387,0.4026545962357183
388,0.6452178616389869
389,0.5674155942511293
390,0.39446041384394703
391,0.3995227677160416
392,0.371523164154725
393,0.2792745892110472
394,0.3544504210124139
395,0.4045894401171816
396,0.3983767048472942
397,0.4883988207660535
398,0.3639005837832593
399,0.35961759056526
400,0.3825953567136478
401,0.19060691096103355
402,0.2590641632620377
403,0.3503447533087207
404,0.477957491056385
405,0.5180616323775911
406,0.34951868936350466
407,0.4382878760146272
408,0.3806106110522043
409,0.5281315240520655
410,0.4781329894563076
411,0.4422999150763897
412,0.5930403170664889
413,0.5082940902722441
414,0.4083060851121155
415,0.3466124553485694
416,0.3926253071798483
417,0.5773545782173212
418,0.3604834277521861
419,0.3788375116567203
420,0.3833377430138369
421,0.5335446710368231
422,0.3359000929526497
423,0.452335448902303
424,0.3424688783647393
425,0.3841274773222486
426,0.3739749035586407
427,0.4325225057801428
428,0.4722414448907335
429,0.4573680302431868
430,0.2858045018910173
431,0.4715937220996572
432,0.5157824277040811
433,0.3915859653257333
434,0.32774075635931343
435,0.409541438706236
436,0.4737349426795777
437,0.36469435168730985
438,0.42229305997268496
439,0.3619319009345197
440,0.4402741280168345
441,0.2349569039916503
442,0.2054907684044711
443,0.5517215268804524
444,0.4763639664567084
445,0.4386819383694377
446,0.3145682929816173
447,0.3621811118306742
448,0.4116228536314598
449,0.34632281801759696
450,0.4312919132683614
451,0.29093507758210474
452,0.454043751971709
453,0.4855750750320026
454,0.4468952465985975
455,0.32446128707153565
456,0.2311274837795079
457,0.4605555506966179
458,0.5040643295130284
459,0.3816553093850815
460,0.25532690351349985
461,0.4324506129968402
462,0.3058721071769609
463,0.4866493984065725
464,0.28857663293004016
465,0.4783028295603887
466,0.4437038322926771
467,0.44068085898317294
468,0.2495956581583417
469,0.4890114456522899
470,0.3467214644896852
471,0.42163429895156784
472,0.4187330613587408
473,0.3551660363551257
474,0.6560089939816035
475,0.3722798872264688
476,0.3334599975237629
477,0.5084737382541514
478,0.21932209285714785
479,0.4357014241251905
480,0.2885790486830461
481,0.3680542943906999
482,0.4750437041298143
483,0.4904859137433382
484,0.5657167842270038
485,0.4085529458077304
486,0.41744401107650375
487,0.2983839142992169
488,0.3822774989226688
489,0.3490104893557205
490,0.4098004658985751
491,0.4402703676702493
492,0.17076435634423415
493,0.4433376093373453
494,0.3481345260116487
495,0.4147653787469235
496,0.4509507179062647
497,0.4089383537415818
498,0.30654411702087936
499,0.4806490284883883
500,0.4550041353016542
501,0.5280885762840309
502,0.5229154776568385
503,0.343591717087676
504,0.29428048827881553
505,0.36120891421356893
506,0.5873041698426948
507,0.5196903609994018
508,0.41912134977311377
509,0.3356204839299739
510,0.4087270040294169
511,0.4421991932491065
512,0.595350172582764
513,0.3583694154609561
514,0.5344530777364187
515,0.5197812929126836
516,0.4553355909241798
517,0.33325952945105713
518,0.4085904805774456
519,0.3314767000118368
520,0.3746838288253729
521,0.4129101763837264
522,0.5046621606416375
523,0.3302082404609513
524,0.2872149784187811
525,0.3157580439322145
526,0.4634967826751063
527,0.4859825971847578
528,0.36417979895004937
529,0.41996592346613504
530,0.3624765697855638
531,0.35684820803805944
532,0.2986482670613546
533,0.4880614362254271
534,0.4642902558954961
535,0.3089166981765641
536,0.6023727710530266
537,0.5075220803047676
538,0.4080451705866695
539,0.4148887632899112
540,0.26861762855266463
541,0.32689404726616605
542,0.4037087244472877
543,0.473561447776857
544,0.3699619130809833
545,0.3536781968096109
546,0.3383701015220945
547,0.459074793040469
548,0.4506952354128625
549,0.29101339984866137
550,0.25766721943454396
551,0.6106984179977697
552,0.4270234645838813
553,0.4413745420191792
554,0.6507687328791455
555,0.5841262826526897
556,0.4900908468290356
557,0.5599871171292076
558,0.489159345596646
559,0.4208063492032095
560,0.5673339887325228
561,0.3104352684983193
562,0.4807400740843574
563,0.4158149450070039
564,0.3236692333425195
565,0.3987692448588959
566,0.4200522412843952
567,0.2310195850832619
568,0.5138202161575519
569,0.3568572103841637
570,0.5984666055144447
571,0.2494409907838793
572,0.6457563634250784
573,0.5566748987532402
574,0.4646683066863018
575,0.5966217179489656
576,0.4690346835510356
577,0.3425289222047687
578,0.5856411474428582
579,0.4861417781292075
580,0.25171671157382963
581,0.3494541309924107
582,0.5446489552520287
583,0.3755328332690693
584,0.4732392543920757
585,0.4256049634094929
586,0.33722220254805924
587,0.2619852471253004
588,0.4530793344346261
589,0.4869562623539404
590,0.3872372749779197
591,0.3938457700755717
592,0.3783434538953077
593,0.4479328531756545
594,0.36528996747539455
595,0.4469156160287259
596,0.4353971805419961
597,0.4315728189290371
598,0.7579044737944302
599,0.5066976269858093
600,0.43841049321768216
601,0.3078434916589502
602,0.2906972019765154
603,0.4294484506151125
604,0.5196834517930479
605,0.2518390389551796
606,0.3822108720822719
607,0.4734999882518949
608,0.4306602046675704
609,0.40241125954862256
610,0.3271881527377321
611,0.2908645974779463
612,0.3137438709206872
613,0.26788918838536496
614,0.4920491934173167
615,0.4112828351377433
616,0.2910426794112192
617,0.4125544549408685
618,0.5437560126751484
619,0.3559768253883829
620,0.3921999617581475
621,0.4990750698480145
622,0.4753687874218791
623,0.3708073973652714
624,0.4657062815682931
625,0.5795429635713211
626,0.3064856977681601
627,0.5160004093829694
628,0.5038916971949734
629,0.4572137551537351
630,0.43985136066735536
631,0.4666975365132016
632,0.4367674666853022
633,0.5615308399712788
634,0.4755896724751364
635,0.18505156415301213
636,0.445658943647908
637,0.27336098888441784
638,0.3416242397509759
639,0.3277145908104149
640,0.5011189987829199
641,0.4104545470150599
642,0.4455895429140852
643,0.31756218089475385
644,0.27646739660906544
645,0.3318602684128925
646,0.28961618883485113
647,0.3329149716108395
648,0.4505018686546198
649,0.6219867439798411
650,0.28909192517895743
651,0.4936502059320621
652,0.4018411059984043
653,0.5981525099031545
654,0.3542503239700641
655,0.4629030353672649
656,0.3076883693082555
657,0.5672940693742919
658,0.4475877120739059
659,0.2900280243774543
660,0.4431925618685381
661,0.490481364281441
662,0.3624622569172531
663,0.4932343712899709
664,0.33306428782386155
665,0.2096949705464834
666,0.5646017001064952
667,0.34174809006007506
668,0.4326237990838656
669,0.3442698493457788
670,0.3676475622641305
671,0.2755032520089821
672,0.5123083227279296
673,0.4434247164564966
674,0.5070382777215465
675,0.6007332232149463
676,0.41632829099454904
677,0.4132551736297415
678,0.4271101576604509
679,0.4118729087031888
680,0.2790272691687519
681,0.3132938070954146
682,0.3395507613781985
683,0.4303790442281089
684,0.4821442916864625
685,0.4950678847059559
686,0.27373864313540225
687,0.4877306453609936
688,0.42473814469872495
689,0.3471019038114795
690,0.2352714156448484
691,0.3824219751683642
692,0.337809100977346
693,0.3211043000625694
694,0.4908685465500824
695,0.24292245394904066
696,0.3558274855917558
697,0.4887500626563078
698,0.5192656151905375
699,0.525212032738114
700,0.3906640213792529
701,0.2600630555411965
702,0.4334829647066156
703,0.5872629574369027
704,0.37395002767284136
705,0.6035463576068766
706,0.42569375993678094
707,0.3441025923728384
708,0.3588215371223197
709,0.5517995570712351
710,0.4493888194707337
711,0.2959786641611501
712,0.3280439441574657
713,0.3315254676568763
714,0.40614280377606504
715,0.4720139818324022
716,0.43225966603296057
717,0.3186236580878631
718,0.3879110726909653
719,0.3629179371017891
720,0.530205707581835
721,0.4916535556881403
722,0.42730254453799055
723,0.4412534289780567
724,0.4423729093724051
725,0.4861709021748143
726,0.414619013850606
727,0.5516049950685613
728,0.4679449411477339
729,0.4400187296612379
730,0.5316543454683966
731,0.4128880521904192
732,0.3805068036095784
733,0.494160818714777
734,0.43680741022428576
735,0.41172212498695465
736,0.26169967229590235
737,0.31736300477686896
738,0.477385152633335
739,0.3562960650510222
740,0.3290069469532908
741,0.5005525096385114
742,0.3277699400166224
743,0.33821253744096946
744,0.34742302193654184
745,0.4244921001165161
746,0.5862059742590034
747,0.4320684839756073
748,0.4231013570289884
749,0.2157836485515984
750,0.4829924106018143
751,0.3303538240765872
752,0.4248140773227021
753,0.4447593724420237
754,0.2543495823608097
755,0.41561767580290704
756,0.4411290384144201
757,0.4630501080786442
758,0.3511201632349878
759,0.6185591246888399
760,0.3366500421378593
761,0.4317010236094368
762,0.5907636992946638
763,0.3885008440972644
764,0.4308765629792569
765,0.32766563613828115
766,0.5329860918592421
767,0.2745846612728749
768,0.3485928827740125
769,0.3923836907994216
770,0.5332287885730802
771,0.3989582066373473
772,0.4709259484143249
773,0.3340180163272914
774,0.3230826341431723
775,0.35240359043896513
776,0.4081933403712079
777,0.3602929405074742
778,0.4898154920400681
779,0.3080172078823525
780,0.4875109514307815
781,0.4624162759930406
782,0.52878697731764
783,0.26109467296305056
784,0.3120762250793516
785,0.49034879055963504
786,0.33449760926373245
787,0.3072019926037887
788,0.5712178832785245
789,0.5000150740300657
790,0.33312469869526823
791,0.3347699526100735
792,0.4965969081000714
793,0.4945348877368605
794,0.41074434783266617
795,0.4356654537152019
796,0.4746653414183317
797,0.4571739290416803
798,0.3969865232311692
799,0.29226456197919465
800,0.2859880259888372
801,0.4355085676696771
802,0.35773789219504915
803,0.27906854170383444
804,0.5127513449505737
805,0.4857148626867718
806,0.3626207200837703
807,0.2536947997692777
808,0.5340050856835364
809,0.3085129593135983
810,0.5494010395364329
811,0.4321127955594313
812,0.44384760728959455
813,0.3657170129311231
814,0.5113538480880568
815,0.6423510334019925
816,0.38343480801561547
817,0.6024205439467076
818,0.4433526958667195
819,0.3270693258718368
820,0.4625606856745316
821,0.5328388495410278
822,0.3753201399724386
823,0.4166779314221009
824,0.504060654734999
825,0.3163678346234087
826,0.4537035356649424
827,0.41766337914780666
828,0.4596912253976428
829,0.5139686144323676
830,0.2406567152855811
831,0.3156658729297509
832,0.4352215621501173
833,0.39614949978707387
834,0.31184322194411923
835,0.21697098040612356
836,0.6198122521362517
837,0.4528045038474624
838,0.5592696836160995
839,0.3811556848561417
840,0.4151958218274601
841,0.4887280429815598
842,0.2862369072645809
843,0.4007405062428971
844,0.36167338813082106
845,0.4169911997384127
846,0.2895196811342734
847,0.5426674880642204
848,0.40751108435967
849,0.5521688222554314
850,0.420629762072981
851,0.6792658200951558
852,0.18904378143852585
853,0.5280119801781039
854,0.3640112595394701
855,0.5044533203751006
856,0.4771786565094394
857,0.4869674559212071
858,0.4757514947920383
859,0.5017231082976173
860,0.22381008590388649
861,0.4458751396901475
862,0.30318962453743803
863,0.33462239138367866
864,0.15575853438182272
865,0.4396394618145492
866,0.3528253935171577
867,0.2594407969708513
868,0.3502189926378413
869,0.44045253071794016
870,0.287356775034854
871,0.3858114343898683
872,0.5581970306467829
873,0.2892209544017543
874,0.6887275246095379
875,0.4315585359610343
876,0.36883661836772585
877,0.3543005156218017
878,0.2807115346180535
879,0.3779847285211208
880,0.30562524177349426
881,0.4686218347342965
882,0.5988316384891175
883,0.3444777598102382
884,0.4551243919796958
885,0.3288122469652221
886,0.3050535436508758
887,0.6084134753125807
888,0.4143170024908699
889,0.24736055915377375
890,0.41682473906818224
891,0.4942376094141388
892,0.37933481750355696
893,0.22533277204462704
894,0.2436592717770402
895,0.5151078749440967
896,0.4085136982870905
897,0.4142462263992952
898,0.5072792952604448
899,0.4540108687011809
900,0.38725700136892655
901,0.4891521819040172
902,0.5793945627754941
903,0.41579955567790333
904,0.3220834554264188
905,0.4619322778958786
906,0.28677615434417114
907,0.47824885747904705
908,0.43526206338716666
909,0.4056119619989501
910,0.2608355591022095
911,0.32880774682100344
912,0.48265205446104
913,0.4069836698217991
914,0.3987562592632139
915,0.394000087873516
916,0.532517595681058
917,0.5231841265460586
918,0.3743165984752457
919,0.346812558966989
920,0.565196104225038
921,0.3839641591854223
922,0.5789501877253413
923,0.3665554344948912
924,0.4313649593675132
925,0.4739130803438525
926,0.43620510655998346
927,0.3836373980975489
928,0.5120040983132672
929,0.4848721891221387
930,0.26274296670445285
931,0.2952366701194409
932,0.4772760995119414
933,0.27106866414453545
934,0.4994654137851488
935,0.468434962523914
936,0.304425793560192
937,0.4808019992047464
938,0.34015974370848
939,0.28849949991569945
940,0.5046472916356338
941,0.3698383150409574
942,0.2788011788281071
943,0.5754450093497021
944,0.34894571750881986
945,0.41316779727339614
946,0.6244957737428488
947,0.3570515302761267
948,0.3012938939867656
949,0.5477338382471915
950,0.5695810146157134
951,0.4755882911360345
952,0.39161912370906615
953,0.3793326788088606
954,0.2821828811775909
955,0.4921290195797292
956,0.4537836652914084
957,0.3936207457560798
958,0.4800228217646605
959,0.43471527820447103
960,0.3269505499803943
961,0.2941412681983168
962,0.5038246346874404
963,0.5866319762595761
964,0.4665003479978279
965,0.32153357377803826
966,0.4232519902032727
967,0.6005681996556297
968,0.5197739734348507
969,0.3506947925953545
970,0.4371971608874394
971,0.322804178411603
972,0.4578087685163741
973,0.4063971078157885
974,0.232265787277219
975,0.3657730776865572
976,0.3207463522589219
977,0.5446478087313378
978,0.3818037837653853
979,0.4036843536173798
980,0.25605678382125985
981,0.4530093799890892
982,0.28407857574394524
983,0.3368193827284504
984,0.5370314500728705
985,0.3475366120502024
986,0.4212940554919313
987,0.4483160766959356
988,0.34719133964062915
989,0.35344622584847485
990,0.3564704523200113
991,0.3578497307242148
992,0.42299073870430576
993,0.5279032778799837
994,0.5108957261555113
995,0.4849660849145073
996,0.4226339430198761
997,0.3802477470513751
998,0.3457981768834928
999,0.484640511367069
1000,0.4664727473701513
1001,0.5312610797095958
1002,0.4351903536823876
1003,0.40135516845547387
1004,0.42211269344197067
1005,0.2905327679890508
1006,0.42303126431473603
1007,0.5528742599736223
1008,0.4827029469576472
1009,0.4602806786773224
1010,0.523556743835719
1011,0.3241581365673368
1012,0.33356214637163445
1013,0.3124681456049389
1014,0.4528935869711185
1015,0.3294785369801782
1016,0.466356964546821
1017,0.5006211496636529
1018,0.6037205260038384
1019,0.4461882792888292
1020,0.5051054264459867
1021,0.4837449446315062
1022,0.3871137974539861
1023,0.37028917492224506
1024,0.26567039842488765
1025,0.2486755157813204
1026,0.5530544040569558
1027,0.4775547186731514
1028,0.31872398486976194
1029,0.5390739867805956
1030,0.35530530532584564
1031,0.5122576591365133
1032,0.5420917630197409
1033,0.3900580901246647
1034,0.5345693595871522
1035,0.28272460239871394
1036,0.4828564945792004
1037,0.5175177103678802
1038,0.33849258373780355
1039,0.44919839419173135
1040,0.508629037321805
1041,0.5972939877182718
1042,0.4149538485235626
1043,0.2077952004510036
1044,0.3546431929737253
1045,0.3050216804436961
1046,0.42631163594410937
1047,0.360782418270294
1048,0.44995621415441706
1049,0.3347350417542965
1050,0.5283411318950503
1051,0.4973305727546203
1052,0.3308462768695085
1053,0.35923822198471944
1054,0.3689210727839896
1055,0.4000945478643765
1056,0.3649381248911932
1057,0.2915235719459945
1058,0.42818376671638425
1059,0.5676055907680143
1060,0.4612240514155165
1061,0.5881738703644886
1062,0.4768308114051981
1063,0.17285138445785753
1064,0.6348169099148001
1065,0.3284260441626557
1066,0.4603186492398972
1067,0.2578082555466468
1068,0.4387872476246511
1069,0.4757997233135509
1070,0.4053312008212591
1071,0.2968532367253857
1072,0.5224760130449447
1073,0.3507392099911851
1074,0.4107566645385505
1075,0.5052477470597745
1076,0.5356361043439289
1077,0.2805260680118742
1078,0.4220415832261041
1079,0.3505124677146599
1080,0.2398798398594852
1081,0.5383015720319972
1082,0.3813720292043067
1083,0.6359213590835965
1084,0.3861427549271244
1085,0.3727724514720799
1086,0.6656798170740555
1087,0.4157406611463059
1088,0.5755688700833705
1089,0.2905894539769597
1090,0.37210540889467203
1091,0.4792763034484863
1092,0.21451646313311254
1093,0.4075724871325759
1094,0.350033550939481
1095,0.32005447153375544
1096,0.32709936462844874
1097,0.3880138335972013
1098,0.3875948142708423
1099,0.19672966313525467
1100,0.30469021912074645
1101,0.45099302449437606
1102,0.4051848533686672
1103,0.6425200084935663
1104,0.3390892052743101
1105,0.4204571555624663
1106,0.427701089529685
1107,0.35786182480600354
1108,0.4498561809602012
1109,0.4528480645992295
1110,0.3373372208677362
1111,0.29774177863948603
1112,0.27941517805913796
1113,0.22554296938267215
1114,0.4755426013579052
1115,0.3236533146580494
1116,0.2686177860341213
1117,0.3408638929709229
1118,0.3339406170064396
1119,0.509571370927583
1120,0.4664205155236503
1121,0.37452425139884415
1122,0.4157979721013166
1123,0.5112373600283451
1124,0.3991768022241784
1125,0.513023574294891
1126,0.4443157772759275
1127,0.5429878048310585
1128,0.3996412103316012
1129,0.3318351600288232
1130,0.33680947469027617
1131,0.5135076980915284
1132,0.5590949374953086
1133,0.41704214040013393
1134,0.4755064258853013
1135,0.5389796505615213
1136,0.2233755529516397
1137,0.39925720685213856
1138,0.3894957737488709
1139,0.34752997174756123
1140,0.6107145342345763
1141,0.3138032972439949
1142,0.3592827778498168
1143,0.4472410511354824
1144,0.36019512279062504
1145,0.3360591119579174
1146,0.29203517496846704
1147,0.2814989560933274
1148,0.5128666849111826
1149,0.36844730231097855
1150,0.4335243043100776
1151,0.5540421512883954
1152,0.4372217598202383
1153,0.291676435747961
1154,0.3649799888874136
1155,0.4164623281772984
1156,0.4293727908902154
1157,0.2769590821151957
1158,0.33116304139590164
1159,0.4286794562445273
1160,0.3913729799187111
1161,0.3329729696330995
1162,0.4081593643537265
1163,0.2903299939348201
1164,0.5002177200585941
1165,0.5009241663470593
1166,0.3814095122469732
1167,0.2595896054853138
1168,0.3876005600384684
1169,0.3293935283299802
1170,0.4074397323541181
1171,0.4382486990357097
1172,0.5400384914873988
1173,0.18838475159893836
1174,0.2560735930231614
1175,0.4242107317535949
1176,0.5102169955868326
1177,0.3929035289980628
1178,0.21591906254254056
1179,0.4952032947065032
1180,0.43203261085830014
1181,0.2735900972543727
1182,0.3781470483511977
1183,0.4521551470193614
1184,0.38852580172281503
1185,0.3420940670228334
1186,0.57146631138177
1187,0.5317438296870814
1188,0.36564726794411706
1189,0.3616762602259472
1190,0.2440088277378161
1191,0.3583653192747828
1192,0.2814321477185437
1193,0.5391905653354438
1194,0.38215144550360974
1195,0.5638822201010524
1196,0.3765989583843399
1197,0.2311219492190967
1198,0.3544966447769337
1199,0.5456182412580465
1200,0.4292216582640976
1201,0.5789568537179458
1202,0.3289130678343614
1203,0.35010978351900146
1204,0.3410832043142405
1205,0.3768662069641136
1206,0.41243826379194093
1207,0.3142693176861767
1208,0.3890382856682447
1209,0.30151063904725905
1210,0.3992496899581751
1211,0.4100980319693801
1212,0.294310447458505
1213,0.4604278887180728
1214,0.4705769221173538
1215,0.4526612695129579
1216,0.5798885318655609
1217,0.391452131683482
1218,0.4816904027930924
1219,0.3489889338633011
1220,0.3912840594820245
1221,0.4345055507403118
1222,0.3980698948479957
1223,0.4106257981663856
1224,0.34881330037628205
1225,0.5093846751456899
1226,0.5003808484887788
1227,0.5341915520786759
1228,0.4970058254810785
1229,0.3094424065633987
1230,0.3759178968490689
1231,0.35696911177574103
1232,0.4262607660913281
1233,0.3683543985869928
1234,0.38993412856318704
1235,0.3892771085109016
1236,0.3776714063103947
1237,0.4005510297960837
1238,0.4025953307612156
1239,0.3827034985404605
1240,0.35710262738606696
1241,0.4856854394242399
1242,0.3930314268585683
1243,0.4851943497457349
1244,0.582751387506281
1245,0.2979083542698226
1246,0.4150809176387269
1247,0.3624415357102034
1248,0.43394553331598784
1249,0.35205357408946275
1250,0.5590640173949586
1251,0.3503357474841129
1252,0.4114630775892901
1253,0.5687842756930431
1254,0.3084541005214523
1255,0.5737978728491466
1256,0.5106739235387474
1257,0.365129034486449
1258,0.4722392120296112
1259,0.4974432294021691
1260,0.4686042010941759
1261,0.51130375319932
1262,0.4847391622488666
1263,0.28735143063209656
1264,0.38596813776138816
1265,0.5047339394037477
1266,0.32547221638684226
1267,0.3365985233648324
1268,0.6663435984792813
1269,0.3989106951670693
1270,0.4012384613309
1271,0.4602328854671269
1272,0.28821343067972965
1273,0.4646593802942513
1274,0.49971502720715394
1275,0.3545285499422353
1276,0.4554671480601096
1277,0.4511661028948512
1278,0.3838046614113086
1279,0.3561424380334936
1280,0.5286318472504691
1281,0.3611590644813794
1282,0.2476975180763065
1283,0.5994299333636818
1284,0.2663021501691046
1285,0.245017622885927
1286,0.5001054094935617
1287,0.3518149693152498
1288,0.4206915685821398
1289,0.344635527580772
1290,0.4718949620219777
1291,0.4054407688815359
1292,0.5707533176970117
1293,0.4314525489905243
1294,0.34043081843382544
1295,0.5202880025265199
1296,0.32345126164075483
1297,0.33938753316461423
1298,0.4293142914733343
1299,0.3095541743304057
1300,0.4031258573841889
1301,0.5704945684838133
1302,0.35932976025387897
1303,0.239050945641672
1304,0.40973228336154216
1305,0.30663239776370005
1306,0.4909062239089216
1307,0.3567220901590122
1308,0.44728514193412294
1309,0.3353519539508883
1310,0.2423997366102032
1311,0.2317786228314584
1312,0.4960639386775719
1313,0.5927343456710327
1314,0.3847193320401629
1315,0.6381317119182238
1316,0.5034353392500598
1317,0.234835803805664
1318,0.4549547466678793
1319,0.41327412498100297
1320,0.4924494540598911
1321,0.4013956931493913
1322,0.5185953313835575
1323,0.3867415777326592
1324,0.3066213240364989
1325,0.6033264675823912
1326,0.4014290945624008
1327,0.4631498778589366
1328,0.35169384792045955
1329,0.4304214202580896
1330,0.4112729681432488
1331,0.2366045399365303
1332,0.5272914692289056
1333,0.5943673016692294
1334,0.36914678194201467
1335,0.29278929148410154
1336,0.4127137446093804
1337,0.3676703621708795
1338,0.3426495855263053
1339,0.26070722368920096
1340,0.3442833803550929
1341,0.3321171795140431
1342,0.5724668191937866
1343,0.21632349022552616
1344,0.5285803163820934
1345,0.3947427315443518
1346,0.5505884191286811
1347,0.4292785350990577
1348,0.39295698859882
1349,0.3510523034238744
1350,0.6161487264764606
1351,0.38291762672297697
1352,0.2695496628126177
1353,0.39703810093072706
1354,0.4739941289792166
1355,0.2745768939657692
1356,0.4123356976857171
1357,0.2921576892579225
1358,0.3581128235502836
1359,0.3440194973814483
1360,0.5052560888671607
1361,0.3384287186892435
1362,0.3801656988334261
1363,0.3408582544933987
1364,0.3138577678345902
1365,0.28294536788887786
1366,0.3132657762858284
1367,0.599090064339042
1368,0.249683568613478
1369,0.3896181189387904
1370,0.34314176774306443
1371,0.3685222067667509
1372,0.35763112147117376
1373,0.5660487330743296
1374,0.4806646152524623
1375,0.42309662232739736
1376,0.18786350082911304
1377,0.5252840153875667
1378,0.4104849641405537
1379,0.5130265357042442
1380,0.564292635070521
1381,0.5375574217784971
1382,0.4869009082006673
1383,0.4509675280983975
1384,0.2508889601866721
1385,0.4930821995063399
1386,0.42423132280065695
1387,0.2962136370995293
1388,0.3905651374250086
1389,0.4044342663898268
1390,0.4106093679361435
1391,0.5517334719337664
1392,0.3152866081736722
1393,0.3868636412996179
1394,0.3711164687879611
1395,0.27888866956378605
1396,0.48244518028753297
1397,0.2650938351747117
1398,0.4538123867020376
1399,0.5492396621586132
1400,0.2434856686554265
1401,0.5024161840315092
1402,0.6306330783925067
1403,0.5881219702254707
1404,0.3411372120113146
1405,0.2763738345794475
1406,0.4024924617044022
1407,0.4502480469129717
1408,0.4124949019547953
1409,0.4852200907771798
1410,0.35250226407089114
1411,0.5982882458255416
1412,0.4121273447949997
1413,0.5237550590845511
1414,0.4001640403061108
1415,0.4117393296970579
1416,0.3925337301271006
1417,0.27453253455334803
1418,0.4003765577027689
1419,0.4048793715437154
1420,0.3430947109490409
1421,0.3283226575806757
1422,0.3941940331889105
1423,0.4650577797294493
1424,0.4552764642565166
1425,0.20449583676842
1426,0.35114040397730106
1427,0.18263818279041372
1428,0.4435460003282296
1429,0.39735972722223456
1430,0.4848329830956492
1431,0.3867031843855765
1432,0.28933648634118336
1433,0.2833716194011858
1434,0.3868536662121636
1435,0.456531480309695
1436,0.4246536748496687
1437,0.4174064249912425
1438,0.4208271000153601
1439,0.4869716386337279
1440,0.2675198976452121
1441,0.2797663664337226
1442,0.3313553420994563
1443,0.6765899848952059
1444,0.5012129558041403
1445,0.5099482921196593
1446,0.3234963902752386
1447,0.2320525396207743
1448,0.419103931863004
1449,0.34193686373121424
1450,0.4463018271191968
1451,0.3168865061952387
1452,0.5080296322998517
1453,0.4327320050857593
1454,0.5881030142399627
1455,0.3281790518858512
1456,0.6055591300876471
1457,0.4729696545757407
1458,0.4772621135253205
1459,0.4288959705855239
1460,0.2973443194681427
1461,0.431820588160216
1462,0.4180820413652557
1463,0.49477388166816205
1464,0.3237264814763201
1465,0.3643903041303206
1466,0.24008502076476776
1467,0.3972085334277141
1468,0.3964950914441001
1469,0.4550848038837943
1470,0.51218178502709
1471,0.5064785537145864
1472,0.4508918252867497
1473,0.3936346869427809
1474,0.5028418210491834
1475,0.3620244090491955
1476,0.3055702462929208
1477,0.4136675995042916
1478,0.4928120249454626
1479,0.38408423066746294
1480,0.43293885214308014
1481,0.5096851468811102
1482,0.3929139338876288
1483,0.32520952045073803
1484,0.4569101950568654
1485,0.3765400984557152
1486,0.3902136098297502
1487,0.4840956508821375
1488,0.3005152144642213
1489,0.3303515153989507
1490,0.4937479717116043
1491,0.2882161817956164
1492,0.3003488551305613
1493,0.37915882989744215
1494,0.549913640169607
1495,0.3111996190110222
1496,0.4691149921841255
1497,0.2459749168581912
1498,0.4872390812430686
1499,0.2079241828956228
1500,0.4005705000983707
1501,0.5051386969405463
1502,0.4906041415986315
1503,0.4138199975125999
1504,0.3764821749860009
1505,0.3778230338930306
1506,0.21794188360021055
1507,0.5060498368583805
1508,0.4673327231199844
1509,0.4681894910600142
1510,0.3014530491069615
1511,0.4790568723552402
1512,0.5675280684435678
1513,0.3720497304766656
1514,0.20368880168544798
1515,0.5941826691334897
1516,0.3948647970405397
1517,0.4847899259531853
1518,0.18989850767970087
1519,0.35964593008264123
1520,0.4652184199326623
1521,0.2561335262131437
1522,0.41819862002564856
1523,0.4217413231918882
1524,0.4070571188981842
1525,0.4985598484714425
1526,0.34476472496470345
1527,0.343075782153874
1528,0.6395981900866191
1529,0.4669285091257814
1530,0.4528822712287311
1531,0.35961565927824185
1532,0.4337168470418735
1533,0.3670175332567016
1534,0.4022204890279916
1535,0.383803759839899
1536,0.4023551505356979
1537,0.5041470155225157
1538,0.4627672640942245
1539,0.5252452358402389
1540,0.4302083262226855
1541,0.4765859730263584
1542,0.3755019526899217
1543,0.4076685529146443
1544,0.5059648922937549
1545,0.4212550826959037
1546,0.4297506622125715
1547,0.3668137703822234
1548,0.3555654445002436
1549,0.5081583266509925
1550,0.3704457854313405
1551,0.5928076689697508
1552,0.3317170026261497
1553,0.4549909834628236
1554,0.3302752406512389
1555,0.16943813795597426
1556,0.2700121214520723
1557,0.5054700080416232
1558,0.4762020707620336
1559,0.5047939934949955
1560,0.5034213994865723
1561,0.5438056264327485
1562,0.5126486238215864
1563,0.42202705241501576
1564,0.5456435601973593
1565,0.3516668724285489
1566,0.3605358273542028
1567,0.4781189142506332
1568,0.37419886847105815
1569,0.29186442025397824
1570,0.5408866189253735
1571,0.3369619965706909
1572,0.7015261121990508
1573,0.4521405072770789
1574,0.23639663102111702
1575,0.3447995892589315
1576,0.44763448676390827
1577,0.37933628818371934
1578,0.36607837376292857
1579,0.43759537834772383
1580,0.3520993660435437
1581,0.5570199465023739
1582,0.4789253105629887
1583,0.5039407651488704
1584,0.4480165912959599
1585,0.5449346007208853
1586,0.2733357741384015
1587,0.4133765182571805
1588,0.3971084128414029
1589,0.5518961825456944
1590,0.34612132715846394
1591,0.21986656057831236
1592,0.4191119440353794
1593,0.4943626711903759
1594,0.4224784124275313
1595,0.4998874216764063
1596,0.508255848103616
1597,0.4848293073847357
1598,0.25665733644028244
1599,0.3002584487047747
1600,0.3906826170262523
1601,0.3770072807474472
1602,0.2696290280481734
1603,0.4400949353053431
1604,0.4277096236955025
1605,0.4449432348573476
1606,0.4074503923522316
1607,0.3648683434577292
1608,0.4785171797286416
1609,0.5678783223062618
1610,0.5666112846142674
1611,0.26595030169859885
1612,0.5285292572065771
1613,0.4543910670999522
1614,0.3900807215529418
1615,0.3738331988964589
1616,0.3286860414359292
1617,0.4929513245511775
1618,0.4248722432891524
1619,0.5700828919988714
1620,0.2090983424012172
1621,0.2858830233140213
1622,0.4651744171915797
1623,0.2685063314422212
1624,0.3377433115279592
1625,0.3651915099218703
1626,0.3923282385207372
1627,0.5154680088327996
1628,0.3770041616151581
1629,0.2854499283213271
1630,0.4710289801462118
1631,0.1877907165276652
1632,0.49507943903334
1633,0.4460926847931226
1634,0.3936812549038475
1635,0.4448129000699844
1636,0.2523811386922832
1637,0.3078587898099998
1638,0.4145888931957976
1639,0.32626343231493193
1640,0.4133648064069061
1641,0.33960173577278496
1642,0.2965697323926538
1643,0.3477382444260874
1644,0.4886200149746246
1645,0.42183191684797455
1646,0.5673983228548031
1647,0.5064245901258319
1648,0.44637847963548793
1649,0.2717568833485283
1650,0.36080411773204224
1651,0.3010212802087492
1652,0.3641141611479092
1653,0.6100168582331842
1654,0.3585095238465201
1655,0.5161389567717962
1656,0.5759194190920929
1657,0.4524223622646946
1658,0.3412459611637884
1659,0.32837187335001883
1660,0.31642341902075954
1661,0.42791170586976174
1662,0.23906104711607495
1663,0.4471751856412505
1664,0.5221540781653359
1665,0.2710773103183471
1666,0.3825828611788133
1667,0.2847532122609744
1668,0.5734460254405176
1669,0.4499531845911468
1670,0.3007294295932372
1671,0.21695909079209275
1672,0.3844089467509247
1673,0.3562303307077818
1674,0.2425690815995907
1675,0.27672261402520737
1676,0.5674667639368284
1677,0.5367459303605058
1678,0.5462440370516879
1679,0.4126860406446313
1680,0.4447741290514486
1681,0.3185826448456409
1682,0.5028670863298529
1683,0.28555520940564144
1684,0.37901665150154135
1685,0.29380033465408145
1686,0.5322612046803482
1687,0.3871215727610686
1688,0.33783062311323914
1689,0.4441052058005634
1690,0.1848111854795005
1691,0.3774566068875268
1692,0.15876650859869884
1693,0.2241955987916797
1694,0.320290836625362
1695,0.2977074745414476
1696,0.30571108853033624
1697,0.3214359569489848
1698,0.39073687768594667
1699,0.4082300027789327
1700,0.4334542420002517
1701,0.698434937974777
1702,0.319670729117335
1703,0.4362695277290831
1704,0.4488784433987777
1705,0.4429661896576822
1706,0.5599997598280361
1707,0.4483677851518149
1708,0.3896159964407995
1709,0.31490306951397035
1710,0.3795667513902038
1711,0.2772139187390523
1712,0.3266554443734453
1713,0.4380218389636929
1714,0.4299765741871984
1715,0.3986177690922656
1716,0.3897020553067421
1717,0.4201426703354299
1718,0.3688422250524025
1719,0.2801308809010757
1720,0.5233539516611935
1721,0.5132880187001239
1722,0.3752838234316462
1723,0.2552368214574072
1724,0.3640308928058548
1725,0.3035717455845217
1726,0.3391630004347499
1727,0.441991042756671
1728,0.40715143689493305
1729,0.4707515225233925
1730,0.3102044542188521
1731,0.5342115684257039
1732,0.3591130091674422
1733,0.4668331515222219
1734,0.3475265175366017
1735,0.3499442983717774
1736,0.399540559378705
1737,0.3619540420788643
1738,0.4038049478953932
1739,0.32331148626139555
1740,0.355883914876926
1741,0.5143718174202079
1742,0.6108025917171102
1743,0.4874231931495295
1744,0.35067573570112714
1745,0.30651207717836665
1746,0.4764609713362637
1747,0.5122530973612339
1748,0.43144745558900377
1749,0.3121676733678941
1750,0.5022905318485887
1751,0.5406958621919548
1752,0.4271910677414773
1753,0.34767121984949395
1754,0.2581156198756279
1755,0.5379968406861247
1756,0.4176150186537989
1757,0.25987097797180764
1758,0.32297498526585466
1759,0.525970030320888
1760,0.5732082874857539
1761,0.31262813883721075
1762,0.34476368772510835
1763,0.4047852453602367
1764,0.41045786137850016
1765,0.3462958481822652
1766,0.4431798376105969
1767,0.3928687871236817
1768,0.2890960149007306
1769,0.5018958187581292
1770,0.3534696807377208
1771,0.4988453912148207
1772,0.3984924423086145
1773,0.4465003051307501
1774,0.1957728780842813
1775,0.3456710091170014
1776,0.2459397688575453
1777,0.4570366248181208
1778,0.4742149813687685
1779,0.4286043498240145
1780,0.4121261371657404
1781,0.4716858562560799
1782,0.632913665387553
1783,0.4690287811401737
1784,0.3975200832329807
1785,0.4937135618526933
1786,0.5876165652039865
1787,0.6287199880722432
1788,0.3965241734341327
1789,0.5630487061910692
1790,0.5128148631674795
1791,0.3952715818495121
1792,0.4065849906501497
1793,0.2482840643497649
1794,0.5695066670312754
1795,0.4982051194399975
1796,0.3238260451552311
1797,0.3652085902341958
1798,0.41498023479278745
1799,0.33271815766551555
1800,0.4034445032590573
1801,0.6222268999983829
1802,0.5594332906310664
1803,0.3832487371425767
1804,0.3036052386065421
1805,0.3115503435060321
1806,0.235540379017512
1807,0.4569761915305174
1808,0.3487569195818007
1809,0.4646967671582581
1810,0.4069354351152457
1811,0.20418487475487415
1812,0.4983378291874653
1813,0.46218075762501704
1814,0.5426030304549827
1815,0.4523979967586202
1816,0.2232232700692023
1817,0.4298624502858885
1818,0.4072741693175265
1819,0.360320652794074
1820,0.4151671426235964
1821,0.44002079245759707
1822,0.35969367317663803
1823,0.4079550229769591
1824,0.5022833786496871
1825,0.3717137478501549
1826,0.4615658605328085
1827,0.4684773301519221
1828,0.444334371915778
1829,0.4529887625141972
1830,0.392965980055141
1831,0.4585696364134302
1832,0.2759823382885456
1833,0.3808109035957461
1834,0.4077339594850768
1835,0.4664165164396841
1836,0.3102169668860804
1837,0.4238411859573042
1838,0.3328380486181857
1839,0.4988733405055925
1840,0.24751011486365795
1841,0.3410539528072751
1842,0.3169680620717233
1843,0.4676854324807114
1844,0.4437525965574271
1845,0.3776235790733201
1846,0.410077366962479
1847,0.5314090739084611
1848,0.4556881992362804
1849,0.36642876198857305
1850,0.3517649099557377
1851,0.4644757257966289
1852,0.3610600830911957
1853,0.472776493987257
1854,0.3195143437840292
1855,0.4185114129864351
1856,0.493074539574508
1857,0.43403114581136815
1858,0.4023079598360005
1859,0.4379739700091285
1860,0.3956910894706723
1861,0.3916643910416469
1862,0.4299885558618251
1863,0.6231253307069962
1864,0.493196867490665
1865,0.22881975139522145
1866,0.5892287962646451
1867,0.3757558704890968
1868,0.2961051058883311
1869,0.42921826422152426
1870,0.2794375871630864
1871,0.4221716110011988
1872,0.4962184181524744
1873,0.4490146111650529
1874,0.5547653274009156
1875,0.5076738192292667
1876,0.3913420881022877
1877,0.4885960047564765
1878,0.6133437252456703
1879,0.5540644126842719
1880,0.351273181600648
1881,0.4967918159860257
1882,0.33789533115346765
1883,0.4125628292563231
1884,0.3848168561809524
1885,0.5085125715608546
1886,0.5376461585193845
1887,0.4633345953202557
1888,0.3134312193635053
1889,0.2794398985955661
1890,0.3460052873605827
1891,0.5261359878404285
1892,0.5427616246965273
1893,0.317330448927283
1894,0.3966782412725587
1895,0.32049628547157644
1896,0.5332007427500414
1897,0.1914051621498061
1898,0.5123694672829932
1899,0.29810705688448075
1900,0.4091717642559604
1901,0.3376153595794041
1902,0.536162665481635
1903,0.4655296645453363
1904,0.377118444215692
1905,0.4309256774669685
1906,0.483801950494008
1907,0.4149233177990593
1908,0.347504050132225
1909,0.5638666350888332
1910,0.3564731616790782
1911,0.6730049680727153
1912,0.4074756997063188
1913,0.6221386052197809
1914,0.3571643015941845
1915,0.3200457879505629
1916,0.38866054783682813
1917,0.5136501258065963
1918,0.4970858218274072
1919,0.41383837197841467
1920,0.3351847418806197
1921,0.3818234682771656
1922,0.5276927080321047
1923,0.4226690973351523
1924,0.607393379041193
1925,0.4060799337271765
1926,0.2711530205727126
1927,0.4409479020368095
1928,0.20019978403902086
1929,0.28203064800247113
1930,0.4462443007291237
1931,0.4162966461877694
1932,0.3736285078626701
1933,0.3100192997921071
1934,0.4571549668176165
1935,0.4599118451827349
1936,0.2679638670672327
1937,0.4636771210065872
1938,0.4834163475425929
1939,0.4616443683568073
1940,0.4433526649659921
1941,0.3710260465508479
1942,0.3620006364167558
1943,0.3686660781497344
1944,0.2890520516196826
1945,0.32299835382095976
1946,0.2913639937370972
1947,0.5162116057532254
1948,0.4582366164083905
1949,0.2854035318123129
1950,0.5402996069722041
1951,0.32232894763689096
1952,0.3550595024644186
1953,0.63524232740498
1954,0.42924039545150905
1955,0.4166402671219275
1956,0.394058725602328
1957,0.3819546512335049
1958,0.5628597837365216
1959,0.3583056835555183
1960,0.4440098019770288
1961,0.2051840865478289
1962,0.3517294721155329
1963,0.3898474200249333
1964,0.3785478270305598
1965,0.3421152181027809
1966,0.6276971436771618
1967,0.3254429837678949
1968,0.358026002554834
1969,0.3486979253629255
1970,0.3494297481237379
1971,0.4773654596343485
1972,0.30236387571561485
1973,0.3689364306748539
1974,0.4280921530678174
1975,0.2978831763515638
1976,0.5023862893393257
1977,0.3023947478481553
1978,0.3724280277981629
1979,0.5411927013111373
1980,0.3543427800352773
1981,0.3539170429377313
1982,0.3334655962177832
1983,0.4940745068410308
1984,0.554259493768188
1985,0.5543508936594039
1986,0.4076555428273442
1987,0.3608687075524653
1988,0.3951712246076028
1989,0.28475059698732913
1990,0.1763601762579671
1991,0.4331078145081019
1992,0.5497970500929329
1993,0.3730990476100847
1994,0.5639661202305366
1995,0.4772511096896381
1996,0.41872239090922464
1997,0.3888620208723185
1998,0.4017514150779039
1999,0.3312900812986762
