,value_per_image
0,-10.72550771928432
1,-10.565333369760237
2,-10.643705404476835
3,-10.616491727678753
4,-10.512499250822216
5,-10.572077054760793
6,-10.620829943091904
7,-10.65774487160283
8,-10.735076495875141
9,-10.422516691033868
10,-10.434585757477693
11,-10.730298487250888
12,-10.676070795562874
13,-10.752774174647453
14,-10.691787666256557
15,-10.658971368876186
16,-10.733342969751543
17,-10.756978386542217
18,-10.661777770410486
19,-10.600595994117008
20,-10.669872789695367
21,-10.680055745989446
22,-10.638348579523146
23,-10.403983960740712
24,-10.730064817005493
25,-10.729993012973532
26,-10.592047400931227
27,-10.765513866508996
28,-10.735022950273024
29,-10.513183053280908
30,-10.623318098825393
31,-10.764047596566673
32,-10.655878039972169
33,-10.661706372283694
34,-10.712580550617881
35,-10.70608048286192
36,-10.692082955988703
37,-10.644908003470896
38,-10.791024170060187
39,-10.565255389718976
40,-10.661972227792804
41,-10.598365098087466
42,-10.260383554455071
43,-10.660470637508324
44,-10.567175619951223
45,-10.692599895686683
46,-10.712748369709288
47,-10.708778269606688
48,-10.633348271745241
49,-10.693530910281252
50,-10.730939079824848
51,-10.753149767495024
52,-10.70823985942796
53,-10.703781133445688
54,-10.537126728790328
55,-10.68863253098716
56,-10.664530828425764
57,-10.59984576605858
58,-10.643470254857027
59,-10.538293204738158
60,-10.715795656176669
61,-10.730141158549387
62,-10.651669153407358
63,-10.71451126534256
64,-10.65180469377509
65,-10.722951646179263
66,-10.655548974597744
67,-10.685593610554674
68,-10.6635149721575
69,-10.709991495881075
70,-10.684305756942404
71,-10.660069223897382
72,-10.615309153400233
73,-10.482914713789368
74,-10.733907711805367
75,-10.699664671885833
76,-10.745296633635624
77,-10.755832340913221
78,-10.576953485998887
79,-10.621834270670234
80,-10.470210876842382
81,-10.646681245898687
82,-10.663174174113708
83,-10.530517924791566
84,-10.537953905049713
85,-10.640914579229436
86,-10.695940185753413
87,-10.719384241413293
88,-10.752532803554683
89,-10.636918039417452
90,-10.688960755125617
91,-10.686681809611278
92,-10.644590640040708
93,-10.68216840896766
94,-10.706185699228703
95,-10.722389987690828
96,-10.619169014020793
97,-10.782821282781676
98,-10.724280628123934
99,-10.659847687095388
100,-10.750148636572149
101,-10.766461236456802
102,-10.713176312121913
103,-10.566650309005373
104,-10.599039723346225
105,-10.569655857047833
106,-10.640940364737672
107,-10.636121717713124
108,-10.719881811224024
109,-10.783024343305595
110,-10.774335367148108
111,-10.555164606093326
112,-10.586988051476537
113,-10.618502515724158
114,-10.675849134175113
115,-10.707184658777008
116,-10.750621310140524
117,-10.618821121302089
118,-10.710985568011006
119,-10.655965235071642
120,-10.696278723660246
121,-10.469143688588863
122,-10.645157752111784
123,-10.75142430761685
124,-10.473718866419546
125,-10.553452619444883
126,-10.647461902047183
127,-10.597851106223127
128,-10.660193299563392
129,-10.493143865682283
130,-10.66058743252358
131,-10.626516868558717
132,-10.610641301280758
133,-10.700183756055852
134,-10.751604398146648
135,-10.551230535071825
136,-10.635833919702412
137,-10.647375616293967
138,-10.710991653864212
139,-10.606688218436947
140,-10.430700913258582
141,-10.586862142682307
142,-10.49827666540201
143,-10.662378257112499
144,-10.471974125789764
145,-10.686216620915094
146,-10.677564889422113
147,-10.655679031425775
148,-10.724980390435006
149,-10.627211966273359
150,-10.728752822319018
151,-10.571400162359671
152,-10.657095618786178
153,-10.71959926665393
154,-10.743494787666448
155,-10.658946817934446
156,-10.523344972720126
157,-10.741659569784408
158,-10.480300462762893
159,-10.396177439189
160,-10.327549831650984
161,-10.532153197858387
162,-10.759770114385805
163,-10.698452995920787
164,-10.75630721148057
165,-10.652285845377508
166,-10.461819922721004
167,-10.719363506422138
168,-10.739759683060663
169,-10.721507026335797
170,-10.779939555503166
171,-10.745600318434954
172,-10.39831252327782
173,-10.534550788129131
174,-10.710898829671644
175,-10.76358826934585
176,-10.680924246264553
177,-10.741483190116506
178,-10.455321116206582
179,-10.729672089818322
180,-10.664521358227418
181,-10.602647293627387
182,-10.590927177824634
183,-10.730828078602645
184,-10.565816593340848
185,-10.55712786523026
186,-10.758172589048543
187,-10.70843237476673
188,-10.433998334389027
189,-10.642782510373829
190,-10.688772370948817
191,-10.699818614867054
192,-10.60372579409972
193,-10.67739129436374
194,-10.555101571162409
195,-10.693844941881007
196,-10.58204763425
197,-10.455050026116863
198,-10.715645841241473
199,-10.639783997203935
200,-10.676970560665566
201,-10.756145507170473
202,-10.661584161356195
203,-10.686927789337004
204,-10.651690042347402
205,-10.586459447769313
206,-10.641707737645287
207,-10.618021309941756
208,-10.677107448395477
209,-10.328226739882892
210,-10.732362006660276
211,-10.514223476116866
212,-10.59937827680031
213,-10.281284011468301
214,-10.576867829431784
215,-10.521563989028085
216,-10.644580436339206
217,-10.443613677865544
218,-10.638773467568411
219,-10.638536054645638
220,-10.635491086057714
221,-10.671045480455858
222,-10.62186777599142
223,-10.641161685711316
224,-10.696681408818804
225,-10.352527662474897
226,-10.558598855354157
227,-10.649026307088867
228,-10.603930323296067
229,-10.581016577942084
230,-10.692418267162166
231,-10.733588946229936
232,-10.744376545446285
233,-10.672467746117011
234,-10.770237925216763
235,-10.55424133568084
236,-10.708060465883756
237,-10.574502320721523
238,-10.632521828614475
239,-10.764540064403903
240,-10.615486441420797
241,-10.742692528084692
242,-10.689521258361257
243,-10.776334762793269
244,-10.742208137700144
245,-10.74982580499228
246,-10.743234648264599
247,-10.644804646919471
248,-10.471574610578726
249,-10.691694570040118
250,-10.755361260121115
251,-10.43265052895544
252,-10.530543323966477
253,-10.750289684705157
254,-10.630711442974146
255,-10.491329194914915
256,-10.679669906896939
257,-10.731885375353183
258,-10.541895628358708
259,-10.614093047478534
260,-10.741032926975153
261,-10.55391551083526
262,-10.69136330016107
263,-10.717715605745877
264,-10.664594250342589
265,-10.64894524081454
266,-10.763493083915174
267,-10.640059659055787
268,-10.610436861579641
269,-10.706087726270257
270,-10.708206811762665
271,-10.624744764559598
272,-10.673173297433618
273,-10.656373093743571
274,-10.714617157329757
275,-10.747361390720673
276,-10.64666936161993
277,-10.790443138878443
278,-10.666190193887672
279,-10.783729624931734
280,-10.473195340266514
281,-10.69594378817065
282,-10.583388229188808
283,-10.438930151783099
284,-10.617002441133671
285,-10.608964613266783
286,-10.508111856148592
287,-10.654629432621393
288,-10.69769375536286
289,-10.730344564715864
290,-10.71053134327779
291,-10.585635796835387
292,-10.709106973640989
293,-10.696617316296763
294,-10.621687088430347
295,-10.73329176627616
296,-10.685563373448764
297,-10.683824321093716
298,-10.503395248340539
299,-10.470499382438925
300,-10.669966623407957
301,-10.701087422102333
302,-10.72820150053691
303,-10.702853439000275
304,-10.527776673554033
305,-10.689071310340983
306,-10.554938091040656
307,-10.720320478615768
308,-10.668594273104777
309,-10.670394540412154
310,-10.762233547424149
311,-10.752981006997707
312,-10.68839206182333
313,-10.741252730920673
314,-10.653186023262712
315,-10.66700333932194
316,-10.564991375392733
317,-10.716543575254132
318,-10.717559903655529
319,-10.734199902412756
320,-10.419977787606513
321,-10.61678965313606
322,-10.641261059117438
323,-10.466386862306047
324,-10.726777716964511
325,-10.580674814696302
326,-10.639293941336813
327,-10.724582755235039
328,-10.629220314615557
329,-10.715828908470293
330,-10.720595254996992
331,-10.599950458824193
332,-10.525143178805312
333,-10.683126570935812
334,-10.700660612651207
335,-10.372241240639967
336,-10.761195588302837
337,-10.508434361436425
338,-10.50203353236841
339,-10.391183765302623
340,-10.681561726271841
341,-10.483406203501737
342,-10.70364828780201
343,-10.760546545543528
344,-10.635390788669039
345,-10.392566416525248
346,-10.656972407675632
347,-10.683750327832877
348,-10.727839273103685
349,-10.64460790867413
350,-10.716082498950572
351,-10.774212681164796
352,-10.746557577949662
353,-10.487896816572574
354,-10.767235122631831
355,-10.60217351678454
356,-10.592384535611512
357,-10.541752904807977
358,-10.558196750734801
359,-10.740921274493397
360,-10.602728592656687
361,-10.51881845603407
362,-10.724439559412524
363,-10.7376362989734
364,-10.674144606252913
365,-10.742061117061946
366,-10.73415135958699
367,-10.713247598935908
368,-10.72630752702184
369,-10.637330853497776
370,-10.71270598164965
371,-10.628514383607891
372,-10.731009843585696
373,-10.719382106070247
374,-10.775168649878838
375,-10.573963739837929
376,-10.754854941306169
377,-10.659550890169275
378,-10.542472721068856
379,-10.482789680152584
380,-10.668047319053533
381,-10.726915909569655
382,-10.75490866106146
383,-10.738437138249399
384,-10.729025134296279
385,-10.643737728977534
386,-10.775636329852217
387,-10.640959716322408
388,-10.655340047944922
389,-10.688902121252617
390,-10.620173293114265
391,-10.732974433124822
392,-10.682841811604732
393,-10.655989129573774
394,-10.698412567637806
395,-10.470828677170196
396,-10.55356883943704
397,-10.427489521875833
398,-10.706817119444812
399,-10.574029210033574
400,-10.600834475035557
401,-10.784523819644724
402,-10.740309569151616
403,-10.555355191266932
404,-10.607087704352306
405,-10.557118739109823
406,-10.566554030733851
407,-10.761906674554956
408,-10.502719387903124
409,-10.708852443576008
410,-10.616254127468713
411,-10.61795752137445
412,-10.515948796099817
413,-10.675649451398243
414,-10.725017928412884
415,-10.734688234063308
416,-10.726013779672039
417,-10.670772042370784
418,-10.719330898004003
419,-10.628495112781936
420,-10.52420093034691
421,-10.507810290520784
422,-10.717539798976343
423,-10.493472211631648
424,-10.706877920633069
425,-10.700259631876822
426,-10.673954848784245
427,-10.64049368774103
428,-10.693998825789688
429,-10.696776092332938
430,-10.634581347436967
431,-10.734568757706072
432,-10.503144215967772
433,-10.75238782949605
434,-10.723939146265666
435,-10.382934483179085
436,-10.501431756754103
437,-10.64328391157228
438,-10.514220745913153
439,-10.651492733247867
440,-10.657177132504977
441,-10.735191665432033
442,-10.742360539042721
443,-10.606847836583325
444,-10.72086506389674
445,-10.68013262645516
446,-10.658667571793735
447,-10.725937009826394
448,-10.32486369740306
449,-10.677914976521732
450,-10.61461373614119
451,-10.797748470201089
452,-10.451200178855405
453,-10.467313923020242
454,-10.59770991535077
455,-10.757914691831326
456,-10.775781842464971
457,-10.595208890951325
458,-10.552979170139439
459,-10.458365253406788
460,-10.724230075054274
461,-10.706221834268007
462,-10.749343489283456
463,-10.602612617598842
464,-10.739820064527748
465,-10.432537940913212
466,-10.640429344269698
467,-10.561638949549707
468,-10.594939746911264
469,-10.713954544535916
470,-10.685875016094833
471,-10.508319092984395
472,-10.660291232578645
473,-10.73322839354255
474,-10.641864544878773
475,-10.643370241396976
476,-10.71481067281024
477,-10.514671954779306
478,-10.758620823696539
479,-10.701759238782417
480,-10.629290650719572
481,-10.694528871402573
482,-10.714790991650094
483,-10.608850961879812
484,-10.719785980461026
485,-10.649347655463243
486,-10.752329543736984
487,-10.737415360574008
488,-10.716296896272091
489,-10.737653645604453
490,-10.653025867538078
491,-10.53313924364107
492,-10.72054594774532
493,-10.740496482895377
494,-10.68619275032265
495,-10.734227026736523
496,-10.627379695707369
497,-10.695957840950284
498,-10.754549487633534
499,-10.54506942738773
500,-10.705239547727931
501,-10.687260676486646
502,-10.695510031811548
503,-10.772506511609835
504,-10.745644582137272
505,-10.663040738538534
506,-10.672599273822511
507,-10.328147106472489
508,-10.641877207473481
509,-10.68681645588372
510,-10.572631825885091
511,-10.740041416235977
512,-10.76348954175074
513,-10.745602710531113
514,-10.714082823707688
515,-10.656052750425037
516,-10.647939809146486
517,-10.635798547326793
518,-10.673655595251486
519,-10.715230859611662
520,-10.608095172992346
521,-10.704593376272218
522,-10.688761666532322
523,-10.7507759430363
524,-10.733651584287893
525,-10.698736365726036
526,-10.685496761219131
527,-10.577489164488847
528,-10.47243708607165
529,-10.609491259953435
530,-10.71125421095987
531,-10.659966060757784
532,-10.697701793436604
533,-10.614526121888412
534,-10.59170467589081
535,-10.757889024651858
536,-10.452157007808317
537,-10.657124615573363
538,-10.738935365822575
539,-10.691512330004775
540,-10.764128580335257
541,-10.559720061970557
542,-10.616090441216157
543,-10.73646766389246
544,-10.644903204729145
545,-10.66258815567566
546,-10.740001936852432
547,-10.710364021981551
548,-10.325640209825577
549,-10.72379443505811
550,-10.763713895439142
551,-10.783573861677823
552,-10.713375237609753
553,-10.717941745294498
554,-10.510476529326107
555,-10.721777788301132
556,-10.607293549387414
557,-10.716845242433843
558,-10.727561816282037
559,-10.763868405755892
560,-10.743504173871536
561,-10.666888900356284
562,-10.772009225371397
563,-10.520186084421864
564,-10.619210183748127
565,-10.580570401109904
566,-10.567650963357798
567,-10.752490071184974
568,-10.72539971370067
569,-10.759107989487495
570,-10.502375475010146
571,-10.722726814561199
572,-10.687851776092383
573,-10.750439468564633
574,-10.532579441229778
575,-10.498037821108348
576,-10.70025384979306
577,-10.670572224489376
578,-10.57259153247089
579,-10.631412822163687
580,-10.732915952124745
581,-10.532096459800632
582,-10.53267784869476
583,-10.662506703175064
584,-10.542815380981292
585,-10.730374028310257
586,-10.67871046779288
587,-10.68433450258009
588,-10.647089862067094
589,-10.150718489064332
590,-10.74885913070767
591,-10.686521251275474
592,-10.687596211233554
593,-10.739737212889526
594,-10.572877058532672
595,-10.5432528965825
596,-10.574975702961199
597,-10.593706953491333
598,-10.726699169160787
599,-10.699505239237958
600,-10.581958474497199
601,-10.704112261399057
602,-10.75276447956676
603,-10.713009053492963
604,-10.752869088863173
605,-10.731609542381534
606,-10.663198231792553
607,-10.611599785312093
608,-10.274088292852658
609,-10.574962359605609
610,-10.715964291083306
611,-10.546274558030364
612,-10.695556210597514
613,-10.644876994733568
614,-10.523827007228624
615,-10.715249154526925
616,-10.667567875359312
617,-10.61322812546917
618,-10.706170013499749
619,-10.73228839563833
620,-10.715457257238134
621,-10.749290583447316
622,-10.735113294905467
623,-10.667466299599019
624,-10.755187673595374
625,-10.513809525231043
626,-10.743011991395306
627,-10.345089080555974
628,-10.60816715461763
629,-10.64217856247548
630,-10.686721983280052
631,-10.614613057939122
632,-10.568407339439947
633,-10.596018049407702
634,-10.592178719234095
635,-10.766761141229932
636,-10.609014131941683
637,-10.726052240468796
638,-10.771675822928698
639,-10.666524121098119
640,-10.642332944219698
641,-10.700900098148287
642,-10.679133929794613
643,-10.681855722725707
644,-10.718101549719817
645,-10.630466697815613
646,-10.730639654990464
647,-10.646042681286305
648,-10.594411727844527
649,-10.500469155711453
650,-10.720542097910148
651,-10.707492459621005
652,-10.605986363434377
653,-10.614391870123086
654,-10.735644656849962
655,-10.731555966143796
656,-10.656910071356608
657,-10.682325099209628
658,-10.637842486501
659,-10.762771958712811
660,-10.487663439091623
661,-10.701314783786168
662,-10.718360027328202
663,-10.587918547019312
664,-10.744977506083996
665,-10.776711420006642
666,-10.705881966891699
667,-10.648212006770695
668,-10.572898946021509
669,-10.592818507800176
670,-10.741702540132778
671,-10.738953163110123
672,-10.728197499109204
673,-10.693595103527608
674,-10.529785070524724
675,-10.500546736293096
676,-10.581064384779982
677,-10.679157908859107
678,-10.690836415406151
679,-10.594225646487015
680,-10.674274291102066
681,-10.662719222521797
682,-10.63955971866932
683,-10.644505056884901
684,-10.744864434594524
685,-10.593868528242822
686,-10.723545097049435
687,-10.624330619522805
688,-10.697768010249494
689,-10.723709312530502
690,-10.695534899374511
691,-10.63219752130817
692,-10.689058690290677
693,-10.732774485518258
694,-10.617180245747727
695,-10.75054508604143
696,-10.70347493850156
697,-10.599160537830429
698,-10.457184588756087
699,-10.670948971168537
700,-10.707775435354245
701,-10.755308962559788
702,-10.616246315937827
703,-10.651011572197524
704,-10.579935107854322
705,-10.600896650816775
706,-10.611241775499145
707,-10.717328249182186
708,-10.729245522484792
709,-10.548780221758637
710,-10.688107990148092
711,-10.747188887797948
712,-10.754598656012364
713,-10.691950493086006
714,-10.67274721777714
715,-10.553400495131227
716,-10.460401688448544
717,-10.652973785455826
718,-10.748995520972052
719,-10.772760197008214
720,-10.289743155210227
721,-10.711515462474733
722,-10.688838393386193
723,-10.705762353783928
724,-10.78103414654928
725,-10.543148155831425
726,-10.535159986070044
727,-10.365916747972843
728,-10.42683812253917
729,-10.46945946248581
730,-10.503104512362944
731,-10.723589480793283
732,-10.69082236089722
733,-10.691460543710637
734,-10.524743417458652
735,-10.39631426605909
736,-10.75182821187457
737,-10.64625527175524
738,-10.608040935726043
739,-10.722159367926944
740,-10.691514569003996
741,-10.654537947616626
742,-10.725647658058325
743,-10.740888355046975
744,-10.528572288038818
745,-10.690470843534893
746,-10.656614011257725
747,-10.675506050873782
748,-10.370613766960734
749,-10.7506538660241
750,-10.684792197354577
751,-10.717694798460917
752,-10.749335798169351
753,-10.71159769720493
754,-10.709649839987575
755,-10.576656757954579
756,-10.530953451289047
757,-10.611741131974533
758,-10.686664374929606
759,-10.735970819377028
760,-10.536512711700556
761,-10.672859757254232
762,-10.473399242591633
763,-10.655088592807656
764,-10.599010135256222
765,-10.71689378550106
766,-10.562406121237848
767,-10.760242707471392
768,-10.756720400930181
769,-10.740669836823974
770,-10.394304732748038
771,-10.634981236260172
772,-10.659915820625214
773,-10.621379937323754
774,-10.686855930399627
775,-10.702101194068883
776,-10.698591928906547
777,-10.636992332934717
778,-10.626508726516725
779,-10.764532513250003
780,-10.487727365981156
781,-10.708534330177152
782,-10.495812979949116
783,-10.723587758461706
784,-10.655616272513473
785,-10.610874726994748
786,-10.753050177347689
787,-10.695435150331337
788,-10.749358896397975
789,-10.227158841307066
790,-10.614157492731602
791,-10.689303887982307
792,-10.581951839825564
793,-10.622919520058492
794,-10.662694469320565
795,-10.61715776264256
796,-10.73257349352297
797,-10.723371653597793
798,-10.587127504623183
799,-10.786630180215653
800,-10.725417448441947
801,-10.53176993498032
802,-10.634211462609588
803,-10.753565312588897
804,-10.524022938390262
805,-10.774403803707813
806,-10.66587106992606
807,-10.735366501932326
808,-10.529426364034494
809,-10.487087223877984
810,-10.695868580690698
811,-10.589418029533636
812,-10.675579083934805
813,-10.685307316725586
814,-10.491258521748266
815,-10.502591489588301
816,-10.687487860338374
817,-10.604737078759094
818,-10.630352003353146
819,-10.617149158920627
820,-10.57802354844307
821,-10.703551577198073
822,-10.636492752378928
823,-10.683301607114796
824,-10.467044884523967
825,-10.652003891153486
826,-10.602805066983287
827,-10.750377541179764
828,-10.482748528314335
829,-10.675292285525444
830,-10.778557709769707
831,-10.697681848776273
832,-10.732051673237304
833,-10.61404503275048
834,-10.747244129911802
835,-10.741911962734807
836,-10.59620894261111
837,-10.563951969210382
838,-10.678052543027444
839,-10.731788511743623
840,-10.604492621740897
841,-10.529971109950477
842,-10.704625353256766
843,-10.64878965676163
844,-10.714717865070243
845,-10.46128510228292
846,-10.755175461301327
847,-10.44797817352802
848,-10.730740732322529
849,-10.721989585919626
850,-10.608013432494928
851,-10.746229444641711
852,-10.771364053824044
853,-10.525782157629786
854,-10.690044179701768
855,-10.47086754736044
856,-10.585172517162453
857,-10.689648542806276
858,-10.580748122163644
859,-10.684796989745923
860,-10.75081538373405
861,-10.616329487078128
862,-10.708897928134506
863,-10.759038378837063
864,-10.73244574500501
865,-10.427363787686597
866,-10.556407396786447
867,-10.691142093817414
868,-10.514821268551065
869,-10.44660051304208
870,-10.756857134405461
871,-10.657229988749037
872,-10.723114435389887
873,-10.712823620795136
874,-10.780731586942622
875,-10.656506895106544
876,-10.634999965360137
877,-10.635783413437565
878,-10.736345439972276
879,-10.745678865540397
880,-10.768989498332543
881,-10.4368551762734
882,-10.588284485584811
883,-10.544379643682657
884,-10.557773512800528
885,-10.662335328794306
886,-10.68905575863863
887,-10.722739067586073
888,-10.566687044085024
889,-10.711390710952944
890,-10.72210709397666
891,-10.555668755981404
892,-10.741062117027251
893,-10.694005624610512
894,-10.7457259465347
895,-10.507424792033415
896,-10.702139928183561
897,-10.770858770991529
898,-10.706195005430684
899,-10.465150988822897
900,-10.55502652143166
901,-10.519692950078516
902,-10.59512443152028
903,-10.4722948170094
904,-10.748141715899001
905,-10.698336252519317
906,-10.631758893038633
907,-10.533712794207766
908,-10.632499707959918
909,-10.591549400996367
910,-10.748813615329578
911,-10.705775199663712
912,-10.698265813904603
913,-10.642457946458443
914,-10.662447027113496
915,-10.649651835303864
916,-10.456517393476588
917,-10.579323813612556
918,-10.736853778108632
919,-10.722524851708123
920,-10.499920977082366
921,-10.702382247441397
922,-10.423622101898141
923,-10.635463063864014
924,-10.488931093931756
925,-10.600969209415485
926,-10.476446772082307
927,-10.645336974036722
928,-10.642259872340663
929,-10.66702624582316
930,-10.597960741765306
931,-10.6702438061036
932,-10.58957441610916
933,-10.619126898077313
934,-10.684249675309236
935,-10.61839614366887
936,-10.715119983604136
937,-10.643416086591019
938,-10.715492822234047
939,-10.721516902340657
940,-10.72186495878316
941,-10.74728925393731
942,-10.771566373384086
943,-10.623652448154925
944,-10.705121085957606
945,-10.658645270225087
946,-10.346361919156898
947,-10.328816970933419
948,-10.68561371743858
949,-10.582882234592589
950,-10.698037745879619
951,-10.566686140116623
952,-10.75042616812132
953,-10.622210095185537
954,-10.624861105213425
955,-10.752664747412302
956,-10.59722488470257
957,-10.642821688870253
958,-10.4147126684084
959,-10.690738738487504
960,-10.724991497567439
961,-10.646280391265943
962,-10.711580963522547
963,-10.689713387109133
964,-10.555538412773414
965,-10.768939315020509
966,-10.62595565641545
967,-10.692964492341504
968,-10.645663955387251
969,-10.648656608456392
970,-10.485415532159475
971,-10.718807497188996
972,-10.592474703721956
973,-10.62865639165344
974,-10.681389314558864
975,-10.724218936942172
976,-10.6786739218089
977,-10.698912273442431
978,-10.753394790433905
979,-10.63884695885308
980,-10.672230631510102
981,-10.621605174058631
982,-10.76536066950512
983,-10.594089301694023
984,-10.511559394716931
985,-10.743031137292542
986,-10.618819792902581
987,-10.761793448332591
988,-10.657413374988515
989,-10.578640504448288
990,-10.67991809588969
991,-10.625768026467735
992,-10.749892238840296
993,-10.63198712988081
994,-10.466615070067363
995,-10.58897531457634
996,-10.618818811964443
997,-10.494218545544097
998,-10.618499998706152
999,-10.492343615559198
1000,-10.545531692649961
1001,-10.709972008337123
1002,-10.658057880118225
1003,-10.71688327190032
1004,-10.765764736651148
1005,-10.726655176818037
1006,-10.723121778205496
1007,-10.576129914042676
1008,-10.610644347456274
1009,-10.577922758465956
1010,-10.570206824320806
1011,-10.634487318019195
1012,-10.696026406479632
1013,-10.772322434003025
1014,-10.688401824572194
1015,-10.466277220967674
1016,-10.730071970613947
1017,-10.617486598787687
1018,-10.576209314372244
1019,-10.613558791262172
1020,-10.5721106332089
1021,-10.723246890577142
1022,-10.609220356363233
1023,-10.64709342149604
1024,-10.715936804935287
1025,-10.652375444614217
1026,-10.56113720428657
1027,-10.749855394118505
1028,-10.65100134630615
1029,-10.643062406698338
1030,-10.612699704509513
1031,-10.732404342585305
1032,-10.499435219574062
1033,-10.635388798010213
1034,-10.590009207744997
1035,-10.620713034547762
1036,-10.630716030989289
1037,-10.370685200963877
1038,-10.71262434758756
1039,-10.639977056643461
1040,-10.663107875847237
1041,-10.628172678939373
1042,-10.602466636766462
1043,-10.656167243363557
1044,-10.632414014835057
1045,-10.563650634128972
1046,-10.707233117451297
1047,-10.58006182086662
1048,-10.658086398186342
1049,-10.690212547508429
1050,-10.6134939090313
1051,-10.583217990546713
1052,-10.703453486274427
1053,-10.62579923455356
1054,-10.630209270294419
1055,-10.739240648886383
1056,-10.69409403435303
1057,-10.707634040602668
1058,-10.737796402852327
1059,-10.536272690264065
1060,-10.620446666288325
1061,-10.501661874518868
1062,-10.738785825834007
1063,-10.687265645413033
1064,-10.699310199624248
1065,-10.684730560804386
1066,-10.581866685038577
1067,-10.746788055615463
1068,-10.626758687739905
1069,-10.719610393483483
1070,-10.683776989762064
1071,-10.749601159449256
1072,-10.708942920252529
1073,-10.641527428495476
1074,-10.740625266894574
1075,-10.616666277236993
1076,-10.532696534760307
1077,-10.748768144195138
1078,-10.46418569274384
1079,-10.691368527205233
1080,-10.728895359204476
1081,-10.699428493252867
1082,-10.527046947927683
1083,-10.639377909281938
1084,-10.68723664296424
1085,-10.618235288356306
1086,-10.631422385845244
1087,-10.592135173338804
1088,-10.616553182143589
1089,-10.731243779054127
1090,-10.759666569701489
1091,-10.615647999622093
1092,-10.719347581660397
1093,-10.622027034630044
1094,-10.701816535376178
1095,-10.704289892084153
1096,-10.73374418388586
1097,-10.684198185470963
1098,-10.761724749595185
1099,-10.76601912100441
1100,-10.726979635854406
1101,-10.679737773917322
1102,-10.676555760463787
1103,-10.425682663042943
1104,-10.675087082289917
1105,-10.623444020632013
1106,-10.583939108635807
1107,-10.62656924384115
1108,-10.469944418673151
1109,-10.466441438296352
1110,-10.7448250660824
1111,-10.753118531335273
1112,-10.743777361055772
1113,-10.773871333944907
1114,-10.443654621591934
1115,-10.68717679422198
1116,-10.7239777183387
1117,-10.649842431105927
1118,-10.710553186959473
1119,-10.61869041092904
1120,-10.65539951804206
1121,-10.78760660860984
1122,-10.556052884436038
1123,-10.713087924515259
1124,-10.549879468745736
1125,-10.530449524546123
1126,-10.755258659284236
1127,-10.438816205235607
1128,-10.524582049954336
1129,-10.5903493205966
1130,-10.540628971266317
1131,-10.674802334370359
1132,-10.640974888487555
1133,-10.553302220129966
1134,-10.616075759014727
1135,-10.417458059909462
1136,-10.765575916080198
1137,-10.713623870018461
1138,-10.730230756358663
1139,-10.664321538677926
1140,-10.723531150472152
1141,-10.59709338869479
1142,-10.705025747190886
1143,-10.727063132283682
1144,-10.644616699794547
1145,-10.6420786779479
1146,-10.663606337460411
1147,-10.764034048267536
1148,-10.575221036500585
1149,-10.75613469072702
1150,-10.638264644203716
1151,-10.42319762476274
1152,-10.507390570448127
1153,-10.727423356760905
1154,-10.502780447612638
1155,-10.685141326647184
1156,-10.507710513976335
1157,-10.725441853877124
1158,-10.776431198966101
1159,-10.730950710376217
1160,-10.663035779665703
1161,-10.67419740801306
1162,-10.74681015907559
1163,-10.686157230524797
1164,-10.70787847113345
1165,-10.589159144300154
1166,-10.791740769258368
1167,-10.746158911751987
1168,-10.584407023354467
1169,-10.745861069110378
1170,-10.536772120124043
1171,-10.644397524511767
1172,-10.433392482288136
1173,-10.728366253810243
1174,-10.753674325308086
1175,-10.47802004513708
1176,-10.716007664297807
1177,-10.581813145589127
1178,-10.754793588652433
1179,-10.733490566298892
1180,-10.663478464747122
1181,-10.54362114397469
1182,-10.545882398666643
1183,-10.467660467228832
1184,-10.718323683455765
1185,-10.746556583338645
1186,-10.632653437418512
1187,-10.594658694043918
1188,-10.753939779524817
1189,-10.68499830419033
1190,-10.719364835711412
1191,-10.599816042587188
1192,-10.760061030595326
1193,-10.68077767667676
1194,-10.71894907347372
1195,-10.607638472784167
1196,-10.537163401421939
1197,-10.720397962991552
1198,-10.760594064205137
1199,-10.382909048029669
1200,-10.740401120874582
1201,-10.509385824770902
1202,-10.743215780173246
1203,-10.611510148625916
1204,-10.748237467315946
1205,-10.685064185796245
1206,-10.556668987415046
1207,-10.647803304204585
1208,-10.633904749637843
1209,-10.743543125267568
1210,-10.736480539708797
1211,-10.673881491417859
1212,-10.724925173766326
1213,-10.623210234750774
1214,-10.725305764871342
1215,-10.745811056483603
1216,-10.698799408371126
1217,-10.683699626638424
1218,-10.392176950908317
1219,-10.626168404190906
1220,-10.67517377302261
1221,-10.732085722142221
1222,-10.426727071897746
1223,-10.675483082667174
1224,-10.694756816063725
1225,-10.682576351920694
1226,-10.371221882369523
1227,-10.760278342860703
1228,-10.520379980150825
1229,-10.693672596121363
1230,-10.6915071355058
1231,-10.768987291786717
1232,-10.592032766734654
1233,-10.372342534265837
1234,-10.617554157699054
1235,-10.536698872569424
1236,-10.557149194290652
1237,-10.560100583483855
1238,-10.713549191020359
1239,-10.66192607424497
1240,-10.471969518644881
1241,-10.603408041277502
1242,-10.680802526754103
1243,-10.606447864091434
1244,-10.478548768982797
1245,-10.732257524218028
1246,-10.75662400563519
1247,-10.745335911969137
1248,-10.47268257926294
1249,-10.702944655411994
1250,-10.494232311336383
1251,-10.742302609899344
1252,-10.723533219711669
1253,-10.527334324551074
1254,-10.706270947332687
1255,-10.402384895532165
1256,-10.744492622079177
1257,-10.749153095675117
1258,-10.651118911153358
1259,-10.628942426323839
1260,-10.56336225441691
1261,-10.716556900276109
1262,-10.680988825093328
1263,-10.77711881384438
1264,-10.623715922289216
1265,-10.426415867840099
1266,-10.71321116982982
1267,-10.734312520671207
1268,-10.790347353574477
1269,-10.63164596268732
1270,-10.729774124196624
1271,-10.559030780632915
1272,-10.69280165381592
1273,-10.706227626034046
1274,-10.565104280738293
1275,-10.73983754389425
1276,-10.706270598979428
1277,-10.454340221742072
1278,-10.56239301991615
1279,-10.698142787832602
1280,-10.740584357172997
1281,-10.636050503994717
1282,-10.663242421677179
1283,-10.73406148446708
1284,-10.682863302123367
1285,-10.759204140865258
1286,-10.739410159129553
1287,-10.712832721173251
1288,-10.633099976607788
1289,-10.613426663999087
1290,-10.622418123439
1291,-10.646106990911301
1292,-10.691195970376338
1293,-10.752442061765478
1294,-10.75391155878102
1295,-10.705428401046847
1296,-10.740166333144625
1297,-10.618494444939449
1298,-10.689722266011335
1299,-10.608554992692474
1300,-10.721775276812213
1301,-10.748095579236631
1302,-10.688750345369494
1303,-10.7035508467393
1304,-10.689221294677658
1305,-10.758400739986978
1306,-10.609487856889118
1307,-10.719096795736082
1308,-10.433106514914416
1309,-10.618308031806007
1310,-10.780163885733604
1311,-10.753502761424585
1312,-10.62130604892592
1313,-10.705027110316834
1314,-10.693055591103773
1315,-10.664580395296422
1316,-10.587949182118972
1317,-10.708130374652539
1318,-10.775995111279476
1319,-10.757814849928717
1320,-10.570476771096207
1321,-10.73110987087002
1322,-10.66015749572698
1323,-10.7259189504832
1324,-10.636883100473279
1325,-10.681912008424137
1326,-10.71161220917632
1327,-10.682000128283061
1328,-10.665401306161344
1329,-10.712843803434495
1330,-10.563283347949907
1331,-10.76017534238635
1332,-10.60088078933091
1333,-10.379641122054068
1334,-10.712532007448944
1335,-10.671319473595066
1336,-10.610507508077227
1337,-10.716380431462005
1338,-10.584939744504174
1339,-10.738048479301602
1340,-10.643285775398144
1341,-10.658295914924604
1342,-10.512767787563424
1343,-10.636346816951864
1344,-10.693262744808251
1345,-10.706957260299266
1346,-10.66227848441132
1347,-10.691385444499037
1348,-10.553900683712792
1349,-10.713656142694543
1350,-10.636431784210462
1351,-10.610204878967322
1352,-10.733263298578931
1353,-10.594718090698949
1354,-10.767939345278485
1355,-10.599651629146527
1356,-10.620077080586773
1357,-10.746332006176159
1358,-10.717215124906557
1359,-10.736903507586488
1360,-10.559187461679006
1361,-10.61579090880057
1362,-10.703207695835426
1363,-10.483837684690453
1364,-10.572448061128435
1365,-10.54144104298035
1366,-10.725713690774342
1367,-10.757153444587304
1368,-10.72182522181974
1369,-10.738941745599131
1370,-10.383632404237758
1371,-10.584111220425036
1372,-10.517010459010027
1373,-10.642633837463633
1374,-10.593739024921213
1375,-10.600817375394504
1376,-10.64950195424486
1377,-10.463980024787686
1378,-10.641723767418963
1379,-10.632290645835882
1380,-10.425879727749397
1381,-10.371502201758764
1382,-10.67147867323479
1383,-10.725224971430514
1384,-10.699119589260203
1385,-10.412624339666406
1386,-10.544329208210495
1387,-10.67250287903631
1388,-10.734321384594278
1389,-10.722465283494378
1390,-10.637527467390136
1391,-10.76082235724217
1392,-10.578631215148793
1393,-10.662664521795943
1394,-10.696962159406763
1395,-10.712218688944708
1396,-10.430982877782496
1397,-10.748519113025727
1398,-10.446881253287492
1399,-10.535791983478328
1400,-10.75389155512316
1401,-10.641144816449259
1402,-10.633248940786297
1403,-10.32197412674306
1404,-10.716283240200678
1405,-10.719980969199623
1406,-10.719270743457633
1407,-10.66605530629243
1408,-10.65741862931889
1409,-10.773695436986305
1410,-10.650450480710546
1411,-10.66910168137441
1412,-10.674968317018743
1413,-10.673436149828515
1414,-10.552816455775279
1415,-10.693068194781915
1416,-10.567686292441694
1417,-10.729822941036057
1418,-10.724595165648932
1419,-10.642675893191207
1420,-10.72260723080984
1421,-10.577373781526369
1422,-10.705688658733377
1423,-10.579616929261977
1424,-10.640673199426985
1425,-10.62102545607562
1426,-10.707659079802136
1427,-10.768223893587368
1428,-10.48824596973168
1429,-10.377614356838835
1430,-10.595459314042113
1431,-10.724160126608636
1432,-10.728150018883335
1433,-10.716242825456831
1434,-10.695591863110657
1435,-10.657140560184537
1436,-10.425920052902413
1437,-10.531590797323352
1438,-10.588194106541096
1439,-10.704773644810402
1440,-10.749275884427716
1441,-10.762528152474976
1442,-10.68591723524888
1443,-10.773085639967576
1444,-10.663556800185113
1445,-10.559609879889496
1446,-10.732318451042866
1447,-10.702748795619279
1448,-10.625422399105837
1449,-10.715246706526944
1450,-10.466966474356893
1451,-10.411042001005278
1452,-10.591193989666019
1453,-10.557629627367012
1454,-10.608840761303002
1455,-10.590387019542645
1456,-10.597935152865011
1457,-10.615796829792997
1458,-10.630001740716818
1459,-10.707552595930018
1460,-10.667308971757384
1461,-10.409457662971793
1462,-10.64308154483952
1463,-10.46799762908666
1464,-10.626318972183912
1465,-10.653376644012926
1466,-10.757135080775488
1467,-10.674669545291298
1468,-10.620174571589828
1469,-10.678852373020947
1470,-10.266282457204994
1471,-10.58348631768257
1472,-10.628719583688772
1473,-10.59629719094742
1474,-10.584410219386307
1475,-10.639722392904153
1476,-10.666321678655054
1477,-10.748733195734248
1478,-10.543744192016598
1479,-10.754450624663422
1480,-10.701039473937922
1481,-10.356862549130236
1482,-10.746177721363177
1483,-10.709528144213222
1484,-10.54914579296823
1485,-10.54269312716785
1486,-10.729348161635391
1487,-10.457365811934656
1488,-10.734434602848664
1489,-10.763017960035894
1490,-10.565590033486897
1491,-10.649245725820263
1492,-10.733505594278007
1493,-10.680449299120824
1494,-10.621436231641233
1495,-10.667807124972006
1496,-10.682560962682103
1497,-10.774325025000717
1498,-10.603736467613178
1499,-10.745182074389481
1500,-10.728153339736169
1501,-10.74043121002908
1502,-10.517817764364748
1503,-10.703353120096267
1504,-10.481838641300891
1505,-10.741176535708568
1506,-10.758725590684021
1507,-10.583836717422331
1508,-10.602660467046773
1509,-10.483092104567437
1510,-10.570628716887107
1511,-10.458382663475618
1512,-10.651188226133009
1513,-10.704239625158447
1514,-10.685489105972904
1515,-10.507027626054224
1516,-10.745393782905635
1517,-10.620078737554168
1518,-10.7838567881525
1519,-10.729436518369154
1520,-10.572402311592546
1521,-10.570367652608908
1522,-10.735918326931882
1523,-10.64260563735979
1524,-10.733821858597015
1525,-10.294140409151881
1526,-10.5430031300349
1527,-10.696091189528738
1528,-10.414208162299884
1529,-10.662571871457695
1530,-10.58514511386492
1531,-10.733520395257496
1532,-10.635437187791654
1533,-10.735324903063775
1534,-10.714414394917279
1535,-10.61567775035792
1536,-10.43378200265022
1537,-10.52291007663645
1538,-10.565941674879584
1539,-10.654967427931457
1540,-10.694590754159213
1541,-10.610567502482779
1542,-10.74581630043422
1543,-10.575687150677622
1544,-10.716385010506414
1545,-10.567038424653342
1546,-10.654529581503182
1547,-10.620461159518177
1548,-10.766217988917516
1549,-10.586539103175657
1550,-10.737266851092514
1551,-10.695622657081767
1552,-10.714088343510513
1553,-10.682481629750722
1554,-10.669307629983727
1555,-10.77913586306524
1556,-10.66091688156409
1557,-10.439584710815023
1558,-10.490289078641037
1559,-10.707091339985283
1560,-10.459970625309804
1561,-10.414505889102498
1562,-10.570162103684572
1563,-10.715484604681391
1564,-10.640770242391405
1565,-10.549992321808583
1566,-10.737590305985362
1567,-10.660820090243648
1568,-10.557960716658675
1569,-10.707506730314428
1570,-10.478627196960614
1571,-10.733474701756196
1572,-10.743019013171628
1573,-10.686696241956897
1574,-10.713244603060248
1575,-10.527321910869519
1576,-10.643928823072203
1577,-10.75636212782592
1578,-10.739133541016695
1579,-10.616065947916631
1580,-10.479379234517348
1581,-10.663827861867397
1582,-10.624869196360152
1583,-10.61375668533737
1584,-10.536074565710832
1585,-10.631950475818694
1586,-10.753968638493284
1587,-10.740603346871707
1588,-10.700336730552714
1589,-10.521222651801171
1590,-10.6667003884226
1591,-10.69363891338223
1592,-10.610008414545195
1593,-10.67996497757652
1594,-10.647178296116778
1595,-10.666793629432991
1596,-10.65624303810543
1597,-10.670438848809438
1598,-10.747132715995884
1599,-10.653205022353678
1600,-10.638655544493442
1601,-10.709029707485882
1602,-10.744980493104055
1603,-10.688612725764537
1604,-10.546336543798732
1605,-10.710992043509693
1606,-10.723662139033438
1607,-10.559397409673297
1608,-10.36099677727822
1609,-10.504711465135847
1610,-10.560816824367523
1611,-10.723246508032906
1612,-10.642093631994687
1613,-10.592954806711077
1614,-10.730340350426113
1615,-10.58392163739374
1616,-10.543567293672682
1617,-10.560200972719482
1618,-10.669598843903582
1619,-10.641091898733137
1620,-10.705007957784488
1621,-10.754956772562695
1622,-10.602930199104536
1623,-10.754097304042835
1624,-10.707631091127762
1625,-10.690448081283373
1626,-10.71036797069548
1627,-10.508391881297577
1628,-10.642884791315092
1629,-10.73144878842924
1630,-10.587041938338722
1631,-10.705365193586845
1632,-10.382394815125902
1633,-10.695353297202876
1634,-10.749713587187648
1635,-10.707698424177812
1636,-10.728875959390304
1637,-10.757554508414302
1638,-10.379855682672977
1639,-10.750204685658755
1640,-10.574171087610244
1641,-10.665604492772863
1642,-10.679773602024015
1643,-10.756979867194431
1644,-10.67121443196884
1645,-10.644609901799264
1646,-10.516889894628838
1647,-10.628020314992234
1648,-10.61124668421202
1649,-10.685617136641488
1650,-10.651439430380764
1651,-10.654931720915876
1652,-10.704784522302402
1653,-10.526341948421052
1654,-10.5779954592898
1655,-10.756082627498412
1656,-10.713848116338022
1657,-10.627697151448388
1658,-10.714920519256026
1659,-10.739894017493533
1660,-10.756921671273496
1661,-10.71608685185454
1662,-10.713653375620185
1663,-10.70988936476634
1664,-10.649175032215881
1665,-10.650104411103873
1666,-10.710753005393668
1667,-10.676886143766591
1668,-10.68627879054742
1669,-10.694819436618065
1670,-10.63171658864918
1671,-10.70292853094909
1672,-10.632659959156767
1673,-10.665921197971914
1674,-10.739775620539325
1675,-10.728547326177532
1676,-10.731244223089542
1677,-10.521606706064462
1678,-10.631201460074175
1679,-10.716416086409547
1680,-10.55810218542419
1681,-10.730590317490053
1682,-10.65534898010188
1683,-10.751838610627852
1684,-10.67869166958615
1685,-10.595515600532847
1686,-10.53723181478624
1687,-10.607420606925425
1688,-10.747383430105147
1689,-10.735578149810463
1690,-10.644564681125749
1691,-10.754667961557796
1692,-10.77643659463432
1693,-10.765482131862635
1694,-10.59555847604573
1695,-10.590448067570204
1696,-10.68613116319008
1697,-10.67146530084734
1698,-10.679819272368801
1699,-10.56907072529433
1700,-10.514659246428316
1701,-10.697020659087748
1702,-10.663409340012963
1703,-10.641062275090787
1704,-10.536750962536939
1705,-10.71905925733388
1706,-10.383766250960152
1707,-10.67949630655459
1708,-10.45917353777064
1709,-10.679753734214984
1710,-10.730561436022288
1711,-10.714603318608763
1712,-10.678439880880935
1713,-10.580811473759013
1714,-10.642706034876246
1715,-10.609987715185593
1716,-10.600712735367903
1717,-10.66215269761949
1718,-10.580453285297438
1719,-10.670099411275453
1720,-10.458020785778727
1721,-10.417208013397186
1722,-10.704915207026117
1723,-10.706791509143423
1724,-10.699006989017352
1725,-10.574807986421828
1726,-10.746096903875847
1727,-10.351403498865817
1728,-10.74770194665024
1729,-10.729088529245743
1730,-10.75313985135139
1731,-10.569637560035797
1732,-10.757774856600808
1733,-10.439988663573931
1734,-10.65241946011408
1735,-10.52898375853938
1736,-10.712408697280305
1737,-10.577277851612546
1738,-10.637243816866278
1739,-10.681603646862232
1740,-10.497757438517752
1741,-10.481547810499569
1742,-10.723672838457835
1743,-10.664970324041839
1744,-10.696739112398431
1745,-10.737666829497282
1746,-10.355360566010383
1747,-10.408462921039606
1748,-10.519570086863867
1749,-10.767759957961072
1750,-10.639172403787331
1751,-10.55248670016808
1752,-10.709468725498967
1753,-10.723376778588696
1754,-10.767847154343038
1755,-10.446199387011355
1756,-10.584426552370676
1757,-10.698612227681707
1758,-10.64119129168919
1759,-10.681643661769023
1760,-10.655610362353398
1761,-10.6144109774422
1762,-10.63178751506436
1763,-10.535710319485183
1764,-10.629619746347633
1765,-10.695566338047891
1766,-10.560594344626805
1767,-10.625804032215171
1768,-10.638140202851686
1769,-10.688130900646673
1770,-10.722538291245254
1771,-10.759867246246943
1772,-10.678013092368737
1773,-10.73527863005401
1774,-10.775656594618056
1775,-10.560960698476205
1776,-10.684900420946825
1777,-10.590925294660527
1778,-10.587520052731245
1779,-10.587366232994931
1780,-10.656369410036973
1781,-10.663524927264293
1782,-10.664742602695897
1783,-10.633262619538415
1784,-10.69025704831184
1785,-10.473753400975523
1786,-10.561361558263119
1787,-10.562925442361754
1788,-10.416583415982787
1789,-10.703605112813039
1790,-10.546637364363919
1791,-10.676970117544377
1792,-10.736157419944126
1793,-10.725130717022383
1794,-10.584770856774256
1795,-10.355326339620174
1796,-10.752676347434225
1797,-10.740583727388472
1798,-10.512412196184725
1799,-10.607221079023024
1800,-10.739099719647227
1801,-10.617912155822491
1802,-10.72967598417378
1803,-10.545183278904423
1804,-10.691382004321751
1805,-10.513704586246684
1806,-10.763349328905282
1807,-10.618032765080432
1808,-10.675613834083618
1809,-10.66041653912477
1810,-10.676628493042216
1811,-10.744592839204149
1812,-10.765326527399925
1813,-10.738245030012202
1814,-10.43336382925908
1815,-10.653206611337485
1816,-10.580829835685924
1817,-10.58967551579954
1818,-10.715576922371646
1819,-10.722938812095633
1820,-10.543009835215603
1821,-10.586349163545474
1822,-10.6648281991685
1823,-10.279922451029412
1824,-10.613168528413393
1825,-10.65574459100428
1826,-10.742813907253687
1827,-10.714729673525767
1828,-10.528925084637518
1829,-10.751992681913178
1830,-10.701092298746008
1831,-10.647664072604671
1832,-10.638024369977128
1833,-10.612737174565384
1834,-10.46962210278323
1835,-10.646296494618136
1836,-10.745081426889012
1837,-10.525483112577241
1838,-10.757803669345762
1839,-10.706411230179038
1840,-10.76285853119318
1841,-10.67162962876817
1842,-10.718092484066727
1843,-10.552667802800755
1844,-10.684161480460563
1845,-10.665932658287284
1846,-10.640287656825649
1847,-10.675625635359575
1848,-10.65492368245299
1849,-10.701536156829935
1850,-10.601690526679027
1851,-10.645865091567927
1852,-10.657236157362387
1853,-10.595969491201842
1854,-10.582767202336656
1855,-10.529416018050787
1856,-10.665048626919363
1857,-10.63058269596098
1858,-10.618586752298748
1859,-10.574239181210322
1860,-10.640487091212078
1861,-10.581752351565633
1862,-10.617234002891289
1863,-10.61281024256375
1864,-10.589838572455246
1865,-10.624054772088124
1866,-10.657665327715462
1867,-10.767049219264223
1868,-10.68293327842682
1869,-10.723275580339704
1870,-10.570056230776864
1871,-10.60980735599991
1872,-10.48840559190953
1873,-10.59039978977652
1874,-10.74496119760078
1875,-10.732663725150235
1876,-10.521544954943408
1877,-10.711135636935335
1878,-10.712950186393128
1879,-10.451826176623698
1880,-10.603613666693796
1881,-10.663415896260714
1882,-10.747335926722489
1883,-10.552235391838373
1884,-10.576423959607807
1885,-10.57833322712306
1886,-10.617878707708279
1887,-10.697502107984077
1888,-10.74858552077485
1889,-10.780026190425612
1890,-10.773907087361154
1891,-10.590765624111288
1892,-10.733809727254963
1893,-10.697265023268656
1894,-10.72235207632419
1895,-10.694894485717523
1896,-10.522276121400699
1897,-10.707909783054156
1898,-10.678354340774009
1899,-10.740573356534963
1900,-10.655397880507076
1901,-10.730177729209755
1902,-10.655016080226645
1903,-10.626331381801856
1904,-10.414866497233431
1905,-10.630077034373727
1906,-10.7137362582189
1907,-10.671495382039089
1908,-10.707154235551334
1909,-10.533602886461123
1910,-10.704920620522095
1911,-10.667838051346262
1912,-10.520671871453974
1913,-10.64749830424863
1914,-10.556224537878188
1915,-10.649044353885143
1916,-10.525133331938235
1917,-10.353813625482678
1918,-10.720297217852695
1919,-10.635819039775663
1920,-10.564269219687194
1921,-10.444846514094207
1922,-10.702159465145275
1923,-10.758697554737218
1924,-10.422031897400633
1925,-10.720404313791198
1926,-10.720881319612404
1927,-10.714778988434796
1928,-10.743436318958178
1929,-10.692060109183744
1930,-10.510784399110282
1931,-10.742035228456457
1932,-10.698513897335655
1933,-10.731872322483397
1934,-10.676736099356352
1935,-10.657708695828708
1936,-10.505420710800124
1937,-10.680008447355515
1938,-10.49212735619118
1939,-10.651124577370014
1940,-10.625832267559396
1941,-10.724320084477263
1942,-10.704826519246893
1943,-10.738695409828802
1944,-10.695919770017893
1945,-10.680920139357124
1946,-10.722753947126202
1947,-10.635444987177957
1948,-10.646759580184472
1949,-10.757148053341078
1950,-10.457477371553868
1951,-10.717071388151776
1952,-10.695163532710252
1953,-10.719740042030605
1954,-10.738401269370836
1955,-10.570264958011078
1956,-10.6254511308702
1957,-10.67970458858642
1958,-10.500553950544482
1959,-10.656133897855684
1960,-10.710387896394712
1961,-10.698081532403004
1962,-10.695764324017029
1963,-10.772178297799938
1964,-10.757497987597713
1965,-10.679206785765416
1966,-10.4477079972088
1967,-10.578576225391473
1968,-10.715577292982752
1969,-10.57717779318591
1970,-10.738534435977893
1971,-10.728525241146311
1972,-10.649058038309953
1973,-10.575882325830095
1974,-10.711096921211206
1975,-10.693010314074307
1976,-10.655420067499474
1977,-10.740251124196416
1978,-10.698927175897216
1979,-10.501555347096064
1980,-10.577541316794905
1981,-10.72610220095005
1982,-10.773606488213082
1983,-10.369608680081567
1984,-10.39554948149332
1985,-10.531826788182643
1986,-10.619424240524973
1987,-10.76241528190028
1988,-10.713017982893529
1989,-10.760829304316426
1990,-10.755234002721954
1991,-10.763471521639216
1992,-10.60558024214868
1993,-10.618724256031227
1994,-10.568437528781851
1995,-10.522284477679117
1996,-10.594590178246698
1997,-10.603036399401267
1998,-10.664337806970888
1999,-10.597604015777604
