,value_per_image
0,0.18535224378925025
1,0.22250640118554305
2,0.2309353011652528
3,0.20305096131300054
4,0.1835419005333478
5,0.30300597863233025
6,0.4130676306132951
7,0.12413155345077455
8,0.4012661277477809
9,0.2320173482559036
10,0.31756449137518816
11,0.15050071915761987
12,0.36541717085916375
13,0.2422022780162657
14,0.1093557797270539
15,0.252280506339516
16,0.17134222931540838
17,0.3340697509958797
18,0.2304189348486553
19,0.2397465063321396
20,0.17281516560056373
21,0.443857364625371
22,0.3062948665992636
23,0.24976762832177135
24,0.3088079144293641
25,0.28948754902534385
26,0.12426394783075508
27,0.23743747694082465
28,0.19488083126205136
29,0.26908803998267283
30,0.251289726312197
31,0.21181326157656974
32,0.3180548155008492
33,0.30297392388386485
34,0.22349674163847355
35,0.16223500170364988
36,0.2268143377431481
37,0.2425780281291021
38,0.16432675896890306
39,0.3037066412309248
40,0.34153904767772786
41,0.21623485240721008
42,0.21985191968518855
43,0.20233862297791744
44,0.11869723322604148
45,0.14971704041477288
46,0.18614842695814648
47,0.123210448070658
48,0.12217643864277228
49,0.07688836817273098
50,0.10890673912009394
51,0.15519771270723284
52,0.1869808825123475
53,0.20029436787471225
54,0.05145478783113997
55,0.09113041174129118
56,0.0739494728450087
57,0.1848275694002748
58,0.10174677930266918
59,0.2921102024429041
60,0.10411917262611596
61,0.042528302112684435
62,0.14584019134196782
63,0.10207566059829233
64,0.3500243757245796
65,0.18146037852759456
66,0.1915455951962967
67,0.21223816660181144
68,0.15502478283600296
69,0.200637615916817
70,0.11896542946583702
71,0.27945182451721506
72,0.2683168620082402
73,0.1767892087060389
74,0.09327030534487593
75,0.2778646548749389
76,0.13086532982965227
77,0.08976448291747394
78,0.22274500019742532
79,0.2530848467361932
80,0.17027302375500697
81,0.3621123466962637
82,0.3104644386428785
83,0.3218941067419575
84,0.2813830593563934
85,0.4101620845764439
86,0.2000722150285224
87,0.15317341163220244
88,0.3294315481347081
89,0.2393662297344315
90,0.2401238621708797
91,0.19132708238646096
92,0.21603450383885306
93,0.220223035051312
94,0.27412487327125096
95,0.28515678513828385
96,0.1698497814927302
97,0.04676736391202
98,0.20400937092067375
99,0.4754009463093967
100,0.11165486208383132
101,0.22566544061223745
102,0.3113608069673282
103,0.28923281714348403
104,0.30382209292176315
105,0.26844061939078195
106,0.4159910941616504
107,0.25268921820351803
108,0.1342605888442754
109,0.14220958726382746
110,0.15674977241459304
111,0.2794753809562163
112,0.19473866808530946
113,0.2320306901621804
114,0.24354814279161602
115,0.19315550125570946
116,0.08082697983304933
117,0.1440616883874715
118,0.10708264924033717
119,0.15095899739848084
120,0.23043745650002165
121,0.07044154631580678
122,0.1762014977373463
123,0.040571168710297284
124,0.04189663071775957
125,0.25029477573417674
126,0.07052886331437729
127,0.3312766778620871
128,0.2815575373030825
129,0.10404485932003288
130,0.1866933485031475
131,0.13215743149351347
132,0.2869560321438344
133,0.11948607843461305
134,0.17892940841711938
135,0.20166346795451007
136,0.2051620032982734
137,0.2520199293845208
138,0.3389711803522634
139,0.09111339369781904
140,0.3383869547759533
141,0.1457048345213824
142,0.2779520395011473
143,0.08565469706232033
144,0.33868345835407226
145,0.22952116187713864
146,0.1378536435865559
147,0.2425345526510325
148,0.3780008772538371
149,0.14472516531563318
150,0.27182642549424085
151,0.21484333530019856
152,0.16864015399165816
153,0.09028948134079852
154,0.4023836218824888
155,0.21908269999046467
156,0.244453244442252
157,0.3891283318284399
158,0.30092845092537224
159,0.11199075474136673
160,0.23259970503650385
161,0.2033593365433322
162,0.1485907052170319
163,0.2424336210634136
164,0.14701699370000776
165,0.222146739679054
166,0.16808660863038224
167,0.1808986175627534
168,0.1642167838730059
169,0.25225292134052485
170,0.12270297895626445
171,0.4230357089867002
172,0.26039534571710443
173,0.3832311073381055
174,0.2135479802313452
175,0.2060830398527638
176,0.09370219701402074
177,0.15152010275684624
178,0.18506650931396385
179,0.2286987485295465
180,0.2224569521944722
181,0.16767544991688352
182,0.22854069261220894
183,0.20757541828966095
184,0.17682098705562438
185,0.09344729914895014
186,0.1339701526336661
187,0.2033561615736326
188,0.31671833580155434
189,0.15786893270161775
190,0.05681193863867338
191,0.2358863311635795
192,0.1940158077399833
193,0.10376891140166934
194,0.1033956753376692
195,0.1219966543216162
196,0.21257895051537148
197,0.16255690931410507
198,0.06303475299188614
199,0.1694597563721305
200,0.13657451843422774
201,0.09446454504939616
202,0.13380250774629146
203,0.07223216438505553
204,0.2334058226974272
205,0.11571770232496235
206,0.2075985761298168
207,0.1937014619928256
208,0.09671163020204558
209,0.2794838960163827
210,0.3730295174080179
211,0.2232949034904991
212,0.3050352944909653
213,0.3056670299135695
214,0.2513639728370245
215,0.2522800788317427
216,0.16964715778110534
217,0.241299758910778
218,0.2511135475039022
219,0.22002361709801305
220,0.4174903599756703
221,0.12952440959800385
222,0.293875239410984
223,0.15525396139123435
224,0.1894614339126768
225,0.18082152957220188
226,0.1399061570527101
227,0.14428117382581535
228,0.06426288915609081
229,0.13454161033059664
230,0.14399852777828095
231,0.1805454239236763
232,0.10469615572898464
233,0.10036464839219142
234,0.11488235747494185
235,0.17460387598859428
236,0.14143713528553248
237,0.17574559727533115
238,0.2116676285372671
239,0.055340321348604254
240,0.14725456070524315
241,0.0847564542144065
242,0.1437068981393755
243,0.09737229744089347
244,0.05512101316334437
245,0.1218587866090404
246,0.17308747167356894
247,0.11146784833553308
248,0.3467982007873495
249,0.09316422639932588
250,0.05023236924368367
251,0.1364082722851139
252,0.2364706325924753
253,0.14654022007930012
254,0.13952663628826215
255,0.2068689782656852
256,0.24405246711649964
257,0.10188400075558224
258,0.23759572309026414
259,0.14442084100794544
260,0.23782148877668235
261,0.2174331767333185
262,0.1646542939843432
263,0.16245086526662258
264,0.2160803186253589
265,0.19839533763821493
266,0.09077158852520503
267,0.329360474552277
268,0.4075381871699405
269,0.11965298635405044
270,0.08638019789905868
271,0.12929162682692472
272,0.2605013612364763
273,0.3797274037259576
274,0.1131469231627899
275,0.26181687369784223
276,0.14898506061799374
277,0.06279325377931938
278,0.23104261081883498
279,0.12043455562139713
280,0.1446109076099599
281,0.1617949716058528
282,0.3191331320671424
283,0.21759339536444425
284,0.0780452919848945
285,0.2713307670651829
286,0.34140872759703683
287,0.07617922318741824
288,0.10247405125783322
289,0.4642175559852572
290,0.2399430204671816
291,0.2242693879655932
292,0.27520919830740925
293,0.09482180823880353
294,0.1595287749716338
295,0.2385186037861937
296,0.20316717296839504
297,0.2001232242228788
298,0.17689977167405624
299,0.4953075277089079
300,0.06380562854996139
301,0.09686205512367876
302,0.34856892223089364
303,0.2091590621991891
304,0.4616805416353996
305,0.2267524991809673
306,0.12132987969102126
307,0.11157712462469647
308,0.4459612547417738
309,0.2012209431475166
310,0.38376588965106667
311,0.2765554153999469
312,0.14750189329721206
313,0.26882141757403666
314,0.25005960983624903
315,0.4134430973434817
316,0.1867680324055225
317,0.2166410701394672
318,0.2260921737897633
319,0.272289630098368
320,0.2025190859875537
321,0.17255800169299276
322,0.1839002871769284
323,0.15942304576553015
324,0.16811551058820898
325,0.17708185576285615
326,0.14103333042472288
327,0.13414430118725024
328,0.14197205959626824
329,0.22216901306752346
330,0.1012059482462547
331,0.18107356188144685
332,0.09830246714102796
333,0.13286867046591214
334,0.09676789165730136
335,0.26184096684404096
336,0.19161631479383875
337,0.2320627069551734
338,0.3358275611263995
339,0.2098948611506128
340,0.15526221651887884
341,0.3118976461067157
342,0.27794021540271113
343,0.15108236416086998
344,0.2465432554450167
345,0.20430208980588327
346,0.11888118406385124
347,0.14666754730765685
348,0.21517440913563649
349,0.1848407028385889
350,0.23445616709233455
351,0.09920918539916204
352,0.1389286561851044
353,0.3158594292500264
354,0.036621772651550984
355,0.0954879922783495
356,0.3635581851877199
357,0.16646993457834788
358,0.18173842326523865
359,0.1843826305077155
360,0.3820707760044912
361,0.33857305717930725
362,0.2056305623215507
363,0.26248024313486656
364,0.23691165408197976
365,0.1329012687881262
366,0.1155105552297092
367,0.095521419908782
368,0.19534783237664846
369,0.1490965427560214
370,0.1824278515829852
371,0.2491749296869597
372,0.27888394553721474
373,0.33322323184798985
374,0.18683640784157088
375,0.270842753604347
376,0.1598271290018792
377,0.1287074273774634
378,0.18601159216215216
379,0.27761659030819835
380,0.37533922848624995
381,0.15911651278032293
382,0.27050388796077224
383,0.18308031007075204
384,0.14816859038852628
385,0.1788370832607285
386,0.2294733966975563
387,0.17329560990819365
388,0.4267262020383859
389,0.4157928128988703
390,0.15934551814243178
391,0.1862777489265248
392,0.20835879735300206
393,0.15485814473516238
394,0.20172055619354748
395,0.12351315286803027
396,0.22175354939496744
397,0.2675679353113549
398,0.16815980597742505
399,0.14391283622183046
400,0.1246243445793182
401,0.04171260223134733
402,0.07394286368108302
403,0.1814628072389504
404,0.3293903779022153
405,0.289081462025657
406,0.13126958208752118
407,0.2441120911116523
408,0.14548782045995765
409,0.3291852789717997
410,0.1506060425294216
411,0.20898661430016596
412,0.33343911713142543
413,0.312673541727473
414,0.2643964019855879
415,0.13133096362767324
416,0.21395876002295167
417,0.3822955700790379
418,0.08186195268395391
419,0.13650493639090192
420,0.13443849922449394
421,0.17024388203756546
422,0.12972821140718854
423,0.2307113134933112
424,0.06927683688838282
425,0.0967673696446492
426,0.10462762719561088
427,0.09013342820814273
428,0.18675755527432755
429,0.2290314966436203
430,0.062073961799791987
431,0.2688463398212109
432,0.2981528261884421
433,0.209367774255632
434,0.11218600796811637
435,0.194392630698148
436,0.2441083999893824
437,0.14738571641362566
438,0.2826751684745153
439,0.2069388823578176
440,0.24707040870497224
441,0.10846370199650153
442,0.06913903613710692
443,0.3224103036567749
444,0.2812401647615079
445,0.24412708068334502
446,0.14402194216445166
447,0.1362821551540911
448,0.20377071900990631
449,0.18062781604367825
450,0.2401078032849359
451,0.08079827572463674
452,0.2225548692886108
453,0.2599545055388968
454,0.2109754108747494
455,0.0957585859824431
456,0.08070679240685412
457,0.2335124048804952
458,0.2576957890776873
459,0.1650490393826765
460,0.07565722829475446
461,0.21722334237725452
462,0.11891704316759899
463,0.2242830197472742
464,0.08468437344512696
465,0.2285485987952813
466,0.18944669702339165
467,0.1273035158575793
468,0.07253914286236032
469,0.2783457328075161
470,0.128111311634518
471,0.22572692923851265
472,0.2057484368853626
473,0.18839699223422293
474,0.40149202059123057
475,0.1332226711248832
476,0.0945367889481561
477,0.2335809835691935
478,0.05023916210566702
479,0.14096529395146012
480,0.0807333965181613
481,0.2715184137756669
482,0.25977770687811946
483,0.24950378639943016
484,0.3734389353377622
485,0.151420910978359
486,0.1714037823185346
487,0.1106120964161862
488,0.13296738819421472
489,0.1604617246566415
490,0.16194630993724268
491,0.17689725798857867
492,0.07905792723442592
493,0.2161805156614076
494,0.1499152925820127
495,0.18252692689123606
496,0.1877956861069469
497,0.22235468640847425
498,0.16163014902492814
499,0.20667461768003373
500,0.2915398797096317
501,0.3403634292562757
502,0.2822757716266793
503,0.18651670418377644
504,0.12101921643301715
505,0.17067803812867058
506,0.4257919665461932
507,0.2544735073239481
508,0.20351031130414216
509,0.11921545992170683
510,0.2449645319834399
511,0.2575529871348169
512,0.313232343143125
513,0.13151441297291655
514,0.2936270613621405
515,0.31942564099796183
516,0.16883016953827046
517,0.14527771646056556
518,0.1716951533631515
519,0.1110774043416686
520,0.17614135339429607
521,0.24477201705154256
522,0.31781116245855323
523,0.17114935432619705
524,0.1492932758414235
525,0.10360869838205916
526,0.19047042035708253
527,0.2507377848182818
528,0.09787581224738404
529,0.18719034719391225
530,0.15394766258782064
531,0.17624091946735754
532,0.15802260579304747
533,0.3033163318557523
534,0.2056571589207417
535,0.15865353030214796
536,0.3803804581580011
537,0.2901885087147318
538,0.1624646456571337
539,0.2404868282988007
540,0.15996834588998576
541,0.14825797701743135
542,0.18038394207979425
543,0.25123902680801563
544,0.11407218713225464
545,0.1563005776383567
546,0.15981088368654087
547,0.18429539526628094
548,0.2103915827621663
549,0.09148972066949404
550,0.15667043008145398
551,0.3644727866880613
552,0.19687960102393096
553,0.2242525451810771
554,0.43677536868757183
555,0.413988236075656
556,0.2701785253126552
557,0.3024296012300796
558,0.26839132277885897
559,0.17399270956431234
560,0.36382527267669307
561,0.11172376757424557
562,0.2382061132334933
563,0.19612902084989375
564,0.16723664081043724
565,0.15466723765079507
566,0.1482221228111756
567,0.1313045342096872
568,0.30155623626709915
569,0.19327346071291165
570,0.3905581910475585
571,0.1369241002488695
572,0.44279353012180256
573,0.298523063826634
574,0.23885587295645644
575,0.3741575970101841
576,0.2401108014715777
577,0.1076623426661964
578,0.3125861409979837
579,0.2396269923405249
580,0.08074379423114385
581,0.11959056615851885
582,0.25211074317214505
583,0.10091637849885313
584,0.22446152037560851
585,0.13487297650391356
586,0.10993481208476248
587,0.031189546588917483
588,0.14530568393055912
589,0.26874858092990256
590,0.20725761550007976
591,0.1498883434841637
592,0.14845632900915876
593,0.22088316202473288
594,0.09621358500210896
595,0.246025343205244
596,0.19569009727209155
597,0.1821666181921265
598,0.4432906157687489
599,0.3617775129690991
600,0.20170063938653526
601,0.05537785006361804
602,0.14079933744127054
603,0.2616412385993625
604,0.33528026590004595
605,0.04696369245353227
606,0.15852635790842115
607,0.19944447926195508
608,0.14362553675515227
609,0.14380203423700366
610,0.12770863525583914
611,0.100348436958309
612,0.08565874010387442
613,0.10528800328298807
614,0.2647631612753044
615,0.1863620213778743
616,0.09191733662235396
617,0.1567129462227145
618,0.23255978746804504
619,0.1522208907169702
620,0.150031248561802
621,0.23373472230786999
622,0.2366255216727011
623,0.06613723363900945
624,0.2558203645890082
625,0.3666443770713546
626,0.1658160323200516
627,0.2722214304115165
628,0.27022049125370856
629,0.1316339751113673
630,0.1942466338531881
631,0.19891976384414764
632,0.1973684773238996
633,0.3293870380376742
634,0.3333784056055586
635,0.04596060866491083
636,0.21225803684527025
637,0.09938258947159087
638,0.12305483026229296
639,0.15741702102319072
640,0.2436232933850085
641,0.19324594001939485
642,0.1618133480074016
643,0.14731381242133387
644,0.10947847458530166
645,0.12872198132866947
646,0.1266064613877011
647,0.08598597958032488
648,0.2497397847234514
649,0.3384111733873981
650,0.14563930049801016
651,0.2212626835333618
652,0.16643385728119464
653,0.2818035293678457
654,0.1320465173253721
655,0.14652837158806195
656,0.13866387508747005
657,0.2875701681341926
658,0.2297698077152753
659,0.1057401640713484
660,0.2176343266597444
661,0.2636223571097288
662,0.11698636041883258
663,0.3080285912085672
664,0.14105318309453269
665,0.039765282921303165
666,0.30887386717269066
667,0.18116919255065933
668,0.1879849287152156
669,0.21119326752016412
670,0.22455036346270266
671,0.09049458792262216
672,0.2681774973235606
673,0.23641196721117774
674,0.3072164490733201
675,0.3857915880260804
676,0.1964866348717984
677,0.20939734044661326
678,0.17979730901027866
679,0.19212202479683885
680,0.12345053333339027
681,0.19279668135832734
682,0.09641263846077623
683,0.2467111974067343
684,0.28822084476629994
685,0.2593487014595749
686,0.14590414761436574
687,0.2860885630762425
688,0.2054754157080309
689,0.11729271291939923
690,0.06479363670277194
691,0.1080388130621462
692,0.0959281903901112
693,0.1631031595213298
694,0.2795629929493589
695,0.046030747491904236
696,0.14295904823728162
697,0.2337950593848385
698,0.24769037309169914
699,0.18746839378764585
700,0.180140102124243
701,0.037056456837199485
702,0.23368005611530865
703,0.3434712469172273
704,0.21131680881344345
705,0.3701322561594713
706,0.25485548600852986
707,0.18914305303992404
708,0.21084264075457407
709,0.3370552094842061
710,0.24509341881643126
711,0.09145466415765972
712,0.18296395066775575
713,0.20471631207182134
714,0.18778159700173228
715,0.2274453036406845
716,0.242537354708298
717,0.1190158494285252
718,0.2063932441693046
719,0.19316861886888534
720,0.21057908821061888
721,0.20585661539265868
722,0.18586921227996836
723,0.15422942477699078
724,0.37445068258194025
725,0.2083944683387926
726,0.16205371029481622
727,0.25638169887439843
728,0.17460885172251378
729,0.18254096783748747
730,0.3004269803765164
731,0.1870492680120611
732,0.09783732211681888
733,0.28112177983887393
734,0.17828504171116452
735,0.1312396455604419
736,0.0663781924019244
737,0.08937117629207564
738,0.18763281879118665
739,0.10477747388525437
740,0.09473125407251456
741,0.3141807114701696
742,0.07183261929690485
743,0.09132409981968546
744,0.11680908926431716
745,0.13702481585073156
746,0.3734713946495207
747,0.19944079580380705
748,0.2333532167504909
749,0.06054037045280668
750,0.3098704731862441
751,0.14239459298040644
752,0.20407099448923205
753,0.19296085041586974
754,0.10036353876298404
755,0.1457558896845158
756,0.197557201689404
757,0.23569966128826986
758,0.14410485285864394
759,0.3455804889043673
760,0.11697842084735813
761,0.1547546184388507
762,0.3325601207079317
763,0.2235019468321549
764,0.186115115279383
765,0.15586420802916054
766,0.18082334611785128
767,0.1079005558980572
768,0.15590320253938453
769,0.2537508269409841
770,0.26553364635669024
771,0.15462909746543466
772,0.2445482719479842
773,0.16464044226914346
774,0.19512546638950254
775,0.14648874038207196
776,0.2296960243592775
777,0.182319246353966
778,0.301593868634716
779,0.11914214607702947
780,0.22271045916186571
781,0.2424163508746879
782,0.2444714607846024
783,0.062440379266338636
784,0.1333990541015301
785,0.2639462090084977
786,0.15363701748784495
787,0.06676106568224388
788,0.3478551036799334
789,0.2511905907412512
790,0.1683613257085811
791,0.12228381824728415
792,0.2127718510759589
793,0.27366310842726177
794,0.13656876170301585
795,0.1416107362714771
796,0.16143478612797066
797,0.18149885433414728
798,0.1341606977310844
799,0.07275138511665763
800,0.1623973728415248
801,0.19766075489070284
802,0.18385256298200955
803,0.09767694525823582
804,0.25857289349790685
805,0.18913297461693704
806,0.0974677274238852
807,0.0459769518787907
808,0.3589235141046456
809,0.19854240757510005
810,0.3171736323817779
811,0.1629406131219372
812,0.16589337338601365
813,0.2007595517446152
814,0.2589064167309075
815,0.309164363811875
816,0.2535757344696261
817,0.3428551082351718
818,0.15296717676811647
819,0.13594053858976055
820,0.20562912359496816
821,0.2272675723333875
822,0.08866722935375476
823,0.09603706793228216
824,0.21531861882604725
825,0.048583031290454715
826,0.10836001391064444
827,0.16551480450373585
828,0.17322900654488751
829,0.2606814723551732
830,0.061022732236345176
831,0.12978849193342334
832,0.1933530628592866
833,0.16380052313342972
834,0.0867953831260393
835,0.055793624134811565
836,0.4189256728882312
837,0.20108433938525885
838,0.37871845205624505
839,0.12770403407795144
840,0.14435872295225982
841,0.23959474457306826
842,0.11518617827873028
843,0.1443213108467363
844,0.1951114578521689
845,0.17836077679659618
846,0.11191655114525118
847,0.2969415738694897
848,0.1867602013804842
849,0.3450773143292309
850,0.18715997646255508
851,0.3709972303490917
852,0.08337588842701525
853,0.3221895361192582
854,0.10784003224179946
855,0.2576559593100123
856,0.1752867363439917
857,0.27784225653189826
858,0.3202581932807765
859,0.3391782609033595
860,0.08929834988662247
861,0.23523726564595202
862,0.1101036961159773
863,0.1495983757302391
864,0.08464911207842687
865,0.17508383155691604
866,0.1516280663438925
867,0.10693521567449353
868,0.16420867291417598
869,0.2136517145132892
870,0.08713463876866047
871,0.22310709221078065
872,0.2807161649004277
873,0.19390480249550254
874,0.4183749579588956
875,0.2534182880868578
876,0.13573530948359214
877,0.13671289765904945
878,0.17822265593175535
879,0.17798194652759636
880,0.11397032281133733
881,0.15029402018562946
882,0.3792351512829741
883,0.14470227635360047
884,0.13678366218811305
885,0.14427865691340386
886,0.10597723119234387
887,0.4076011228114908
888,0.19079531023357216
889,0.07293602665354211
890,0.2002063720867668
891,0.2458986865322501
892,0.12328909234245915
893,0.05260740772204057
894,0.05049528733903714
895,0.25040845918512616
896,0.17094467582134126
897,0.173885635512077
898,0.246579527172689
899,0.1881895597888453
900,0.09253535232036307
901,0.3117344770125636
902,0.3523011375374284
903,0.1980962284092831
904,0.11889336200960628
905,0.27439564358393675
906,0.07615760709120056
907,0.2969763177104899
908,0.1821518289578302
909,0.17540597634288524
910,0.11379376821508914
911,0.13305077586214056
912,0.24693320512214986
913,0.15257368812056793
914,0.15383803807742732
915,0.11230139844224404
916,0.4055860716370366
917,0.2878308945630073
918,0.17576999797132067
919,0.15306527189062932
920,0.317482726829758
921,0.19656159028057976
922,0.3561973287515837
923,0.08267504607864587
924,0.17957576341544496
925,0.23540355815230196
926,0.19280208864608966
927,0.20317426632373145
928,0.2193088461552154
929,0.27935650319094457
930,0.11955472502507175
931,0.08797115747394918
932,0.2631666102400115
933,0.1204775097706208
934,0.1692238357610045
935,0.2576633635578974
936,0.109402816084845
937,0.1971892746644352
938,0.13993376534585722
939,0.09345802812311688
940,0.2141460907587049
941,0.15221916582217346
942,0.08237659773084496
943,0.3089129940731678
944,0.12113661608819727
945,0.15806069889901575
946,0.4180428528309356
947,0.14849172562869006
948,0.07790423015374613
949,0.2669722150386015
950,0.3496073552046268
951,0.19718534399918472
952,0.17056273898470672
953,0.18237665654787147
954,0.11635637285284565
955,0.2630289570705539
956,0.2309224269988253
957,0.15966817942224468
958,0.22341153011386272
959,0.19468075756398667
960,0.0950847521515718
961,0.06093307901968297
962,0.3024986318710258
963,0.3297428407171882
964,0.13668263872200095
965,0.09295331387098776
966,0.16149576952470035
967,0.3434760244533057
968,0.31839991481589824
969,0.06581561436475232
970,0.13126463429681742
971,0.0846657674771565
972,0.22972525482112086
973,0.06946477967586885
974,0.043529298294048266
975,0.1350656149704982
976,0.11340918473759562
977,0.3279619392342733
978,0.1453088224748354
979,0.08879429126284884
980,0.08798532466971823
981,0.12506164659603794
982,0.10669781326310593
983,0.11794246647375488
984,0.27350402844866023
985,0.15403547193017028
986,0.14296376173479514
987,0.11679362651064992
988,0.15727189072969347
989,0.1769277456208812
990,0.15776940678272425
991,0.09153680359392484
992,0.2392210957278409
993,0.35837576844725416
994,0.19452823710331546
995,0.25439714131433244
996,0.22168395620827336
997,0.12442884127611152
998,0.13894495752396818
999,0.15381242526265948
1000,0.1472477003734114
1001,0.331530924011897
1002,0.2184400893104889
1003,0.15284677849767386
1004,0.10585114456802476
1005,0.11866125973809245
1006,0.2472062946813289
1007,0.2644576761601944
1008,0.24577595059884505
1009,0.20076501149321185
1010,0.32101426369863106
1011,0.10047019182102752
1012,0.10376604836179816
1013,0.16149223314512254
1014,0.2797939605610781
1015,0.14719722021526505
1016,0.19851360086653144
1017,0.3052110511714207
1018,0.3660101128428479
1019,0.2342899189137486
1020,0.280867977439817
1021,0.2975575120357836
1022,0.20088681313746035
1023,0.11220587718153684
1024,0.07194985146310437
1025,0.05613153614843043
1026,0.34683987561322216
1027,0.29812283163030306
1028,0.10804605485791798
1029,0.2290968187320627
1030,0.15393054582731666
1031,0.2316590821080767
1032,0.33646392828170624
1033,0.14774385774845816
1034,0.27274025440921845
1035,0.1015626526066027
1036,0.19322945540115125
1037,0.18691937448278675
1038,0.14633932773878644
1039,0.2353691354948353
1040,0.2977576625150639
1041,0.3456899464177654
1042,0.19207293271851475
1043,0.08046612720296682
1044,0.14107463198734965
1045,0.10824585554363196
1046,0.18490248776717216
1047,0.08112378761797229
1048,0.2383072423200027
1049,0.12979407994491712
1050,0.2711303548522841
1051,0.21468988421545795
1052,0.13537953524339474
1053,0.1362997963965954
1054,0.12988190009309014
1055,0.1357996726092515
1056,0.21999233496125392
1057,0.08321068572414388
1058,0.16953633086507958
1059,0.3056598105530722
1060,0.21023907298273234
1061,0.3770678504437712
1062,0.2400484809730616
1063,0.07810915783135264
1064,0.4463502341759526
1065,0.10083298524284427
1066,0.2849237222861475
1067,0.12035785382933176
1068,0.25936734197121064
1069,0.3238451441129903
1070,0.19637987347852176
1071,0.0730195213912014
1072,0.3159534122290054
1073,0.12506081316904602
1074,0.20954013317126327
1075,0.31031203090212034
1076,0.3977752728180609
1077,0.10660949022165928
1078,0.17822730089771696
1079,0.12097075971241432
1080,0.06628161397501035
1081,0.3150718173953438
1082,0.13393534960839484
1083,0.4083702586771541
1084,0.15247025222941454
1085,0.16276378545879275
1086,0.5002078456723035
1087,0.17752917905987553
1088,0.3726459635662731
1089,0.11833632720610912
1090,0.2445136014238781
1091,0.3036892423622183
1092,0.15468800061012308
1093,0.2378388094411057
1094,0.2438021785959729
1095,0.1245703576861706
1096,0.18059750955490367
1097,0.23389649386849695
1098,0.21021746713432815
1099,0.04919190082719796
1100,0.16062989883501408
1101,0.2479915437290421
1102,0.19338029294443765
1103,0.3534686464699609
1104,0.09816170061456003
1105,0.22113265730009196
1106,0.17654255498796073
1107,0.11570460233574795
1108,0.21888653343562994
1109,0.2082898995586768
1110,0.14421938501427972
1111,0.08079107377390232
1112,0.08576846297886029
1113,0.07534142994434374
1114,0.20834227905654934
1115,0.15233024925847533
1116,0.07282750491519015
1117,0.16349605268358314
1118,0.18600647623835287
1119,0.275465020774472
1120,0.2504465695476326
1121,0.1469088652167946
1122,0.16060137127700413
1123,0.2903484549666167
1124,0.21278169513720488
1125,0.2721639234060493
1126,0.27229882255452864
1127,0.30043324018779005
1128,0.1522026238087039
1129,0.0876649432598313
1130,0.18232670279294305
1131,0.2491530012477279
1132,0.3158295789337852
1133,0.16404705293928507
1134,0.16170659028532014
1135,0.33824985228600024
1136,0.07323597724116686
1137,0.24270410103876344
1138,0.18510151840230046
1139,0.14658024128977562
1140,0.3754321348315374
1141,0.08753962494483858
1142,0.2128329741341584
1143,0.22043667290931854
1144,0.14070733987576484
1145,0.1411197743818942
1146,0.1198736214920954
1147,0.11978563070460894
1148,0.3583193125170504
1149,0.20564991573277128
1150,0.17858017934470027
1151,0.27204666766211777
1152,0.2329610507247607
1153,0.13478985992809853
1154,0.13530481019383722
1155,0.1125532281444026
1156,0.17151741419848016
1157,0.06644517483637265
1158,0.09694184049078916
1159,0.23405171480431866
1160,0.19041359618648004
1161,0.1635274422357954
1162,0.21065714572408645
1163,0.07765979530824357
1164,0.2455752993903273
1165,0.2393612479864231
1166,0.1305428047741987
1167,0.08237120253492412
1168,0.18069428136947605
1169,0.1234489158584726
1170,0.11167073302953516
1171,0.17940632541737642
1172,0.3104281120375497
1173,0.10893332728933676
1174,0.07265006926696684
1175,0.1434765604366383
1176,0.2527729781110078
1177,0.1781869437466876
1178,0.0718382596199759
1179,0.2885110487573173
1180,0.19270683090184504
1181,0.14066739619799393
1182,0.12354314661065392
1183,0.19391087439125
1184,0.21240088001962096
1185,0.19600764394733167
1186,0.27900739873681296
1187,0.21941808650932884
1188,0.11511373412637553
1189,0.15644830770787144
1190,0.08411655018252177
1191,0.13581298160422187
1192,0.06152604145663576
1193,0.3524279784236372
1194,0.16069687624871315
1195,0.3228016620668229
1196,0.1348056500199099
1197,0.10994979482752693
1198,0.17543683792176706
1199,0.3831197850729382
1200,0.208286723785392
1201,0.3485498371592245
1202,0.12535445394277728
1203,0.08243444317448198
1204,0.1545257959511567
1205,0.09824899988788396
1206,0.15045453854407712
1207,0.11725509741192823
1208,0.2064425269941084
1209,0.12202458460380723
1210,0.22437391002114027
1211,0.2846935478545865
1212,0.1138278033185059
1213,0.2099817735721196
1214,0.3013140138627556
1215,0.17313298062060353
1216,0.3253419214664319
1217,0.16642518295757605
1218,0.2236397547108649
1219,0.15511611349699156
1220,0.09359891632934812
1221,0.2215208350481027
1222,0.17107613849550685
1223,0.16089264170881076
1224,0.12289095738537363
1225,0.3239320389380492
1226,0.2316980126467039
1227,0.234155417753284
1228,0.18381103217155886
1229,0.14340481552521767
1230,0.12320611574662227
1231,0.06185661317246431
1232,0.14885405046611933
1233,0.13299422780916784
1234,0.19090995573976247
1235,0.200700776585288
1236,0.2378852493535976
1237,0.16388173246293788
1238,0.15468386705417742
1239,0.17556500600518038
1240,0.169532269938862
1241,0.2339121231144505
1242,0.11945187505637198
1243,0.21526480532843414
1244,0.46930976902287
1245,0.08816549064163341
1246,0.18865614079770396
1247,0.09473251023421064
1248,0.2276295017584769
1249,0.13202334342391006
1250,0.2888329883865293
1251,0.1569175899219132
1252,0.17245706520684095
1253,0.35940075388949955
1254,0.07382407340541255
1255,0.3097316223491819
1256,0.2798836658811221
1257,0.19233513553591733
1258,0.19741609929498105
1259,0.3070430190708915
1260,0.2495162992229819
1261,0.34090844316814345
1262,0.2507714421545087
1263,0.08768887537824531
1264,0.124105950707478
1265,0.3001543096249749
1266,0.1901919431849887
1267,0.1910125673259813
1268,0.4731721714460803
1269,0.2339769603083317
1270,0.2784651402174486
1271,0.24337625358205575
1272,0.1989110160544854
1273,0.3399076491131822
1274,0.29988944190575323
1275,0.17211545771479794
1276,0.2829512585391042
1277,0.22934360908022425
1278,0.17865188036352422
1279,0.2606194107447399
1280,0.3536045360412909
1281,0.1568966641711128
1282,0.07132684255651997
1283,0.33547808081192565
1284,0.12124457601139625
1285,0.07762846461167543
1286,0.17997483852748605
1287,0.10577498725533784
1288,0.1827162252458916
1289,0.18314892851677844
1290,0.2762245445961097
1291,0.22581630330996305
1292,0.28976772047275035
1293,0.19835871765983135
1294,0.18281613026863644
1295,0.3551822882886745
1296,0.1959812173926295
1297,0.11560115097665564
1298,0.2072793312061283
1299,0.1270959860813987
1300,0.17304974063338222
1301,0.3914285372061485
1302,0.20718439469267405
1303,0.11407072743084988
1304,0.19270768310402706
1305,0.08405061642890348
1306,0.2756318929419181
1307,0.21543680557905096
1308,0.2189450424467116
1309,0.11854989672587445
1310,0.0826528435167084
1311,0.07608912667729105
1312,0.2703194393414125
1313,0.3600559887155139
1314,0.18501750304646666
1315,0.5027909935507177
1316,0.2457496621010274
1317,0.0444972272745048
1318,0.28032476236847986
1319,0.13127371750754546
1320,0.2141905929980271
1321,0.15882232038929453
1322,0.2972676095936052
1323,0.17488392031855898
1324,0.0953866049641948
1325,0.4051046909641427
1326,0.17218979042369958
1327,0.28520487562992936
1328,0.17079318667773222
1329,0.2298853683187107
1330,0.13576328685215827
1331,0.046125057405376105
1332,0.30553991659364393
1333,0.36087375485434986
1334,0.14716794646521109
1335,0.08366824888925163
1336,0.18322525605259427
1337,0.1744187682829529
1338,0.12740017650654115
1339,0.07507607697127568
1340,0.11073542691261644
1341,0.17419980256802078
1342,0.3358128841251609
1343,0.060665860028427325
1344,0.3382543991699038
1345,0.18851544230709527
1346,0.3273159119669591
1347,0.16784956680591934
1348,0.11205307454931343
1349,0.1465951299282392
1350,0.3588480551960782
1351,0.15062035396743867
1352,0.11196158952588664
1353,0.14065585077578466
1354,0.2141213168178845
1355,0.053067835638908885
1356,0.12810356528466674
1357,0.08065442785227563
1358,0.10901674627668366
1359,0.08487670535609942
1360,0.22146907421345466
1361,0.12103733355671938
1362,0.16860304025390566
1363,0.13374038293576362
1364,0.1553176354425749
1365,0.06684619962500997
1366,0.15225821823545374
1367,0.34786496813250684
1368,0.07207171575283061
1369,0.21993061760274624
1370,0.08446613597846593
1371,0.14359075962598736
1372,0.1203528373266719
1373,0.3320369140841449
1374,0.20155921659969134
1375,0.24660803349943924
1376,0.040746383341082194
1377,0.3350326209416367
1378,0.30856025109179863
1379,0.268587452977183
1380,0.28977851973565866
1381,0.218737528941334
1382,0.25596883784640706
1383,0.2879297076755283
1384,0.08504175666838157
1385,0.29731966261403525
1386,0.22018901593861628
1387,0.052087548831820256
1388,0.23822223612521576
1389,0.20470202352845665
1390,0.12693354487680872
1391,0.19440774665175745
1392,0.1693366665175833
1393,0.1565378800270927
1394,0.2659777678641528
1395,0.11424110329443422
1396,0.18445478987167035
1397,0.12559372680840564
1398,0.2390848702479217
1399,0.3030877251568599
1400,0.08013014811796054
1401,0.37052184687406375
1402,0.3810996060162624
1403,0.31851158005727576
1404,0.18408701585337986
1405,0.12816828931158528
1406,0.17568423995743152
1407,0.17725510552019855
1408,0.19237644014503505
1409,0.27919213852262204
1410,0.17399230886032302
1411,0.372342925978449
1412,0.15638675983188755
1413,0.278280183246468
1414,0.179346793844065
1415,0.185213160459304
1416,0.16099106737070762
1417,0.1172082788202628
1418,0.15419818907543567
1419,0.16478039383341164
1420,0.14232281103471428
1421,0.16384425808381065
1422,0.1948590038468296
1423,0.22414376589875107
1424,0.16135273799868
1425,0.063423794360012
1426,0.17227625640804034
1427,0.051978355821952
1428,0.22269043706758232
1429,0.20794037990515632
1430,0.2804765322096611
1431,0.14814649916421216
1432,0.0777484969235452
1433,0.10406810503372713
1434,0.18648096320560825
1435,0.1635218963947324
1436,0.2092129694201102
1437,0.19976880621357726
1438,0.21894945569328247
1439,0.23782531925695574
1440,0.09846074713162196
1441,0.08826215578025795
1442,0.16967867824980115
1443,0.4932524358329098
1444,0.3226015712843789
1445,0.3498424949825509
1446,0.1512309093888724
1447,0.06608183756400736
1448,0.24818247693193285
1449,0.19507572100561635
1450,0.1963035957546392
1451,0.10595128404133584
1452,0.2856796590895729
1453,0.2597284388496898
1454,0.37717700276311467
1455,0.11255358831291708
1456,0.3790174354366415
1457,0.25724066884051033
1458,0.2759333223508449
1459,0.22391859637695416
1460,0.0770400204062608
1461,0.21369713870535836
1462,0.1894978448251387
1463,0.25760905226908565
1464,0.1084476577135164
1465,0.17931232300937566
1466,0.05076158251682556
1467,0.18265787588660196
1468,0.12844145882188046
1469,0.2532868158075992
1470,0.15941494540088172
1471,0.2931632516300017
1472,0.21051002907445449
1473,0.16808222812575002
1474,0.2427976201340693
1475,0.17009460907687987
1476,0.15290435828253404
1477,0.1886416628205828
1478,0.3174981530287495
1479,0.11115014892021634
1480,0.2154625460508215
1481,0.18637407149149424
1482,0.2757566722115851
1483,0.1350452823108256
1484,0.1559021704159988
1485,0.16829055134111034
1486,0.13929587021759576
1487,0.18733651504024135
1488,0.09680428413427064
1489,0.10929348713301422
1490,0.22438230115453825
1491,0.11170644894684466
1492,0.13599588578239358
1493,0.1320487706853844
1494,0.2999319869560465
1495,0.06911125676513301
1496,0.19598365984759544
1497,0.10625307811867683
1498,0.21424869097923707
1499,0.061128930800596386
1500,0.22235555184468772
1501,0.2912624521461294
1502,0.28536993096172714
1503,0.17149351260936968
1504,0.2272644885196965
1505,0.16457807057820806
1506,0.057022661915335074
1507,0.1336955045927587
1508,0.16457674357015936
1509,0.13770105084825274
1510,0.08213662902256844
1511,0.2110791049867598
1512,0.3054090980994729
1513,0.1168943086255051
1514,0.052438103251213966
1515,0.3616485668681539
1516,0.20785978158975205
1517,0.18608541441369428
1518,0.04574736338324111
1519,0.14396961360657276
1520,0.1809844978839593
1521,0.09461802771228132
1522,0.21042869088580327
1523,0.1911885285992035
1524,0.16355368985904195
1525,0.2713607479859747
1526,0.17938324945899153
1527,0.15609208173801112
1528,0.4248189921582737
1529,0.1862161986514698
1530,0.2399251788996045
1531,0.18154045816842665
1532,0.1958474670135636
1533,0.11898917380634
1534,0.1746370435630523
1535,0.16094840748293315
1536,0.16151967939858258
1537,0.2648733134967309
1538,0.2839033457943112
1539,0.3664503249507087
1540,0.2398122020253117
1541,0.2240998048563093
1542,0.2309290746728523
1543,0.17667189872565067
1544,0.2966612941537599
1545,0.24410081338827716
1546,0.22286998123842544
1547,0.18134273148611407
1548,0.11964093420922498
1549,0.31270121652045524
1550,0.1994389749301536
1551,0.4212886365658763
1552,0.14465551928231685
1553,0.2068616316785256
1554,0.11233329367917512
1555,0.07672677595484588
1556,0.11789306056735045
1557,0.2427457396090918
1558,0.2762462107216184
1559,0.2716341254136759
1560,0.18519511321463572
1561,0.22397923503104547
1562,0.3282206981075599
1563,0.20126518019321787
1564,0.32657166026412543
1565,0.1758132249108814
1566,0.182015663169946
1567,0.27301139223716664
1568,0.21437111816066512
1569,0.10937684749460223
1570,0.2836150033625425
1571,0.10468015733711812
1572,0.6080057960632291
1573,0.24611137906671926
1574,0.06702659450561635
1575,0.16521783183183938
1576,0.2227693392570572
1577,0.22764540806930225
1578,0.20476757010713936
1579,0.20031335525112945
1580,0.20752199534639065
1581,0.3800844598668397
1582,0.2341125904283815
1583,0.237969031350506
1584,0.2369398666861349
1585,0.20793531007330754
1586,0.09294408003613798
1587,0.1794088485382119
1588,0.1687247155599544
1589,0.3112799498350289
1590,0.10520403709896804
1591,0.0553135765925828
1592,0.254293286586851
1593,0.18843192286823388
1594,0.2256696798433877
1595,0.2454165674836161
1596,0.34577566945239624
1597,0.170246408147939
1598,0.0887780711118483
1599,0.08296122408466154
1600,0.187556858640699
1601,0.10684882992733044
1602,0.08236145574963531
1603,0.2305025884513424
1604,0.1561535671149092
1605,0.222245211612774
1606,0.2009511037429204
1607,0.1512811355575888
1608,0.21355038621803146
1609,0.3526760300094006
1610,0.3114929003599613
1611,0.045714037363996776
1612,0.2268085423294041
1613,0.18764682242723665
1614,0.16180473453361954
1615,0.16811811713661676
1616,0.11330944541389475
1617,0.2286136477393325
1618,0.16124149031621354
1619,0.3931590801079843
1620,0.06551428325166002
1621,0.09696120956001364
1622,0.2108543689235076
1623,0.13110196643802718
1624,0.1688079716972005
1625,0.14213189699372925
1626,0.1568389442780186
1627,0.35427868431507825
1628,0.13987060225658995
1629,0.06198379913411831
1630,0.1288884552816542
1631,0.06269618155725316
1632,0.19275817148930785
1633,0.2425273950942449
1634,0.16447725083106468
1635,0.20847094720702872
1636,0.09786069116729272
1637,0.11978801788709895
1638,0.14206235111329688
1639,0.0837684161270413
1640,0.1970869214983132
1641,0.09948287828026403
1642,0.12518243697363696
1643,0.13459059658911726
1644,0.2563441063931729
1645,0.233637880555506
1646,0.19941529572425604
1647,0.2704440090148243
1648,0.22505607434713207
1649,0.1245989395754979
1650,0.09357734697768856
1651,0.1141866161761815
1652,0.16241552256727748
1653,0.4262198432584243
1654,0.1632278759902244
1655,0.19157844213579492
1656,0.3521320326199329
1657,0.2385700810681744
1658,0.15134605468839696
1659,0.1516718441402774
1660,0.09849700843950683
1661,0.2701131393889747
1662,0.04026274893397516
1663,0.23589893383984106
1664,0.22845748251030645
1665,0.13698226090101134
1666,0.1775918359703468
1667,0.0919651200508319
1668,0.315760669051154
1669,0.23681124392159755
1670,0.10371576037208352
1671,0.04822519194397437
1672,0.15471530758976154
1673,0.22352336030111955
1674,0.09810829217924076
1675,0.1061659276249179
1676,0.35004317614645103
1677,0.33569157167526104
1678,0.3360747207450861
1679,0.20598615081735788
1680,0.21929486413644467
1681,0.11072222977095103
1682,0.2893437737966129
1683,0.047274255056198214
1684,0.15117016818232215
1685,0.08573927830217555
1686,0.3106167343902952
1687,0.2201133173263042
1688,0.13828734238466733
1689,0.2610521460860411
1690,0.029353372176148293
1691,0.1853542135309855
1692,0.06126471881099501
1693,0.11791161995240222
1694,0.15062182653654868
1695,0.07091672698252853
1696,0.16546785767768962
1697,0.12548976756005034
1698,0.1463768766845196
1699,0.1983804203479813
1700,0.2684621791860281
1701,0.4062814666599184
1702,0.10714106659365673
1703,0.1541277214724955
1704,0.265236775058706
1705,0.19498404842266429
1706,0.2262248430791799
1707,0.2982208670784284
1708,0.2151585821730376
1709,0.12389400675058138
1710,0.1800885390852741
1711,0.11286811360839487
1712,0.1406565217081738
1713,0.16302612995733398
1714,0.2193036555703608
1715,0.2177664542575351
1716,0.221751565804538
1717,0.19748553665453264
1718,0.1410737386004032
1719,0.11770327630908566
1720,0.3542946782785814
1721,0.2704865224251648
1722,0.15498230343876265
1723,0.15182480517341992
1724,0.15857859454717887
1725,0.14362302767532278
1726,0.1950787853065264
1727,0.21923015084954067
1728,0.14641492770113734
1729,0.22791336934094675
1730,0.14280315368839708
1731,0.2774570271503446
1732,0.12104555474485085
1733,0.2470522344795829
1734,0.17018806167026454
1735,0.14992227099793326
1736,0.14632557005912036
1737,0.13574616627953492
1738,0.15432872051359178
1739,0.09471558972466576
1740,0.11495690018230105
1741,0.30336923102268776
1742,0.3973444751376536
1743,0.2074297911309683
1744,0.15182617547809624
1745,0.1402740237232375
1746,0.13102229049940067
1747,0.3020265381920593
1748,0.21876580735678933
1749,0.10310146708233718
1750,0.2928198907588889
1751,0.3285101758338899
1752,0.2196434544120036
1753,0.11907271742436015
1754,0.07856278562700413
1755,0.25702946553170963
1756,0.1668871651821722
1757,0.07641125446571886
1758,0.07782829352457166
1759,0.2649193791188477
1760,0.3218939278329651
1761,0.1640359606177486
1762,0.1251240505918065
1763,0.25677633602543865
1764,0.2704645545126473
1765,0.1712767213060526
1766,0.2482866590988201
1767,0.2348362136667919
1768,0.18752961227636455
1769,0.2497836589809622
1770,0.0720155020188611
1771,0.3659682030719632
1772,0.2659233970452196
1773,0.1764333986790489
1774,0.09471772451692098
1775,0.15902067022139085
1776,0.05673430794712739
1777,0.2810422599372447
1778,0.2288779324009538
1779,0.1721479867340501
1780,0.18880839141088346
1781,0.20606133457002368
1782,0.43235874024576415
1783,0.2193792990424199
1784,0.12748159441615414
1785,0.19571608282819755
1786,0.3682211018457395
1787,0.379630989998706
1788,0.15352335884081725
1789,0.24096619748291
1790,0.23231294503419794
1791,0.18209005546259108
1792,0.2013252217694226
1793,0.12252954098612286
1794,0.35963385500836553
1795,0.13973320848612478
1796,0.1145588366181784
1797,0.1475046163209944
1798,0.20289516654665307
1799,0.12259050084143434
1800,0.16269441859085482
1801,0.4257496726186273
1802,0.32815361432931645
1803,0.1964677018386733
1804,0.10206676845637364
1805,0.16390821832437874
1806,0.09123316740589356
1807,0.3172632189665553
1808,0.1380701258495133
1809,0.2281887659058375
1810,0.103718095785642
1811,0.1057607943175294
1812,0.3543900560236449
1813,0.20003922290139087
1814,0.28555077043659344
1815,0.25587785033259075
1816,0.07452466344388801
1817,0.2600088538671061
1818,0.16425300557450484
1819,0.12906020370892116
1820,0.2342077191527263
1821,0.2997151442471556
1822,0.11710068102000773
1823,0.2283635577993032
1824,0.2521029623133688
1825,0.15160441811989242
1826,0.2533148827501861
1827,0.2472735832433002
1828,0.18826266053805266
1829,0.2427361887124699
1830,0.26146706802313485
1831,0.2784691175583949
1832,0.10399833570948556
1833,0.24587699560405946
1834,0.12815370052658925
1835,0.2504678066831787
1836,0.13343281092455364
1837,0.2375429677435839
1838,0.19649957574064714
1839,0.2221113035277428
1840,0.0918748865164945
1841,0.17144549003912907
1842,0.15076989898768142
1843,0.1937469821429418
1844,0.2439343854220083
1845,0.19472710030955476
1846,0.18426125643718064
1847,0.4031660722031101
1848,0.21646162477759412
1849,0.16587027855995454
1850,0.12187952350248495
1851,0.15088911926297172
1852,0.15049375618711164
1853,0.2297379998498938
1854,0.18194153490110265
1855,0.24006858282636484
1856,0.1582388053598981
1857,0.11970957711724073
1858,0.20572512316970973
1859,0.26299721647708024
1860,0.15921402444120406
1861,0.10365670998356136
1862,0.1771424114608557
1863,0.44807948474273934
1864,0.2169101244921328
1865,0.0662248831013682
1866,0.3697625820784877
1867,0.15607282972334846
1868,0.09240468005384894
1869,0.15708555161309942
1870,0.0882631914021996
1871,0.13683539640553605
1872,0.2614042401722839
1873,0.24051329035443555
1874,0.3321957776406867
1875,0.2745322036839666
1876,0.2346507032302859
1877,0.3370248787366059
1878,0.3978000262399951
1879,0.3117372236501013
1880,0.1142861899645143
1881,0.26148540639641604
1882,0.1538312625533239
1883,0.22389554543210094
1884,0.1960575812064031
1885,0.3138600217452495
1886,0.3090023751055205
1887,0.2363645212776387
1888,0.13301156668930805
1889,0.09701249053607147
1890,0.16711567320849965
1891,0.3548561550658364
1892,0.3502905640007987
1893,0.16598109246770354
1894,0.23938903817060386
1895,0.08607428602996678
1896,0.290256331656765
1897,0.038670453277462186
1898,0.32270980156267176
1899,0.11405120150554883
1900,0.1752553627505569
1901,0.07515754317905927
1902,0.31228036903659057
1903,0.21787556658151067
1904,0.17858520378485582
1905,0.2283304539395046
1906,0.20962729826124848
1907,0.13568118330363851
1908,0.1000042163074392
1909,0.3181528695057636
1910,0.09878890858971667
1911,0.3958117058793043
1912,0.12518701781807418
1913,0.3955551512016066
1914,0.18884570595539685
1915,0.12808421325657476
1916,0.11652153134737694
1917,0.1329362292378205
1918,0.2629253921884401
1919,0.137507321177669
1920,0.12186291046582125
1921,0.07383105425219888
1922,0.31201665909224924
1923,0.18020319436118598
1924,0.33773148243181583
1925,0.11906819616014075
1926,0.09245784851690199
1927,0.11404841022533428
1928,0.029255394367294643
1929,0.058167008883189514
1930,0.1698860787067363
1931,0.1548418665454946
1932,0.13688368840021398
1933,0.08510759186969752
1934,0.174998307154559
1935,0.17358966867298
1936,0.1223711185498619
1937,0.21783411312861548
1938,0.3239503245035182
1939,0.22442807793767247
1940,0.22515196242936916
1941,0.14525158106718888
1942,0.1770292262012187
1943,0.14337754599879615
1944,0.12397640281223785
1945,0.16203755149684568
1946,0.183179773376524
1947,0.374917677988299
1948,0.2277366433018136
1949,0.11803137992450595
1950,0.2814779915787945
1951,0.13997443794958284
1952,0.06057898008792116
1953,0.3113130585362007
1954,0.09994423106921256
1955,0.1616855636998362
1956,0.14133129360329974
1957,0.07743549617847838
1958,0.29581323011711186
1959,0.11646012081379215
1960,0.18774159511338528
1961,0.029923688009710007
1962,0.05891498853006984
1963,0.1757594127873187
1964,0.09830387469940036
1965,0.11410144730651373
1966,0.4198157359656812
1967,0.07411251731793021
1968,0.13844996928288444
1969,0.15245463199487
1970,0.18768360012844734
1971,0.3153256491918607
1972,0.13068641417270674
1973,0.2214759813631305
1974,0.19695570556972045
1975,0.1259173274322061
1976,0.2368657389675201
1977,0.11387783158816325
1978,0.17967980106306264
1979,0.2984830390416391
1980,0.1648705407698303
1981,0.15292369716201626
1982,0.14356031661124768
1983,0.2704227395485985
1984,0.2892783531562613
1985,0.3223023363004727
1986,0.2604043833346026
1987,0.17539107942708576
1988,0.2105118614545722
1989,0.10578175438716612
1990,0.08999733634046364
1991,0.21786344669070945
1992,0.318751999726829
1993,0.2025343753393748
1994,0.3150072289380131
1995,0.26230878126425106
1996,0.2080793252209593
1997,0.1379242628701497
1998,0.15096801736347146
1999,0.18783139229900586
