,value_per_image
0,0.6085603866663978
1,0.6044985951764583
2,0.6488357043269155
3,0.5702919433828415
4,0.6240814038117868
5,0.5550876341507957
6,0.6182933810661045
7,0.6320294295936169
8,0.6684568789680917
9,0.5944196170789013
10,0.7115616727342877
11,0.5772970783377682
12,0.5635748233889704
13,0.6576603465366794
14,0.5875335270654278
15,0.718593320214448
16,0.6737742337817192
17,0.6374534048794441
18,0.5917920175510419
19,0.5955411511466125
20,0.6193558004566805
21,0.5519569396274396
22,0.6386576902529958
23,0.5781633186344783
24,0.5511789806556656
25,0.5765726197794016
26,0.6321448862677521
27,0.6760775431846394
28,0.6065289743862126
29,0.529135322746086
30,0.6481504379298962
31,0.6642651838857395
32,0.6741581453252623
33,0.6750525633976071
34,0.5322541445066608
35,0.5936541252053239
36,0.6819226698860383
37,0.5550501122397271
38,0.6241820773006049
39,0.5736149365550814
40,0.6494531384704156
41,0.7388412061992595
42,0.7510241570932579
43,0.6674556714608787
44,0.6187200882414855
45,0.6275437757876431
46,0.6026778660164763
47,0.6221214739646516
48,0.584674562065605
49,0.6400087027851686
50,0.6307471298089631
51,0.5443118861550422
52,0.6439897891688049
53,0.7011361897626728
54,0.5928957367617126
55,0.5774297074275215
56,0.5910786542112584
57,0.6457901285059903
58,0.65270552639961
59,0.5157245586185454
60,0.5663550335645438
61,0.5854411520881327
62,0.6587305618715527
63,0.5826289204780053
64,0.6899152166825305
65,0.5928352065218062
66,0.6114934626864952
67,0.701812283659859
68,0.5690475595067902
69,0.7411065731497614
70,0.568463209727295
71,0.6053269408529494
72,0.5599246728786926
73,0.677223358725603
74,0.5997597194894578
75,0.6737497279303962
76,0.5816501172097225
77,0.6140794273447844
78,0.6964335755020293
79,0.6085210069524091
80,0.6665241067092543
81,0.5899003984316014
82,0.7090621434666251
83,0.5276426335865505
84,0.7318407159914627
85,0.7413058424300204
86,0.6167687791566274
87,0.5544297967307001
88,0.6755784572997249
89,0.5789961781531809
90,0.6454332918168122
91,0.6274065090575949
92,0.6618457566567797
93,0.6028936426723976
94,0.6232184959642185
95,0.5365667765561746
96,0.6045800102380542
97,0.5959143110926731
98,0.5650805921379809
99,0.6685292610380813
100,0.5657050603289169
101,0.6029778236728965
102,0.5660979738052682
103,0.6246335229062531
104,0.6139258648545688
105,0.6016386440369436
106,0.7487209296235282
107,0.7815455261631474
108,0.5975428999555714
109,0.5439508135445331
110,0.6606005295733903
111,0.7009918355334805
112,0.7290966710363663
113,0.6045264656248078
114,0.6167501634477368
115,0.5815418021197447
116,0.6108201611895805
117,0.5754013382145231
118,0.5925730678422275
119,0.6409244742559601
120,0.6492114612264288
121,0.5965571762470879
122,0.5997154816404057
123,0.6301369182583936
124,0.6480806519418097
125,0.7192622903296059
126,0.5591063597683261
127,0.6379981619182284
128,0.5711659997505955
129,0.6234078449152449
130,0.6113609433208825
131,0.7206573786506041
132,0.5630237577393028
133,0.5617054199396563
134,0.6907811437199464
135,0.5949866210617558
136,0.7416339334991052
137,0.666677742615162
138,0.6078514639920742
139,0.6309224769142271
140,0.6198954114975163
141,0.5906899791224963
142,0.5992193963435671
143,0.5923705316048299
144,0.5741113709457534
145,0.6083538093738057
146,0.5610018226030925
147,0.7565475875792751
148,0.6388504527720419
149,0.5575298521042806
150,0.663430820808353
151,0.5978193870075985
152,0.589753194488271
153,0.5513169255271477
154,0.6733883649382355
155,0.6491001415111479
156,0.6257634749400399
157,0.6581243467315483
158,0.5618061155657614
159,0.5875600540559855
160,0.598633428443134
161,0.6290839279045372
162,0.5778254028724794
163,0.6243980646294728
164,0.5886381433917455
165,0.621534016208866
166,0.6285590470816852
167,0.6055106162661411
168,0.5351272910084551
169,0.6452876300240273
170,0.6077609659186849
171,0.6684510140005762
172,0.576150465787864
173,0.6945023163000569
174,0.6420398417814707
175,0.5877197377680025
176,0.5729873566093518
177,0.5954759393907892
178,0.6989841955017849
179,0.6526995328227136
180,0.5869728229357492
181,0.6390765417243646
182,0.6241480779883338
183,0.6256584416692256
184,0.5883399971267504
185,0.6495539042703055
186,0.6225173313764775
187,0.6830405630865027
188,0.7570267017388207
189,0.5855310273284557
190,0.559854801814977
191,0.588239379735123
192,0.6780565521486539
193,0.5568262097454533
194,0.7352241688960957
195,0.6902385352008183
196,0.606266056797495
197,0.5708535850324289
198,0.5627061894825948
199,0.6265180234047983
200,0.6889320889222107
201,0.5624570809600006
202,0.6790979058642099
203,0.6176777204586258
204,0.5821606315061079
205,0.6822165560352181
206,0.5496540772692601
207,0.6290966909708904
208,0.5887621922399239
209,0.5610250680324584
210,0.666956032197532
211,0.6031417360699294
212,0.631765566205433
213,0.5894211104794206
214,0.5923174384492731
215,0.6500168023249643
216,0.5493615051127729
217,0.5528246228767839
218,0.5959569146984528
219,0.6462275827876286
220,0.6132003382571671
221,0.6122414891785327
222,0.6928219300991457
223,0.6104133151097337
224,0.5829865508247661
225,0.5690952512454565
226,0.5152118849287006
227,0.6001201708412198
228,0.5678070782834532
229,0.6142919470656399
230,0.5892135948587185
231,0.7241136647533323
232,0.5767251590517047
233,0.5929187975544531
234,0.5436096116819913
235,0.7117484129942852
236,0.617334111168021
237,0.619674331778323
238,0.5603690480889105
239,0.5909779716243361
240,0.5611036888371639
241,0.5616165175592707
242,0.6149202972761479
243,0.5670614325530613
244,0.5773684913389638
245,0.5519143749390887
246,0.615727271972671
247,0.5881847387115539
248,0.5786613101893372
249,0.6139168849851822
250,0.5959808544567121
251,0.7403804086373686
252,0.6308091259256026
253,0.6632894365823492
254,0.5905574486733511
255,0.6627317386207445
256,0.7246789051069901
257,0.6302797657278447
258,0.6338102373604042
259,0.5868018650791778
260,0.5888792313037277
261,0.589669150212542
262,0.5757336932601363
263,0.7322642202518752
264,0.5771392206899776
265,0.6341890825493091
266,0.5929363847931772
267,0.6501670453944781
268,0.587204736111613
269,0.5979264997601166
270,0.6337292588890381
271,0.6189085483955232
272,0.6173345551932797
273,0.5979339692255728
274,0.6168207670680552
275,0.6197643225972881
276,0.73235732670287
277,0.5909692052813791
278,0.5989297883462924
279,0.626046209005916
280,0.5548023812211272
281,0.609883778019645
282,0.6779119653611282
283,0.6741992206562685
284,0.6543082181300649
285,0.8242385214056427
286,0.7103495447621684
287,0.5942496822884535
288,0.6289887685927379
289,0.6186377212920058
290,0.5496049149054547
291,0.5704387278597071
292,0.6362930025721306
293,0.60587840846604
294,0.6276876068126579
295,0.5885907599983257
296,0.6107623359866706
297,0.5592564910063365
298,0.6997814661627291
299,0.5631535133807885
300,0.5887031571234915
301,0.6010221425604165
302,0.6193803603373436
303,0.5970589662893835
304,0.6543455252371314
305,0.560221028079021
306,0.6812160645710179
307,0.5822451620365207
308,0.661592699562319
309,0.6700273903835425
310,0.7029410923897867
311,0.6233578627211993
312,0.590030906683526
313,0.5726438283288837
314,0.6509097618389913
315,0.5943115910901001
316,0.5342739042742902
317,0.6225830676331561
318,0.588354495107473
319,0.5746017810120423
320,0.622781610360474
321,0.5831413978607902
322,0.6326131066211869
323,0.6125110165105255
324,0.5981147441038597
325,0.5714145896795788
326,0.5833223219706796
327,0.6386149334774396
328,0.5948975742350732
329,0.6316170763284799
330,0.6050889655895291
331,0.5982623884607071
332,0.6692736379781837
333,0.6115031444872032
334,0.6155865469828011
335,0.6523132796089074
336,0.6661239426102107
337,0.6524477168826311
338,0.6519331595844223
339,0.6267510210448037
340,0.637661536914805
341,0.6652381646043429
342,0.6548167158062453
343,0.5640129391993874
344,0.6510795124126396
345,0.5790725278379072
346,0.5939694945162975
347,0.6093023590120854
348,0.5731824418714034
349,0.5857929808315554
350,0.5438537215076559
351,0.6319469606784923
352,0.6388048416487612
353,0.5222502888686309
354,0.5611774495287752
355,0.6329821994228875
356,0.6070919123195307
357,0.6014184151234978
358,0.5176911311252826
359,0.5746985664560491
360,0.5859893152500322
361,0.6716530767991351
362,0.5504833369669273
363,0.5799202665781427
364,0.581563635255984
365,0.6177765445081037
366,0.6101792159478242
367,0.6526722040263923
368,0.5820396040260215
369,0.6929729402871914
370,0.6020586997472486
371,0.6449310683998744
372,0.5567880579117579
373,0.5811965723536456
374,0.5755487823378619
375,0.6349924370623772
376,0.5397442455818371
377,0.7272111232283179
378,0.6375690699866746
379,0.6124094299550789
380,0.6156031362656949
381,0.6190395232800877
382,0.6175310481694514
383,0.6616293346114223
384,0.5838012076600363
385,0.6597060798328676
386,0.656257577007404
387,0.6095480958853418
388,0.7682193117931637
389,0.6584275735242919
390,0.6449826112218613
391,0.6043731011103232
392,0.5936501431444509
393,0.5951268629022366
394,0.6884959119723095
395,0.6574963487981688
396,0.6380544550059357
397,0.5769066036218026
398,0.5522852631289386
399,0.6656936508484237
400,0.5732491961964999
401,0.5827211816897179
402,0.5843101419261202
403,0.5537396021174549
404,0.5654154303318668
405,0.6324427333927354
406,0.6657748038506867
407,0.6213108838728227
408,0.6685715977694875
409,0.7120884247243308
410,0.7349586952761569
411,0.6442396064112533
412,0.599896462433232
413,0.5935287731066282
414,0.6252224003887572
415,0.6753870627003443
416,0.6045022992360141
417,0.7269981871675831
418,0.6597132895303762
419,0.665769660096726
420,0.6305228410868647
421,0.6642870797614301
422,0.5854158152365153
423,0.5493383722282028
424,0.6212731016706243
425,0.7205077723215632
426,0.5853093309180856
427,0.7147335266821572
428,0.5809068985426481
429,0.6193588771245061
430,0.5846136966142939
431,0.6089920229073822
432,0.6689402956276963
433,0.6295031479896029
434,0.6042173040717785
435,0.7222649679152107
436,0.6978876465363782
437,0.5874379925779726
438,0.5972234188957216
439,0.5696164491145564
440,0.6273743477207726
441,0.6144284134598385
442,0.6124167721813687
443,0.6151900270385706
444,0.5819982708301052
445,0.6034641546792037
446,0.5610227944612562
447,0.5892748458339229
448,0.5973127017173838
449,0.5801841144816728
450,0.5841599391988913
451,0.5061916017247288
452,0.5957229380677017
453,0.5416552741242671
454,0.581158105984637
455,0.736795948229734
456,0.5571065714019287
457,0.6281654869803774
458,0.5534373572497506
459,0.7291278355151315
460,0.5816221264455317
461,0.5277767491901018
462,0.5467513904774998
463,0.608242214304089
464,0.6316022811068005
465,0.5804808305721019
466,0.7052464715487871
467,0.7379239950815553
468,0.5964193899378755
469,0.6088723646325226
470,0.5742845061662779
471,0.596477551592359
472,0.6549746698854325
473,0.6085815920425973
474,0.5664352634062841
475,0.6056311469611441
476,0.5906838560091112
477,0.5734934083266949
478,0.5727640809120996
479,0.6819369506876446
480,0.6108529896890192
481,0.5729875971473252
482,0.6151934058784331
483,0.5316164306474178
484,0.6498792900305889
485,0.7439594380800651
486,0.5658960463662693
487,0.5740802912320678
488,0.5655369574490766
489,0.6847432130774209
490,0.6155038697233634
491,0.6625829148026717
492,0.5282664642195684
493,0.5565366919970269
494,0.6197517944914502
495,0.5467085188585697
496,0.7111534738652755
497,0.6184342897216212
498,0.5883623637195601
499,0.7513798959853996
500,0.5920629814663757
501,0.5959070145183206
502,0.6547180459244201
503,0.5842351400990557
504,0.5844252435420383
505,0.6225009043246522
506,0.6138896631327053
507,0.6085745024277507
508,0.5713251262357574
509,0.6621743585694277
510,0.6319030961698291
511,0.652433486640041
512,0.6031270476764454
513,0.5799186425817842
514,0.6554585611186948
515,0.6257889362947705
516,0.6622903348616058
517,0.6177153904938176
518,0.57791793999122
519,0.5924085878318498
520,0.6850694923006379
521,0.5881521960203049
522,0.5595838972677134
523,0.617146345156755
524,0.5622071933554473
525,0.5643173122827021
526,0.7166106063803334
527,0.6065537407194466
528,0.6752996800382812
529,0.6119346541047526
530,0.5916539242908846
531,0.6396368575781453
532,0.5879382436977473
533,0.6279505722144673
534,0.6878052962803952
535,0.541699042756872
536,0.6137477614327809
537,0.6122005058834218
538,0.6589069562487053
539,0.6133509115303079
540,0.5874143171958071
541,0.5606656908586883
542,0.6049592164492739
543,0.6393068452620283
544,0.6385538187297578
545,0.5895609885149952
546,0.7161344404184065
547,0.6665913971112071
548,0.5817881015716203
549,0.5992009223485948
550,0.6409717242221594
551,0.5745844781905092
552,0.5908763645219437
553,0.6628439169881983
554,0.5882457523921355
555,0.7163832075733121
556,0.7490917848181258
557,0.658521253011317
558,0.5641779425079984
559,0.5405935664726514
560,0.7227892226330755
561,0.6581496918223058
562,0.665262691736942
563,0.6300266712742858
564,0.5861344840551838
565,0.6400506919670408
566,0.6382678947605648
567,0.5793912136511855
568,0.777029151030359
569,0.6457616126810707
570,0.7370601060293002
571,0.5754047510065101
572,0.7275143855746321
573,0.7153059715253668
574,0.6394501168474261
575,0.7831501020863869
576,0.6986543383123398
577,0.5818230556497083
578,0.6850620429305556
579,0.6443814714926331
580,0.5925953231242517
581,0.5843611742724397
582,0.726994537042868
583,0.6244059029874645
584,0.520799156853841
585,0.6578729782420298
586,0.5752128878967039
587,0.5928317252491269
588,0.6658447604440562
589,0.5589651264942562
590,0.6052325755596907
591,0.6133289343978816
592,0.6732591582131332
593,0.6286732962319347
594,0.6521413788126142
595,0.5804636216493577
596,0.6461093463157115
597,0.550392118731569
598,0.679013764422673
599,0.7043858419277937
600,0.5776567742117357
601,0.7201623335212685
602,0.5697100398519374
603,0.6582906920010995
604,0.6346530197872113
605,0.5863950106164918
606,0.6604067225515519
607,0.6208778891687489
608,0.6489699068463417
609,0.5895882709266066
610,0.59352434130492
611,0.6281609456443787
612,0.6101990066731046
613,0.6285097285115716
614,0.6394238275460166
615,0.6159570767885225
616,0.6083270852244389
617,0.6034306665483871
618,0.6980957031160587
619,0.5795745700208315
620,0.5940169824486378
621,0.6865783366110766
622,0.5945077044329845
623,0.5972766390580467
624,0.6963181044627739
625,0.6288350645479773
626,0.6609780347262536
627,0.590273579725945
628,0.5442616571317728
629,0.7844292249885213
630,0.6224833794277089
631,0.6040871252684263
632,0.6435551205948465
633,0.6345096603208044
634,0.5752718678840211
635,0.5974067859459975
636,0.6043894028035394
637,0.6460216617323568
638,0.5944230265777973
639,0.5484014604048422
640,0.6320026636355327
641,0.6027319180804556
642,0.646926850657655
643,0.6550859473358106
644,0.5629935826938998
645,0.5907946934393822
646,0.5988564435364496
647,0.5686329599589116
648,0.6188749911682442
649,0.7256704359688386
650,0.5774855621068784
651,0.5985524021225708
652,0.7142503758132365
653,0.7385553015175665
654,0.6348766715936618
655,0.6490201910679597
656,0.5548685746328973
657,0.6530063105184799
658,0.6916357169697691
659,0.6344452944114252
660,0.6026474401558368
661,0.6481047739066391
662,0.6649627715542528
663,0.6631731895576924
664,0.6193189709744004
665,0.5687547630714959
666,0.5664236812712672
667,0.5292705974626173
668,0.5276664538290171
669,0.5831447690411992
670,0.5940874913006283
671,0.5867327262557571
672,0.6217019132018046
673,0.6911084971255747
674,0.7408635314976139
675,0.7557884193426714
676,0.5833664947408682
677,0.5726978884329238
678,0.6890510893349888
679,0.6427889365642135
680,0.5619288648314255
681,0.5771151585484563
682,0.5585558874381724
683,0.6337028261243205
684,0.6578442647905106
685,0.6499081321012693
686,0.552683698460736
687,0.5914144784571143
688,0.6690423431463162
689,0.5687679837863484
690,0.6398978289132043
691,0.6115046103825776
692,0.5921777667770898
693,0.6157175825717079
694,0.5872899008137067
695,0.5428070932895928
696,0.6025632040312421
697,0.6245447002325453
698,0.6095742838724753
699,0.7137838144762595
700,0.5554341091795978
701,0.6076728396758181
702,0.5686617580561568
703,0.6637774560232902
704,0.5773978656445709
705,0.6327642636363677
706,0.6282476372347358
707,0.6258680059673388
708,0.5502807363105183
709,0.5937152064168527
710,0.5591861799908956
711,0.6482765223373085
712,0.5757997108738839
713,0.5663502092636181
714,0.6001051398629129
715,0.5614438375185101
716,0.5578640637617007
717,0.6770521257581745
718,0.5760961949940276
719,0.5863750611330988
720,0.716455514702177
721,0.6348100814666933
722,0.6144489646092018
723,0.6794748588204212
724,0.5933767599083082
725,0.6177616567793154
726,0.5405018804171322
727,0.7145440855900782
728,0.5884504289939929
729,0.5665131126518306
730,0.6674029525107371
731,0.6314182800208891
732,0.6403220751881439
733,0.569983813179582
734,0.6546708824977189
735,0.5839217645021751
736,0.6524460514561721
737,0.6298851003676933
738,0.6506896929508323
739,0.6000219952657174
740,0.5674495818947335
741,0.6132545259749731
742,0.6608671869404257
743,0.5848123199551495
744,0.6093976249861746
745,0.5590792513757048
746,0.5826498282733936
747,0.6107989257278559
748,0.5750977863432956
749,0.6018425674258837
750,0.6153426039663668
751,0.5682326053279773
752,0.6188741419132857
753,0.5781140295680341
754,0.5913589256672453
755,0.6098928232446997
756,0.62848000304519
757,0.6319079510441153
758,0.5928167735700065
759,0.6397967666285264
760,0.5889258042020763
761,0.5513313237805213
762,0.6377692326690108
763,0.5872567711756899
764,0.5976980487926082
765,0.6472648150124685
766,0.7393900656882181
767,0.5747040342124059
768,0.6724476289819866
769,0.7450326530316019
770,0.54229597677427
771,0.6117395445680051
772,0.5964733734852539
773,0.5965347070754029
774,0.5860850573459351
775,0.6185220130189579
776,0.5605200028361013
777,0.5754385495877956
778,0.5951410072009761
779,0.5508400435610387
780,0.6286987257048179
781,0.5618085194020398
782,0.7047935544060195
783,0.5160895249828811
784,0.5836127289839104
785,0.6121101475652995
786,0.6057062130017243
787,0.5808554312242349
788,0.6475477446641993
789,0.5810152403690403
790,0.5861943213651091
791,0.5775756570732635
792,0.7175161545748403
793,0.574349004870699
794,0.6018517781469247
795,0.6513984376966266
796,0.6455526274536199
797,0.6024314201593605
798,0.5803014695689522
799,0.633481316360584
800,0.6138541384426076
801,0.5922551290343203
802,0.6325455034129762
803,0.6554663898772088
804,0.6599745090960168
805,0.6461126043920213
806,0.6157270244393179
807,0.5604014400192754
808,0.6207951711987518
809,0.5194688275186334
810,0.6461429900763231
811,0.7476327939125466
812,0.6972021231084842
813,0.5869691824557652
814,0.6559437937502239
815,0.6036169797056111
816,0.5430334510779816
817,0.6202113166550056
818,0.7313533601426696
819,0.6255262033557041
820,0.5895600841228763
821,0.6253919951400165
822,0.6405309984696852
823,0.666847226469198
824,0.6558275880219212
825,0.6060372147039802
826,0.6995732353354479
827,0.632120661495925
828,0.5177816723483828
829,0.7166056655847255
830,0.6088367625118029
831,0.5994639341580639
832,0.562352381642599
833,0.5615097546687238
834,0.5943704965309942
835,0.5452002719285918
836,0.6147774022981286
837,0.6193620703213216
838,0.7082037539388318
839,0.5980472711553688
840,0.6982437971204711
841,0.6584144814125434
842,0.5936111216561264
843,0.643073056988583
844,0.5577740556531944
845,0.6637152685130047
846,0.5864487101336279
847,0.7151832533971854
848,0.6120294448534894
849,0.6476901625594564
850,0.6299440305825968
851,0.5492788878326774
852,0.5609964871631148
853,0.7695615640030914
854,0.6555509440195194
855,0.5755399218960809
856,0.6872542075990021
857,0.618950141749663
858,0.5245910749212636
859,0.6322043633074614
860,0.5561523798568976
861,0.5510879356339253
862,0.6002224257609778
863,0.5899433711181359
864,0.5700326641518805
865,0.6237120174348201
866,0.6307530298633519
867,0.5724245742033222
868,0.5352290395866477
869,0.6701140659155075
870,0.552550818073941
871,0.525106202609502
872,0.6405237430238793
873,0.6383540315027615
874,0.7184109499373703
875,0.6470283273350764
876,0.632806729334011
877,0.6196669564623466
878,0.5424914215895448
879,0.5868158989513701
880,0.5548822813435901
881,0.6165568487625822
882,0.7368269556326239
883,0.6174120144881852
884,0.6964051202811566
885,0.5651901713972342
886,0.6338036782607723
887,0.6563894848055342
888,0.6359257341169962
889,0.5498487496910769
890,0.5893902105569833
891,0.6395824798353519
892,0.6312461951594189
893,0.5928999303747083
894,0.6075785047069838
895,0.8075370796828186
896,0.6195794418030932
897,0.6041459000270452
898,0.5616639573816355
899,0.6304587607147866
900,0.6688364318230162
901,0.5380074345816198
902,0.5735492262137352
903,0.5319861889665067
904,0.5461267147762586
905,0.5987256316073832
906,0.5857121450058586
907,0.5414416403023731
908,0.6158722650079297
909,0.6108613150348697
910,0.5551088008458887
911,0.5832823368542017
912,0.6557334287059141
913,0.6386477256502632
914,0.6821310840822518
915,0.649420753822943
916,0.599054122927306
917,0.7129838848577295
918,0.6205509077693442
919,0.5610760703712293
920,0.6044358776409536
921,0.5893280819732721
922,0.5609543931360413
923,0.5786212363767302
924,0.5498619094436374
925,0.6554663569347442
926,0.5799009316880273
927,0.6130948737566333
928,0.6141369816763037
929,0.5896961231152844
930,0.598034217103242
931,0.5960012012430365
932,0.662704517688645
933,0.5828762498465742
934,0.6557048864295298
935,0.6834769801874209
936,0.5731160234670017
937,0.5505743217468329
938,0.6432151378922667
939,0.5519069511211
940,0.6874956919059343
941,0.5321862774297295
942,0.5674199368546566
943,0.6745081268576448
944,0.6172261722854722
945,0.702579853978475
946,0.6186118363402869
947,0.5688762615645497
948,0.5967463627773679
949,0.6200796374798014
950,0.5534691689164293
951,0.545014686745126
952,0.6848608419854249
953,0.6584147391826889
954,0.5837644818720661
955,0.6240520499143044
956,0.6582852209135145
957,0.6194685379367982
958,0.5631806579415941
959,0.6386645263974025
960,0.6225280013404787
961,0.570559827837519
962,0.6735494638847991
963,0.6389440927151238
964,0.7223244671462238
965,0.5788995889855926
966,0.6074492831264029
967,0.5880936625783325
968,0.5819891821688153
969,0.5736563394143777
970,0.6382841777836332
971,0.5507606839776694
972,0.6442473196727116
973,0.594103691392597
974,0.626233596172836
975,0.5629911229601493
976,0.5399257088826462
977,0.572069050922703
978,0.6143979317394548
979,0.6075196331957956
980,0.54767204306701
981,0.6206066581807501
982,0.5860255224954812
983,0.6250287008705875
984,0.5773588483588669
985,0.5928899825735483
986,0.706906978797105
987,0.6143313720717763
988,0.578280906925551
989,0.5380857417850735
990,0.6452369338065392
991,0.565465220831758
992,0.6538043091063017
993,0.5798240067649916
994,0.6739357632937484
995,0.5557614351394021
996,0.6989684293126639
997,0.6635174289072805
998,0.6699242117623556
999,0.5873391108904692
1000,0.6735518672707981
1001,0.644278140692992
1002,0.5683912873048119
1003,0.5619561322960813
1004,0.60671768817964
1005,0.624480012507946
1006,0.6020799782166315
1007,0.7021001994285527
1008,0.6129985316766305
1009,0.5665041331189059
1010,0.6637871832519634
1011,0.6120112304391593
1012,0.5745821692357737
1013,0.5590515062162397
1014,0.6641716887347761
1015,0.5705906876017675
1016,0.6076223090488022
1017,0.5747132914531126
1018,0.6358349266469973
1019,0.59172403360426
1020,0.7156473951914135
1021,0.5830334789686127
1022,0.6972749567851689
1023,0.6153477486893064
1024,0.6120756413958526
1025,0.6005920047183179
1026,0.5431415346338243
1027,0.607523134486522
1028,0.6381889107865533
1029,0.6095044274258435
1030,0.6148712030025362
1031,0.6081981132005584
1032,0.5801117445879063
1033,0.5809779293199967
1034,0.6373605968732502
1035,0.5479189374217402
1036,0.6484476640070871
1037,0.6715218081951315
1038,0.596283325813846
1039,0.5457906302206096
1040,0.7318977592958391
1041,0.7068638762976477
1042,0.5717532791265456
1043,0.5285424780627305
1044,0.6036247339407185
1045,0.5679576551152236
1046,0.6046980977272661
1047,0.686959430197835
1048,0.5772890629542896
1049,0.6858158893183354
1050,0.6066887205003313
1051,0.595964383174768
1052,0.5727216271680314
1053,0.5787744570830702
1054,0.5861506797949797
1055,0.7320743642882371
1056,0.6877556497861358
1057,0.6064249759976562
1058,0.6642911483134574
1059,0.6146983312215868
1060,0.6379293064212654
1061,0.6692077287678556
1062,0.5909942606991065
1063,0.5948500392218791
1064,0.6176812045289554
1065,0.5387784100184302
1066,0.5849612138876229
1067,0.6252798122460905
1068,0.6154084802508611
1069,0.5830708090766705
1070,0.6343002171047027
1071,0.5721629410082969
1072,0.6168496183501743
1073,0.5952408409017811
1074,0.6426898726896729
1075,0.5596782019811928
1076,0.632725261194664
1077,0.6058447117612975
1078,0.6864684005314987
1079,0.6301212406318211
1080,0.5893373315446417
1081,0.6616298294300269
1082,0.6599073645210302
1083,0.7575661242269957
1084,0.5469071992435864
1085,0.6189514175340092
1086,0.7031960360825648
1087,0.5880896086258998
1088,0.6685708345103873
1089,0.5854936920510159
1090,0.5662314245214765
1091,0.7283257115950631
1092,0.5803835860363368
1093,0.6304825911341924
1094,0.5823937964450716
1095,0.5780895258652045
1096,0.5739660730949765
1097,0.6318095164802221
1098,0.6069273988632797
1099,0.5816667064738564
1100,0.6396780868430363
1101,0.5420841044630493
1102,0.6191414608658025
1103,0.5914321207728477
1104,0.5314397073572421
1105,0.5265335782899443
1106,0.6053757904562952
1107,0.6331450552870675
1108,0.5230424131154938
1109,0.6130691428778949
1110,0.6165837866208602
1111,0.6119681707604558
1112,0.619245034743782
1113,0.5740052168779819
1114,0.7559405006807943
1115,0.5691489456519333
1116,0.5765604808370139
1117,0.6310451064074447
1118,0.5303103121359867
1119,0.7267481354236387
1120,0.5773670130502784
1121,0.6143714744535503
1122,0.6278590349940094
1123,0.7021377906930882
1124,0.6092357792290166
1125,0.6457526671388121
1126,0.6097860672018112
1127,0.6239749764391914
1128,0.6637544240044676
1129,0.5958365752319178
1130,0.5903967205091959
1131,0.6785603796176377
1132,0.604306000975404
1133,0.6082883259981141
1134,0.5679128317564986
1135,0.620765425383105
1136,0.5577934849346209
1137,0.559776885367712
1138,0.5727897920868562
1139,0.6334564477654054
1140,0.6947242239351584
1141,0.6063590602255424
1142,0.5875258638657169
1143,0.5966154259537063
1144,0.5795486436364129
1145,0.6448666098263804
1146,0.5933436266774217
1147,0.5572605434182415
1148,0.567601737840115
1149,0.5397221347786079
1150,0.6796899947916031
1151,0.7795067806423138
1152,0.5774026711871889
1153,0.5684265655256167
1154,0.5905046565181961
1155,0.7288686308553819
1156,0.7363591116763349
1157,0.6161995007174027
1158,0.6174843797363325
1159,0.6710861288624382
1160,0.5730029717433442
1161,0.5928902584761455
1162,0.6165587363464838
1163,0.6153481965338091
1164,0.657509754266715
1165,0.690933617464263
1166,0.5885796221744428
1167,0.5277133834884066
1168,0.6195375132238307
1169,0.5743497683415106
1170,0.6972803170719307
1171,0.5443728800214617
1172,0.6452117583393272
1173,0.5491942193644149
1174,0.5790144572885801
1175,0.7180307466242353
1176,0.6767772848848198
1177,0.5893429968944813
1178,0.5951447754551689
1179,0.6456384133341639
1180,0.6043948908462863
1181,0.6569662625057648
1182,0.6438760914372375
1183,0.6398644000030086
1184,0.6100982777899024
1185,0.6169359488688642
1186,0.6010264376147265
1187,0.595787165745572
1188,0.6368335700155302
1189,0.6526750919329752
1190,0.5890635443365347
1191,0.566145810709898
1192,0.5584766267636326
1193,0.6494718541519803
1194,0.6321452128329094
1195,0.6717204140897474
1196,0.6158730882068227
1197,0.5668877643402088
1198,0.6067108890028664
1199,0.6835614562047055
1200,0.6469278212040641
1201,0.6195242190686925
1202,0.6530224114702584
1203,0.5762181548239738
1204,0.6412994333470179
1205,0.5793794125342453
1206,0.6057442296073843
1207,0.5715347203857557
1208,0.5641774296088778
1209,0.5579082832604354
1210,0.5449100716681838
1211,0.5950616428032245
1212,0.5754211573472391
1213,0.579230697362397
1214,0.6123055800649543
1215,0.5716590307282681
1216,0.649835651645239
1217,0.6061200182589376
1218,0.7117306422320243
1219,0.5844870190649983
1220,0.5799836445088749
1221,0.6000200333480767
1222,0.576980614232461
1223,0.5752459944974307
1224,0.5771629887279662
1225,0.7166544195057546
1226,0.6110351351072564
1227,0.6649753813223089
1228,0.5786056265378033
1229,0.5762769159419927
1230,0.6119139240096282
1231,0.5752083695729799
1232,0.6076170081001392
1233,0.5330021314691337
1234,0.5408798807145164
1235,0.5435752109292573
1236,0.5446170550367391
1237,0.5930101367358411
1238,0.6495648901267951
1239,0.5637841788535108
1240,0.620687015611551
1241,0.6204346010902169
1242,0.5967341604129506
1243,0.6720655624646695
1244,0.6325475597988535
1245,0.5984630166325754
1246,0.6354754689627279
1247,0.6079483989576918
1248,0.5214657397485334
1249,0.5523972764310265
1250,0.6039074240368899
1251,0.5436809699884554
1252,0.5433763311657996
1253,0.6533414651213514
1254,0.5852152995737709
1255,0.6575537340587722
1256,0.6411623212365162
1257,0.5804479445278626
1258,0.6199085997021135
1259,0.5952882185697587
1260,0.5978540877342347
1261,0.607857304210678
1262,0.559346045566216
1263,0.5991054578372731
1264,0.5936146169093628
1265,0.6510827756968209
1266,0.5942526444151383
1267,0.6136297534635785
1268,0.7909677574206547
1269,0.5762512026528377
1270,0.6032388265093208
1271,0.6516075777049299
1272,0.5686700633244479
1273,0.6668978936922317
1274,0.7334935125280043
1275,0.6215184219812161
1276,0.6704920164845163
1277,0.6483696750528084
1278,0.6949252667069449
1279,0.6160306412875739
1280,0.614021687637322
1281,0.6301204408890816
1282,0.6231273220790727
1283,0.5902593265943562
1284,0.6027393240563104
1285,0.5727039263272045
1286,0.6753715877437962
1287,0.61114799519837
1288,0.6225363059772088
1289,0.5549472765032912
1290,0.6224751766128452
1291,0.5442759100511174
1292,0.7170935692546166
1293,0.6384246366488736
1294,0.5926945856321103
1295,0.5627734458337836
1296,0.6573214048742829
1297,0.6475109479822395
1298,0.6921079728712877
1299,0.6538588554180942
1300,0.6473861443936476
1301,0.5800487271649301
1302,0.5857265377468514
1303,0.5793422753398928
1304,0.6333160622916922
1305,0.6244275531306371
1306,0.6038076046196583
1307,0.5824967120616162
1308,0.5466377634911186
1309,0.5931646750543375
1310,0.5641584341403154
1311,0.6466399656322065
1312,0.5871656728283955
1313,0.6443966437208639
1314,0.6207690408861548
1315,0.6765175763043358
1316,0.7195673242619389
1317,0.6656495593075862
1318,0.6159909408442998
1319,0.6281416948860353
1320,0.7524078065552283
1321,0.6412584761734843
1322,0.5857503653466372
1323,0.6039065312589132
1324,0.5314459373279585
1325,0.7228657937937645
1326,0.5999052151513339
1327,0.5980177279060193
1328,0.5655071175570068
1329,0.6541606374437808
1330,0.6814299114334109
1331,0.6153891550049619
1332,0.6099872639716271
1333,0.6715977595373154
1334,0.6540646015985487
1335,0.5917929567505409
1336,0.6075274782338571
1337,0.5839273863373095
1338,0.6098166018222396
1339,0.5819380744615513
1340,0.5748200781081879
1341,0.5707868505048259
1342,0.7085942820309896
1343,0.5958307044020279
1344,0.6158778381053771
1345,0.5674218013807111
1346,0.6008395049340949
1347,0.6746434114805506
1348,0.6942997824742884
1349,0.5814602557199919
1350,0.7170917925401744
1351,0.5719049530607584
1352,0.5992289889430904
1353,0.6254926664239987
1354,0.572957713133205
1355,0.6414650452021052
1356,0.7082207880682767
1357,0.5688425230972748
1358,0.6275795171775203
1359,0.559374054707148
1360,0.7220269519286832
1361,0.5872557784037581
1362,0.5701901920043123
1363,0.585633307606348
1364,0.6203101480373081
1365,0.5824703824705572
1366,0.5713204553736771
1367,0.6350013113688855
1368,0.6069179980058744
1369,0.618274632780121
1370,0.6083720521309005
1371,0.6209234953333177
1372,0.5852789187299109
1373,0.5887225943500328
1374,0.6713924244807844
1375,0.6047493341275392
1376,0.5405047348379829
1377,0.6291992059869754
1378,0.5791266506175885
1379,0.6319219759001563
1380,0.6396157017262014
1381,0.7206445315320315
1382,0.6486949935370406
1383,0.5324707496397454
1384,0.6231922313821248
1385,0.6451316359087816
1386,0.8224636891582582
1387,0.6309081942491785
1388,0.5870870583249607
1389,0.5999497075074353
1390,0.7572495760175743
1391,0.7154776710440647
1392,0.5240994933154572
1393,0.5720881214403132
1394,0.5261982487481057
1395,0.5391612354245006
1396,0.7032733875645407
1397,0.5777206554358041
1398,0.5481620740136812
1399,0.644359248728735
1400,0.6099656301191118
1401,0.5781784524212729
1402,0.7098824900695535
1403,0.5618483926343358
1404,0.5914775066374326
1405,0.5879248511075701
1406,0.6224799923132013
1407,0.5986944718797158
1408,0.6073930310991291
1409,0.6745378365027903
1410,0.5545309386930253
1411,0.6575538717661124
1412,0.5827229775822731
1413,0.7828147912031875
1414,0.6571498180537027
1415,0.5962332673074365
1416,0.675705403760502
1417,0.6038142953451813
1418,0.6261614103951916
1419,0.6036301294095275
1420,0.5693354126950699
1421,0.6835741367001071
1422,0.5573907450910294
1423,0.6467955569916984
1424,0.5477799158899528
1425,0.5831323261950786
1426,0.6154461867648274
1427,0.6029029218093991
1428,0.5892800911222441
1429,0.6386254555515409
1430,0.5964720378374498
1431,0.6854153602271488
1432,0.5602086350561336
1433,0.6072460006237439
1434,0.6624252238619841
1435,0.6282175096261836
1436,0.5336096708391458
1437,0.6880990248098603
1438,0.564875210618432
1439,0.6064341180849512
1440,0.6052715303919137
1441,0.5854876886630805
1442,0.5938610134331057
1443,0.6242346717302483
1444,0.658778045689446
1445,0.5513291721679661
1446,0.5769333578300712
1447,0.5852577216667715
1448,0.6152211143551257
1449,0.5277093261532616
1450,0.6427275991524138
1451,0.5798461954136285
1452,0.6121664926402999
1453,0.5944227000959645
1454,0.7149230365421076
1455,0.6793112051737451
1456,0.6939511677111708
1457,0.5128029364499137
1458,0.6353130319761943
1459,0.5738571212529879
1460,0.5962633885399962
1461,0.5695579885845519
1462,0.6403595463883639
1463,0.7066563034083029
1464,0.5709149135970646
1465,0.566356439737693
1466,0.5796698100749916
1467,0.6183530473355449
1468,0.6372122358142993
1469,0.5845522554612973
1470,0.6114461705166824
1471,0.5913959579698651
1472,0.6169061518492628
1473,0.6333761421841805
1474,0.6338965965761558
1475,0.608419769848853
1476,0.5622624927999019
1477,0.659518827913039
1478,0.582347026402995
1479,0.6149359144769522
1480,0.5608436831584792
1481,0.6747523094855398
1482,0.6061611079750671
1483,0.6047917190025197
1484,0.6799055862910977
1485,0.6039161513071277
1486,0.5771251107239023
1487,0.7342294988885709
1488,0.5888022440834478
1489,0.6201276064139315
1490,0.7104228627881688
1491,0.6060696032132324
1492,0.5902589119864229
1493,0.5649794964804545
1494,0.6712041966872171
1495,0.5905283114089684
1496,0.5980530566138047
1497,0.5599057516361551
1498,0.6478291078606925
1499,0.6135763585979402
1500,0.6321610418753457
1501,0.6075614886034421
1502,0.5643747357715171
1503,0.5749408413195962
1504,0.5850127182212512
1505,0.6428849147391597
1506,0.5512967818944146
1507,0.6531234397134069
1508,0.5684446633666453
1509,0.6740406004274967
1510,0.6712078122169615
1511,0.7322321648718172
1512,0.6204990157226604
1513,0.6126787543593643
1514,0.6273943133258733
1515,0.5985367578791222
1516,0.6121067157859642
1517,0.6763377614476652
1518,0.5292647021591974
1519,0.5617034959621843
1520,0.8218085552141389
1521,0.6308784052539453
1522,0.5746663989375013
1523,0.5681908005148631
1524,0.6833869509785212
1525,0.6197280226748967
1526,0.6003340691444476
1527,0.5950887836196586
1528,0.6674803046530902
1529,0.6346550499685187
1530,0.676592997383586
1531,0.6371206832806511
1532,0.5675679201435615
1533,0.6011035402137488
1534,0.6392948118995291
1535,0.6384089052700227
1536,0.6790666529245721
1537,0.6928663733956163
1538,0.570943301476786
1539,0.6290238705146244
1540,0.6740823081366342
1541,0.6254522225594064
1542,0.5958075896480335
1543,0.5274345580408786
1544,0.6355227626223066
1545,0.6005424868913529
1546,0.5933560316244971
1547,0.6709205040512828
1548,0.6346469764239898
1549,0.5734361275260467
1550,0.6227038530356493
1551,0.6126978142377505
1552,0.6631692378672126
1553,0.6037793972660634
1554,0.6006194257789533
1555,0.5325249998745134
1556,0.6052056328082808
1557,0.6118832100811548
1558,0.6335106107759774
1559,0.6316367205179317
1560,0.7347192532652761
1561,0.5884604174566149
1562,0.612243995126085
1563,0.5688006605896991
1564,0.5625935727035442
1565,0.6296529218703819
1566,0.6074345118995376
1567,0.5870050356014886
1568,0.5469087725499123
1569,0.6466609083299086
1570,0.6240333275766989
1571,0.6224454137393572
1572,0.7077026335845678
1573,0.5731919614511654
1574,0.5671842485378207
1575,0.6361064082629062
1576,0.598311777452773
1577,0.6292130681181323
1578,0.6276398703481567
1579,0.5915661810106354
1580,0.6029109172115179
1581,0.6662744643811421
1582,0.5638499143934151
1583,0.6457588364125193
1584,0.6289942933144026
1585,0.6509490263021598
1586,0.5420583244102489
1587,0.5860973453815163
1588,0.5398653951365067
1589,0.7768769330675462
1590,0.5721740348404512
1591,0.5653240927035217
1592,0.5860585549394379
1593,0.6775004138181402
1594,0.5950069941968091
1595,0.6723375001198844
1596,0.6276416963505593
1597,0.6108239593689573
1598,0.6415917884790074
1599,0.6255976618034443
1600,0.6482050505832139
1601,0.6128647742095625
1602,0.5835968624337294
1603,0.5609044573248803
1604,0.6561907703011911
1605,0.6677219088640229
1606,0.6135923720883422
1607,0.6572094269227342
1608,0.6708563024158559
1609,0.6412522966010163
1610,0.6889225589350612
1611,0.5882916560099872
1612,0.6231142697242676
1613,0.7348945324202819
1614,0.5828958830804855
1615,0.5694826480479921
1616,0.6387967940591753
1617,0.6060438746186769
1618,0.6645063683346106
1619,0.6222186704733247
1620,0.5990006451930544
1621,0.658102048042197
1622,0.5461164372608426
1623,0.5471751080813211
1624,0.5453483462750699
1625,0.5701217157476057
1626,0.6369701153333651
1627,0.5370718167548634
1628,0.664512874587653
1629,0.580648165165175
1630,0.6384261507968986
1631,0.5779817377402935
1632,0.7488284281611239
1633,0.7322416021529694
1634,0.5896748424856498
1635,0.5783327435792015
1636,0.6307130876132229
1637,0.5772452665425551
1638,0.7105836311090101
1639,0.5335129123637473
1640,0.6729193493015188
1641,0.531991668058425
1642,0.5880468962482573
1643,0.6792422278675834
1644,0.6274335346550806
1645,0.6065039811080921
1646,0.7874872095507903
1647,0.6162640459832333
1648,0.6165485319053954
1649,0.6060662409232904
1650,0.5796433776049267
1651,0.5849605966480022
1652,0.6644292371674736
1653,0.7557991521437104
1654,0.6948180164429879
1655,0.6019286105958581
1656,0.6157277652829029
1657,0.6408139525822835
1658,0.5835558952509731
1659,0.5940795726582646
1660,0.5999696582757323
1661,0.5704433154143779
1662,0.5559822588207861
1663,0.6874173897873995
1664,0.5645366175832139
1665,0.6918961983543258
1666,0.6178152309862164
1667,0.6144911045049659
1668,0.6552570431661495
1669,0.6078718329231205
1670,0.5678335406037716
1671,0.597424886880792
1672,0.6254875976475996
1673,0.6093678217875285
1674,0.5952004169582694
1675,0.5925435373738555
1676,0.5956489164065856
1677,0.7060775130077791
1678,0.7013984298411825
1679,0.6292448874829265
1680,0.6013948151698182
1681,0.6220924189274301
1682,0.6944842333268999
1683,0.5492485610395874
1684,0.7026529402892029
1685,0.5883385763602629
1686,0.6242801065835825
1687,0.5805421132887134
1688,0.6112645974063642
1689,0.5805171827500071
1690,0.6258764241089562
1691,0.5900942809004832
1692,0.550273445679166
1693,0.5994676304963659
1694,0.5857816367336733
1695,0.6047753596273779
1696,0.5868710053499375
1697,0.601632883604313
1698,0.5448173805901794
1699,0.5932828508426035
1700,0.6017807250161575
1701,0.5997968398139049
1702,0.588014549053544
1703,0.5865890693134909
1704,0.6042509572806989
1705,0.5917781023369624
1706,0.7204050088094094
1707,0.5775709615979011
1708,0.5543450532165186
1709,0.6006844403327021
1710,0.5890995501861052
1711,0.5580635807269722
1712,0.6642841687168497
1713,0.6353626899726348
1714,0.6606724488844803
1715,0.5799939459984765
1716,0.593821256057013
1717,0.6287229211623659
1718,0.6290695060560121
1719,0.5818298382203491
1720,0.6038841534582895
1721,0.6432147760595849
1722,0.599527850206491
1723,0.5915353721538976
1724,0.5763345915385617
1725,0.5285423041407165
1726,0.6042487989355086
1727,0.5541236632734997
1728,0.6186864969327233
1729,0.6337500454818018
1730,0.6168606209763496
1731,0.5908819478348453
1732,0.6300705252223027
1733,0.5367460461599531
1734,0.5718988925096591
1735,0.5933219099929916
1736,0.5675340812672902
1737,0.5763721222669289
1738,0.7094061275664363
1739,0.5732730327480642
1740,0.6334682489161244
1741,0.5733705400103605
1742,0.6038577072023571
1743,0.7379569630603153
1744,0.6654447266759779
1745,0.6311620160811351
1746,0.6596653939130043
1747,0.5030851333037312
1748,0.6150350374113038
1749,0.5917808105063815
1750,0.5535862953050678
1751,0.6428002665563869
1752,0.6023826635513498
1753,0.5966505463838575
1754,0.6697922228528986
1755,0.6361080078221598
1756,0.6746524851381024
1757,0.6655659009815815
1758,0.5981550945224139
1759,0.5946193881270903
1760,0.5997375164256389
1761,0.5562976609982792
1762,0.6682232835379356
1763,0.5398316977186318
1764,0.6196716541750185
1765,0.6154275017955654
1766,0.6464426130371144
1767,0.5405199697627003
1768,0.5467562313668733
1769,0.6220816226741765
1770,0.5762655577144508
1771,0.6854026297883087
1772,0.6049159244362309
1773,0.7268718769379658
1774,0.5772184419280544
1775,0.6851186625935929
1776,0.5889905698331177
1777,0.5555268400342327
1778,0.5362325946217598
1779,0.5943990779006425
1780,0.6030320033471327
1781,0.6536206389473485
1782,0.6717809038980038
1783,0.5526745628471198
1784,0.6705114633230417
1785,0.6012422204619539
1786,0.6944778564125826
1787,0.6784232153643591
1788,0.5684980985002478
1789,0.6972602642397616
1790,0.7475482342339209
1791,0.6049738622664677
1792,0.6253648677781352
1793,0.6679229716627095
1794,0.592885525002182
1795,0.6813668267876739
1796,0.6021538128543467
1797,0.6072614696011283
1798,0.622480165728787
1799,0.5740496869140379
1800,0.6065439823728357
1801,0.6797478016660112
1802,0.6024325373603047
1803,0.5711004583485843
1804,0.5458018193882364
1805,0.5548301256247795
1806,0.5271136265600317
1807,0.5802537871035346
1808,0.6150134612671831
1809,0.6090292168551871
1810,0.6511091159434733
1811,0.5492236741700273
1812,0.6473915691941282
1813,0.5803423863369469
1814,0.6738434980211168
1815,0.6078179410288512
1816,0.603382179890024
1817,0.5956162687332985
1818,0.6057077198356297
1819,0.5432853810425868
1820,0.6041955466741005
1821,0.5788282099736801
1822,0.7416308200066825
1823,0.6077867190072624
1824,0.6449881472049227
1825,0.5636981086332313
1826,0.6552091939293965
1827,0.6500146921881301
1828,0.6617776164385131
1829,0.6296870894979243
1830,0.6875645044775865
1831,0.6243954217596108
1832,0.590644122019929
1833,0.5756405981231059
1834,0.6614537589329672
1835,0.6979350071089935
1836,0.5866962514384754
1837,0.5760648442313927
1838,0.6684693683689027
1839,0.6570942546763415
1840,0.605467133845192
1841,0.6370248949643129
1842,0.6298806203458598
1843,0.6844679500979751
1844,0.5658469469941669
1845,0.5913209590802466
1846,0.6864658723534709
1847,0.5958288601310479
1848,0.7020800401843404
1849,0.5916377401453328
1850,0.6008167573314898
1851,0.635338994503304
1852,0.5875728526880857
1853,0.6549517659598977
1854,0.6133475642261256
1855,0.5716963709002547
1856,0.6846799386357985
1857,0.6621419336294658
1858,0.6147726646903331
1859,0.7365647837616734
1860,0.6035664108596608
1861,0.6489732026274245
1862,0.6142810477070438
1863,0.6877675160144542
1864,0.6464752677614322
1865,0.6036236823700555
1866,0.6186597697304265
1867,0.6661751295702839
1868,0.5662047210486796
1869,0.6399032213328416
1870,0.6264589119827987
1871,0.7209084797521615
1872,0.7492994146879401
1873,0.5865006221254541
1874,0.6880390932081695
1875,0.6017700375896361
1876,0.5613319807701751
1877,0.6404099346198349
1878,0.6442599973251121
1879,0.7525363870524062
1880,0.5776703948005398
1881,0.5254353286312861
1882,0.6473766564082807
1883,0.5746083166956741
1884,0.6623654869783936
1885,0.6684186602352358
1886,0.6627868209382858
1887,0.6237952889493341
1888,0.6224874024854701
1889,0.6457296650997193
1890,0.519242742438796
1891,0.6181363882131212
1892,0.650780485498285
1893,0.602170560726515
1894,0.6151677621991528
1895,0.5548288341861326
1896,0.7088639858049229
1897,0.6054462439521938
1898,0.6185924566994023
1899,0.5557773308946438
1900,0.6174681897475742
1901,0.6060749402346267
1902,0.6403468073458606
1903,0.5639335744426995
1904,0.5088494750354242
1905,0.5530804647727505
1906,0.6650738180627039
1907,0.5833376829072733
1908,0.5947705916374535
1909,0.6142852521641067
1910,0.5922157990125686
1911,0.5691090472725989
1912,0.6410562440600657
1913,0.562229623035347
1914,0.5474390605024276
1915,0.5986891450725927
1916,0.7044463384499934
1917,0.7153580040543976
1918,0.6406058460495091
1919,0.6231992604042361
1920,0.6145448527261835
1921,0.6917969965679571
1922,0.59102482972507
1923,0.6006795402040274
1924,0.5558248393518869
1925,0.6747448072998045
1926,0.5644281019732235
1927,0.5865449978526697
1928,0.6115369493591947
1929,0.5627880840627277
1930,0.612729995074631
1931,0.7301013547753552
1932,0.5620989105473087
1933,0.5476859559310876
1934,0.6438476315300695
1935,0.6120085018393663
1936,0.5620308027600285
1937,0.5983007327242309
1938,0.6444564691467046
1939,0.6709132411559109
1940,0.5878262472943473
1941,0.5936768167777837
1942,0.6009691917356974
1943,0.6000995437057189
1944,0.5472380295951739
1945,0.5414889496471864
1946,0.5969043381513485
1947,0.5838031787278863
1948,0.6334648200868663
1949,0.5796548132720851
1950,0.6238352154158711
1951,0.6492741191061994
1952,0.5872221906973215
1953,0.6471784532778077
1954,0.5789602321911427
1955,0.5788774145898475
1956,0.6087866697750746
1957,0.5824852487953809
1958,0.6007880179853702
1959,0.5954412952236027
1960,0.6497021001864499
1961,0.5227796868909633
1962,0.579941506676204
1963,0.5707305770127881
1964,0.6280465795406143
1965,0.550713969501799
1966,0.6842423831281987
1967,0.5872646505557978
1968,0.7144552721320631
1969,0.5255875679444565
1970,0.6006575154814161
1971,0.5736622969053633
1972,0.6506354318316259
1973,0.5500761225961136
1974,0.58239618050701
1975,0.5827389998802798
1976,0.7084662987978435
1977,0.6011024413923529
1978,0.6587626532184885
1979,0.6350461332831896
1980,0.5992079056729459
1981,0.5817027292263303
1982,0.6352303266686965
1983,0.6804933453108976
1984,0.5900770484086267
1985,0.6052939519941088
1986,0.5856785890285254
1987,0.5730831337814775
1988,0.6385301119602498
1989,0.6183645003793535
1990,0.6279319719479156
1991,0.6538089672581429
1992,0.7983591196413553
1993,0.5579248679862049
1994,0.5826379329431426
1995,0.5934852296352157
1996,0.6505688382647772
1997,0.6249536642164711
1998,0.6026124069681086
1999,0.5794678540543949
