,value_per_image
0,15.779988588545178
1,17.542157915121358
2,24.868468043881215
3,0.7539974034006773
4,16.225560851231275
5,23.269204361051713
6,28.318901188750747
7,20.146512173100476
8,14.710789158974947
9,18.48151024171403
10,25.137399559294458
11,20.794338068521448
12,7.277693429900254
13,22.44522647213559
14,3.8766171434929815
15,26.930214402986255
16,13.59701962182866
17,12.28951606241619
18,0.31084300582997487
19,19.399143984384796
20,26.783936556709286
21,-4.609574719882631
22,4.5191947333431175
23,22.724747874700416
24,17.01142599407416
25,13.710962943947791
26,7.195599849010954
27,17.60065082136535
28,18.521080807196224
29,11.73374854134074
30,5.42234692309361
31,-6.336984437973036
32,17.513869406379044
33,25.713398958087165
34,7.8473701409815355
35,21.73827467651757
36,21.702346999569464
37,11.984740981946718
38,-0.7488540071285249
39,17.773801459959497
40,22.569331174207964
41,14.747531553747054
42,20.138518649534614
43,6.9368149847038065
44,16.447605932882496
45,18.644725775337985
46,3.2277470578476226
47,11.656149456263147
48,19.1243393810799
49,17.04282139409596
50,-4.071092810725489
51,8.328332788592375
52,9.720370080026306
53,10.948189798026398
54,14.129670954874275
55,11.643366184397731
56,17.47959597954562
57,4.938750657766411
58,18.362133309901772
59,-7.2833503519386165
60,17.259393605510823
61,10.240069663826876
62,15.75739557471695
63,4.088029856332948
64,4.025855506660531
65,3.3301306462820497
66,11.93027705529045
67,19.23027296482329
68,1.9154006676561792
69,18.723806027399462
70,27.20155664892587
71,15.021286229019742
72,11.698437249765979
73,12.640027166412816
74,15.835708515356036
75,10.61939218439195
76,9.292185837459645
77,18.576138685785267
78,22.044278514667845
79,6.65936324061201
80,10.249639103845325
81,1.3000789788524538
82,10.388087117228887
83,18.95506774372371
84,7.140818972310903
85,-8.673378667447718
86,10.551734922132878
87,2.16969476515894
88,1.8992543235494064
89,16.245068619009782
90,12.033376510851792
91,10.340440950207693
92,12.270532348887482
93,11.091982332895764
94,4.842367074842998
95,21.441036684521148
96,5.602444885799471
97,0.3692707599129552
98,-6.276548201146888
99,17.277096405437394
100,17.249006411616417
101,4.848801843724585
102,-1.8946462064150025
103,17.86843259903607
104,17.342573738585564
105,25.275548729890815
106,25.075190345934207
107,23.19128340487603
108,22.84416640118228
109,13.45803657968847
110,11.436348370756104
111,2.6488150370294727
112,12.320358066493794
113,15.569700076463123
114,7.246781559052383
115,5.294930848576099
116,2.298815920732094
117,2.0998943771808944
118,6.725820419358277
119,8.410594719423717
120,10.56534533563134
121,10.853995858019992
122,19.606686980308552
123,8.89891887624097
124,-16.658466942155705
125,3.5508008986262105
126,-0.03178817228756037
127,20.661881602097196
128,18.27807490846957
129,11.836826443432315
130,8.619261250760117
131,18.04131967912226
132,17.059827898089903
133,-7.199659340132487
134,15.132678006485953
135,25.058574555089603
136,14.33793835913357
137,-2.0877314440220345
138,-4.284630074023425
139,5.000284118004958
140,25.52002799742301
141,23.963624774553693
142,18.337515132441474
143,1.529249526276203
144,7.4260927612179755
145,29.59267158055961
146,18.86783345054667
147,5.368771828636307
148,6.268267682651059
149,19.03549780451097
150,19.499429446626415
151,17.06170980545726
152,8.586862083381392
153,9.742625441595306
154,7.635555598801809
155,4.785207393472819
156,10.591003282319209
157,0.6013783227026871
158,23.055028265276835
159,17.27181623573693
160,17.901395558822
161,12.566275473105305
162,20.07028222583956
163,1.6622689506773487
164,-2.7531974394822125
165,8.27281622132855
166,14.232363481171895
167,14.960227072398935
168,16.922783687785362
169,11.094743485356467
170,7.964465921329663
171,23.81387337256264
172,-2.0923917509083223
173,4.849573768541007
174,15.433618807699865
175,20.152336514680382
176,3.987026671670119
177,2.1965895535257935
178,14.648255506653788
179,16.357726841401217
180,10.63542811765524
181,17.868512690849304
182,22.24124798696986
183,2.733217412924037
184,9.726554518887681
185,10.122575127756129
186,13.601938885354944
187,7.426711637898659
188,24.108779558591753
189,20.107867672004417
190,-7.559534689935023
191,2.2169356597833847
192,16.10429897258968
193,5.604420968496646
194,0.7684412061633779
195,8.120400198105793
196,15.12161927812847
197,27.063244613953472
198,0.7781467188679896
199,4.059382369426738
200,14.725962558565632
201,7.925613351584178
202,-3.9136766219996355
203,19.68081345063031
204,27.482462608154243
205,19.5019612972852
206,11.325599908835192
207,16.592198100105815
208,21.756014554099476
209,8.881630128141424
210,-2.3788400428770395
211,16.993044075370477
212,8.582054398033732
213,20.557990818395254
214,13.678047821341924
215,8.515551622103283
216,17.52544747867154
217,22.74262284179746
218,14.168196161695878
219,10.028871296297236
220,21.873561755854308
221,-8.750340338036757
222,14.090120348613702
223,16.779226990125615
224,17.556388253645657
225,20.913910141565804
226,18.924731659945287
227,-2.268929640872038
228,-5.6439238243392245
229,24.160720994085146
230,14.411056460218779
231,13.314683222651638
232,17.640474702550886
233,16.717481603298058
234,14.913839627378076
235,17.205449389344636
236,10.023232492331129
237,11.865206414054652
238,18.5981700373331
239,9.240966106287035
240,13.495550454746953
241,14.167497533033421
242,5.932982437647155
243,14.393231371882365
244,10.732565641629526
245,16.67347187649006
246,9.679961388093355
247,-2.0959596583974753
248,10.968211658401069
249,15.07516479957449
250,9.629809277656754
251,14.285690410213808
252,22.864012212109106
253,11.474471323485979
254,22.094810315772914
255,12.022037117870074
256,20.37286851937825
257,17.296594546871763
258,21.44521769936502
259,16.62107288792851
260,9.612745293890672
261,22.776159081015177
262,4.315946117138155
263,11.552864329077575
264,10.316329196642103
265,17.182947899360926
266,-4.057919492071472
267,20.550823555991396
268,5.283262483522758
269,18.56765369784284
270,9.104052709055692
271,14.592240632359875
272,22.42712049624997
273,-2.5847847239292228
274,17.545736088108573
275,11.748764146766856
276,21.972547575064112
277,-9.55172799399366
278,14.05581663026159
279,12.870056882508482
280,7.048611243810503
281,10.914342553840106
282,17.87334720642699
283,20.73325002130827
284,3.867086961603872
285,19.54212983467258
286,22.489045645797404
287,9.912759426004811
288,18.56731282125507
289,-13.887292505406336
290,-7.7605124402514445
291,13.587840455507838
292,-1.1735328088190435
293,11.5242667112719
294,-1.809842473782777
295,-2.118716452877268
296,12.86085427816562
297,-5.9293606621950445
298,17.47240802867585
299,24.946600744636946
300,17.833797609634725
301,15.47860170978565
302,1.4678773298599495
303,8.522991514370556
304,2.3497561313490083
305,8.233198684625883
306,4.907533372354045
307,5.296262346737954
308,12.584720191602369
309,3.28675441066802
310,11.493661140037498
311,24.150698782641964
312,16.947496624161353
313,15.067417097069754
314,-1.0992060290095018
315,8.158547908195384
316,10.004730888797411
317,23.585798902615497
318,-3.640424277708174
319,24.40856986852426
320,21.20207698796707
321,5.609289773279543
322,10.815945208282189
323,11.823263679950426
324,5.452842173388715
325,12.340394531135335
326,1.6769190615065979
327,-0.460060810320788
328,16.028363351297134
329,12.064606682039042
330,3.1163226474625905
331,8.765186703304318
332,19.99552088548757
333,23.796296400812253
334,12.29958524836704
335,17.908135841095593
336,6.584918848273748
337,28.41603533732189
338,26.454422160844253
339,8.147906256921223
340,13.40141322931901
341,16.900099282557466
342,14.767679927925727
343,16.57288634574875
344,8.13913446894353
345,-0.37957508128486256
346,2.9230013628833937
347,26.603030674114883
348,11.71592779618535
349,12.622020863322799
350,16.455938921189052
351,7.964761317007019
352,29.713170892320147
353,23.95153529303974
354,10.100714795393513
355,11.085805847912157
356,12.608207200559518
357,20.997372677140664
358,9.619872066300927
359,7.0015563166869565
360,11.778161618111367
361,14.938788111319282
362,-7.624995096054442
363,-4.293181568089465
364,25.671103460962968
365,29.483288549226454
366,11.100744492771952
367,3.6769782063930214
368,14.486904722451833
369,11.637718715497266
370,21.305285610030026
371,5.904157327299551
372,8.47574101873788
373,6.192382968143124
374,10.0331212130408
375,15.478757379111213
376,8.223394385243612
377,4.360656599137496
378,16.551271005676806
379,17.633633756679405
380,17.550778674364274
381,16.36808274474465
382,4.869997885155158
383,-8.153413207369466
384,10.840678612719243
385,9.433261559016469
386,10.254254456592959
387,12.190914743039036
388,11.805809545989884
389,7.757769165179054
390,2.945283320688367
391,9.938355942049116
392,23.231564949281793
393,6.24622865309004
394,11.01461248841009
395,13.338382960404143
396,10.323603768464315
397,5.772147302636117
398,8.336783478495123
399,10.053015947244186
400,15.918816605906779
401,-5.75463572576724
402,-11.659648096822647
403,26.875214909936396
404,12.01111916266691
405,8.561248159815547
406,30.29452260127552
407,12.919487596927885
408,19.496098812110404
409,2.4436595193160993
410,20.336362498365236
411,16.212037411569685
412,7.664794245471736
413,16.584475764503047
414,16.846577414887182
415,12.719147400032451
416,13.285202329371332
417,16.13444194623015
418,5.204550256623708
419,18.232855649341165
420,13.042720628439328
421,-3.738165517296886
422,20.571605096827966
423,11.540200832498902
424,0.8370001958783501
425,14.14884518290807
426,14.089622242538907
427,18.656870612705173
428,8.450870873494608
429,3.40516259561297
430,9.098853349944923
431,0.9048739058186589
432,7.815703218202953
433,7.195627420216869
434,18.418171351808056
435,14.34689040571707
436,14.364534018589513
437,16.695840010095534
438,8.80977036967844
439,5.531319783067563
440,14.320741698668055
441,-1.2404902466985754
442,0.3058367338145424
443,6.759234430441775
444,8.43065223617162
445,25.222681211190718
446,21.68727336416697
447,0.22027248324378107
448,21.388259694615684
449,13.858252193971692
450,5.220044482407258
451,-0.6364077655964092
452,19.95940586358107
453,27.18324327882744
454,14.48941879467534
455,13.464644350731927
456,6.599314091790108
457,15.292672851049216
458,13.455351657061478
459,11.074292405010915
460,10.193630470726578
461,9.398102800940997
462,3.6398813932830856
463,24.057554008590838
464,9.581647779109105
465,4.797813839587463
466,16.913903444414185
467,26.01114637401497
468,17.48583720423852
469,15.109264660914253
470,20.475992228639885
471,15.99740906614143
472,2.4352664737790772
473,4.736960660764792
474,6.259376878276668
475,13.700626436493508
476,6.167909223835172
477,12.747875158771127
478,-7.760587778945427
479,26.439102766856298
480,17.681212196506383
481,9.735899983081747
482,18.469288903582008
483,21.98635917936089
484,18.719369903809397
485,10.565516307476962
486,0.32852578114720776
487,4.230664447629032
488,23.01468377971479
489,16.44282082866058
490,3.863255148265071
491,15.540867970600079
492,1.8853883053899017
493,27.55570845580872
494,14.506301227352784
495,8.480522650397814
496,20.772127111078806
497,4.123894983895844
498,3.9916155754550666
499,16.194336950439112
500,11.507456519671438
501,-5.07100897775553
502,17.672174294424003
503,-10.365679884888346
504,-4.298150893578413
505,6.172693104151528
506,-2.392897488307066
507,17.842601172812138
508,8.684349136632239
509,16.51986453919632
510,-3.6950235472562167
511,1.7205407547915517
512,-9.847058865463243
513,13.36993052286264
514,12.192364161324875
515,22.32049304655627
516,16.477514725904545
517,16.127294257523808
518,28.060920596823205
519,7.753621441170118
520,8.152243334203071
521,22.92332221108987
522,20.898199757231776
523,17.49089834241888
524,3.8112060049778744
525,13.486389205217032
526,5.971572365774143
527,11.79197469191098
528,13.430544886119892
529,2.959298326358555
530,15.566636394725261
531,12.956035603162103
532,12.407752433448357
533,11.73448855110885
534,14.329716730707382
535,-2.8220615035419776
536,-0.058846538186029106
537,14.749986255076053
538,17.025152419591812
539,11.186605470960576
540,8.388644619847414
541,9.587539586041292
542,13.367079828720028
543,11.412117113093315
544,8.868079252432127
545,21.822441106418715
546,5.975040058949332
547,1.7752361230424796
548,18.174136457581525
549,3.4929082216258736
550,8.390027080980762
551,6.265037345925946
552,13.841777520717013
553,2.730856618597788
554,27.440161894391533
555,16.031478021705325
556,4.543434150806367
557,22.3159664648546
558,11.149907009120216
559,17.112924200696746
560,12.953520786217592
561,16.055454279602525
562,7.495782281047144
563,10.889443279249177
564,29.25165371501898
565,11.671573390424006
566,23.77376604109631
567,-5.610724892781881
568,7.926873333864394
569,11.22001627221524
570,23.16722593895851
571,-2.0048299903760216
572,15.404502393689745
573,15.909173348292418
574,20.60510818310945
575,15.989959162950756
576,22.03464190251
577,16.534834296028382
578,21.134368386313305
579,10.651220182214578
580,4.83834412353957
581,25.728993565356607
582,17.19711686922945
583,11.658489207887106
584,22.848037417139825
585,20.94501624959685
586,23.34419794355683
587,-3.6454710005170607
588,13.947334197410878
589,14.141508037918573
590,0.3420830675152025
591,21.793889960188835
592,13.09809628889868
593,-1.6477583773090714
594,16.45872341469851
595,12.84012932127432
596,6.909254287017084
597,13.142980586821908
598,16.227435044761084
599,8.430005975764216
600,27.92052644471692
601,11.74730752050791
602,12.076023175426128
603,17.952326068465688
604,15.281460919342269
605,14.0172675708579
606,10.380247068999447
607,23.62219579219212
608,8.357668007060637
609,21.682111262796603
610,15.44491586222044
611,21.50341020235925
612,9.09287780436246
613,7.375097155630714
614,16.41357106296198
615,8.239141763881301
616,3.5540787317523574
617,10.731219599897413
618,8.706877353672507
619,4.094571599510074
620,17.250769587002114
621,10.682788675017415
622,4.658194536989675
623,17.7349155667206
624,10.72228102070243
625,31.111989243250285
626,6.13787674121695
627,8.512441110440125
628,4.787870753303615
629,0.8224314717423877
630,7.291577332249107
631,16.664693234596598
632,1.7484854958481006
633,0.6530631582028491
634,28.748401626176904
635,-1.2435276732098899
636,7.023733427866583
637,22.0677640633324
638,19.042907776713772
639,18.77300563752934
640,6.784962915145172
641,13.581456969818738
642,12.25260936833288
643,30.362178768940723
644,-4.840022594138493
645,6.444041607994355
646,10.942010941021994
647,29.38640761371974
648,9.36225440250209
649,23.853687616584615
650,18.899663707398894
651,14.124054322877267
652,5.177560803128975
653,22.416822466536058
654,9.820746322714363
655,4.941155980200431
656,-8.137761821147649
657,15.45121783328095
658,18.510309652132875
659,21.2375478919508
660,-4.33783298681724
661,5.731506625191525
662,12.421324614057514
663,16.343772339631407
664,3.684809899886546
665,-5.480251551999651
666,11.306438664962577
667,5.089628454097903
668,18.57064112058522
669,21.07410027855676
670,18.07191623614239
671,7.968685036184601
672,8.867603978865741
673,1.124898320674259
674,14.277671965747475
675,22.611193648919798
676,23.00476462522753
677,14.466236373086469
678,15.07828269832749
679,10.453000862696241
680,-3.9217477320086025
681,17.996965909998632
682,17.80592208118784
683,13.393102204528985
684,10.410976892303532
685,22.738245830116913
686,9.002232775676637
687,20.520050258612446
688,-3.2299614175866878
689,17.24267519115664
690,18.601519930266026
691,16.328539137918572
692,12.496633791859079
693,19.581798655107857
694,-5.077958504265584
695,23.171329496310587
696,15.01724709836439
697,1.2010159460089593
698,20.19924011526668
699,11.984586901191882
700,23.029157943349066
701,-9.80172979769627
702,16.437052420636096
703,18.10853071991505
704,0.8762497908685101
705,12.522895176718158
706,10.522895844936281
707,17.476882459652025
708,8.693823915185785
709,22.450274770012882
710,14.313014521329109
711,-12.090811302583608
712,8.871860647163412
713,11.790344950825558
714,12.71519511712479
715,19.69001621502871
716,5.555916601174685
717,19.356073346006855
718,11.715109088659766
719,4.738068057052021
720,22.989560398377865
721,15.778069428184965
722,8.616934729720528
723,-1.6313448754724877
724,25.051004418821204
725,7.364106287007346
726,3.2497031887253116
727,20.655132075905232
728,14.194619629568873
729,21.34802541335409
730,13.550001283014575
731,5.968423480096209
732,15.359692877821645
733,14.159949538936981
734,10.471979858098722
735,18.810271299380585
736,-2.119758255952571
737,8.060534154339432
738,18.96565956974399
739,25.804070725705667
740,10.854973544729614
741,-3.3016259962543884
742,19.997325752770724
743,12.734516039631881
744,4.720608848053902
745,20.227508455710154
746,-4.477615564323089
747,29.04508789548203
748,7.345131425715305
749,11.219541541390855
750,25.099260879442532
751,13.7625812249897
752,-13.745598445995952
753,19.99991123625113
754,12.1669835524939
755,23.984733827931418
756,9.706162865326252
757,23.55720409753786
758,0.6703605761914812
759,15.273303951659043
760,14.519243721891513
761,2.4024560687860848
762,27.237885521480496
763,2.3715536422514605
764,12.264495131053238
765,17.511876751456946
766,6.316687797619397
767,0.612909967347117
768,11.214876391192755
769,3.8475122378914497
770,9.995276060745491
771,14.968694017146733
772,16.507642539251805
773,12.11596813262627
774,21.524093956349514
775,18.01158504473697
776,13.736516399871752
777,5.602824040757301
778,3.91378412218789
779,17.952823619462695
780,26.232122628508918
781,4.558233240500814
782,12.512158195727526
783,-7.42705973967435
784,13.053238281401141
785,26.423736294109577
786,6.536447305674227
787,12.561530413507372
788,10.315281649356224
789,10.296350449662553
790,15.980675515251225
791,20.559484286089162
792,19.77063447884379
793,-4.754300777226531
794,7.288590653349486
795,7.221249420979564
796,13.918549674136578
797,16.676312751078104
798,12.800138968019791
799,-9.953205682850768
800,-5.961014608291044
801,17.066221088975585
802,14.463596878593636
803,-0.685597972748933
804,3.0241163834826206
805,24.03616579708286
806,2.691766695568105
807,13.223479291845742
808,17.49699364458349
809,21.96582142335532
810,-1.9041092900436534
811,7.409417864822516
812,6.8223985385083115
813,26.13198626731963
814,6.489886654002365
815,-1.7406424069669508
816,9.00058364059609
817,4.919170912061571
818,17.839371296318337
819,5.098315314928045
820,6.413855385806889
821,14.14821446464921
822,11.529164560582164
823,15.563101752208443
824,1.3102851513310858
825,22.62304112075916
826,17.342658503090757
827,22.536817618591503
828,26.966718042456048
829,-4.188056870627487
830,-2.285526389216366
831,14.505349524732118
832,20.417535371455408
833,24.598440567513844
834,9.853089670321259
835,4.131676407285726
836,-6.990128183758131
837,17.23538559586889
838,12.638295079798075
839,19.1464695717598
840,12.080649778508853
841,-3.7330622421360165
842,10.854388867634546
843,6.981487292867923
844,7.5811091589698245
845,10.02462850827969
846,-5.210221969251177
847,15.58863632452662
848,12.559841865615942
849,16.135393608781236
850,16.55786932034276
851,21.60862948312416
852,-17.761532355616982
853,13.831631572930457
854,12.000052065287928
855,23.633372189077654
856,8.998171236078557
857,7.472161872552537
858,15.570602195365042
859,0.8211696211392193
860,-5.8402880229315075
861,17.73188307025182
862,5.955200535523968
863,11.941508433223781
864,14.450936257134128
865,21.952554478091542
866,15.909878879805474
867,12.436856940536407
868,12.014415262117142
869,21.750618641703703
870,-11.314644033567541
871,10.853799401108596
872,13.327070852478863
873,5.889027341272128
874,10.84497797689195
875,4.301223979911231
876,19.03492408509667
877,2.096484377826958
878,16.385386256106088
879,10.87501912650684
880,-8.910544866701798
881,23.678239031034988
882,4.917019018995993
883,9.665625852756703
884,10.567276094191351
885,0.1419701201907362
886,15.977292997084145
887,11.09662235037026
888,19.211354033292
889,10.41334146165664
890,-3.050138730147983
891,21.12580331075938
892,-3.943703381965114
893,10.904390315523496
894,9.706265237580263
895,15.888349896251285
896,0.19539926339304195
897,11.17000790247572
898,16.04229071870287
899,0.9529699386381146
900,9.88377078198553
901,7.625430291613601
902,-2.398848957223829
903,9.586508233510564
904,2.308094602860711
905,7.1110935703286495
906,7.899353840607106
907,28.518437094451727
908,6.993567075516724
909,6.835870663644606
910,8.404848107040195
911,21.09584109640452
912,8.477993921333825
913,2.047263793000353
914,20.8322417453227
915,23.17007248506143
916,12.77959761048061
917,9.130320630996431
918,23.699245179023972
919,18.608256015121533
920,16.223046653956246
921,8.587828115880448
922,17.864076452543934
923,26.43685275846859
924,15.72455075264387
925,19.58082450621539
926,10.530765117171779
927,8.813426334128303
928,4.520125292753352
929,8.232080056181626
930,16.336905713295984
931,14.493219920540142
932,20.948375907334093
933,5.379035033845658
934,20.64957058212581
935,-4.634498562837978
936,-0.9535195833052568
937,3.2439468962738496
938,9.410150644127226
939,9.087836619435366
940,20.062570134135566
941,5.450333703868362
942,16.87233024307823
943,2.6133561219805803
944,13.075375088987226
945,11.959110855077908
946,13.042237194797258
947,12.244220408173492
948,15.387021360920562
949,13.858924669936458
950,16.108966545870366
951,17.27466526383971
952,11.655432404854613
953,17.48206558918324
954,19.176262939000093
955,5.470533694790901
956,2.404198807098872
957,14.305884867891722
958,8.077949132448882
959,13.845865903212346
960,7.6763939409076025
961,21.156546492393126
962,8.826856784689747
963,16.162060870693182
964,18.91097209202296
965,13.12471855630474
966,6.422339877132218
967,17.500706710217976
968,2.390889030916056
969,17.200803538224005
970,20.34819749846072
971,7.767523326356387
972,10.87380864585767
973,8.38189736649422
974,12.028597448851526
975,18.105136548426533
976,5.484328014236628
977,-0.9272354325850029
978,2.402472230476527
979,14.001349312107422
980,-1.5168069197834455
981,15.590750858422624
982,-2.145169473354174
983,17.498787223170364
984,18.835657280087922
985,3.948518573861909
986,9.22708734950168
987,6.037864161177311
988,20.02969790446441
989,19.25014818930017
990,7.401477925113202
991,7.146601217659436
992,1.3205179658634956
993,21.454584573673813
994,5.7447335518901745
995,9.426670600878756
996,14.640160419475093
997,5.262800927467952
998,3.6122512337060466
999,2.8331542717533233
1000,16.544360023008
1001,6.614751911541452
1002,17.395862651040964
1003,11.115981727781103
1004,-7.1051374062197254
1005,6.932375039976433
1006,10.200341308217576
1007,9.33901299639573
1008,16.526593162862856
1009,23.63675756272252
1010,24.13684872128832
1011,19.399174290449984
1012,15.164979736388585
1013,2.0027966035376594
1014,-1.1426206581643428
1015,18.78995589734824
1016,-5.984155562435693
1017,29.37411334779907
1018,12.436261228924742
1019,21.612870352199746
1020,-10.200547698089572
1021,18.104251316663586
1022,4.227446539371765
1023,18.292663346885917
1024,9.810328930309298
1025,14.40110669379938
1026,19.728245432560534
1027,-1.0364007930088308
1028,16.66605745315015
1029,-0.023026459031551944
1030,-3.0372740754972294
1031,8.968264502390033
1032,14.573479150126563
1033,12.655882803619777
1034,21.724510934503133
1035,11.302698224892685
1036,14.3160276729101
1037,24.716237810529993
1038,5.189985852161224
1039,12.942724161946236
1040,9.845978875134392
1041,-0.9257887489664818
1042,23.493014964945534
1043,2.589954365635024
1044,12.426324893133254
1045,-1.8256176440905507
1046,-14.301974270992087
1047,6.5438801014882415
1048,21.461555177669418
1049,-5.036419479838785
1050,10.315961724292094
1051,10.925153609424164
1052,7.339500009216207
1053,12.172198889772815
1054,12.337496389906947
1055,8.147451513902054
1056,8.233247686486619
1057,8.07770610602129
1058,-4.467091886738059
1059,17.383696843334775
1060,24.237064923512325
1061,6.877281415725648
1062,19.66132608106039
1063,7.989820735981738
1064,0.34390471664717315
1065,4.556149284964414
1066,30.24674048001853
1067,14.64473432153159
1068,16.436354336915482
1069,10.019409486704436
1070,5.343800043912558
1071,-5.658524445955857
1072,10.48484135251982
1073,6.533581171552419
1074,-4.076622359934003
1075,13.433842967246902
1076,4.374977793555064
1077,4.253346873220179
1078,12.267536645736863
1079,11.141957833689396
1080,-0.9800901647279239
1081,5.797487129254868
1082,15.045862100911096
1083,20.837171116003706
1084,8.044433013435642
1085,8.268244870450598
1086,12.727647889194547
1087,16.837796829893858
1088,20.678628000484323
1089,2.215018435616717
1090,15.59146472378803
1091,16.245204251270675
1092,15.724077237532734
1093,-1.4009044898557128
1094,-0.9737454695458541
1095,7.936210248027541
1096,7.861640998063878
1097,4.815133192493996
1098,15.46055628211864
1099,11.642347690627942
1100,10.543836837615492
1101,7.843137944387177
1102,12.666089859685723
1103,-2.914142915117246
1104,15.081291599417067
1105,6.550657202550831
1106,19.237431293620883
1107,16.67370811312669
1108,27.173214070932286
1109,27.60070776848969
1110,-8.207788598730767
1111,8.63076599591931
1112,4.101738622567087
1113,-6.387358046874675
1114,14.299194680543403
1115,12.438626739803459
1116,8.227834976182592
1117,4.394844686885528
1118,-2.0391003682748554
1119,18.703670354155765
1120,22.172878847750344
1121,8.960088058325644
1122,13.832199980950628
1123,5.076277028123316
1124,16.952397609645296
1125,5.581522126848831
1126,16.597364040680187
1127,12.565280945003499
1128,17.60755827571512
1129,-2.2146423530625183
1130,20.676703017443142
1131,6.8712819144729655
1132,14.502614116857721
1133,13.70592905863101
1134,19.758736011866986
1135,16.270853962367745
1136,5.693319087742133
1137,14.426917210223472
1138,7.920662044485111
1139,20.12639418867648
1140,13.165280631832369
1141,19.03009851452323
1142,1.3092070340591846
1143,19.414202719576377
1144,20.702774411171603
1145,-1.2559849202344748
1146,16.885059202378365
1147,-0.9508563632452189
1148,9.502280691519177
1149,0.918558226351524
1150,18.769652218962126
1151,7.6155275118804715
1152,17.939117969195724
1153,-4.985488340708136
1154,18.109149692548026
1155,14.580819796227896
1156,14.573473071362727
1157,3.6632278970257808
1158,15.193363638479271
1159,6.094756836999052
1160,14.515677667818931
1161,24.18966614845132
1162,14.006630368566682
1163,8.377196528631153
1164,19.828830621862664
1165,20.39188632300887
1166,-18.083240047924445
1167,0.45421332834889994
1168,15.59906069206262
1169,12.153424567280958
1170,15.88797952316584
1171,17.69135680728439
1172,17.21927774302098
1173,-7.49804761869538
1174,11.230288896146723
1175,17.79428238350248
1176,20.222401594049106
1177,16.428453866924457
1178,18.262624015703533
1179,1.6575230619862458
1180,20.83974004852932
1181,14.487890110182352
1182,8.42348640874735
1183,25.221629971372526
1184,23.326177489185827
1185,26.91155912439624
1186,16.987130675110254
1187,11.305898667422783
1188,-20.736082463973432
1189,7.944341839719786
1190,11.085850205508796
1191,22.815533883665193
1192,4.8571026425892905
1193,19.667803546689047
1194,9.847710390126695
1195,3.6769958955420226
1196,11.372144288334065
1197,15.30523849770285
1198,14.041277672759335
1199,17.442528387030777
1200,30.357123807631382
1201,24.452998867191166
1202,14.742750606268388
1203,17.153654928945777
1204,-5.159101426095119
1205,12.40552645140104
1206,4.024363754734225
1207,20.396573372966042
1208,11.077560109522645
1209,13.475812667082412
1210,13.635734597743344
1211,22.30296658836517
1212,19.007194298760652
1213,13.070361295961677
1214,8.955082042284692
1215,17.934910583458045
1216,-8.483304684269093
1217,25.861014952868338
1218,10.727018844967121
1219,10.304714689657573
1220,5.010359529519506
1221,24.353409919017864
1222,14.175708474047575
1223,9.95465895295818
1224,17.268709571905656
1225,-1.7685380411432186
1226,12.226842628026203
1227,13.611459857413859
1228,9.779282760850656
1229,11.149956536137825
1230,14.306061564990328
1231,3.615025044765104
1232,3.5695911956902235
1233,24.137613732191213
1234,18.885254406878662
1235,10.9969662273209
1236,1.9141234891032655
1237,11.870303954654647
1238,19.047088257856796
1239,9.075528982568427
1240,8.491722911350546
1241,6.312932249776471
1242,8.788759258365547
1243,2.118894411641141
1244,0.0043824925629837455
1245,6.4275187109237395
1246,-0.22692397475776596
1247,5.11812824211503
1248,16.429914005361788
1249,3.9474517076699853
1250,15.220099488611165
1251,10.734164840419414
1252,22.488716747714435
1253,12.673384231401387
1254,2.1191516257497747
1255,28.871509876896244
1256,11.833268111812407
1257,-10.950702928992055
1258,11.728434441064673
1259,7.843861740493516
1260,24.01020875410078
1261,9.917281021980939
1262,21.970223614131385
1263,-5.685744584784048
1264,20.97296868177981
1265,8.382022364023394
1266,6.388746546513133
1267,22.84849112471183
1268,20.344997251436343
1269,27.941728309252028
1270,25.922987767694543
1271,17.4282744887494
1272,10.50453005717496
1273,21.375900943094006
1274,17.788494041196696
1275,0.07488748653907264
1276,16.836085932325314
1277,20.214376414183853
1278,8.703920414333954
1279,12.918845095204441
1280,20.307636661406608
1281,18.884168563828627
1282,-5.727163734804663
1283,-11.402500056482419
1284,6.64976416890305
1285,17.498194179618206
1286,14.088357240926394
1287,21.550033123304452
1288,10.105119233002977
1289,3.404110349163232
1290,13.10938461729279
1291,3.131532240993683
1292,26.270691973610337
1293,11.870692678801403
1294,14.403127640053748
1295,12.414532788967142
1296,14.027994964572443
1297,12.795135627925044
1298,16.916307196461123
1299,6.788115818297555
1300,21.56263386837105
1301,-6.7365010937759555
1302,17.88830703411228
1303,10.681992884652605
1304,19.584223396876755
1305,21.534573967292964
1306,16.801090967457043
1307,7.6663712655980465
1308,24.654890683251693
1309,3.598962022612329
1310,10.08005215905868
1311,0.26798345669792073
1312,9.047903958865621
1313,7.713426530265608
1314,22.510592869107594
1315,3.487193493868222
1316,22.8812008250491
1317,22.804144992835106
1318,14.780736717977787
1319,5.230785103815789
1320,3.0318631492274744
1321,17.361696384828484
1322,12.982273066013764
1323,16.59497857043579
1324,22.51054181324377
1325,5.326298563366603
1326,0.010191538293762535
1327,8.038392900861826
1328,16.898331353377905
1329,17.51732569922218
1330,0.8081702109871046
1331,-1.176770167732325
1332,24.134219418462475
1333,2.7494556168110815
1334,9.640136059117562
1335,23.564346078069416
1336,10.498037115456633
1337,12.376960743308652
1338,15.804815164995556
1339,2.7196143817972978
1340,13.855276613252787
1341,11.152988566854136
1342,1.8810387268035498
1343,19.343062781282335
1344,7.979086434004348
1345,10.693379491239913
1346,9.529643841555476
1347,16.731688881413415
1348,13.01390584020072
1349,13.724917022882234
1350,9.369430560023863
1351,12.871850813599815
1352,10.736980595766536
1353,-1.4933839373216273
1354,18.940760877062825
1355,5.785104431685043
1356,2.9942959206186015
1357,-14.950768375957646
1358,24.805888084277502
1359,16.071892865538505
1360,23.700327858396857
1361,-3.5554696919835824
1362,17.692937788304814
1363,21.6980591884343
1364,12.965651011273435
1365,11.724781902994042
1366,-4.359041672645077
1367,16.735545388262683
1368,12.793400067944672
1369,0.22674409930822598
1370,22.493151206583256
1371,10.323353043194293
1372,11.2930106723094
1373,3.0680761794994678
1374,2.929143248775997
1375,7.916232213496927
1376,9.148690784368107
1377,1.077346169972606
1378,16.043900512272124
1379,25.277255342804192
1380,9.482545172343848
1381,14.708872055731666
1382,-0.11595192313114469
1383,10.936546797161363
1384,-2.899986805412439
1385,5.786408356481244
1386,21.056031097586104
1387,12.133836379013935
1388,5.917792013968787
1389,9.69781486934697
1390,10.677469967772105
1391,19.837739110497218
1392,14.408251594718045
1393,17.13341548341086
1394,8.325295474982157
1395,-9.58881233079312
1396,21.938625095932668
1397,-3.5825353547733716
1398,20.018120770769073
1399,14.239188698519898
1400,14.277110956678191
1401,3.290199158041696
1402,15.836198045027063
1403,14.272057762145282
1404,19.710443916500164
1405,3.7497076817285224
1406,8.219170238581196
1407,7.974421683065219
1408,9.732513732910528
1409,9.684954109938113
1410,19.01235444313785
1411,20.36898049955868
1412,15.744436135709066
1413,16.121316846423813
1414,2.547313832396538
1415,1.190011624722076
1416,16.982327117287017
1417,15.176217562536344
1418,23.724852130770024
1419,4.765308340715862
1420,20.170010701358358
1421,6.043921819907684
1422,4.488827415717346
1423,19.743101693845997
1424,21.461869485243593
1425,9.254296963042064
1426,4.314607745534208
1427,-3.4749855235555605
1428,16.646476084901842
1429,10.229515117867283
1430,10.617159806008381
1431,16.693085184621683
1432,-4.859700122203107
1433,7.336300037303641
1434,11.19010903214711
1435,5.543587553880168
1436,7.155602001929998
1437,6.373472607316395
1438,18.134642786845315
1439,18.165891314620843
1440,10.840707329889307
1441,9.209557574109175
1442,8.157155542700064
1443,13.198158254274492
1444,-6.180282751786852
1445,9.943017497406512
1446,13.921244260091044
1447,10.927275819259906
1448,-0.8292171913365507
1449,-0.8299357761901073
1450,-4.770841452238362
1451,-1.0485336222471249
1452,21.737776050644896
1453,8.269858300726607
1454,9.657792618436583
1455,-2.0787482965458515
1456,21.843380089453635
1457,3.6310668922500033
1458,4.915719590293734
1459,13.788317016835482
1460,14.152775358160255
1461,14.339411324840716
1462,11.002512562161193
1463,-1.5453426639557726
1464,20.542998249253547
1465,11.9019205637615
1466,12.056451236241786
1467,7.797407804103361
1468,17.891785515945934
1469,21.105525562030085
1470,8.410301358931674
1471,-1.1116447105045004
1472,8.609250598331915
1473,15.371067060664119
1474,12.06296198599178
1475,12.726012696376847
1476,-5.873104520298408
1477,6.007199671055652
1478,17.002571090412125
1479,11.905001336127832
1480,20.194184047272365
1481,20.548008949130946
1482,17.88549410922434
1483,24.785898455845523
1484,7.140854120570451
1485,9.615973586671984
1486,19.39836364921628
1487,14.90251668571867
1488,17.894703323205725
1489,7.262077036060892
1490,3.957774771883873
1491,10.678867087894144
1492,24.37091275836582
1493,20.360224402605372
1494,10.084231068320001
1495,8.926474766087289
1496,10.677022222589569
1497,-9.273282477105335
1498,1.2565462578949833
1499,16.61738312718336
1500,8.249541953898847
1501,16.251769066692
1502,8.898392008379467
1503,3.8114595979802055
1504,8.796298004961544
1505,3.634973021668727
1506,-15.297504230571878
1507,28.328304152862145
1508,6.073163090196887
1509,17.361499258549774
1510,12.067271549469316
1511,8.178989526916347
1512,-3.1960969967375847
1513,-4.5396875954450975
1514,14.5227289897147
1515,29.529108217896972
1516,14.751885704255368
1517,11.096437221353693
1518,3.5110977691394294
1519,10.92296581204979
1520,-9.536335515385463
1521,18.879461534911552
1522,13.1614892045159
1523,-2.096035009464214
1524,15.368219863246548
1525,14.438270146847671
1526,5.65186211443921
1527,11.839267420274432
1528,18.527795014279892
1529,-14.129967611923659
1530,-6.942329476142568
1531,-2.6613491979974917
1532,-11.995546624141323
1533,10.425726313011376
1534,0.7194720137517353
1535,18.927045450384362
1536,11.530636166923172
1537,10.6579902257064
1538,12.684208151047526
1539,13.868589424562826
1540,19.262245595465032
1541,1.761190980402412
1542,7.52714630425814
1543,20.569332032437195
1544,13.090882818846895
1545,16.912070750039714
1546,12.516702430382244
1547,13.261655621504897
1548,0.5732442404217514
1549,21.580148000303694
1550,6.799137524959695
1551,-5.478996122414688
1552,11.098909117639966
1553,18.307789087528047
1554,0.6642656594924075
1555,-0.4198375022260308
1556,1.5100235405235203
1557,17.382285520501984
1558,2.950576580315119
1559,9.125051103994798
1560,19.462732791800278
1561,8.32513393821537
1562,17.54207076095855
1563,11.081809917217038
1564,23.928311627828382
1565,8.168143220298141
1566,8.406277148705321
1567,8.270136755049094
1568,18.153350710409445
1569,11.737834651484876
1570,14.062401298456448
1571,9.199802437042896
1572,-9.611567221394688
1573,7.473821726476699
1574,-2.1268265939730187
1575,5.838464184667461
1576,-7.183827396386129
1577,9.773007827969899
1578,8.202506137778593
1579,15.60884795764709
1580,-9.887529030477902
1581,4.604506250457595
1582,9.24352886099098
1583,24.63308924884534
1584,6.7179039216480785
1585,11.105682561853829
1586,18.059738398221306
1587,2.1607983748401507
1588,20.26814526245533
1589,10.276404717636117
1590,2.0520867661314544
1591,9.40293471101877
1592,3.0402314105213497
1593,10.324740084046349
1594,8.538367124805843
1595,22.95937889186173
1596,18.89458778390097
1597,14.74061397910191
1598,12.215143632194508
1599,26.152137294753576
1600,5.9773255626226796
1601,5.5551543660916884
1602,10.454942477132656
1603,4.126203141865706
1604,4.344393291061379
1605,17.56829849529662
1606,20.73155632324704
1607,2.4861035516360954
1608,6.688954881803104
1609,21.3526407408745
1610,23.024837283659693
1611,11.761740195004586
1612,22.759568327151033
1613,20.748347348492704
1614,6.071128643541035
1615,5.581918947403022
1616,-3.0465524573139033
1617,4.368223798986815
1618,25.085942953944148
1619,30.78245467532853
1620,0.3866125796737574
1621,9.831795619064739
1622,21.42360249734756
1623,12.01927960682163
1624,16.828137429280115
1625,12.287144500023615
1626,20.200153495154748
1627,10.66769118602959
1628,-7.116449214391004
1629,14.293194073306731
1630,10.574454160736256
1631,8.210299975006231
1632,17.350941375665588
1633,23.048028138033033
1634,10.791888699898227
1635,7.491713756765322
1636,-2.777405269762246
1637,10.411403110830001
1638,26.544763583374603
1639,-11.608891813066283
1640,24.445898227146927
1641,14.754646235093638
1642,8.763558254515884
1643,7.9260427871695445
1644,15.217888964369479
1645,14.944980197115438
1646,20.382660854693984
1647,16.9769783000654
1648,16.175662963900002
1649,0.4875523532443883
1650,0.7403751373258796
1651,12.861125888805498
1652,6.839499553317026
1653,1.8738009005688456
1654,12.435123802433441
1655,-1.4634569236046961
1656,10.033595761192021
1657,20.631327033094955
1658,8.36265053067787
1659,4.678655451867888
1660,-5.020005267115628
1661,10.80997205176105
1662,23.548076651826822
1663,6.986389647640324
1664,15.29028205728544
1665,19.53278876313326
1666,15.951651925120618
1667,16.860107316153325
1668,7.567293785019596
1669,13.766659877550017
1670,16.933466417201068
1671,8.434025347988555
1672,11.590242284717423
1673,17.811243830023237
1674,-5.925154976260943
1675,10.117433900444466
1676,11.682554471837994
1677,0.07328609740104623
1678,25.661475982859557
1679,10.714681888204748
1680,21.734300600918413
1681,16.89982988470574
1682,7.02371055595422
1683,-9.637519916316432
1684,4.53723958974118
1685,-5.054217433933432
1686,27.619144130916936
1687,17.97620830563668
1688,8.878551841473648
1689,10.577829989948672
1690,9.98468573716722
1691,7.206936332704573
1692,15.805150699355172
1693,-0.702129058088479
1694,8.543012866196287
1695,11.55418764353762
1696,9.518736853363398
1697,7.98597375513228
1698,3.7542327572567884
1699,21.972926384904028
1700,26.272595803367008
1701,4.7098312448851765
1702,14.575648889955263
1703,-0.52256337496428
1704,19.96248611454268
1705,-11.400979765226783
1706,17.13709084819843
1707,9.116209741988095
1708,8.139693521728425
1709,-12.734199052392782
1710,5.3646443700947986
1711,4.4945505234155085
1712,13.275440337270275
1713,16.03904763363584
1714,9.938035213462916
1715,11.452835028004566
1716,16.30709370498503
1717,2.3391302479676552
1718,8.766810118560588
1719,12.793897045335616
1720,15.77924304174546
1721,6.616783479195795
1722,-19.567779061627803
1723,2.3417926707260084
1724,5.606995717436567
1725,15.202843529022509
1726,7.5618018977248935
1727,15.928616412376424
1728,-6.841571185557308
1729,20.669730205421686
1730,3.5268280298282098
1731,-1.9657392908609201
1732,17.182527790516247
1733,26.449742321828417
1734,20.31570542588255
1735,25.285109151902727
1736,21.87127812651989
1737,2.8187579815384853
1738,13.633059894589165
1739,4.164774434257162
1740,18.673730491648797
1741,18.543440237826136
1742,-1.8918828900348028
1743,21.9597336633331
1744,12.928818218143986
1745,5.232962598681381
1746,21.631466243458668
1747,0.9942320674359734
1748,19.6125914811499
1749,14.465200935258016
1750,-1.3548565327784923
1751,8.487044545916184
1752,5.084641560301874
1753,15.362299919738039
1754,12.347617172180385
1755,11.984157676804543
1756,14.612499190933905
1757,6.64163779619089
1758,6.239713301600851
1759,-1.4497727298181398
1760,12.519772300547315
1761,13.2124795004591
1762,15.502652099441178
1763,13.067073537202678
1764,16.354368928037015
1765,0.7421074383922853
1766,21.8810763645085
1767,11.626151543555975
1768,-4.800466735862274
1769,3.532824069297321
1770,4.99441029139107
1771,12.105872201179796
1772,14.725491164826032
1773,-5.143699452479172
1774,2.5650567254108094
1775,16.67787895307238
1776,14.86369001613794
1777,23.46643545273413
1778,12.139306939179964
1779,16.734052557293754
1780,5.821944543062745
1781,11.636643742043235
1782,18.85384764686813
1783,28.66234450461686
1784,17.837445268028706
1785,26.271395589129973
1786,8.746604747278035
1787,7.838668611735544
1788,16.73504342411194
1789,19.10199956552911
1790,11.931611930398029
1791,18.16437451258574
1792,13.054143689400616
1793,11.6614956094992
1794,24.024466547419102
1795,12.665393032344602
1796,7.219212620164753
1797,4.861307737132939
1798,25.297965235226492
1799,10.888391989226465
1800,10.200201680820102
1801,8.615327538960937
1802,-4.7361110089251826
1803,22.458966133376553
1804,15.880417114978458
1805,10.67191212271045
1806,10.361692462649147
1807,28.932129522513055
1808,17.58024003879834
1809,3.7830399681257596
1810,-11.569441123626182
1811,8.507961061210557
1812,0.9528355381732755
1813,12.188491333393047
1814,25.237875635286493
1815,-6.907602439323551
1816,9.007559724983794
1817,17.82601412024797
1818,7.287912502417699
1819,14.2553417416216
1820,25.197296595792995
1821,22.589972384418743
1822,13.5214119809328
1823,8.200887372677549
1824,3.9383753135938298
1825,9.143479420846663
1826,11.805602567786892
1827,-15.586120359162688
1828,13.548957079119415
1829,21.239853220291234
1830,4.34207466274817
1831,32.04250614549144
1832,6.647134220918862
1833,12.164183318694006
1834,4.282212361255494
1835,19.34792509716936
1836,1.4196637337875035
1837,12.737614428602802
1838,3.4285853709956933
1839,-4.513725104966715
1840,-7.846764572918049
1841,4.064579610887483
1842,20.356741659477024
1843,22.01363196057669
1844,26.06835601296695
1845,10.243160646786128
1846,10.494550665726358
1847,-4.509810134605728
1848,15.425858886789285
1849,1.7444593742868517
1850,10.142375919261356
1851,14.942023991709657
1852,16.9963531729814
1853,14.422535737742297
1854,14.272243481208216
1855,3.3280692447933995
1856,17.60484723844631
1857,-5.351390587464805
1858,3.274393219639002
1859,0.4404566709892472
1860,2.1927354467602447
1861,14.936547021749828
1862,13.986624907127904
1863,4.444923563624876
1864,13.66684037710938
1865,1.3978821268256254
1866,13.3772649249
1867,-0.936536622342042
1868,11.891558359830968
1869,18.135032392439587
1870,18.328971105902653
1871,-4.3939403118996925
1872,22.953770931795653
1873,8.950390338316268
1874,2.4380483957534578
1875,-7.937652119502002
1876,3.606977449265428
1877,24.0308246583321
1878,24.473439588845455
1879,18.108459264160533
1880,17.813867182249044
1881,19.96102472863911
1882,9.08212275423816
1883,1.832777132562036
1884,12.992713741979067
1885,17.584183824737533
1886,-6.712578984791591
1887,-3.643998242323746
1888,5.366771504113118
1889,17.805576194290506
1890,-10.880450786102491
1891,4.109080676688729
1892,24.4085496185329
1893,5.747842140964614
1894,18.813256248108473
1895,20.274971201268798
1896,12.309952279173016
1897,12.37424866911961
1898,17.53202955761067
1899,11.10539889133948
1900,7.410314729037959
1901,-2.3965316797857033
1902,2.5842552618628543
1903,16.86397502374562
1904,12.843922901473729
1905,15.995921271380954
1906,7.5423530389136815
1907,-6.319850866842692
1908,15.940883901133203
1909,6.432983256455782
1910,15.514025377689363
1911,-8.514187422418166
1912,15.287346026652841
1913,-1.7914184544147482
1914,17.54922764170526
1915,-1.2390218713101204
1916,10.623897382108721
1917,23.664059001300696
1918,-17.260121280019362
1919,24.314246688583797
1920,18.18747193957165
1921,17.301576260522403
1922,16.098518746289763
1923,6.003099878091757
1924,16.83881749536509
1925,4.477214591648859
1926,6.539653689169623
1927,-2.0910884633955513
1928,14.643349619492696
1929,3.1351329611814496
1930,1.3786897583027653
1931,11.145049971199938
1932,11.99832248258295
1933,20.713450650364805
1934,20.012385084757312
1935,23.488971708139758
1936,8.954824881431392
1937,11.407722692429306
1938,21.487103619282212
1939,0.18997843491992072
1940,22.62613091276289
1941,4.865117985986656
1942,19.434306829567007
1943,5.6768147569131635
1944,14.685209335535443
1945,5.004396221013187
1946,13.500110420940556
1947,24.940270554440463
1948,11.774157020486397
1949,-5.625872485822344
1950,12.243901242680252
1951,13.107843510143393
1952,4.907740046333968
1953,-12.66340949369959
1954,23.790799873828654
1955,15.514289022870999
1956,13.820882816533398
1957,5.065500023531265
1958,38.500101583921875
1959,19.63829451314175
1960,5.1979973570713165
1961,11.718855183461473
1962,2.6879824568527595
1963,9.606010291921185
1964,10.326532988480036
1965,12.2478732585912
1966,1.9142667488524852
1967,24.400750755461516
1968,7.103679206582085
1969,20.153774525552723
1970,-10.86311356426928
1971,28.464075189672528
1972,22.9236382256578
1973,8.333136553065417
1974,0.8370284520545668
1975,4.734358935423069
1976,14.685871121965965
1977,16.830362309141353
1978,1.497712782430171
1979,22.03958855684091
1980,14.95615188641365
1981,5.899430668609532
1982,15.107904118142082
1983,17.025770003933555
1984,11.645848463467571
1985,16.769602878331956
1986,14.03937254977768
1987,13.962498413481978
1988,14.777549523766375
1989,-2.630058642557953
1990,19.53564751282033
1991,15.103521061434208
1992,21.284759213449842
1993,27.35404948747758
1994,13.389080126171777
1995,27.787575453500114
1996,18.51622268454023
1997,12.946133665563567
1998,12.49664434973414
1999,8.291622307645005
