,value_per_image
0,0.10749060361369947
1,0.07092547473639423
2,0.5655102701487065
3,0.6886809084218202
4,0.0428964231794302
5,0.002041285181351181
6,0.006565990808824493
7,0.7433123560558665
8,0.33696476918868945
9,0.09402564670140473
10,0.011180696745678176
11,0.2675567583924353
12,0.06898510780527617
13,0.04944217706638759
14,0.06376546939829911
15,0.04559491736360992
16,0.12371136977571068
17,0.5282950609414432
18,0.4831184634061004
19,0.1595695377379861
20,0.18664411563405472
21,0.29269779218724223
22,0.6102599717340694
23,0.013532505989831693
24,0.7645154413764412
25,0.011596386027177674
26,0.12698800282125386
27,0.3831294037581873
28,0.5512398917805784
29,0.06768914727331665
30,0.12120827214646847
31,0.7174664296338871
32,0.5765704048275162
33,0.1896962970398664
34,0.5658869928459265
35,0.4745567767609897
36,0.044220800090344764
37,0.04158022664437582
38,0.15165069971155354
39,0.08746475931899368
40,0.09439741889921001
41,0.01858826745750557
42,0.007927446094602608
43,0.6799364370677965
44,0.5181609402957907
45,0.2711908323859802
46,0.592258821856222
47,0.6042316082577852
48,0.23431864660661414
49,0.039762034775181115
50,0.10334543525585756
51,0.0021672934220762635
52,0.010469543219565128
53,0.21486059552451486
54,0.041881400423912966
55,0.12122135644981358
56,0.11601668567212453
57,0.07567269107730636
58,0.10637633077504756
59,0.3934291469260435
60,0.17818126505447812
61,0.15783633473625847
62,0.2538389843148925
63,0.1865373394414711
64,0.29957808546676645
65,0.4003051496849772
66,0.2272139087359373
67,0.0035447279874763205
68,0.04450304794321305
69,0.2526410245284294
70,0.1629225820774683
71,0.4358528496249095
72,0.5069846543829605
73,0.05909496142814635
74,0.335732879094091
75,0.4641217542322078
76,0.3472175932161991
77,0.22118844838651566
78,0.4178208568266645
79,0.5795657225160696
80,0.4549805165317817
81,0.010827099378852095
82,0.507863113133113
83,0.046172092155419085
84,0.4524453623495069
85,0.15887941148937648
86,0.0754430462479162
87,0.5102663759365633
88,0.8076050668538821
89,0.4562345631744433
90,0.21720327417057567
91,0.15998111799287162
92,0.5172799143404305
93,0.5920694063456369
94,0.22134449471515824
95,0.6276596037945079
96,0.062179940793302864
97,0.10802915199361562
98,0.39922352646829495
99,0.5679059528144268
100,0.5248702804742126
101,0.14270110714863374
102,0.0016892173331213428
103,0.2788687399575868
104,0.4237771488898089
105,0.3182527599281176
106,0.13620263140146727
107,0.3399898269106809
108,0.37710323528891176
109,0.3088003904414375
110,0.7654207842644802
111,0.7028570073551262
112,0.26849349436178843
113,0.4605921745775181
114,0.13176692176388635
115,0.25918181712342164
116,0.10124572283987293
117,0.1824332323327491
118,0.12986258645651946
119,0.4657444104400307
120,0.520308199353255
121,0.15809948552361153
122,0.46732185529524894
123,0.33501650167702324
124,0.18932251738082706
125,0.2459521818748143
126,0.017748238047955563
127,0.5113269420011105
128,0.07296073350570872
129,0.2344916886155128
130,0.15045877670459945
131,0.2633938659690047
132,0.10963386749767276
133,0.4332530256428557
134,0.6634136352868691
135,0.1607633480677661
136,0.04606213351578623
137,0.09998384873249604
138,0.1176937841585022
139,0.13542915762243266
140,0.2902854117392772
141,0.6135583753041651
142,0.05834634675147981
143,0.21055110233949176
144,0.11577352880633797
145,0.19438644659294704
146,0.09168880777510023
147,0.21767437067983605
148,0.7659138176388086
149,0.2164162555876053
150,0.4532032666037902
151,0.015238535205479369
152,0.02930693694517443
153,0.28133586515170594
154,0.326668882330062
155,0.10778260526157364
156,0.5778035008278262
157,0.1716097644727286
158,0.008522897618642673
159,0.19684359568624246
160,0.18590159299316805
161,0.02284906008655001
162,0.3177450951818213
163,0.16967419262747466
164,0.21398391590548455
165,0.0948852853760888
166,0.021385898114152608
167,0.11569261587178205
168,0.4098295866056052
169,0.6999651279134673
170,0.056639285821507075
171,0.2493766171327245
172,0.6873810269722281
173,0.18272034867630788
174,0.06322877789147968
175,0.12514763886033048
176,0.03883709488667324
177,0.6177344272018019
178,0.04801153929146995
179,0.0050447520435033715
180,0.06319106580809639
181,0.21101314492077933
182,0.10538392446838547
183,0.5662442825096083
184,0.04786787267543435
185,0.2172580323880816
186,0.4785153075881725
187,0.016006833268092588
188,0.01183316228926623
189,0.6951782958709376
190,0.2264358331346367
191,0.12694414265604329
192,0.1348842576446748
193,0.07331617698907948
194,0.6206139709099759
195,0.7588416170488936
196,0.03612069528282282
197,0.1991216054350773
198,0.1891119408440269
199,0.3710388467074313
200,0.3657209629817236
201,0.2371642189330209
202,0.686299883883831
203,0.1471027089055759
204,0.6219349717851448
205,0.5780912011407777
206,0.1086230079941609
207,0.02706658440502406
208,0.4982013653530525
209,0.023938289429581882
210,0.2704296205752931
211,0.0007784311342343768
212,0.21947934190143212
213,0.29654933646070725
214,0.7003669788271577
215,0.0443613213688128
216,0.14597686756987582
217,0.6098544649692104
218,0.047743866495408065
219,0.19110913897204532
220,0.14816517567197132
221,0.0708921302750379
222,0.2461211676433761
223,0.18403460049554726
224,0.32646617366136993
225,0.3533675147027914
226,0.2419923099632132
227,0.03497651177038461
228,0.2022525925132048
229,0.1883814628709711
230,0.297427053664766
231,0.031090243371604726
232,0.6175039785174452
233,0.1916716515161726
234,0.07804467106009343
235,0.32448168020501106
236,0.4657455705814483
237,0.12076923653089155
238,0.1505407983646579
239,0.07446114444545335
240,0.2081250558665124
241,0.3824456825625692
242,0.061225415737203776
243,0.480844738243173
244,0.181558728120718
245,0.15327710751919027
246,0.05336100652903586
247,0.12461201080204412
248,0.5140920262504431
249,0.38413520864015815
250,0.17553897846910085
251,0.115330408638905
252,0.05362608448074134
253,0.7603929901170696
254,0.2557502706456957
255,0.3088914491835558
256,0.0642056096600788
257,0.07245795747666015
258,0.5754170656696949
259,0.5079226261430014
260,0.19951325910501694
261,0.3683042676264573
262,0.4794981337202737
263,0.6272800691298359
264,0.41505795563723785
265,0.2183646308731365
266,0.42893252614791016
267,0.06596426098614898
268,0.4661759834389897
269,0.20505664147314093
270,0.13414585295422307
271,0.1755461906640155
272,0.17853437170908915
273,0.6554947149304806
274,0.2606185074584376
275,0.2361977681244791
276,0.20402588163342045
277,0.7448721121052257
278,0.05521530602154511
279,0.07976734604674647
280,0.13063265404226598
281,0.26008806009970376
282,0.3088042427368489
283,0.08816013076865997
284,0.2956641975167057
285,0.6264650921950853
286,0.28785941905694445
287,0.8109320138012354
288,0.6730025860184903
289,0.12923242926568865
290,0.08802880866694722
291,0.2846288452379441
292,0.0255478848544943
293,0.01822749167627493
294,0.3059134012589053
295,0.725425058598077
296,0.010766035111466843
297,0.17911336169051645
298,0.19305423755416906
299,0.3080689733269465
300,0.4012690625781287
301,0.3010669768567649
302,0.4504828973820906
303,0.4763363696340516
304,0.7887123765132025
305,0.29361332239680465
306,0.003667111809874092
307,0.024318375594169998
308,0.010291462428337006
309,0.09460076966210622
310,0.17922973825776722
311,0.259607841194885
312,0.08264953891493848
313,0.2527384880786012
314,0.2043934482418156
315,0.29932170863595275
316,0.38237878627244265
317,0.001495122781524208
318,0.10049456913791396
319,0.1733701940538131
320,0.11896973005211645
321,0.1892385355390165
322,0.03513164047492808
323,0.10164447817932287
324,0.06566530602619143
325,0.14543144803688507
326,0.0638666603765829
327,0.2158634255426279
328,0.5584957145548985
329,0.3162365688686204
330,0.07550909478049761
331,0.4303873825398116
332,0.15122273943486705
333,0.07975289372030513
334,0.1134835951505843
335,0.2932779328782934
336,0.01924826643970672
337,0.3450534624158278
338,0.01761044567463238
339,0.2264620353241311
340,0.1657558141432776
341,0.6024464097627718
342,0.27198335022894404
343,0.16645930709374604
344,0.4059073106866912
345,0.2031713409538212
346,0.20041138560789032
347,0.32996285022601
348,0.3724673622217047
349,0.3237326328561454
350,0.5664612253197474
351,0.013374897290693296
352,0.03956713372618418
353,0.3638128221273981
354,0.444091560005926
355,0.06217031861382241
356,0.2323698954305179
357,0.07981872351494146
358,0.5806433321275953
359,0.40378278018272296
360,0.35746416936004066
361,0.8085918681515385
362,0.6866946369169592
363,0.06846006020240364
364,0.16619202997895385
365,0.11157789624633133
366,0.6347459146311094
367,0.6485273991940098
368,0.5090025627358314
369,0.1276140179732959
370,0.5195014295701432
371,0.20979307970793287
372,0.33316336376983025
373,0.2265949582266072
374,0.2558280046083221
375,0.3656113987136064
376,0.7060183977230309
377,0.43419895869357
378,0.017520839361963234
379,0.006939466854537654
380,0.0903120078587299
381,0.1656719852924654
382,0.058086267103176825
383,0.10995841711773012
384,0.2997484289421338
385,0.02532313899560881
386,0.00993375680354161
387,0.4803955965971159
388,0.21743055385300344
389,0.4922015064435507
390,0.24373467298554424
391,0.003903705521906061
392,0.18913045859626895
393,0.247118897495304
394,0.07694338419181065
395,0.3012914890691452
396,0.07882213839296899
397,0.08380738795765286
398,0.540335698333116
399,0.009896986349211991
400,0.25968838460250643
401,0.5000800246089798
402,0.35532242305553585
403,0.4549256759348921
404,0.1179858583397764
405,0.15879628565579648
406,0.4307201047735675
407,0.019095588469728083
408,0.4957150931048443
409,0.1848772686756478
410,0.0440998163786325
411,0.10667104919532028
412,0.11384962245417678
413,0.37916181069683663
414,0.5596063673273981
415,0.310829271859677
416,0.7821214624643461
417,0.031029300607820783
418,0.4386085575689499
419,0.16470198544476056
420,0.016800367597377547
421,0.04312386685330352
422,0.03457421154682251
423,0.2162396822900412
424,0.5289976383178049
425,0.3818812418520304
426,0.2496221807461253
427,0.3403292911818594
428,0.24329486543341505
429,0.44532539905434987
430,0.6759520283186095
431,0.0008027361951049758
432,0.4978026462051143
433,0.4371756226683997
434,0.2976074719096557
435,0.4596134366138373
436,0.6125619758435057
437,0.5652752124620006
438,0.01755722622334424
439,0.15159961125852445
440,0.3083582889636868
441,0.2052873338481791
442,0.08063439286047258
443,0.00267888036548318
444,0.2469655546409601
445,0.4622155171669463
446,0.0931637933306221
447,0.3049812131105887
448,0.1879682599422063
449,0.08082497112158064
450,0.013335760290312531
451,0.8864382435903506
452,0.31310105993864673
453,0.037284269154507374
454,0.15417704056601667
455,0.017861698718006053
456,0.16056007033785752
457,0.22897876123166996
458,0.3592724795565566
459,0.11173978690909628
460,0.3726870445194487
461,0.6119772176889453
462,0.09041672995154
463,0.02476312882064897
464,0.1198402924110758
465,0.14134447532843766
466,0.21452936621644936
467,0.5694656116589923
468,0.4095134737012837
469,0.4118085522589957
470,0.019491538643010328
471,0.10863157874518008
472,0.11313142329438948
473,0.1380533632420154
474,0.4122224552640649
475,0.1029629932896962
476,0.3513662915134492
477,0.2598402379669999
478,0.05884628387626455
479,0.13096658418729562
480,0.06302595053592254
481,0.05806025119345325
482,0.4064353149499301
483,0.07538252771083112
484,0.6458775391886389
485,0.1935263898217661
486,0.09422097938348614
487,0.09915165775285477
488,0.07109004267612609
489,0.058387115549847435
490,0.15522363013624718
491,0.029866989810637457
492,0.03963740824298294
493,0.009659663618070635
494,0.045510178359020506
495,0.41605298339011576
496,0.2600831984747759
497,0.5014838171784659
498,0.19624120108270748
499,0.6296447209094858
500,0.34721207779055824
501,0.0026422254362307787
502,0.5747134590799167
503,0.5201149180762903
504,0.1582935249086949
505,0.3744025476287637
506,0.0192966800782782
507,0.17603674766682995
508,0.16324088457811395
509,0.27812972536231434
510,0.13144003051766748
511,0.32474707132014224
512,0.4464617591881831
513,0.5975255592811158
514,0.171950215846109
515,0.1435286888581786
516,0.07456158158714501
517,0.3990237741073369
518,0.04207327205993317
519,0.5572206518469176
520,0.16305742227684594
521,0.5303855925598588
522,0.05963141976344308
523,0.1749757407011196
524,0.0033052802136505077
525,0.1876293736022114
526,0.038957109428833785
527,0.0650749429295342
528,0.02979447757890122
529,0.5265347269963393
530,0.03117367647292817
531,0.17518225219991276
532,0.7461892045115408
533,0.24420546133990376
534,0.6655869694294365
535,0.0585893031911443
536,0.0771456322073428
537,0.03406513420873706
538,0.27472576425625866
539,0.27949516263153074
540,0.22507292220978128
541,0.03841883025831158
542,0.16957695968165615
543,0.17284678109551582
544,0.11595899849778026
545,0.536688982810583
546,0.00582980356647262
547,0.29533053164444056
548,0.32909157616595464
549,0.2415442968149567
550,0.08118470517406373
551,0.6497769718949917
552,0.6669563993016975
553,0.5561279703119361
554,0.2698918217839408
555,0.7956871822917883
556,0.33841603215974936
557,0.3585697007240896
558,0.34100747209214693
559,0.3601969495287204
560,0.4386700386417877
561,0.10341462662762227
562,0.7671325656846346
563,0.3768549249137844
564,0.13779067274940315
565,0.08877634458653841
566,0.09587540787030366
567,0.8366167141969059
568,0.2649405670095635
569,0.6946899614327099
570,0.0029694972344607856
571,0.09647982938446616
572,0.5552817243892012
573,0.02464061017710193
574,0.3172958478746749
575,0.18228261768066345
576,0.21100348455467127
577,0.5811720918385961
578,0.014951062018417116
579,0.3201869473486525
580,0.02327325488415
581,0.8176390153572106
582,0.2291337762995195
583,0.4776828882312261
584,0.0233562006000409
585,0.596328319163288
586,0.21774185909903698
587,0.8361171249773862
588,0.5703686067596326
589,0.24283404441780684
590,0.3594079088677629
591,0.12307764780721367
592,0.37463351408550816
593,0.06312662650667182
594,0.23318561158652876
595,0.17206677058823625
596,0.271708665489511
597,0.3197333169655739
598,0.2859089705699467
599,0.7553658609361105
600,0.2907041570161035
601,0.14503483047637786
602,0.14671846162881869
603,0.5049508396143344
604,0.02452685376232587
605,0.5009283297438223
606,0.5945524487019829
607,0.03135288167048332
608,0.8113834489121542
609,0.17326230411064789
610,0.13020267653394546
611,0.6803255306231785
612,0.3988940569877324
613,0.2727285087618183
614,0.4019902903554231
615,0.03233789737669915
616,0.33935631022759544
617,0.522520357390027
618,0.03064140770341081
619,0.1393748451967488
620,0.07481550493864743
621,0.538782964356539
622,0.4855955058108079
623,0.4212957445213046
624,0.7034091663739315
625,0.4222621104752806
626,0.5986582768005257
627,0.5652248859050926
628,0.4892950914757868
629,0.6672184092271147
630,0.726349329105513
631,0.1839699497679705
632,0.5877247258399645
633,0.21049293203246144
634,0.7432220890924064
635,0.7399189134211843
636,0.28497074840208536
637,0.2820491903286181
638,0.11175110592028968
639,0.20652624553499027
640,0.13304909695110728
641,0.0643579774149474
642,0.3550054404713828
643,0.09347309801552872
644,0.28513130513233026
645,0.19069319446781066
646,0.07044675966999336
647,0.12494705124735905
648,0.4570848885906162
649,0.042809473037815404
650,0.29554442229352673
651,0.44352692245326797
652,0.017030772070206264
653,0.21241790136740654
654,0.006049418997289412
655,0.3651442672587805
656,0.2568772220258805
657,0.14353627831785326
658,0.6940569161077821
659,0.04320293059675751
660,0.3709975921775984
661,0.6648663618940254
662,0.4363351558568539
663,0.1166541845385876
664,0.2500686073398941
665,0.4886965454842519
666,0.20452108616039846
667,0.13769491793196675
668,0.3410097158037849
669,0.31092861296007873
670,0.1847974554475727
671,0.3314008001885658
672,0.3336042966419482
673,0.11495758868531875
674,0.4813060704102313
675,0.01453824108656626
676,0.09152106128396398
677,0.3630025112149538
678,0.1897324297191828
679,0.11609682278465762
680,0.7063301710314435
681,0.2836295941642012
682,0.15453348741346473
683,0.11400482936077068
684,0.5367980373120245
685,0.4702507970247429
686,0.8001540816038099
687,0.08672355665126832
688,0.15747053492328528
689,0.3178977458821793
690,0.25557465199170715
691,0.20979404905183988
692,0.14611398935315087
693,0.0616940166426521
694,0.33957750933357833
695,0.08370417912925854
696,0.2217176187602832
697,0.19680741127187845
698,0.25701106331271395
699,0.533700650560571
700,0.8517305847635024
701,0.041871338900750114
702,0.06710657762131693
703,0.6180543068899236
704,0.4763853460640798
705,0.05558318178047604
706,0.1820578443063984
707,0.4866800942231962
708,0.554863935587345
709,0.02602698805193941
710,0.2635206213748333
711,0.20123485081003867
712,0.5439512441243816
713,0.19442807754218386
714,0.08076262064906649
715,0.5737684506232659
716,0.11205996387361727
717,0.12467953555748185
718,0.23658137959838466
719,0.06879941887372519
720,0.27316361393278504
721,0.14104798582235914
722,0.2847142643571046
723,0.4563998039706306
724,0.030638171519046086
725,0.302542075782264
726,0.06642606781690917
727,0.4955077185847745
728,0.0949573912205575
729,0.2196139402194557
730,0.07978111199177729
731,0.03574988571132605
732,0.4075433187968429
733,0.6205157064376468
734,0.05625678935605398
735,0.0800449082919205
736,0.19368891645860675
737,0.3065865495410246
738,0.4458837570668742
739,0.29288575103737263
740,0.6912272705835174
741,0.1405004416030785
742,0.2365002719325885
743,0.13174688625976427
744,0.6620776438220348
745,0.3476689649715322
746,0.2728469009719206
747,0.10533086756693756
748,0.28323256576193123
749,0.2482618080705573
750,0.5989491894875104
751,0.023627966383762584
752,0.4485720680852265
753,0.5575261719702962
754,0.6034144807924064
755,0.16095754411706906
756,0.031708913484621695
757,0.028945626166746837
758,0.07261667227947582
759,0.09761651529406223
760,0.3771697374164662
761,0.6875239545221462
762,0.06885751495916173
763,0.4419214403454685
764,0.1585442787234574
765,0.5786236678614882
766,0.12682545802846334
767,0.08544139842834811
768,0.013958037601404308
769,0.8502244902445313
770,0.061333854822636064
771,0.08691796497796883
772,0.19014313582330292
773,0.0811827612278394
774,0.4313847736183422
775,0.43026940042676187
776,0.4506608233685903
777,0.12264057062652693
778,0.36516814307276296
779,0.024497645922651724
780,0.29341235878768235
781,0.11855630468760996
782,0.4723860672478499
783,0.7006199998457903
784,0.2533382622070289
785,0.005314634965003735
786,0.4983416860318652
787,0.06375047448805238
788,0.1292115424290568
789,0.061653206081166013
790,0.05103642360708807
791,0.17675631147600024
792,0.0440787019892903
793,0.25618708735668244
794,0.1132290965027494
795,0.21514891286806312
796,0.1658087305107092
797,0.4411828163516143
798,0.08098944957321089
799,0.003028473673372778
800,0.3587301749486277
801,0.6202978931051177
802,0.4995282332638981
803,0.006574056694132524
804,0.3562820936353303
805,0.3820388266893227
806,0.10130209282416354
807,0.8927964601869167
808,0.31857700985899634
809,0.5164165099461886
810,0.09457129457683637
811,0.6713654222645922
812,0.21674792181734495
813,0.05567330647366793
814,0.13983373808085725
815,0.1541235897848305
816,0.4696344620778669
817,0.11602528614780648
818,0.019404763631936786
819,0.12674804633716907
820,0.030356195592415283
821,0.029570923076879942
822,0.4795751504029265
823,0.6213741155708891
824,0.05027681313146775
825,0.28817343649655464
826,0.2596466074588449
827,0.6221203936509727
828,0.17517406486844753
829,0.009589571826120514
830,0.14993376280488224
831,0.11707228116136142
832,0.4093795448246073
833,0.041052092373552986
834,0.3311112280722629
835,0.7837689594399601
836,0.3651559633469791
837,0.13833005739138815
838,0.014730775934891431
839,0.2837921304868145
840,0.4406388544572555
841,0.26430192700075955
842,0.3363792951208209
843,0.5782582547689867
844,0.5069607457736391
845,0.011210141745936236
846,0.09590982945636006
847,0.003964091730141374
848,0.2763324072566151
849,0.5809095673910307
850,0.2571573659600837
851,0.02628061391831634
852,0.08280038964916317
853,0.28400630025817364
854,0.8661794942824015
855,0.014833023362995397
856,0.18647786863067814
857,0.3105996243168381
858,0.010274714785930093
859,0.3417504165997581
860,0.023877117149350827
861,0.08229928828770297
862,0.04384624195820787
863,0.04564571025957285
864,0.3462978779912237
865,0.2359480639390579
866,0.10065907887940524
867,0.3279844492999778
868,0.38143470346288505
869,0.21794953811240025
870,0.13779976120794046
871,0.04505953523880177
872,0.7718546946343705
873,0.10160033386898576
874,0.8044703632670649
875,0.15434699046452055
876,0.2632932001572255
877,0.04100014841072462
878,0.8166269971369882
879,0.3774028733925696
880,0.27533421115210804
881,0.2582418039292192
882,0.748655096007653
883,0.03493107955357115
884,0.3062374012818807
885,0.17331094398006505
886,0.31208313822529793
887,0.028473127162710457
888,0.17856873873438328
889,0.3185318859232844
890,0.14928970372054612
891,0.10446280530212182
892,0.4523286580842715
893,0.14875776812094796
894,0.1321382068773509
895,0.3471416692048828
896,0.26780654009002713
897,0.18017322855390427
898,0.2981645944063477
899,0.4029255946249854
900,0.2587868483887697
901,0.11570013730010205
902,0.6530598270933623
903,0.7788970489001334
904,0.33468620563837137
905,0.13109818051729275
906,0.2677724613465133
907,0.19776749810793284
908,0.3033102917381676
909,0.5194180910902249
910,0.06853401470675456
911,0.5994641293486971
912,0.4170658769225787
913,0.3547386085148853
914,0.5165074238299738
915,0.6621832934477044
916,0.6664763865761899
917,0.14648675663820254
918,0.3502391199343351
919,0.08416654221233366
920,0.06166209761108848
921,0.6762787518890007
922,0.043507535870431116
923,0.3004476839789757
924,0.38160091956935693
925,0.10415422121603493
926,0.12845302914239254
927,0.03568395396057585
928,0.02676423170566773
929,0.3992361345379135
930,0.023278462735450856
931,0.11130885243051336
932,0.24639600461666225
933,0.14833913187610998
934,0.407172015132557
935,0.7628193537955171
936,0.5359178564880817
937,0.1743329418451172
938,0.15978269579656795
939,0.4243413503014334
940,0.2121550252760776
941,0.6199164812989629
942,0.16316248811621908
943,0.6409042538908402
944,0.4241795659128418
945,0.02577134371781847
946,0.01593169133602937
947,0.041036013032587006
948,0.18479274770875187
949,0.07490420226837254
950,0.4994716957276115
951,0.7259593006877573
952,0.02854311543334103
953,0.1510684194078065
954,0.12612055017519702
955,0.2606751926750112
956,0.020735490611617752
957,0.11281523791409714
958,0.5418958020361108
959,0.4478442046389897
960,0.17398338280836134
961,0.2260660571074431
962,0.6584979735795661
963,0.2769501079338525
964,0.4052468981585378
965,0.3212254928167458
966,0.389334742616207
967,0.7113063174050342
968,0.0630065288811367
969,0.22868136792313576
970,0.4656693208799982
971,0.5118411498701637
972,0.007200565803416936
973,0.32055732233167483
974,0.2442459684949982
975,0.13521591533327956
976,0.4957896969644076
977,0.2372085991859335
978,0.20178865108880306
979,0.25351804765097674
980,0.02311257291004621
981,0.17897029871368947
982,0.2526073021353922
983,0.1240154737949338
984,0.08340766052074397
985,0.6829298328789905
986,0.7299866296540182
987,0.5319949985891563
988,0.16425458638018642
989,0.0860435587021697
990,0.5083184942685173
991,0.1053433106720233
992,0.18323449679860104
993,0.4174847675368937
994,0.15676184691607098
995,0.1331932369971125
996,0.6206980953489247
997,0.15820294572598784
998,0.22013618468269947
999,0.02706319205882477
1000,0.12465848244591668
1001,0.004623207880409763
1002,0.31260895352341955
1003,0.5328332692393198
1004,0.1324882619459737
1005,0.2492229057383605
1006,0.1971026358731986
1007,0.17712961155866966
1008,0.19739437092564413
1009,0.046276430070990235
1010,0.3895820991750998
1011,0.4962844481326975
1012,0.1405522302468495
1013,0.12200895798715172
1014,0.2668981690612319
1015,0.7008904382995585
1016,0.15463091396771778
1017,0.014816915993910015
1018,0.44711622091105546
1019,0.011072109786573523
1020,0.3608865813209491
1021,0.17125158935139972
1022,0.04559579442450691
1023,0.4622642292700213
1024,0.1251015581208557
1025,0.37859236833262977
1026,0.12154256160299536
1027,0.15801406582812047
1028,0.12221495529125505
1029,0.5969334119585938
1030,0.5527603684063379
1031,0.3355748291169937
1032,0.19725400309998192
1033,0.21396403607584813
1034,0.05141008101258614
1035,0.4533682547629633
1036,0.570041377189077
1037,0.3800445760465828
1038,0.014322834839380646
1039,0.1095756648824723
1040,0.3350407527229133
1041,0.08815351197365018
1042,0.15537338148235966
1043,0.12372662265848018
1044,0.6111133832535096
1045,0.30188326978665314
1046,0.05583444361711176
1047,0.3103378131817641
1048,0.06256404447668562
1049,0.4694998527426629
1050,0.14203364763606685
1051,0.11320225818166264
1052,0.00953355381329773
1053,0.06218314470206825
1054,0.1735612770940194
1055,0.8057843652741085
1056,0.09428360902156067
1057,0.6956510667928167
1058,0.4199503170390757
1059,0.3035412028165589
1060,0.6489476810070532
1061,0.18798382562931384
1062,0.30535501936792403
1063,0.28350187806230936
1064,0.7456241062709774
1065,0.10804785812096077
1066,0.5591139441288988
1067,0.06840580944240246
1068,0.046102423074807664
1069,0.2543113826610066
1070,0.09976676506387537
1071,0.43056664082814594
1072,0.14318757438142832
1073,0.6288547885040228
1074,0.3396202809044745
1075,0.8806350500484267
1076,0.3709893854328389
1077,0.11725545867921475
1078,0.7962258785282714
1079,0.2820563252813852
1080,0.16009405109668967
1081,0.027377953766849917
1082,0.4889111070507698
1083,0.10441030127996907
1084,0.2930352429464811
1085,0.4609429199005233
1086,0.00232816126336044
1087,0.2258759382579397
1088,0.22341208525666065
1089,0.006894961495489519
1090,0.2636693830818482
1091,0.8412028700213412
1092,0.6469288387054786
1093,0.029881490285580743
1094,0.6029075082312533
1095,0.08992775914470785
1096,0.05900732184208474
1097,0.3532240126404583
1098,0.3683479702015163
1099,0.5968022652759662
1100,0.16384432681133712
1101,0.08567845404138437
1102,0.4479343835480777
1103,0.05557203054089523
1104,0.28736618973138395
1105,0.08130798516565138
1106,0.17092532177595565
1107,0.4413192512519011
1108,0.17762622841272385
1109,0.17775484698453606
1110,0.3123862076236811
1111,0.10024615607502403
1112,0.3353609746153318
1113,0.26060412810037026
1114,0.29250629020091423
1115,0.09262125755832007
1116,0.11663262353791885
1117,0.04868396313037239
1118,0.18688512129961216
1119,0.13406563267339833
1120,0.12613768761989885
1121,0.3477151260812713
1122,0.4112159211061111
1123,0.6469007864338986
1124,0.227575581213487
1125,0.07940349486357115
1126,0.4952528135939885
1127,0.052895409729414616
1128,0.07319232242312315
1129,0.05301750298536659
1130,0.17317830295390396
1131,0.6120944882944541
1132,0.04263396612571181
1133,0.07147973302657007
1134,0.3338010478936028
1135,0.4600338003145017
1136,0.12005064461708058
1137,0.270661400440364
1138,0.2330547930947604
1139,0.08988113182405526
1140,0.1308033525303306
1141,0.5170465913363893
1142,0.11816179111149605
1143,0.04780057058771359
1144,0.10516827429686472
1145,0.30270183903160025
1146,0.32161158721277106
1147,0.01971556823782048
1148,0.2054401908290554
1149,0.08203648948112703
1150,0.19942910647064235
1151,0.12357375649285185
1152,0.4389721621450573
1153,0.09528182944437766
1154,0.5658268687383117
1155,0.1111165995247268
1156,0.4007363266117847
1157,0.0634985274844538
1158,0.2637793549226759
1159,0.0429973627407856
1160,0.07768005043973482
1161,0.17031541680122936
1162,0.501448911680589
1163,0.18636309036829407
1164,0.03842854816841683
1165,0.16188793348331698
1166,0.19294113687087366
1167,0.205680461701868
1168,0.04400673797442508
1169,0.8670110952967242
1170,0.07156297194816365
1171,0.6405465080794219
1172,0.19093147557711784
1173,0.8169762041261275
1174,0.450505952632655
1175,0.2607300655903452
1176,0.14466271625087046
1177,0.2261304659879316
1178,0.012994614727277951
1179,0.09567639651555264
1180,0.6955682820752749
1181,0.011300367070790143
1182,0.26991844439127577
1183,0.07824500098678364
1184,0.004852071964738429
1185,0.02435377558257494
1186,0.033229850441828634
1187,0.40105096672061535
1188,0.4521778811878558
1189,0.35090427020931925
1190,0.3986530285556226
1191,0.23542268197776486
1192,0.5910729891214231
1193,0.5307081410075826
1194,0.030110812484675637
1195,0.01832224914037038
1196,0.5500947713616204
1197,0.4113402964295086
1198,0.2057098422971031
1199,0.053376059946777785
1200,0.11666156377681673
1201,0.10362050373148587
1202,0.3122495164654732
1203,0.07171536236391772
1204,0.2408744638300959
1205,0.17878746720495164
1206,0.5592181250836499
1207,0.5305717919331365
1208,0.03712956669458221
1209,0.5730628558216624
1210,0.5866747984200545
1211,0.5450524976052517
1212,0.4815526701947671
1213,0.011135397280553912
1214,0.2565828716035763
1215,0.0735982326349805
1216,0.13087559776299773
1217,0.016351057077207555
1218,0.22054731254513232
1219,0.030114444695423175
1220,0.09058031208854014
1221,0.4157006500437425
1222,0.11128516814564833
1223,0.28427381144343444
1224,0.008138098702274159
1225,0.08530932641050386
1226,0.16865137969936406
1227,0.17437368527459587
1228,0.32630963414604097
1229,0.4260336234030608
1230,0.0522573464094992
1231,0.5269508059011968
1232,0.05252884283431613
1233,0.15574937864606936
1234,0.2355245679234878
1235,0.03644306484186399
1236,0.5118053058256234
1237,0.12025360137045485
1238,0.29622358801976945
1239,0.389852596818741
1240,0.22999960009707998
1241,0.2808430876643834
1242,0.808675852598266
1243,0.1773912053225612
1244,0.3766181479293437
1245,0.23421598862173465
1246,0.6228417495858016
1247,0.17027338727973493
1248,0.17226692763179982
1249,0.556572301008831
1250,0.3549998981151163
1251,0.5937730287060994
1252,0.078619900606087
1253,0.22661629453825805
1254,0.4150928371860848
1255,0.031253238357455033
1256,0.24444737957535695
1257,0.27571343677442256
1258,0.1826375700095944
1259,0.433876060656944
1260,0.3756950602356707
1261,0.2102050438006022
1262,0.2200778973641108
1263,0.2982827024230096
1264,0.2367427396539177
1265,0.5674918022498964
1266,0.010386099243266571
1267,0.34104846146977785
1268,0.8604795647339805
1269,0.19936584582353176
1270,0.15914652326115286
1271,0.11608662885912364
1272,0.7404605151501316
1273,0.044185368574664215
1274,0.05262892409250161
1275,0.21050907722462645
1276,0.03174085678136369
1277,0.16616478122184405
1278,0.3218649280853865
1279,0.07511483095655028
1280,0.017710267647348912
1281,0.33912458859855704
1282,0.07203401626718017
1283,0.09677759358809772
1284,0.029056205369161824
1285,0.7218428999824679
1286,0.5523987198509157
1287,0.2777815789283419
1288,0.427177587468721
1289,0.18629364398561368
1290,0.4258709614569235
1291,0.3263347609116464
1292,0.193365103874579
1293,0.12009710245220967
1294,0.4785924799954149
1295,0.9605047437095636
1296,0.18326729684523785
1297,0.4573174858940692
1298,0.6756975992535249
1299,0.0188413334516042
1300,0.5917057952882814
1301,0.3095958014089634
1302,0.008574271610861738
1303,0.12083857940902135
1304,0.07792394276565616
1305,0.44582633045883263
1306,0.01114596697275932
1307,0.23166610965452494
1308,0.0039823584970705705
1309,0.6880430305291542
1310,0.23102684512866675
1311,0.04924917514064543
1312,0.19842974840154692
1313,0.6900483928046541
1314,0.3115340753326442
1315,0.1808994073497076
1316,0.2394385979397066
1317,0.019981138356069517
1318,0.6784378657642869
1319,0.5326509421038874
1320,0.8409556345895548
1321,0.1627369869118664
1322,0.15018009744896116
1323,0.36210673820239897
1324,0.8331185815608185
1325,0.07783031090841948
1326,0.13595777817283733
1327,0.1422851253275513
1328,0.3955845124085965
1329,0.2585552989557444
1330,0.5283922248878862
1331,0.04533637511703403
1332,0.06733680374037397
1333,0.6551380873782039
1334,0.11032395988936364
1335,0.20374475222936864
1336,0.07871704403561437
1337,0.1129986998076878
1338,0.14307847330679618
1339,0.269630628794024
1340,0.16375698204035066
1341,0.1599717792704458
1342,0.22351682010954688
1343,0.03393625959691948
1344,0.1664989719388482
1345,0.2080219603242549
1346,0.7564153878478432
1347,0.11473165684072695
1348,0.00016468635623321376
1349,0.5161614107581209
1350,0.20763871634920789
1351,0.14813469238264654
1352,0.35069324838417903
1353,0.05253350133640232
1354,0.6013030463141188
1355,0.2071067931836056
1356,0.42522487248493823
1357,0.1349774293213115
1358,0.2555504246075941
1359,0.4635498871459577
1360,0.14826937288792086
1361,0.2140922336840436
1362,0.10894372701558172
1363,0.4258553420135712
1364,0.3328208652207384
1365,0.011572732517594941
1366,0.00572993954363623
1367,0.11972154482739696
1368,0.6691044186353888
1369,0.06547059914666561
1370,0.22440816315102832
1371,0.5385237097980466
1372,0.1274190323533367
1373,0.625700243806704
1374,0.6559043710160934
1375,0.3930845455733025
1376,0.8511092011832266
1377,0.37208831101467466
1378,0.2268048064125837
1379,0.18984845666850592
1380,0.08215185219580393
1381,0.14617831953631427
1382,0.1350145002987327
1383,0.15273837717588845
1384,0.1460632033579709
1385,0.2030534423126769
1386,0.8670486657145666
1387,0.6950358808139567
1388,0.5302835621313213
1389,0.19406205624852946
1390,0.2293017647164409
1391,0.3316768244016414
1392,0.004785016210809581
1393,0.12879765394836
1394,0.5744649412612228
1395,0.16626628942890376
1396,0.13112550012118696
1397,0.15932464645102384
1398,0.04323181797285472
1399,0.07790323208094553
1400,0.5009411792276259
1401,0.13074780785384468
1402,0.324779435601083
1403,0.002139473248996344
1404,0.6376321578876576
1405,0.29558440556899795
1406,0.6276032829547535
1407,0.2412591216607989
1408,0.15361549219216794
1409,0.6878416185779053
1410,0.06820647984596916
1411,0.1465006591262865
1412,0.5076692944926343
1413,0.8443784086467172
1414,0.6707062791640508
1415,0.14516271781931264
1416,0.3816972522704423
1417,0.5128537186059694
1418,0.13547911487800973
1419,0.5947305734580088
1420,0.3061905618218832
1421,0.07141985600418799
1422,0.07284561016604786
1423,0.33782904042041106
1424,0.3200889816648582
1425,0.04842628597830314
1426,0.001296107251804679
1427,0.0402502005848827
1428,0.07744982291288605
1429,0.09743521251336336
1430,0.18047957363009529
1431,0.22099711078005166
1432,0.5711226840785779
1433,0.3519112567671088
1434,0.36441264867788
1435,0.07319528965971987
1436,0.14867975663341354
1437,0.44553658434349996
1438,0.6247673753044517
1439,0.5623224397465869
1440,0.4640683202869192
1441,0.14042750132944665
1442,0.5007772723431714
1443,0.13528235695325458
1444,0.4349481317024875
1445,0.03046263554977158
1446,0.10304691997705376
1447,0.6676588598866284
1448,0.5450034218856797
1449,0.1086928052925646
1450,0.0715290385936477
1451,0.2617342061130431
1452,0.05935332805317081
1453,0.05122705357292415
1454,0.3307575078939527
1455,0.2861167809384664
1456,0.03519681915502701
1457,0.06060145015110825
1458,0.0026768388096408274
1459,0.4513644486004189
1460,0.2317974068215096
1461,0.2027152380282972
1462,0.1606502183665074
1463,0.08665918804281486
1464,0.04199781087162005
1465,0.0873092382962541
1466,0.12155285028355375
1467,0.17940830846162342
1468,0.4066324244376681
1469,0.158834638923543
1470,0.16422191737147596
1471,0.14730063251211767
1472,0.11309647516140105
1473,0.7122479457508544
1474,0.307924623257698
1475,0.3475242028671114
1476,0.3025926558467437
1477,0.10640196270176892
1478,0.5397911116439663
1479,0.08979910210453776
1480,0.7061530981057436
1481,0.22976754250550502
1482,0.7459177965810944
1483,0.02792035807047754
1484,0.16305420735985382
1485,0.13383309981066008
1486,0.3606079398611367
1487,0.09906260976785647
1488,0.14082744407962386
1489,0.4394242653024552
1490,0.4716512104091343
1491,0.125657007230548
1492,0.056037437708090096
1493,0.24617812624744115
1494,0.2119498568557
1495,0.013166944564178796
1496,0.018545474415893284
1497,0.13244776730624291
1498,0.09684992423768672
1499,0.31447394935631817
1500,0.2833588978561074
1501,0.002956355450164011
1502,0.26817306461385304
1503,0.15570609349570874
1504,0.16952258639094792
1505,0.32350713905328576
1506,0.17499352285618094
1507,0.12310809403595695
1508,0.4828891454845097
1509,0.07170945242346967
1510,0.418461836590248
1511,0.8440757862787123
1512,0.23343253091187124
1513,0.13884368452347606
1514,0.6533252509968224
1515,0.06373058960129208
1516,0.3581685549450481
1517,0.31352073945141545
1518,0.2873036499643441
1519,0.021744692345971414
1520,0.7901131887996355
1521,0.07920249318887873
1522,0.1989506583399752
1523,0.10004365338102762
1524,0.5127455677458539
1525,0.20207507652255707
1526,0.4115835569792639
1527,0.04769511935210837
1528,0.17961756597453715
1529,0.12240326624060502
1530,0.2172075715063578
1531,0.027240672117302776
1532,0.392835999306528
1533,0.056022047760648
1534,0.3794797339093405
1535,0.1108931558597812
1536,0.24299056066056104
1537,0.0741757000481123
1538,0.1423956861407729
1539,0.16037702934774786
1540,0.037468459763860026
1541,0.052265982225509225
1542,0.174255551153557
1543,0.16083706222463096
1544,0.1130666862349742
1545,0.3798762993458256
1546,0.6069874845420138
1547,0.0917279083743373
1548,0.3814809877970763
1549,0.6222109725062822
1550,0.055339017639334465
1551,0.460028728064305
1552,0.0908519324711986
1553,0.03021163284484113
1554,0.640700888530872
1555,0.1316471643597918
1556,0.38393477685092586
1557,0.7079860930883323
1558,0.020936229234684814
1559,0.2261572630935969
1560,0.4775080150424202
1561,0.24208587439189724
1562,0.018789681779985582
1563,0.13638274505262182
1564,0.4577364405424673
1565,0.32351328946213664
1566,0.7088194715863747
1567,0.27204772497250923
1568,0.35517343265828105
1569,0.2747236560530607
1570,0.0052113437118067795
1571,0.19312871247785413
1572,0.4638422347391782
1573,0.003070161279134816
1574,0.4974909954039105
1575,0.04532216718674387
1576,0.06534615181973524
1577,0.3964066763359849
1578,0.13012633570334012
1579,0.0627966665407019
1580,0.019776419995354226
1581,0.19852962889413706
1582,0.25594270814937903
1583,0.6496028636047351
1584,0.33661140764002834
1585,0.5270555145390584
1586,0.2764356186073477
1587,0.06445640500151564
1588,0.32552836814408864
1589,0.5797651836323289
1590,0.33427306407237944
1591,0.1303052209060534
1592,0.10426316617020656
1593,0.33626244285263673
1594,0.015869711407383302
1595,0.30648245528511764
1596,0.4817676513404012
1597,0.35422321091335857
1598,0.3802838055776667
1599,0.15715565351891386
1600,0.09274029798440483
1601,0.3043575146717622
1602,0.02689915777043069
1603,0.3714199077189184
1604,0.4958403680214684
1605,0.13146053681832506
1606,0.3983238572107047
1607,0.6191331162538063
1608,0.023198517646802426
1609,0.2293744123312757
1610,0.3656104173933217
1611,0.03989023616606702
1612,0.09829664520166867
1613,0.5519487007580803
1614,0.12468460091524468
1615,0.3036302645028159
1616,0.6129386039042597
1617,0.6412086883538046
1618,0.1477338879756602
1619,0.5494347853505129
1620,0.005555468410322104
1621,0.3461978590827992
1622,0.14862125945661675
1623,0.3289907927351599
1624,0.3382336674040785
1625,0.1830577847425852
1626,0.3358228044892995
1627,0.16722086060146185
1628,0.4077059660467576
1629,0.024650662215362537
1630,0.34583441032427803
1631,0.02237279046602447
1632,0.04845576667408959
1633,0.05846909045764029
1634,0.16611568989586625
1635,0.09840475746993324
1636,0.4109241143679671
1637,0.8475808357678176
1638,0.04933708996884622
1639,0.3127652032629196
1640,0.6275206256866095
1641,0.7823164082459786
1642,0.18793213551184576
1643,0.10102088909778008
1644,0.11592844271974145
1645,0.2809830310945254
1646,0.1238817460227898
1647,0.3446436793014471
1648,0.3727827704012302
1649,0.6639935062190998
1650,0.20846437497291287
1651,0.5960584664876872
1652,0.0259418871603776
1653,0.0569628667378083
1654,0.5164737606859384
1655,0.4151572528693889
1656,0.6888528351208076
1657,0.48523466351658
1658,0.06598523100819645
1659,0.3171110898384853
1660,0.20677443943157087
1661,0.6974407332300596
1662,0.3403297431899124
1663,0.22781498996216495
1664,0.6009349294505575
1665,0.031728016324503325
1666,0.04812139356817383
1667,0.20314152152001894
1668,0.6622395590803324
1669,0.502478323901505
1670,0.4686050325062777
1671,0.268317941990189
1672,0.11259237682691267
1673,0.3479838012962926
1674,0.17209399452063756
1675,0.3563128147443855
1676,0.07289091677370127
1677,0.4511312563423262
1678,0.4141695905460472
1679,0.43664959714769225
1680,0.2205844348286535
1681,0.00494752401933176
1682,0.3557018220549124
1683,0.1316964046128523
1684,0.6564684029250131
1685,0.04151542368247951
1686,0.1042320719695899
1687,0.05024610322680046
1688,0.21293983444223555
1689,0.4037658532395919
1690,0.21495224542945024
1691,0.016697295607882467
1692,0.2879418824407317
1693,0.5671876217498135
1694,0.4622486605439302
1695,0.21278504637536408
1696,0.037542311525283284
1697,0.045706538773544525
1698,0.2382137542114875
1699,0.11079041506414238
1700,0.19327738640537484
1701,0.06072779633146427
1702,0.4901189442249132
1703,0.2422259324614233
1704,0.010048370512416863
1705,0.45233639358251504
1706,0.4331928957819835
1707,0.2622648944271675
1708,0.19332393143745247
1709,0.09883785914714782
1710,0.4412710823760161
1711,0.3517558489632733
1712,0.4962850815550922
1713,0.2133855229297076
1714,0.34529408108745324
1715,0.3904332768193043
1716,0.15265236008880936
1717,0.018258072642752518
1718,0.4154859124669061
1719,0.11755466510670695
1720,0.3643801789188893
1721,0.3560056635675604
1722,0.7926475770483987
1723,0.06038877270622224
1724,0.10075375007630216
1725,0.6885971938399377
1726,0.7946280447293803
1727,0.12174736835981392
1728,0.05329423648339442
1729,0.3208717871285475
1730,0.4737572704525245
1731,0.02311918461414313
1732,0.44305983178225183
1733,0.2194464172158788
1734,0.3983318125142204
1735,0.2485192276311359
1736,0.2321951260518537
1737,0.5768894395979496
1738,0.268013253140193
1739,0.06951619806267932
1740,0.3115165136756731
1741,0.1341826095039373
1742,0.1330974620683377
1743,0.3327173827339319
1744,0.3019896824646706
1745,0.8197108667477535
1746,0.12438475135480845
1747,0.13543937254248978
1748,0.06357539455996265
1749,0.4890398558098464
1750,0.33964761877133565
1751,0.29364640722425706
1752,0.6434713169765143
1753,0.007035906348810017
1754,0.2565088306600371
1755,0.08510391971577964
1756,0.20743148415603094
1757,0.4663343232918963
1758,0.3085060599594153
1759,0.11106678495136106
1760,0.24886142364160854
1761,0.2851204704414653
1762,0.8286375159252177
1763,0.4103028738371912
1764,0.14842235343361887
1765,0.07340322250756046
1766,0.1332710229617738
1767,0.3243400413793489
1768,0.8568186170309859
1769,0.10981463676128284
1770,0.5607438825611204
1771,0.10861610456057473
1772,0.036476657290921484
1773,0.42426377312679453
1774,0.06327562989719421
1775,0.30519846837661085
1776,0.06681610509861671
1777,0.14856176416826988
1778,0.012612702241750404
1779,0.13452656617241868
1780,0.12418625906687512
1781,0.07217690611978111
1782,0.14884222175422274
1783,0.13062240541504258
1784,0.067107458730198
1785,0.21972145606280846
1786,0.09380059514318227
1787,0.05631250534150613
1788,0.09508567672520096
1789,0.5240414502493909
1790,0.7011194292045335
1791,0.7478698030378583
1792,0.4729898687233402
1793,0.02756083646602212
1794,0.17713482725335866
1795,0.15762562938510766
1796,0.2441550249092545
1797,0.4676768135621519
1798,0.1918217681125308
1799,0.05516295136692776
1800,0.3116439171170248
1801,0.5385882558435485
1802,0.05243757221402358
1803,0.6045571493624226
1804,0.31745370818633123
1805,0.10200415665337696
1806,0.6444729817251977
1807,0.10861389341379483
1808,0.2077212750978467
1809,0.14975053822088194
1810,0.565673540343697
1811,0.7548587085162961
1812,0.5651149453035115
1813,0.3109423917359716
1814,0.019507567301839897
1815,0.01987633509614086
1816,0.5432933528603886
1817,0.2176301312098484
1818,0.0966495773354154
1819,0.12194564203502894
1820,0.21849790556427226
1821,0.311854651836996
1822,0.056955673967375574
1823,0.5571842515016209
1824,0.6496701706586792
1825,0.2771728904148047
1826,0.06377579602282922
1827,0.6192378396193048
1828,0.4157979128521084
1829,0.4980942700702937
1830,0.7936890896147571
1831,0.2013973569358346
1832,0.0013821311688593655
1833,0.3636760763149175
1834,0.37806400011806895
1835,0.683181388476104
1836,0.27242649055691764
1837,0.3699722703615619
1838,0.17924054499640407
1839,0.2903619060857776
1840,0.044095831638137406
1841,0.31020986658282
1842,0.08772691022525328
1843,0.06386858512890045
1844,0.008522811141976831
1845,0.018656362044901485
1846,0.054047015280348866
1847,0.07530470196648892
1848,0.1937158752432366
1849,0.18472845128946186
1850,0.11192500760948618
1851,0.5754816288417629
1852,0.06866113323673717
1853,0.17140306338542652
1854,0.02462675204303899
1855,0.02978448697948055
1856,0.16352829385998952
1857,0.21476893281155535
1858,0.05286286896140843
1859,0.3613013726977654
1860,0.17941640697189465
1861,0.3707263715201829
1862,0.13143271034246856
1863,0.08490388602865766
1864,0.14833113823003646
1865,0.11179213074542647
1866,0.4129425840053537
1867,0.0625843184671021
1868,0.1977038893204616
1869,0.04811068203857954
1870,0.019506424515928628
1871,0.49974497057664097
1872,0.03748058129484004
1873,0.020103534477005046
1874,0.18409582272518032
1875,0.17429930598241958
1876,0.5394724405307022
1877,0.19787170267146545
1878,0.7152544050280174
1879,0.6047315746941524
1880,0.6419409114720962
1881,0.2330405100082493
1882,0.1790370940593351
1883,0.3189156088486429
1884,0.6250779845760195
1885,0.0485267866536898
1886,0.08573577502853201
1887,0.0679835751078007
1888,0.12425327783067648
1889,0.5110858097497832
1890,0.8602552096748897
1891,0.0928021532012286
1892,0.02185448470351833
1893,0.09200957061753584
1894,0.6032174840764615
1895,0.4279653248525789
1896,0.5065602724312407
1897,0.4250103863267821
1898,0.2811069977541976
1899,0.39508545285361707
1900,0.3111363430753769
1901,0.06926024571497444
1902,0.0613562059357856
1903,0.12550254362435198
1904,0.13929876656310786
1905,0.3724633282125399
1906,0.31253365453091153
1907,0.7126451324241039
1908,0.11109555826006036
1909,0.19073046797125756
1910,0.10061115930247996
1911,0.5988066165539332
1912,0.42151024718682656
1913,0.24575730232722426
1914,0.5442246714105017
1915,0.3989509953144878
1916,0.22233352581549984
1917,0.08282033667033524
1918,0.7359366770001226
1919,0.05300136750235997
1920,0.08213968434186394
1921,0.4962589870092934
1922,0.388660866794779
1923,0.02873726919044548
1924,0.08388420697450491
1925,0.14263526006104127
1926,0.04031451452197516
1927,0.3761967305705789
1928,0.08891369336331684
1929,0.06339966500876484
1930,0.23399359785142265
1931,0.04495686186071434
1932,0.3640877302385924
1933,0.20578116074074904
1934,0.060300371937892026
1935,0.3913439113907518
1936,0.2885772410732087
1937,0.6210664336764721
1938,0.11126483541552253
1939,0.4457360824078008
1940,0.5697053778722356
1941,0.030819770304841218
1942,0.23507624403100255
1943,0.34857573843754697
1944,0.2015012755201899
1945,0.0575230642054631
1946,0.2642511641565208
1947,0.7865893048919358
1948,0.03373121159769826
1949,0.12308338091942668
1950,0.014686775776621988
1951,0.03073284492398183
1952,0.4001557947146016
1953,0.2689216123920008
1954,0.4964460399659004
1955,0.26420327188128084
1956,0.28320118802336874
1957,0.05780188314124804
1958,0.07615673224511044
1959,0.264862081474912
1960,0.3738144282792058
1961,0.11129413322181883
1962,0.20994118238337212
1963,0.3008326683378154
1964,0.011542462455499915
1965,0.30892197213450184
1966,0.17928815321801306
1967,0.10789022748258603
1968,0.43912832261120266
1969,0.2886017505669488
1970,0.3342933808388222
1971,0.6411522391911129
1972,0.10306205817362192
1973,0.6299817707240559
1974,0.016306290284235157
1975,0.0777755819012364
1976,0.4806548909147774
1977,0.14165680609636794
1978,0.01672050219794629
1979,0.1271419179863843
1980,0.4323662204012199
1981,0.13468487556716535
1982,0.11189292264211888
1983,0.6653767750160791
1984,0.08229677144493318
1985,0.012542000639668122
1986,0.8101452901109912
1987,0.3652061930393492
1988,0.02381694475606426
1989,0.12488738558437758
1990,0.04451906343921265
1991,0.16388818782503986
1992,0.8968822967001107
1993,0.04210387009664192
1994,0.0433004358119654
1995,0.20626922206480408
1996,0.2246594273360995
1997,0.4225830586123764
1998,0.2629214190320922
1999,0.02311254953022984
