,value_per_image
0,0.25010421480474665
1,0.40243377293406574
2,0.33570669850831003
3,0.3404726100816053
4,0.4334492691408273
5,0.3919874926632605
6,0.3530075200901073
7,0.32483423751890445
8,0.2336874189340959
9,0.4826212028556754
10,0.4721026719644234
11,0.23384781330869556
12,0.3030075280170952
13,0.20531266239139373
14,0.28682374747352524
15,0.3230805687529674
16,0.23923417931650776
17,0.20527026828375355
18,0.3195405337916179
19,0.3703692118629794
20,0.3121359889978899
21,0.3004533193700186
22,0.33842371245974723
23,0.4932501382524586
24,0.2417898293844748
25,0.24419980085182044
26,0.38176888579413465
27,0.19178326386042369
28,0.2383337591199688
29,0.4356153098233908
30,0.35611263110726143
31,0.1916544432533641
32,0.3236484919419521
33,0.319203972321005
34,0.2571959730204587
35,0.2733811072529089
36,0.2852460725268663
37,0.3304275690255572
38,0.1409846324510465
39,0.39796058626802006
40,0.3173750808558237
41,0.3660174698276276
42,0.5478759045541685
43,0.3215880423172985
44,0.3961499151008943
45,0.27756319467040913
46,0.2654636873308355
47,0.257564977128598
48,0.3391482895502055
49,0.2884613105506428
50,0.2415083448960351
51,0.21178549501724436
52,0.2691555940916635
53,0.2742037056267119
54,0.4113962225693412
55,0.29064647369787416
56,0.3168994753829121
57,0.3690962452499775
58,0.3284905749545055
59,0.3660824611253206
60,0.25986333005825263
61,0.24159186851997325
62,0.32959676915920433
63,0.25834092450293544
64,0.3261242498060195
65,0.25218254248526417
66,0.3266250722118872
67,0.2820620261310288
68,0.3181564230540519
69,0.26643353433519296
70,0.2939990939770007
71,0.3208211629914266
72,0.36254960323903945
73,0.4496913955868864
74,0.24017332165774705
75,0.2786677701259703
76,0.22053309653298
77,0.20709884060512204
78,0.3800814247505329
79,0.3440162336695473
80,0.457165014496862
81,0.3314932861810776
82,0.31071177485135065
83,0.4238978190954924
84,0.42212225280254057
85,0.3349563805907623
86,0.2762842064450511
87,0.2565406775599689
88,0.21243385931859127
89,0.3380168615110853
90,0.2901354442710913
91,0.29352620631970244
92,0.3290769144491908
93,0.29354252142444515
94,0.26067691566225754
95,0.23345498773659615
96,0.3556651733542691
97,0.15712202350177334
98,0.24984719097299102
99,0.3146506299729322
100,0.21452777926364075
101,0.18816807514693598
102,0.2553601081247399
103,0.3956692914940979
104,0.361677173591979
105,0.3839641062765508
106,0.3357735765253681
107,0.33683084407219704
108,0.2558052092161245
109,0.1589818909446756
110,0.17395314445750054
111,0.40166493448563895
112,0.3784323287434063
113,0.35799942834946674
114,0.2888253918302552
115,0.2733788957976998
116,0.21261041736198774
117,0.3551601309173307
118,0.2670136467607803
119,0.3265570371875615
120,0.2779740691152888
121,0.463501752082225
122,0.3335922264435627
123,0.21087050418728392
124,0.4361485927840684
125,0.4098196704777716
126,0.3318619077121939
127,0.3716167791453892
128,0.3219113920450532
129,0.4482838134996885
130,0.3046395104432882
131,0.3521550674315497
132,0.3593303753301886
133,0.2752901115453488
134,0.21129591545260354
135,0.40844535414446503
136,0.3355076358798428
137,0.3318541283334888
138,0.2654177821542005
139,0.3655358682868571
140,0.4602549347064986
141,0.38014396437464737
142,0.442715136786363
143,0.3163389659501805
144,0.4382462962290627
145,0.26202109624730635
146,0.30175417861362297
147,0.3206907820785002
148,0.2477675562218961
149,0.3473166858397952
150,0.2426786491429961
151,0.3897698314673038
152,0.3204340572594387
153,0.2549271054930291
154,0.22426201576614807
155,0.3201248209665133
156,0.4140848622682946
157,0.22570954113905695
158,0.4537544307177486
159,0.4698532418744194
160,0.5327714540389162
161,0.4173721987815573
162,0.1965938631336908
163,0.2764760060129504
164,0.2055625050096032
165,0.3304643814463923
166,0.4686883819224576
167,0.2490339224219976
168,0.2294033101430236
169,0.2422218052751277
170,0.16431185102276707
171,0.21852951758481606
172,0.5021036016108006
173,0.4041533929086995
174,0.2645435148243229
175,0.19203206418159807
176,0.2960763176465905
177,0.22236515782661875
178,0.4379220328540739
179,0.24208551690925306
180,0.3183423183452997
181,0.3625361518625768
182,0.3600023916590219
183,0.24298780721891305
184,0.3985884574983837
185,0.4008470038838582
186,0.2009446856774149
187,0.2706437320507247
188,0.4544163392294912
189,0.3379150776650613
190,0.2873993402946801
191,0.26889850652011194
192,0.3683050209088408
193,0.30457380492477343
194,0.4074425922385794
195,0.28577001866244245
196,0.3882914773142441
197,0.4662215359879647
198,0.2517799010761684
199,0.3322091049553784
200,0.3056058038948669
201,0.20524204150944836
202,0.32142559701271234
203,0.2959687731233895
204,0.31865736769631264
205,0.3847712290233643
206,0.327095411674385
207,0.3568037644116236
208,0.30239076263281484
209,0.5159989481135216
210,0.233040894036669
211,0.4318951879469743
212,0.3740694415761241
213,0.5405947931190859
214,0.3902230169939285
215,0.4255052819365157
216,0.3356971099241805
217,0.4717462095670866
218,0.334949976735242
219,0.3395286012944841
220,0.3451844041438641
221,0.3026501257402427
222,0.34941296317322845
223,0.3385613608732683
224,0.2824317114371189
225,0.5139647843241103
226,0.4046695712201237
227,0.3238702923200993
228,0.3545144225273508
229,0.3847888264725412
230,0.28942260463565794
231,0.2322817550782783
232,0.22430686950608766
233,0.3017956689092551
234,0.18159349194317265
235,0.40215372896784507
236,0.2719937542283847
237,0.39570529266150417
238,0.34769154307812294
239,0.19336378727058628
240,0.3617637914486771
241,0.22307541679507856
242,0.2795444697356075
243,0.17051259875237362
244,0.2239503495453646
245,0.21404870685184896
246,0.2257457675804285
247,0.33648687596776666
248,0.4604176578542555
249,0.2892321965319182
250,0.20473005452840934
251,0.4777090818074789
252,0.4101556693847173
253,0.20902750724001798
254,0.34780479169978823
255,0.44163189497223176
256,0.30033809218100826
257,0.2367108545652613
258,0.4098118833803071
259,0.35277250226110984
260,0.228213333262132
261,0.3894472567296087
262,0.28674226980827755
263,0.2541160373507466
264,0.3180069449595459
265,0.329832560459152
266,0.19364455511572864
267,0.3406384939409132
268,0.366667931106306
269,0.2708455063059257
270,0.2702362408394428
271,0.3474325726251469
272,0.30884154969462285
273,0.3222613762480916
274,0.2609716816634628
275,0.21620696751487128
276,0.3248297903472766
277,0.1433536875496085
278,0.312744103601086
279,0.1564281932628146
280,0.4534451579696944
281,0.28028574109937304
282,0.36607594303626334
283,0.4665368922646563
284,0.3509792117761157
285,0.36276025777986975
286,0.4201484635535772
287,0.3262874828960292
288,0.27755666057992895
289,0.2416690200958902
290,0.2641744294320423
291,0.3831154363885416
292,0.267643252941676
293,0.2752490296364583
294,0.3322456543547868
295,0.2370926947031789
296,0.293815692583246
297,0.27975785247974144
298,0.43850781298149577
299,0.4075876742576897
300,0.31200321079686305
301,0.2757596354362137
302,0.24491833564210316
303,0.27515312650115675
304,0.41043524866323017
305,0.28949310345253576
306,0.4012697630246824
307,0.2544083852815989
308,0.31198587583715826
309,0.31325018858840137
310,0.19518005618311696
311,0.2110620261424019
312,0.2941410896658505
313,0.2294896394750543
314,0.32717986189456905
315,0.3161080910554875
316,0.4009019169992521
317,0.25604695333143795
318,0.2499520958615151
319,0.23500112888049196
320,0.492051658588964
321,0.3553780150995224
322,0.3345968056035501
323,0.4497001683189155
324,0.2438555799740436
325,0.38302939643391576
326,0.3399796321993919
327,0.24996777198342635
328,0.3483666015964713
329,0.2617661288928437
330,0.2543979052373596
331,0.3646497129529635
332,0.424140211799486
333,0.2970242243047038
334,0.2754910476814486
335,0.4739197071134035
336,0.19602639750317066
337,0.4316284673949339
338,0.4241502102697461
339,0.4901773462949687
340,0.3008499351435681
341,0.451504675034901
342,0.2730505075906734
343,0.1983665829177987
344,0.3427894861040229
345,0.496154553037853
346,0.31862210201798424
347,0.299283763081002
348,0.2442336109437946
349,0.3226636094589268
350,0.2593244688982536
351,0.1732799692244163
352,0.21789087670240814
353,0.4347314884116444
354,0.18669724746895333
355,0.3703175659357453
356,0.3823046047970457
357,0.41250667789420997
358,0.4053798024999469
359,0.2209873139310375
360,0.3705535060607357
361,0.4293703827467105
362,0.2508888159016125
363,0.23342214629283956
364,0.3087320941322857
365,0.22563500664848196
366,0.23384904143669105
367,0.25748213004900244
368,0.2461656600146099
369,0.33357963790426143
370,0.2664479988166173
371,0.34670268856734404
372,0.2380136153840148
373,0.25232361833693473
374,0.17483554754723676
375,0.3894620269202756
376,0.20695676509792751
377,0.3224293813539421
378,0.4178480236976248
379,0.4320410247368349
380,0.3112361494802377
381,0.242072212830836
382,0.203627558546757
383,0.23203960600075815
384,0.24448214314764355
385,0.3323006362092625
386,0.17055911491672024
387,0.3378696399389797
388,0.3235916371145097
389,0.2873479429112446
390,0.3547758847023266
391,0.23868058913724266
392,0.29823089986037604
393,0.31186227170626124
394,0.28225801947142704
395,0.4589597403875094
396,0.4104504703662031
397,0.4891700838427023
398,0.2689568561916215
399,0.3882124897392651
400,0.3712377021398245
401,0.15491562042940613
402,0.22844783092025456
403,0.40336461597406137
404,0.36753162573306186
405,0.39883641788565016
406,0.3917743538634276
407,0.195341365056698
408,0.4365015458594804
409,0.2668686083587186
410,0.3554762995734683
411,0.34548419186961504
412,0.4288649078572399
413,0.3063416691009241
414,0.2441721089348731
415,0.2297771883583355
416,0.24758633964523305
417,0.3000163894869167
418,0.25442215548699426
419,0.3513153591086114
420,0.4119426416328234
421,0.4361995560076857
422,0.2565915023856392
423,0.442038714711552
424,0.26473865742093977
425,0.27970031704944576
426,0.3041286916707282
427,0.3331957452647353
428,0.2874295440287919
429,0.2803966690416044
430,0.3431740894710912
431,0.23685743252582145
432,0.4389850386383129
433,0.21265422197648767
434,0.2497829244692571
435,0.4914028972338407
436,0.4253737927925907
437,0.3357150092371285
438,0.4183212264078131
439,0.3300758304894223
440,0.3214334307689487
441,0.2319173728266791
442,0.2185678157092585
443,0.3544436523385637
444,0.2538639564134922
445,0.3012002402944387
446,0.3241653751395417
447,0.2470389144251268
448,0.5331933168255226
449,0.2985118704390018
450,0.3567843857212087
451,0.12599628155599896
452,0.4696405973000409
453,0.468221739440215
454,0.3755715008003397
455,0.20445994043640445
456,0.17173033106236438
457,0.37712228801313946
458,0.4093890926542987
459,0.46802003960971
460,0.25252463078513515
461,0.27426137408871226
462,0.2135698731960523
463,0.3708078840437831
464,0.2271192144050343
465,0.488389279449247
466,0.3296733521704248
467,0.3843280556199213
468,0.36542882171332575
469,0.25343262772842634
470,0.291510440787938
471,0.4316443707598541
472,0.3193898998678431
473,0.2380482990962391
474,0.3350721225721899
475,0.3380163197405465
476,0.2610012615215729
477,0.4160025803301936
478,0.19869117730211505
479,0.2758045162176032
480,0.33380046033646565
481,0.2868496946346213
482,0.2628300076413118
483,0.3657931244300102
484,0.2556230465933171
485,0.3322249297099063
486,0.21172234354782696
487,0.2277892338855039
488,0.26104990446755466
489,0.2332554986285397
490,0.3211155506247073
491,0.3992339456086706
492,0.25379960893963444
493,0.21843922680515893
494,0.2909386977940891
495,0.23760763928933906
496,0.3505609442145341
497,0.2835198826695172
498,0.1840724331166432
499,0.4141227015369853
500,0.27186112517071515
501,0.2740036973332584
502,0.28335320581357704
503,0.1794699854878039
504,0.22257101971644228
505,0.30208384423344203
506,0.30690303036865224
507,0.5237000863566543
508,0.3383814836886395
509,0.2939104047339369
510,0.37858588484559663
511,0.2285853554398295
512,0.18863914274054386
513,0.22157322783141206
514,0.25273899664699345
515,0.3261678723771447
516,0.3231868752018932
517,0.3292566477696048
518,0.3024754433255478
519,0.2553038301229233
520,0.3636914912046781
521,0.26921623422338026
522,0.28956264686186245
523,0.21422977655697076
524,0.2262504046778305
525,0.2824629788674329
526,0.29216725110914643
527,0.3876336558228923
528,0.4439871912859301
529,0.3493977385449
530,0.2676615665240813
531,0.3207887138954795
532,0.2799223814773298
533,0.36326274973423933
534,0.3753559145914148
535,0.2015159011344757
536,0.4712871848054948
537,0.3149074669920449
538,0.22061010721535754
539,0.28866401805067754
540,0.18978194308554092
541,0.3569797861052084
542,0.35533121032495224
543,0.2339246704957816
544,0.3338165421438647
545,0.31720471009657736
546,0.21634083861252154
547,0.2604560898901037
548,0.5248941270816564
549,0.2450005191980789
550,0.19014983073282768
551,0.15589926204448987
552,0.2588399373395799
553,0.2478846594000744
554,0.43686352682975627
555,0.24533855264692636
556,0.3636465804489327
557,0.25691058266315897
558,0.2463354595837302
559,0.19335528440975575
560,0.2221661029938232
561,0.3132304191413218
562,0.18004985071934287
563,0.4302068675711965
564,0.35743345321157743
565,0.3875755726937255
566,0.39792290615207015
567,0.21281931086682565
568,0.2474010798571213
569,0.19775125923263104
570,0.4292382091038828
571,0.2521313443797838
572,0.29229766779125416
573,0.20178113004043272
574,0.4065837074506967
575,0.4355193292614852
576,0.2752743851519437
577,0.31188846081367017
578,0.3750264653281979
579,0.3456694811212069
580,0.2396223269485324
581,0.42128256085523796
582,0.4097775334960777
583,0.3169559777929027
584,0.3983482620365439
585,0.24068021782292184
586,0.3024568433238811
587,0.2950641025366585
588,0.3126189437237888
589,0.601564307091141
590,0.21530482722523486
591,0.29423752594973496
592,0.2915198405321853
593,0.2271390838166793
594,0.37846220002248016
595,0.4136461670853076
596,0.3717421839783873
597,0.3810167928808077
598,0.24158769560799775
599,0.2698769936598317
600,0.3885297435673291
601,0.2728085156881976
602,0.20731244056526585
603,0.2628793407457861
604,0.20591755293301495
605,0.2303407435563545
606,0.3169285407019407
607,0.3633109311851492
608,0.5498950858973832
609,0.39019563409978414
610,0.2597973472530379
611,0.40739266169726857
612,0.2813569062328758
613,0.3335674788273543
614,0.427800042992627
615,0.2628754545167632
616,0.3136614954876609
617,0.3598119800290065
618,0.2659943833511438
619,0.239070882651285
620,0.2576095444271513
621,0.21537694556512804
622,0.2379951397085337
623,0.3118225635962546
624,0.2048462819786606
625,0.427418743601482
626,0.22591713080609874
627,0.4747532967388628
628,0.3618637876465567
629,0.3317280382285433
630,0.2959858555874326
631,0.3636714604983791
632,0.3928540953295462
633,0.3787529291386731
634,0.3799437442000295
635,0.1851438776962188
636,0.3598979109928583
637,0.24564894790542666
638,0.1805559262107539
639,0.3128407701529609
640,0.33523283393947073
641,0.27796431995238474
642,0.30269026597955856
643,0.28915193609548323
644,0.2535565336967877
645,0.3399492810515203
646,0.2391317289227281
647,0.333910574485097
648,0.3724007668945936
649,0.434734215368326
650,0.25085675030478843
651,0.2675919309822147
652,0.3692538136828209
653,0.347033437651553
654,0.23500524812164394
655,0.2422540883154253
656,0.3208001054913325
657,0.27213149631248434
658,0.33412305430140593
659,0.19303860261581327
660,0.4503968056835082
661,0.2707158400473322
662,0.2582550115618891
663,0.3707731503035372
664,0.22187536940887506
665,0.1643298277689212
666,0.2717932143292812
667,0.3336080553407443
668,0.3961231484343611
669,0.3708040971374802
670,0.22628613859030106
671,0.22924871916284745
672,0.24545051062970397
673,0.2791011062580485
674,0.4261915155037248
675,0.4245168799798761
676,0.3873880848360452
677,0.3025077522165848
678,0.2880658077521473
679,0.3782013007864407
680,0.3063151329186877
681,0.3112320283553261
682,0.3408671239190916
683,0.3337878630588933
684,0.22166574526735866
685,0.37396774332613575
686,0.2511406735887386
687,0.34685571909755003
688,0.27688477063142825
689,0.2483900079902681
690,0.2825779373188705
691,0.34579402181282426
692,0.286344415892273
693,0.2328357545456885
694,0.3544543862226985
695,0.21419480249911355
696,0.27650633410881464
697,0.3657610932884337
698,0.4618087782375601
699,0.3020297589045622
700,0.2698756819441611
701,0.20706846153616965
702,0.3613749424701174
703,0.32072414369567875
704,0.3820575574083626
705,0.3682891593860221
706,0.3658450967264515
707,0.2582803984818033
708,0.2396473528313318
709,0.3924225194826622
710,0.2899995652579473
711,0.21718400802614574
712,0.20729201194661606
713,0.2899854351523168
714,0.2983022147490064
715,0.40773446417438797
716,0.4695654241453744
717,0.3254324287793773
718,0.2186460164339584
719,0.17884130282694036
720,0.542658887680768
721,0.2668556061353363
722,0.2918904744423316
723,0.27096343950389506
724,0.16249125924301586
725,0.4166173792586109
726,0.4246585414607373
727,0.4829629611219071
728,0.481852035263207
729,0.4649091278417931
730,0.4255462020643466
731,0.2492487900105066
732,0.28689884937241417
733,0.28583010368203554
734,0.4268612839190965
735,0.4857079453989516
736,0.2108428914889362
737,0.3322010412811569
738,0.3620514728026495
739,0.2499380186163873
740,0.2740945484724329
741,0.3204098381751329
742,0.2489788333202736
743,0.2270592956852093
744,0.4275310083187784
745,0.290734991378275
746,0.31673661962712824
747,0.3047951856273597
748,0.5183422920792831
749,0.2071832959993648
750,0.2924804318703453
751,0.26029443353012865
752,0.2154903947340464
753,0.2624715768680149
754,0.2675417261946202
755,0.3897626657871551
756,0.4218409162448491
757,0.35885219674387536
758,0.2802915730624924
759,0.2374094211692971
760,0.40118336088612777
761,0.3012479374995119
762,0.4615576204406944
763,0.32398246092770033
764,0.3650125452002509
765,0.259287517637584
766,0.4018306262407149
767,0.19736056331956034
768,0.20310173729150988
769,0.2297228291900985
770,0.5034469253143082
771,0.34644718137781505
772,0.3178031206439446
773,0.35638429827371143
774,0.2857108780651291
775,0.2745795863127449
776,0.28078988232613666
777,0.3346291772319564
778,0.3487746578821587
779,0.1906631436154438
780,0.4320436373297325
781,0.25950778879210623
782,0.4347953194655732
783,0.2460747398522811
784,0.3220068801334329
785,0.3653687559711382
786,0.20886837379141165
787,0.28084734153550456
788,0.2174772620880834
789,0.5688792004857876
790,0.3602984119362142
791,0.2917036683887877
792,0.3820222279894364
793,0.35639970858641284
794,0.3200913727953198
795,0.3530845767993889
796,0.2398875859135455
797,0.2500226811812386
798,0.38422429004320624
799,0.1473884641018359
800,0.2499808975278192
801,0.4205868332198449
802,0.3459090467079198
803,0.209598841606472
804,0.412397785875637
805,0.17509626797205444
806,0.3155993467548863
807,0.23234785785268106
808,0.4153278104111408
809,0.4468219339886976
810,0.2835832614531423
811,0.3824948805949325
812,0.3066904164295427
813,0.28666161227899595
814,0.4415535039910032
815,0.4431745745061028
816,0.28725705578527666
817,0.3720439341103423
818,0.34847988698519977
819,0.3492142777481436
820,0.3926250568705727
821,0.2696143511722681
822,0.3315176763092502
823,0.29864202526310657
824,0.4290704715944581
825,0.3287037698789005
826,0.3511072849543977
827,0.21461427535930486
828,0.4551754385398312
829,0.3045124168592209
830,0.16407718752781228
831,0.2811941926724509
832,0.2411168683268201
833,0.3632926289365625
834,0.2194125855105456
835,0.22652627364036146
836,0.3758884260801991
837,0.4027309587581161
838,0.3007308384546323
839,0.2382692461127376
840,0.3585357520502221
841,0.4193336137623729
842,0.27446684787222003
843,0.3287767798479319
844,0.25479779012419884
845,0.4337767098165423
846,0.20718387061054752
847,0.4673626609597767
848,0.23978775115675
849,0.2523528514949605
850,0.35961856387144786
851,0.22086916543751994
852,0.17659321691496332
853,0.4201357396648163
854,0.2912748070641228
855,0.4502895771337701
856,0.3595407384750787
857,0.28050387608469485
858,0.39085418642138986
859,0.2865848502603962
860,0.20581500450680176
861,0.3615849673890639
862,0.2647113413107138
863,0.19941696933716174
864,0.2378392851334472
865,0.4853964785209722
866,0.4005304107893775
867,0.2833392116871968
868,0.4340420708077132
869,0.4716875453839624
870,0.20489059036019253
871,0.31743537341388284
872,0.25286846294513765
873,0.2625828012262555
874,0.16240972289099062
875,0.3231236113473065
876,0.3341328308863398
877,0.34149434115134786
878,0.23004385596211724
879,0.21869801717841375
880,0.18382122608235807
881,0.471584221796597
882,0.3832869262679903
883,0.4155146661222204
884,0.4037904705729615
885,0.3197927016000256
886,0.2832998023801056
887,0.2537932790639683
888,0.3838786783841953
889,0.26333956053807944
890,0.25408437951273033
891,0.40513629417774
892,0.2249835928117428
893,0.2849683690728507
894,0.2137807091770432
895,0.4304233633786637
896,0.2777764104994338
897,0.1812173984150734
898,0.26534595641672043
899,0.4521860719004043
900,0.4090635492950569
901,0.4298877872789152
902,0.3776810939771102
903,0.44594055095749663
904,0.2162061650500044
905,0.283681845148788
906,0.3396506773210537
907,0.4221997288129286
908,0.34261620212952665
909,0.36937197225330254
910,0.21416832366090274
911,0.27449293738265584
912,0.2772794446574379
913,0.3279745879735614
914,0.31854866616941924
915,0.3310260454455093
916,0.4672770889838079
917,0.3741006455214387
918,0.23415677205551005
919,0.25396618745244465
920,0.41412323353906255
921,0.2773206151782722
922,0.4569592226225883
923,0.3403144674651573
924,0.4459364341221967
925,0.3524327374133951
926,0.4557731471478184
927,0.3084044227300711
928,0.3376164749251099
929,0.3140752135584253
930,0.37459327445994217
931,0.3025857952359117
932,0.3719004064598461
933,0.348422709173761
934,0.2950057548952857
935,0.3511895854327241
936,0.2604147611521161
937,0.3262044661375013
938,0.2635719823049129
939,0.2513493826397704
940,0.2499778815628457
941,0.21530102040634655
942,0.1777059024146964
943,0.34873629072154433
944,0.2747654906908734
945,0.3220003202276171
946,0.5295977716657212
947,0.5339031695114911
948,0.2922993622776177
949,0.3713198849839878
950,0.2811306042788275
951,0.4007580840386256
952,0.21323379443122595
953,0.3562842416262083
954,0.3532308250858931
955,0.21110580856286834
956,0.3677596520382968
957,0.3351319961353723
958,0.4800260186307729
959,0.27815766403780223
960,0.2458797491966116
961,0.3345296600568198
962,0.261362091320168
963,0.2849777064660449
964,0.4050118073484542
965,0.18499934954498504
966,0.3495731023696131
967,0.2863585781447812
968,0.3363120593296617
969,0.3289694701998181
970,0.4198077777761897
971,0.2537489154582176
972,0.3692577838344638
973,0.3491006597943469
974,0.2882892726795338
975,0.2507110401770951
976,0.2909673642514857
977,0.28144449568589114
978,0.2081893463504796
979,0.3411406168402297
980,0.30822244750868066
981,0.3558987579032746
982,0.19056822006704674
983,0.3763130143959783
984,0.4337248741333992
985,0.22229655704301973
986,0.3595812325394214
987,0.19381881388616296
988,0.3217531923661016
989,0.3909158584249025
990,0.29916591709835105
991,0.3437517882255644
992,0.2155296628003325
993,0.3365439893155492
994,0.4386926136615735
995,0.38094296495352303
996,0.3573699647917214
997,0.43693008488977053
998,0.34112497479670284
999,0.414715668392758
1000,0.37867378367348103
1001,0.26433593650903103
1002,0.3182091391201718
1003,0.2562660632007057
1004,0.19000980062333964
1005,0.2426756307412314
1006,0.24435166875780526
1007,0.37195973201387145
1008,0.3665526626904009
1009,0.38304946690914987
1010,0.3980725875383757
1011,0.33437302350661263
1012,0.2838032000820498
1013,0.1796519602030489
1014,0.28761368681049365
1015,0.4658980873426715
1016,0.23969799519259635
1017,0.36085721600915055
1018,0.3547101328791717
1019,0.3634767174456853
1020,0.3919742091281431
1021,0.24999775438411406
1022,0.3558106551998159
1023,0.3051854758740377
1024,0.25437201640631
1025,0.32912151909085924
1026,0.3816746758884919
1027,0.21345258113564688
1028,0.3297391742457069
1029,0.3358491181090528
1030,0.3586407341961265
1031,0.23920096690877496
1032,0.4364191433686436
1033,0.34069830202608986
1034,0.3690293389264733
1035,0.34434036002951274
1036,0.3449321914794921
1037,0.5054016385846799
1038,0.26102514191553355
1039,0.33398248844357736
1040,0.3131061761384559
1041,0.3293867607848735
1042,0.3722221920492109
1043,0.32356460462337017
1044,0.3409386834019972
1045,0.3868347943355094
1046,0.26913650680852275
1047,0.3642985000441344
1048,0.3242978225375071
1049,0.2862004948482573
1050,0.3613161269664967
1051,0.3870212182890397
1052,0.2703460919289819
1053,0.34865611491255544
1054,0.3498510480417705
1055,0.2282370631469776
1056,0.2874194394090636
1057,0.2701573054027657
1058,0.22969759876917226
1059,0.41530978081549735
1060,0.35340586461236245
1061,0.4460431613626621
1062,0.2285121826221108
1063,0.29122903241883863
1064,0.2780714346020421
1065,0.29874661020892906
1066,0.38697885836896
1067,0.21824861305700796
1068,0.3440205313837125
1069,0.2536926312565541
1070,0.2943678800684714
1071,0.2135110971128089
1072,0.2684105085628065
1073,0.33302285458780245
1074,0.22783901751942445
1075,0.3547303025137692
1076,0.3923554416244945
1077,0.21553517112984694
1078,0.45469144119809396
1079,0.2823072612437316
1080,0.2400268583124773
1081,0.25937922045648176
1082,0.4182646563090456
1083,0.3303075859863459
1084,0.2905548064397737
1085,0.35875086461267913
1086,0.3447033147344105
1087,0.3740755247262959
1088,0.3589824965401613
1089,0.2412449177709976
1090,0.1925345605059797
1091,0.36135718446137777
1092,0.2543763670758104
1093,0.354182508284724
1094,0.2683180607009287
1095,0.27489729447464306
1096,0.23573192139222784
1097,0.2917748453993081
1098,0.19550495136784551
1099,0.18885374798412444
1100,0.2479911071240293
1101,0.296518941233017
1102,0.3030253172870673
1103,0.48183298157090904
1104,0.30265947175428465
1105,0.35587316123591295
1106,0.3858874839186408
1107,0.3519633388925589
1108,0.4428780880174517
1109,0.4652398392710851
1110,0.21228781699836927
1111,0.2112342581004897
1112,0.22386342306310772
1113,0.17476990614608412
1114,0.4707244071061384
1115,0.2938160126141597
1116,0.2487441098507337
1117,0.3295455593365602
1118,0.26285272954945643
1119,0.35011241941547344
1120,0.32094935517184203
1121,0.14870974758244454
1122,0.4039968876978473
1123,0.25311978556553066
1124,0.4124621660495503
1125,0.4175094268539369
1126,0.20331194533012065
1127,0.4394927507966669
1128,0.42565827243057053
1129,0.3759154857138988
1130,0.4072892403405873
1131,0.3037717417692253
1132,0.33414572034203005
1133,0.4075674198517297
1134,0.3562772200460222
1135,0.4965991666274509
1136,0.1881325912945481
1137,0.2644680832319172
1138,0.2439841584158339
1139,0.3070492734775324
1140,0.2512317995392967
1141,0.37639421203680895
1142,0.268992034136072
1143,0.2438531133307843
1144,0.3366409870075919
1145,0.3364724242240043
1146,0.3168180028720058
1147,0.19177984562349126
1148,0.3859505675606373
1149,0.20446411881593846
1150,0.34125975669303993
1151,0.46127219712559
1152,0.4395224083874712
1153,0.24621465433373366
1154,0.431934397662926
1155,0.2885012650406802
1156,0.4388854486794643
1157,0.2482641130902107
1158,0.1723487444090176
1159,0.2410662911451383
1160,0.2946539808323241
1161,0.30394023796952424
1162,0.2198439070451924
1163,0.2948097155150285
1164,0.2690617088981324
1165,0.377980047043401
1166,0.14003944087514247
1167,0.2185049394918491
1168,0.3826929987052709
1169,0.214997005132662
1170,0.4105575327519065
1171,0.33785795836432425
1172,0.4741298400746631
1173,0.2473188229700631
1174,0.20893335478129696
1175,0.4455753767418729
1176,0.2595717051823781
1177,0.3889851149098852
1178,0.20019376774274186
1179,0.23962658372102924
1180,0.31548015104899463
1181,0.4130551486986559
1182,0.4146061290652135
1183,0.44797949804702897
1184,0.2558917187831639
1185,0.2189759824998119
1186,0.3335827788422181
1187,0.3701223355208538
1188,0.2078969685950088
1189,0.2926264476402815
1190,0.25568653804448205
1191,0.3705425969514878
1192,0.19838910954501665
1193,0.2957172269377732
1194,0.2472235766562931
1195,0.3547917180863194
1196,0.4069632581912753
1197,0.25296024485470303
1198,0.20089454393450248
1199,0.5062166298227618
1200,0.2294846187188771
1201,0.4218484589407575
1202,0.2250738913719408
1203,0.3655458000943922
1204,0.2178177123613702
1205,0.2918231473684333
1206,0.39899719990696586
1207,0.3304612330751345
1208,0.34356857780410005
1209,0.21927484719891555
1210,0.2335127846260094
1211,0.30827812555690803
1212,0.2475428599729388
1213,0.3452941621164917
1214,0.24554074350271415
1215,0.22148227305300866
1216,0.2824658461518405
1217,0.2935047828472799
1218,0.4974995413464784
1219,0.35210107501315785
1220,0.30070190875778274
1221,0.2406557902645021
1222,0.4901375863363517
1223,0.3032460540644641
1224,0.2814507526084483
1225,0.2982524608619201
1226,0.4896696253279264
1227,0.19788024585839528
1228,0.4099250189933713
1229,0.28545487516459805
1230,0.2890507437854987
1231,0.1803878689796975
1232,0.3759580713738401
1233,0.5014948327247432
1234,0.3602780261051566
1235,0.4217653932086422
1236,0.3968519230914292
1237,0.4047450646926733
1238,0.26586026844846505
1239,0.3168789550876468
1240,0.4535421120738872
1241,0.354650668770424
1242,0.2998605646176136
1243,0.3671745684905873
1244,0.44609302836454706
1245,0.23710834652330315
1246,0.2025067830112437
1247,0.2212629460140406
1248,0.4580667975651746
1249,0.2785462076320529
1250,0.4319786620773678
1251,0.2251558201662543
1252,0.2457904064581233
1253,0.4274455498494722
1254,0.2709503853475517
1255,0.4865350121246396
1256,0.22480973773803212
1257,0.2109902219221354
1258,0.3243019658410977
1259,0.3417401980143348
1260,0.3925358648404447
1261,0.2517236104205282
1262,0.2968455110508709
1263,0.1694646846254564
1264,0.34842383835675284
1265,0.4891834453258791
1266,0.2629622634830541
1267,0.23771846209617256
1268,0.1416309109302085
1269,0.3497745732769782
1270,0.24516399335220446
1271,0.3811140336205032
1272,0.28726253305200944
1273,0.26924314618310863
1274,0.3998211660989329
1275,0.2287004122164853
1276,0.2706274782633117
1277,0.4662103140878462
1278,0.382441400093136
1279,0.2808292605644863
1280,0.2271114389837864
1281,0.3417481942281893
1282,0.3192782438226872
1283,0.2360236460377039
1284,0.2870600749886857
1285,0.1926645254831604
1286,0.2277263027195789
1287,0.2643853194836002
1288,0.3361491984585086
1289,0.35922878533245883
1290,0.3552768445522235
1291,0.3356421172410567
1292,0.2673028136570671
1293,0.20856683624445624
1294,0.209957615303774
1295,0.2496650622924213
1296,0.2214707530424056
1297,0.3591476780056971
1298,0.2790427900874278
1299,0.3604648195401024
1300,0.2527591853847926
1301,0.21674175379586014
1302,0.2927888225834214
1303,0.2710044892033699
1304,0.29121736939056225
1305,0.20123315502803304
1306,0.3650362101958069
1307,0.2552771816316041
1308,0.4648130630065749
1309,0.3574555422216549
1310,0.16295191695259578
1311,0.20807329676581565
1312,0.3253988812272725
1313,0.27173112660558146
1314,0.2838634590691625
1315,0.3136449261592842
1316,0.3685240459592286
1317,0.2705297938933535
1318,0.17295747505162626
1319,0.20452013902534227
1320,0.3957257389517048
1321,0.24242273787515134
1322,0.31573548930958945
1323,0.2500829301514963
1324,0.33783060436054113
1325,0.281425592241273
1326,0.26270452091692925
1327,0.2967683135168912
1328,0.31834143197507203
1329,0.2608043810376115
1330,0.3891445396770881
1331,0.198957942569603
1332,0.3683766094574957
1333,0.5097380501267899
1334,0.2647545603965807
1335,0.3055862525741784
1336,0.3540619695377172
1337,0.26046912041207143
1338,0.3841163565083507
1339,0.22336515329247275
1340,0.3382650780101586
1341,0.3203349151356346
1342,0.4265917598085003
1343,0.34067185216382034
1344,0.28312556634079056
1345,0.2698261617394053
1346,0.3182592856596226
1347,0.28364321952292043
1348,0.4024594455703075
1349,0.2482277161851107
1350,0.3428897200454526
1351,0.3643004656964531
1352,0.2376124641053544
1353,0.35908001775564274
1354,0.18382251796434995
1355,0.3729418879038989
1356,0.3498966913081783
1357,0.22076787068154485
1358,0.26009372851422075
1359,0.2341981966976407
1360,0.3957323504772101
1361,0.3461036259764353
1362,0.2736403381587249
1363,0.4453934132014298
1364,0.3896281906812782
1365,0.4076141569722395
1366,0.23054903280815306
1367,0.201534975552854
1368,0.25313485767070826
1369,0.2227817469864508
1370,0.496331478551725
1371,0.3837488917392944
1372,0.42350676441166696
1373,0.3369027920331666
1374,0.3755075057607594
1375,0.370594822065391
1376,0.3194033894011052
1377,0.4658374803715069
1378,0.3373103334058445
1379,0.3488177417178514
1380,0.4454308673614142
1381,0.4927410092319664
1382,0.3086351902306779
1383,0.248027058148418
1384,0.280523191302526
1385,0.4952176902268065
1386,0.4096186642436818
1387,0.2998243257497014
1388,0.2369227734642898
1389,0.25339142736989984
1390,0.3433169232897929
1391,0.19574954624968785
1392,0.3863105076626099
1393,0.3169763396239929
1394,0.27661647618963203
1395,0.26552453846748786
1396,0.4698442389163792
1397,0.2160102096329288
1398,0.463592015466642
1399,0.411847749292272
1400,0.20280022903773795
1401,0.3381489761966377
1402,0.34496296041869395
1403,0.52904975169194
1404,0.2614847998041671
1405,0.24928151067457094
1406,0.2577459485818188
1407,0.29264744908777834
1408,0.32482876423108725
1409,0.17596239842727826
1410,0.32203667538347197
1411,0.29346678939864057
1412,0.3061958545374886
1413,0.3085750119308441
1414,0.4104550849316069
1415,0.28572192919168576
1416,0.3946904950551914
1417,0.2435374532686068
1418,0.2441887885902226
1419,0.3361892308108261
1420,0.2517876588533293
1421,0.39065164711730893
1422,0.2688483579530335
1423,0.38506203725146654
1424,0.3375614219606328
1425,0.3447470799602085
1426,0.26991409114143045
1427,0.1782126495886661
1428,0.4255762109778967
1429,0.4996382737886734
1430,0.3734595181663653
1431,0.24976241904528385
1432,0.24476052945799684
1433,0.2546745656660298
1434,0.28322006211401224
1435,0.3238370884532724
1436,0.4910380839212257
1437,0.42294531664300894
1438,0.3726757974838485
1439,0.2711374872467901
1440,0.21373803251652196
1441,0.19148070948183465
1442,0.2956956952749853
1443,0.17766991872315166
1444,0.3131995610281014
1445,0.3971034307987569
1446,0.24037068767849384
1447,0.2603609987259458
1448,0.3496067839663011
1449,0.2591931774017754
1450,0.4456875742705346
1451,0.4698823048225835
1452,0.3700757692825226
1453,0.4069796394120114
1454,0.3565516611513864
1455,0.3723933693511357
1456,0.36784390433833897
1457,0.3441590526899092
1458,0.3488389925791207
1459,0.2682495275798332
1460,0.3104763379539869
1461,0.4908660859359867
1462,0.3368902046368385
1463,0.4594367942246115
1464,0.3398999871461459
1465,0.3190677218033365
1466,0.20452165714543968
1467,0.3057543638952376
1468,0.34908153302991696
1469,0.30019180353595304
1470,0.5328518353681764
1471,0.3864945197982638
1472,0.3488408422661921
1473,0.37260139389574176
1474,0.3760912212956095
1475,0.3410706466033031
1476,0.31234665273532525
1477,0.21561069489548249
1478,0.4015245103658079
1479,0.2086912748433496
1480,0.27566726829698424
1481,0.5128869314211733
1482,0.22064737110128646
1483,0.266555333433905
1484,0.404038396367529
1485,0.4146008052793534
1486,0.2431327296139985
1487,0.4471119296419112
1488,0.23584904137621715
1489,0.1956065156073897
1490,0.3919088565007983
1491,0.31954454627046225
1492,0.2343171116934729
1493,0.3014095632367628
1494,0.3429914261746688
1495,0.30777764280766623
1496,0.28854626717700754
1497,0.1748087057605873
1498,0.3652855957193327
1499,0.2219152399553479
1500,0.2433077486836543
1501,0.2296134527318047
1502,0.4329598950578164
1503,0.2762629783882641
1504,0.4402754915872837
1505,0.22794781575459055
1506,0.19850662092812246
1507,0.3832241017756484
1508,0.3730523301748438
1509,0.4578596348179426
1510,0.3833737678809296
1511,0.4631085684658687
1512,0.304153199678038
1513,0.27035766266480155
1514,0.2951882487034149
1515,0.4419270284083344
1516,0.22312794538460776
1517,0.35306143817855545
1518,0.15805846811702726
1519,0.22114986627697528
1520,0.3830121040026919
1521,0.39078946956044297
1522,0.23284339232858065
1523,0.3382081521866629
1524,0.23241783118567194
1525,0.5424549790595526
1526,0.40507048972669335
1527,0.2837851357580408
1528,0.493139993366694
1529,0.3017166879861537
1530,0.37072511781685535
1531,0.23755919366829
1532,0.3099429295598974
1533,0.23535599661664725
1534,0.26082430456229194
1535,0.36020429140530025
1536,0.4643819130690691
1537,0.41375995166013774
1538,0.3938265126940359
1539,0.32425236540057306
1540,0.2850959046793756
1541,0.35795679978796063
1542,0.21899579243865466
1543,0.3946504281664453
1544,0.25396823808211993
1545,0.3913030289411831
1546,0.3166017465698739
1547,0.3576043779462057
1548,0.19052197892721146
1549,0.3829148745822418
1550,0.2290113167765674
1551,0.28551257969408145
1552,0.26180775208038104
1553,0.28837288975427244
1554,0.2970559544634019
1555,0.16422757131853782
1556,0.31416504090164443
1557,0.4790641998184215
1558,0.44250151249264896
1559,0.2537236986655019
1560,0.4634055662154352
1561,0.4638453765197354
1562,0.39529691735405065
1563,0.26324588804298954
1564,0.3360911695153335
1565,0.4054833692815002
1566,0.23215401762707216
1567,0.30615161037865585
1568,0.4047135549484381
1569,0.2723109186641728
1570,0.4484361402112856
1571,0.2390657315223305
1572,0.22698525131672664
1573,0.29213389182020805
1574,0.2651867428520479
1575,0.4112531848219302
1576,0.33251332945608186
1577,0.20431575320130504
1578,0.23201605711197584
1579,0.3603037723941936
1580,0.4462768827593001
1581,0.3153103683678377
1582,0.3523592271724281
1583,0.35114878952173195
1584,0.4203661245570236
1585,0.3396883021566973
1586,0.20597749465247112
1587,0.2266693117429283
1588,0.2799415466031377
1589,0.4118179177729552
1590,0.3165232849372822
1591,0.2857921399450281
1592,0.35487957234139544
1593,0.2993389510174148
1594,0.32283489757509565
1595,0.3140972521998307
1596,0.3248480471614797
1597,0.2875594142501067
1598,0.21768869599065505
1599,0.32794894705436856
1600,0.3423268747487391
1601,0.2706919999083709
1602,0.2241502493452582
1603,0.293261607978639
1604,0.4130263855420823
1605,0.2671582794905269
1606,0.24386525289056465
1607,0.402518113627892
1608,0.5063474676607443
1609,0.4209246943148971
1610,0.39486470421856606
1611,0.2467422010484709
1612,0.3174083650681561
1613,0.3744718436366044
1614,0.2382709946318645
1615,0.3856210946617914
1616,0.4072274076684318
1617,0.39122661518684426
1618,0.3119610569848491
1619,0.3349805044821232
1620,0.27385479374482397
1621,0.2075366478619908
1622,0.3655404700013143
1623,0.2047625941007425
1624,0.26648654540748323
1625,0.28937179365119364
1626,0.2661234738450774
1627,0.4401068178400092
1628,0.3364576409235063
1629,0.2398407911299049
1630,0.3535621850941221
1631,0.2715013766099926
1632,0.5108141724217073
1633,0.2793578254889514
1634,0.214979793854326
1635,0.2604600581088445
1636,0.24528929763257915
1637,0.2021065899190483
1638,0.510587987898364
1639,0.21602621671731356
1640,0.3849940972322169
1641,0.3126318079980765
1642,0.29990390596654976
1643,0.2029373783211966
1644,0.3026943951462479
1645,0.3210961235499805
1646,0.42898929098430333
1647,0.351356434360907
1648,0.3651875482674648
1649,0.2952826372913312
1650,0.328766171662758
1651,0.318543758839625
1652,0.26364516080530803
1653,0.4234324688500138
1654,0.3913029149892955
1655,0.19719664886027055
1656,0.2414920778321465
1657,0.346464300607986
1658,0.258643622381798
1659,0.2286474010466707
1660,0.19908413160051214
1661,0.2583541888212369
1662,0.2627487729897928
1663,0.264079591900863
1664,0.3259109621430937
1665,0.32438368202608914
1666,0.2619665447888896
1667,0.3024432306135104
1668,0.2825261785826871
1669,0.2848863724482513
1670,0.3346583986380324
1671,0.2627779802153137
1672,0.3293858356854277
1673,0.30624190997488376
1674,0.2313208021735014
1675,0.2436790973986736
1676,0.2383330120263722
1677,0.4298539829204174
1678,0.3398525091172347
1679,0.2485901139142514
1680,0.4036459144409674
1681,0.23512120790629265
1682,0.3233134443264899
1683,0.20401604160548528
1684,0.3032931490020828
1685,0.3602879254307671
1686,0.4057599531071696
1687,0.369930977483218
1688,0.21519284297948002
1689,0.2370077541734938
1690,0.33138686996701394
1691,0.20459834465695845
1692,0.1726057221356166
1693,0.1910344548603059
1694,0.3779842011517624
1695,0.3665936125277149
1696,0.2873315688283053
1697,0.30229362129163684
1698,0.2910697654033684
1699,0.3811094174026376
1700,0.4116144785475018
1701,0.2662126521857964
1702,0.3182159192269124
1703,0.33516920644220194
1704,0.4116612191190849
1705,0.24754948954870745
1706,0.4783803761627699
1707,0.28849140087055125
1708,0.4319729461503717
1709,0.2992658218756799
1710,0.2368108534342162
1711,0.2581290285538692
1712,0.29767934038994737
1713,0.38292220348729294
1714,0.31989616418045586
1715,0.35989609973083225
1716,0.3545150745579142
1717,0.31988012728534965
1718,0.3904138784153104
1719,0.3078580985233024
1720,0.4662002953975128
1721,0.4847639666707068
1722,0.267267719586226
1723,0.26762761404620994
1724,0.2741005765559349
1725,0.3846360437662277
1726,0.21979616124120027
1727,0.4990666263790053
1728,0.21878571879390865
1729,0.2447524707013123
1730,0.2098470101267572
1731,0.3935429579281039
1732,0.20231162380365975
1733,0.4815931161803113
1734,0.3278101093709388
1735,0.42781998481445394
1736,0.2649426832136599
1737,0.3575187095314201
1738,0.33981690184812985
1739,0.2808868165792727
1740,0.4428881995753359
1741,0.4332295533253038
1742,0.2482840842676617
1743,0.31616805594341296
1744,0.28422977959334905
1745,0.23133930457808885
1746,0.514704922169988
1747,0.49318627031173
1748,0.4288345022218285
1749,0.1865365075842547
1750,0.3407838996198416
1751,0.4103023284097327
1752,0.26800445950823365
1753,0.24930413277124155
1754,0.1860770115110134
1755,0.4621182269547371
1756,0.38414754660350203
1757,0.2785087075017934
1758,0.3354827303841413
1759,0.2954490369821581
1760,0.3235858058120573
1761,0.3545404093258796
1762,0.3405290049438213
1763,0.39523854618406223
1764,0.3452143024488761
1765,0.2687475015594452
1766,0.4033467715976388
1767,0.34911133636807257
1768,0.333820717812595
1769,0.29254000339684577
1770,0.25269360192914603
1771,0.20052974683863967
1772,0.3017979899261764
1773,0.2342532228004313
1774,0.16640989885295876
1775,0.3922072248956941
1776,0.2970855755585599
1777,0.3795847435824334
1778,0.3851278872394001
1779,0.35855522540024826
1780,0.32077429362896914
1781,0.31369342531846633
1782,0.30057348510585713
1783,0.3327474793475565
1784,0.2887272236898205
1785,0.4319722194230072
1786,0.3965485803620698
1787,0.38563145024235
1788,0.4652773304277006
1789,0.2656611462484091
1790,0.4114554464894064
1791,0.3045966896250889
1792,0.2320121843285797
1793,0.2381644167923596
1794,0.3829858323606071
1795,0.4748518194794585
1796,0.21131307638043484
1797,0.2301929145706904
1798,0.4277933751337508
1799,0.3684752196606436
1800,0.2300979833645196
1801,0.357692438266678
1802,0.2428461198529345
1803,0.4095166277942612
1804,0.29108416649855895
1805,0.4333329012317767
1806,0.19209065195397207
1807,0.3573135218559033
1808,0.2946455284779129
1809,0.3206564384813187
1810,0.3061918266363269
1811,0.2189997355667016
1812,0.1899525848237658
1813,0.2307934886239975
1814,0.4802096550478674
1815,0.32982947847926725
1816,0.3765415711682011
1817,0.3821795484970419
1818,0.2625087447069993
1819,0.2473033172678185
1820,0.4147308106435481
1821,0.381126141029233
1822,0.3005057201364651
1823,0.5194561148121172
1824,0.35979981513731496
1825,0.3248927873147482
1826,0.22503248374650967
1827,0.26245871265705106
1828,0.423193796760444
1829,0.2110069048101887
1830,0.27503977874529073
1831,0.3316508506533298
1832,0.33427078571381924
1833,0.3612623843982448
1834,0.4554076064831639
1835,0.3259059848858376
1836,0.21988230489781746
1837,0.41261742253234457
1838,0.20089689879689787
1839,0.2695399566485225
1840,0.19215427675969124
1841,0.3038778343655155
1842,0.2572409304119159
1843,0.4052760304289884
1844,0.29283264375145623
1845,0.3167161437827539
1846,0.3340205282910379
1847,0.2907354335024633
1848,0.3153590170587043
1849,0.2684061196374052
1850,0.3718535446831733
1851,0.3349899154404391
1852,0.3201512710247761
1853,0.3782443413219875
1854,0.3857536444543877
1855,0.4057543655510404
1856,0.3159575918378886
1857,0.3334006614689681
1858,0.3447234107985088
1859,0.3891893864796975
1860,0.3245354603472231
1861,0.3849809455238548
1862,0.3607890862995805
1863,0.3564074892778589
1864,0.3787209994936125
1865,0.35431981409809016
1866,0.3192462164948461
1867,0.1843151763587626
1868,0.2985378275666466
1869,0.2494639760830565
1870,0.3978825849332271
1871,0.3675457762657613
1872,0.4433471376756157
1873,0.3728565123872385
1874,0.21902074176569256
1875,0.2395406857166276
1876,0.4086383475753654
1877,0.2646165606436968
1878,0.2656853085099618
1879,0.4527113974406268
1880,0.3705634506072954
1881,0.31902431004642
1882,0.2183937922905591
1883,0.38255534417096304
1884,0.3896142538572078
1885,0.3856162087805001
1886,0.3519750004597841
1887,0.27467218599195514
1888,0.2170368381225188
1889,0.1627329572707743
1890,0.1732126895873539
1891,0.3793880581222028
1892,0.2388325995690701
1893,0.28161795063414724
1894,0.2500468890581242
1895,0.28191714520985384
1896,0.4306962332051754
1897,0.27248659706722617
1898,0.3041283328908703
1899,0.2270788327341068
1900,0.32259360505972023
1901,0.2403701302765611
1902,0.3263601204043467
1903,0.34766958792667
1904,0.4900836465193513
1905,0.3496122343227253
1906,0.2632061559437133
1907,0.30610045961022225
1908,0.2702001861062629
1909,0.4204548875310421
1910,0.2713004871126085
1911,0.3121569876376702
1912,0.4233783902806671
1913,0.3226740591559909
1914,0.4020799920835037
1915,0.3290139255196869
1916,0.41508485751698204
1917,0.5258835233212203
1918,0.25479372064248784
1919,0.332271593984422
1920,0.39447490387173256
1921,0.46673480830746894
1922,0.2649103267184694
1923,0.19803005089561546
1924,0.4932803274127118
1925,0.2557394991280345
1926,0.2554480765762955
1927,0.26019932957855163
1928,0.2243247540476606
1929,0.2870258072762974
1930,0.4367589194059007
1931,0.2207110884833847
1932,0.2804214927013343
1933,0.2399071021550019
1934,0.304282417967992
1935,0.3237537719671095
1936,0.4377029045184123
1937,0.29057562373484336
1938,0.4513109774142918
1939,0.32324935175533714
1940,0.33981756730984186
1941,0.2466370870432466
1942,0.27076457879018445
1943,0.2299348244628723
1944,0.2696410648493208
1945,0.29625922853877656
1946,0.2491054227362064
1947,0.33633680039853475
1948,0.33514143923174644
1949,0.2021868857935936
1950,0.4639851902801795
1951,0.2526979165098288
1952,0.2862904354746588
1953,0.2558388333310898
1954,0.2326113512280045
1955,0.3968420840259853
1956,0.3524414165810289
1957,0.3015847410155785
1958,0.4376228207391201
1959,0.3247405625515515
1960,0.26514748797362625
1961,0.2722113122259164
1962,0.27307689869103435
1963,0.1760826864414204
1964,0.20344954018094166
1965,0.29611053839502244
1966,0.473649620133035
1967,0.38672656794393606
1968,0.25325305540460696
1969,0.39415680760395055
1970,0.2284019289583008
1971,0.24247175800260734
1972,0.33264009194551325
1973,0.3871352715080916
1974,0.266740540597937
1975,0.28317316078918336
1976,0.3269441979592026
1977,0.2309225353208921
1978,0.2794363723541632
1979,0.4438024680541437
1980,0.38136654100241785
1981,0.24096769204953225
1982,0.1767180551868869
1983,0.5028022809199783
1984,0.5054280795719323
1985,0.3787059326963767
1986,0.3567566986953741
1987,0.1936152905010111
1988,0.2651248323640291
1989,0.19161494939456775
1990,0.20690579652180327
1991,0.19327283236920173
1992,0.3672951449400036
1993,0.35733329622530624
1994,0.3510981393260888
1995,0.4230929506271371
1996,0.3797805173871888
1997,0.3584309605010937
1998,0.3138160559749563
1999,0.3728551693412415
