,value_per_image
0,-10.629024416291262
1,-10.62873166663139
2,-10.631624638341318
3,-10.632386704795556
4,-10.631046537342144
5,-10.630796929109284
6,-10.628701917707259
7,-10.629704400791766
8,-10.62864746436326
9,-10.631873346801225
10,-10.628931576900762
11,-10.630331102760096
12,-10.630475903368383
13,-10.629044239279155
14,-10.631546023522882
15,-10.631611121676919
16,-10.631822428878028
17,-10.628671862133046
18,-10.630524793682373
19,-10.629074299429142
20,-10.630784336356305
21,-10.629483850139316
22,-10.628485950588086
23,-10.630297446426145
24,-10.629768293354974
25,-10.629698206286003
26,-10.630368768551909
27,-10.630325826180137
28,-10.63087231928565
29,-10.630088187791367
30,-10.62891562546966
31,-10.62683668246366
32,-10.629690044751307
33,-10.631850822616796
34,-10.63353261844458
35,-10.631954610101587
36,-10.629696019912496
37,-10.629806689685786
38,-10.630833221853925
39,-10.630488844672195
40,-10.629391807820234
41,-10.629572160676169
42,-10.630247817945373
43,-10.62875228245782
44,-10.630050961268957
45,-10.631006613518263
46,-10.628077852613792
47,-10.63064549187104
48,-10.63065748419276
49,-10.630689719924833
50,-10.6289995977828
51,-10.630855926209671
52,-10.628357518989024
53,-10.630804104566632
54,-10.631175921022313
55,-10.62906235000468
56,-10.629204037003236
57,-10.631493758390807
58,-10.630459767830537
59,-10.631655961927336
60,-10.629697930814288
61,-10.63168776870059
62,-10.628270229401279
63,-10.628847097956992
64,-10.6304728228619
65,-10.631277962304253
66,-10.629827644503075
67,-10.630241103752958
68,-10.630718032508245
69,-10.629420852042164
70,-10.631599453173225
71,-10.629642157533619
72,-10.627309668486374
73,-10.629742973958493
74,-10.63002503645312
75,-10.629282612412835
76,-10.630053301416735
77,-10.628619414818909
78,-10.627639454496776
79,-10.631385034488437
80,-10.629757982886458
81,-10.631002641983313
82,-10.629801770816279
83,-10.631135722989217
84,-10.630789055392553
85,-10.630007985095704
86,-10.629333346338623
87,-10.631090904760688
88,-10.630598644741019
89,-10.630646016237217
90,-10.629691327725636
91,-10.629707455609307
92,-10.631814432838707
93,-10.629480240265051
94,-10.629757830291561
95,-10.629516946575336
96,-10.629271355916384
97,-10.629547708609108
98,-10.628454572674322
99,-10.630196208237932
100,-10.631909850793427
101,-10.630469103735539
102,-10.630408088346305
103,-10.629161259200213
104,-10.63036405483041
105,-10.629281768685377
106,-10.63149529073354
107,-10.630236942820929
108,-10.629375033847168
109,-10.63038199331051
110,-10.630733283092702
111,-10.629745886298874
112,-10.630324230284632
113,-10.62897529010559
114,-10.62975578116169
115,-10.628337626824047
116,-10.630865952025948
117,-10.630224142533217
118,-10.628983091054168
119,-10.629531087341276
120,-10.632303099747494
121,-10.628446311739943
122,-10.63059179163815
123,-10.629834064650757
124,-10.629580168226562
125,-10.629555546608684
126,-10.630418478908927
127,-10.632388715680657
128,-10.628296637010406
129,-10.628449048617748
130,-10.628751927112132
131,-10.631633229941777
132,-10.62960614627141
133,-10.629263678206405
134,-10.629207384523568
135,-10.629857006147816
136,-10.631183543914196
137,-10.63049434620353
138,-10.630048195386145
139,-10.629654140311894
140,-10.63133146855139
141,-10.632899554131576
142,-10.630206423816688
143,-10.631839449727918
144,-10.628572561547422
145,-10.63047736364079
146,-10.630343454648587
147,-10.632187932445976
148,-10.6289538308361
149,-10.62840947365175
150,-10.63045996372338
151,-10.63033588469481
152,-10.63033213585701
153,-10.62845453084367
154,-10.629502568025817
155,-10.630085656744503
156,-10.632047497753854
157,-10.629622831931847
158,-10.63223459107844
159,-10.631048428719023
160,-10.629371550289667
161,-10.632164131074244
162,-10.629018776304893
163,-10.630335369915233
164,-10.63313995765951
165,-10.628596491080312
166,-10.632468779061472
167,-10.630714291580716
168,-10.630822580565194
169,-10.631253930285819
170,-10.62913662823116
171,-10.631263171779263
172,-10.63096995629999
173,-10.629376274524155
174,-10.629746036104699
175,-10.629159227791334
176,-10.630325422159348
177,-10.628231451864481
178,-10.631264448065302
179,-10.62912434875159
180,-10.630926537886015
181,-10.630503802947187
182,-10.629244869572794
183,-10.63004231318081
184,-10.630448924979824
185,-10.63077157966014
186,-10.630663967575524
187,-10.62949414714694
188,-10.629273497291496
189,-10.628524520663381
190,-10.628741712091493
191,-10.628121095344792
192,-10.630096523490076
193,-10.630052478773894
194,-10.631771804050231
195,-10.629662544012014
196,-10.630065461128805
197,-10.629359624557855
198,-10.628763072422952
199,-10.63069110328026
200,-10.630200346955986
201,-10.62791817989205
202,-10.630857238422402
203,-10.629794467994069
204,-10.628256844277038
205,-10.629540588508974
206,-10.629174818251826
207,-10.63264193720488
208,-10.63104865739803
209,-10.631472079185249
210,-10.630330840634727
211,-10.630200580378018
212,-10.631488647949736
213,-10.631151011615426
214,-10.631499886855076
215,-10.630762028844948
216,-10.62991884051938
217,-10.629359372100359
218,-10.630227159556071
219,-10.632056000686745
220,-10.627702353024157
221,-10.62988805798398
222,-10.632597798147847
223,-10.630019595632339
224,-10.629593009104154
225,-10.629011768668912
226,-10.630160391202141
227,-10.630009515285364
228,-10.62969198277298
229,-10.632520827219377
230,-10.630807727867037
231,-10.630713846811359
232,-10.62819237056003
233,-10.631660164579797
234,-10.630262365722981
235,-10.630731758020069
236,-10.629242605159961
237,-10.628162876961808
238,-10.631096420490637
239,-10.629990985005856
240,-10.630203006833725
241,-10.629988034384006
242,-10.631636825837145
243,-10.62946262607742
244,-10.630505287032042
245,-10.629151993870526
246,-10.630842392637216
247,-10.632579019431091
248,-10.62977934371174
249,-10.628497896121305
250,-10.631596120002891
251,-10.630834449539991
252,-10.630481823683569
253,-10.628691381726279
254,-10.630314246671858
255,-10.629047284843038
256,-10.630876829784123
257,-10.626565458899599
258,-10.630730151293797
259,-10.62986763066351
260,-10.629998525605618
261,-10.630490259518183
262,-10.628673771738033
263,-10.63156620933084
264,-10.630138443479849
265,-10.630711218826995
266,-10.62919839010272
267,-10.63088942451976
268,-10.630118038785623
269,-10.628773711731526
270,-10.632078918309405
271,-10.630260370706429
272,-10.629532252389208
273,-10.629228993919003
274,-10.630891679113647
275,-10.630077373532464
276,-10.630541102583834
277,-10.63115657298012
278,-10.63079559986448
279,-10.631208959142176
280,-10.6297368350025
281,-10.630692946232756
282,-10.630801760089463
283,-10.629911417590924
284,-10.62994555969631
285,-10.629571789215998
286,-10.631349355494562
287,-10.629595103275713
288,-10.629446367134893
289,-10.632875087159917
290,-10.62839365208464
291,-10.628944633604863
292,-10.628268837513644
293,-10.629070723473674
294,-10.631485752082352
295,-10.631246276143377
296,-10.631030727409264
297,-10.630203253253814
298,-10.63064994162383
299,-10.629851564730087
300,-10.630529874423091
301,-10.629076494797607
302,-10.629359639959043
303,-10.62814950076892
304,-10.630779663410447
305,-10.629676400586806
306,-10.630342185844805
307,-10.630111659705813
308,-10.630286157190024
309,-10.630281040492825
310,-10.630641728238393
311,-10.629141897593424
312,-10.632972889851072
313,-10.629512141003307
314,-10.631007900575764
315,-10.629154078180797
316,-10.630625783358335
317,-10.629284892074413
318,-10.63107587901899
319,-10.628280652674977
320,-10.62970716363129
321,-10.629507398887288
322,-10.630869469997329
323,-10.62994446605432
324,-10.631017548535613
325,-10.628379135544057
326,-10.632801995547057
327,-10.632121518094273
328,-10.632920127707976
329,-10.62796109730981
330,-10.62916145470543
331,-10.630024892535914
332,-10.628418794643396
333,-10.629569771411523
334,-10.631774339174278
335,-10.629903800176926
336,-10.629034602488273
337,-10.629221218113992
338,-10.63106360752045
339,-10.629436894229006
340,-10.629543452073966
341,-10.630444718791123
342,-10.630364126234973
343,-10.627872538753431
344,-10.631137052159595
345,-10.63088265534548
346,-10.630297572394026
347,-10.62984155773198
348,-10.632817046636122
349,-10.629024466609144
350,-10.628380757167363
351,-10.6301133387956
352,-10.630401518001802
353,-10.628820906524096
354,-10.630904783847313
355,-10.629845994703091
356,-10.629753857880583
357,-10.630015880569305
358,-10.629709012281433
359,-10.628680109535374
360,-10.630763425165034
361,-10.631068170079056
362,-10.630338156831401
363,-10.630144070566482
364,-10.630598409445245
365,-10.629420583356596
366,-10.629062572185273
367,-10.630139571149787
368,-10.629964871386036
369,-10.628678674978364
370,-10.630956037006019
371,-10.630832401974867
372,-10.62946861716901
373,-10.629361793704623
374,-10.630414127823533
375,-10.629293097086457
376,-10.630752068222906
377,-10.631591388336249
378,-10.631272881796123
379,-10.630524607673657
380,-10.630922001512923
381,-10.63063486232583
382,-10.62923295553059
383,-10.632473508040688
384,-10.630417235538578
385,-10.627226913513057
386,-10.631014044033666
387,-10.629100931467585
388,-10.63082753647515
389,-10.629544874375002
390,-10.628615120870013
391,-10.629636182847733
392,-10.629415181846568
393,-10.630653199568792
394,-10.630439399801084
395,-10.630287223170493
396,-10.630987560609736
397,-10.626159201441794
398,-10.629738547465688
399,-10.631842045755056
400,-10.629123551661184
401,-10.632685683639156
402,-10.6281270971404
403,-10.630352872901227
404,-10.630662704388394
405,-10.627757808407472
406,-10.62935418783924
407,-10.631651426602293
408,-10.628743137661292
409,-10.628832781626768
410,-10.630129507674207
411,-10.63074152335984
412,-10.628263148944628
413,-10.629843678296194
414,-10.628178520404576
415,-10.63102424053167
416,-10.630244019916525
417,-10.630137399674474
418,-10.630778799334252
419,-10.62954446372524
420,-10.629766417902148
421,-10.63065544765675
422,-10.631365918958338
423,-10.631333307612216
424,-10.62936134709839
425,-10.628853477578314
426,-10.629267767701526
427,-10.628670845588898
428,-10.630051345313882
429,-10.630669082753831
430,-10.630278068949329
431,-10.632166851730707
432,-10.63067420536473
433,-10.630422883164234
434,-10.628939218673423
435,-10.628575844636147
436,-10.629809146848961
437,-10.632007297781938
438,-10.628908435784462
439,-10.628187002721765
440,-10.62856196084793
441,-10.629190193749409
442,-10.627326069489792
443,-10.630290370868856
444,-10.628578295874572
445,-10.629556348145831
446,-10.629661778347984
447,-10.631998074044269
448,-10.630882553184065
449,-10.6306542804447
450,-10.630060769345008
451,-10.630181308207574
452,-10.631020344365439
453,-10.630790207078444
454,-10.63103907054242
455,-10.630819107838374
456,-10.631338763271057
457,-10.63299836286212
458,-10.630605428746428
459,-10.630186467415914
460,-10.630013163574231
461,-10.632039353625023
462,-10.630310291865934
463,-10.629309460998668
464,-10.630593857181124
465,-10.6279208104859
466,-10.62959422757288
467,-10.629605549952545
468,-10.630144286490637
469,-10.629217232868395
470,-10.629884653825938
471,-10.629604246154859
472,-10.630578955062068
473,-10.631348482392497
474,-10.630714462693764
475,-10.631373663003098
476,-10.628979591348036
477,-10.630586757312873
478,-10.630441465409056
479,-10.631660087113282
480,-10.631763725742568
481,-10.62875237085494
482,-10.62997511873868
483,-10.628235381093104
484,-10.631620086206306
485,-10.631306081816405
486,-10.630339923387307
487,-10.62823593434368
488,-10.628371734868024
489,-10.630661450748768
490,-10.631231881591923
491,-10.630856898292382
492,-10.629599751002797
493,-10.630562393016703
494,-10.63331881963284
495,-10.62871480559102
496,-10.631321273054402
497,-10.630562147781964
498,-10.628311895276124
499,-10.631574281286971
500,-10.62993390041917
501,-10.6276377547704
502,-10.630027636686787
503,-10.631318320792367
504,-10.629668086765342
505,-10.628775708155473
506,-10.629131193749156
507,-10.629228254010838
508,-10.630594928708613
509,-10.628083410327406
510,-10.629119447914283
511,-10.631784595170194
512,-10.629679030684
513,-10.629747610377843
514,-10.629445207993507
515,-10.629391585961477
516,-10.630203912221903
517,-10.629928781091051
518,-10.631876173840347
519,-10.630097803971887
520,-10.629003368206703
521,-10.630801137950378
522,-10.630541348500003
523,-10.629793109464096
524,-10.63281803306202
525,-10.628512966038194
526,-10.629968073739539
527,-10.630483906797775
528,-10.627962415372442
529,-10.629838867357774
530,-10.629498385458492
531,-10.628287903853051
532,-10.630126318474462
533,-10.62960806889894
534,-10.630423318663269
535,-10.630878253392444
536,-10.62910814321136
537,-10.62929301151923
538,-10.628827365045677
539,-10.630144648139053
540,-10.630065866764992
541,-10.62932283712034
542,-10.631105310961534
543,-10.630029889726263
544,-10.631039628950514
545,-10.632164362577413
546,-10.629227324052634
547,-10.628503477851195
548,-10.629152347724846
549,-10.631739556356113
550,-10.630531161272213
551,-10.631853250193217
552,-10.629084529626073
553,-10.629841367132316
554,-10.630916059634435
555,-10.631022306771287
556,-10.631656761531142
557,-10.63115037144252
558,-10.629494165664774
559,-10.629647617157547
560,-10.630771415896984
561,-10.630147370324623
562,-10.630862357100476
563,-10.63038379101243
564,-10.632151021243327
565,-10.631310693655065
566,-10.628849581568042
567,-10.62820419804738
568,-10.631461968468187
569,-10.630750378354918
570,-10.629809552560733
571,-10.628110682848641
572,-10.629183534501976
573,-10.629821313514487
574,-10.628813080530296
575,-10.63059133699851
576,-10.627877405846117
577,-10.630225011744145
578,-10.633415535612297
579,-10.627984257155417
580,-10.62946335407707
581,-10.631405350459307
582,-10.628937678333848
583,-10.63254779066228
584,-10.629540249532068
585,-10.629680962451804
586,-10.632062885223828
587,-10.628889434411057
588,-10.629486850632132
589,-10.629603701019807
590,-10.630995510841863
591,-10.633889566508254
592,-10.63243507652546
593,-10.63049627594702
594,-10.63244747516358
595,-10.631771961488301
596,-10.630901675023551
597,-10.631616341654768
598,-10.629719268900152
599,-10.631339079047985
600,-10.62896064418666
601,-10.630286757895538
602,-10.630710165863002
603,-10.630785429963606
604,-10.630980707468641
605,-10.631452578768172
606,-10.63057483076024
607,-10.6313615943899
608,-10.630783329576637
609,-10.630726283653368
610,-10.633547272365744
611,-10.630513904262212
612,-10.63021664886294
613,-10.63017527046777
614,-10.629068651272462
615,-10.631098656678828
616,-10.63093112057213
617,-10.63119007773965
618,-10.626905307382886
619,-10.6298457725441
620,-10.62815945356208
621,-10.632757416945122
622,-10.630624619302989
623,-10.629358465042813
624,-10.62781970762508
625,-10.628679121979106
626,-10.630772197517821
627,-10.629203661494783
628,-10.630240306321227
629,-10.631408001221764
630,-10.631673323061852
631,-10.631450253099487
632,-10.628715222701905
633,-10.629760640135366
634,-10.630573789180461
635,-10.627870559884396
636,-10.631918353327377
637,-10.629096647594649
638,-10.630671724865088
639,-10.632716006876588
640,-10.628840339549818
641,-10.628714273287232
642,-10.631350788933373
643,-10.63033775718794
644,-10.628071740977047
645,-10.627998864764317
646,-10.629643329577073
647,-10.631139987923783
648,-10.62894731133457
649,-10.630608045335496
650,-10.629561971274779
651,-10.63195073234238
652,-10.630170074393543
653,-10.630478105089502
654,-10.630873250857686
655,-10.629882185606418
656,-10.630886045383622
657,-10.62915887566272
658,-10.631106949185721
659,-10.6318041008407
660,-10.630834188088174
661,-10.627554413242759
662,-10.629300235667278
663,-10.630319425550839
664,-10.63115403941362
665,-10.629806609217852
666,-10.62982530608508
667,-10.627560384096894
668,-10.63117163407646
669,-10.629894613835306
670,-10.631805338023305
671,-10.629560319413466
672,-10.629029391991958
673,-10.631584269365693
674,-10.629332810655127
675,-10.629528972030773
676,-10.628111965532833
677,-10.629909184713842
678,-10.630030334388424
679,-10.629693024583013
680,-10.629580325964547
681,-10.630651981392118
682,-10.630303552923172
683,-10.631864397729483
684,-10.631542944790322
685,-10.632672918054137
686,-10.63009751278352
687,-10.631837756190071
688,-10.63195585264826
689,-10.629202680970847
690,-10.632823335421042
691,-10.628745202397944
692,-10.629570918590415
693,-10.628784067885393
694,-10.629135219648497
695,-10.629421628314924
696,-10.630547872393098
697,-10.630873134455653
698,-10.630542221669982
699,-10.630810414940036
700,-10.63050345754192
701,-10.630578309463619
702,-10.629711866867797
703,-10.63251334171949
704,-10.631730339646746
705,-10.629963151110491
706,-10.630232771463783
707,-10.62881651822166
708,-10.629520215887778
709,-10.628940994640633
710,-10.630811927987711
711,-10.631264008105852
712,-10.628786013097207
713,-10.629730359539204
714,-10.62910232498321
715,-10.629583420613733
716,-10.629488294734434
717,-10.629991168157156
718,-10.630159112821495
719,-10.629112828879725
720,-10.631103539837822
721,-10.631818849842857
722,-10.630050167133348
723,-10.630070754046644
724,-10.628210573411183
725,-10.630522138868328
726,-10.63041791460858
727,-10.631641335004051
728,-10.6306544849779
729,-10.6302684486539
730,-10.629210651958118
731,-10.62974671579081
732,-10.630110722466405
733,-10.630302933095457
734,-10.633130138418137
735,-10.628827473572093
736,-10.631790618549354
737,-10.63163020220207
738,-10.63176753944374
739,-10.632060167364159
740,-10.63222992735748
741,-10.630777298871816
742,-10.631445005720373
743,-10.632104477844868
744,-10.631758623773578
745,-10.630342686705392
746,-10.631072399601033
747,-10.631007569551457
748,-10.628434397440369
749,-10.627554171155467
750,-10.629703412477292
751,-10.630667832020835
752,-10.630154666279862
753,-10.6310260310232
754,-10.629635277837915
755,-10.631436248246269
756,-10.6279891407075
757,-10.630870453923972
758,-10.631008461672042
759,-10.629834581970158
760,-10.631346608545329
761,-10.630806290937702
762,-10.629473666315857
763,-10.631166136796939
764,-10.633180498847876
765,-10.629662258928768
766,-10.630546547904489
767,-10.630135393676248
768,-10.62738758163138
769,-10.630636385918137
770,-10.631734037078246
771,-10.629457005186543
772,-10.628836222284608
773,-10.627475687944779
774,-10.630897554286443
775,-10.631110690274964
776,-10.629880547189577
777,-10.629857754121852
778,-10.629082090707996
779,-10.631353786646596
780,-10.630341757922906
781,-10.63099429693103
782,-10.630983151267968
783,-10.62896159674925
784,-10.629294654622043
785,-10.628993719494822
786,-10.629250488649038
787,-10.632975189816236
788,-10.629524368001926
789,-10.630320824861666
790,-10.629834394222526
791,-10.631890390053185
792,-10.630305626040268
793,-10.629692599108964
794,-10.629569329749717
795,-10.628700136716446
796,-10.628222054094435
797,-10.63183381163262
798,-10.628246566694669
799,-10.630272142292107
800,-10.630635963636813
801,-10.629173822979183
802,-10.629464917158645
803,-10.629753863359976
804,-10.628787814227142
805,-10.629919648821973
806,-10.631381163202496
807,-10.627453350349684
808,-10.629959978496336
809,-10.627949065780307
810,-10.63190573377695
811,-10.629944061873887
812,-10.629564810723844
813,-10.632172650778744
814,-10.630882066706787
815,-10.630612094033976
816,-10.629478398862439
817,-10.6301294066455
818,-10.63001540729518
819,-10.63119508092869
820,-10.630887512127376
821,-10.628575569799603
822,-10.630070851954237
823,-10.630786041012911
824,-10.630198277922988
825,-10.630661773943233
826,-10.628683225249418
827,-10.631061626549696
828,-10.62912978174618
829,-10.62992903769155
830,-10.630138933098925
831,-10.629931952691454
832,-10.629381199501898
833,-10.630024297038744
834,-10.629353506894498
835,-10.63067839941999
836,-10.63131572254398
837,-10.62996316836284
838,-10.630120686142524
839,-10.629856931691307
840,-10.629027721146134
841,-10.62938877482398
842,-10.629958439884053
843,-10.628194686439004
844,-10.629229349421912
845,-10.629068437442054
846,-10.629739637543608
847,-10.63107401464312
848,-10.630307028112172
849,-10.631516801818275
850,-10.632884328902133
851,-10.630538870194169
852,-10.628627378667018
853,-10.62933107317259
854,-10.628157930280933
855,-10.62699183628774
856,-10.629036053910594
857,-10.630261252652693
858,-10.629356698659665
859,-10.629028044577554
860,-10.630450753902457
861,-10.632188402990401
862,-10.630564338062348
863,-10.631705260869506
864,-10.631544860799957
865,-10.628285571383582
866,-10.629843621805566
867,-10.626851346034538
868,-10.629668287471675
869,-10.62926399291082
870,-10.630794940764735
871,-10.631622727284244
872,-10.627628926157037
873,-10.628580157156867
874,-10.63012279804632
875,-10.630303751028324
876,-10.629366197208935
877,-10.63086525474244
878,-10.628777376854325
879,-10.62980667537068
880,-10.630675332548613
881,-10.630069448839695
882,-10.631628564383973
883,-10.630444385506364
884,-10.630607698926589
885,-10.630532433661896
886,-10.62976510026948
887,-10.629907280159498
888,-10.628164877667473
889,-10.628212379504658
890,-10.629810833496704
891,-10.631266723131377
892,-10.631647452909617
893,-10.628803769816676
894,-10.62918369038964
895,-10.629360658282883
896,-10.631726258792133
897,-10.630850342171938
898,-10.632050342551212
899,-10.630013517785152
900,-10.630862608753793
901,-10.62959600981419
902,-10.630647343076344
903,-10.63011450576178
904,-10.63017899443076
905,-10.630273198738633
906,-10.628704278575881
907,-10.629441903325533
908,-10.62899588018429
909,-10.631187667269398
910,-10.630219797686898
911,-10.632029395644256
912,-10.630718654490293
913,-10.63021889217372
914,-10.632312829741672
915,-10.629084934759607
916,-10.628466545011582
917,-10.629199357043406
918,-10.631079315287113
919,-10.631016883525227
920,-10.629588683750397
921,-10.62928635101234
922,-10.628134122657777
923,-10.629018947032673
924,-10.631848998141267
925,-10.630463260487822
926,-10.627089148221977
927,-10.630400958074018
928,-10.631798749297774
929,-10.631048993522873
930,-10.630539273382356
931,-10.628511545214463
932,-10.630791363789653
933,-10.629821548111867
934,-10.632635302167737
935,-10.63067138766694
936,-10.630687434925756
937,-10.630936467502266
938,-10.628177381772078
939,-10.629291453939596
940,-10.630183643670193
941,-10.63102335732724
942,-10.63003946162007
943,-10.628353734671789
944,-10.63001541874316
945,-10.63096772066184
946,-10.628963001757032
947,-10.630653144287075
948,-10.629095474692603
949,-10.630657963499807
950,-10.630125322071274
951,-10.63055357960142
952,-10.631088848079909
953,-10.629719594854985
954,-10.629500308867836
955,-10.63195184801774
956,-10.629467190407002
957,-10.628978889104992
958,-10.631063776847157
959,-10.629409737278221
960,-10.629833911972204
961,-10.631415645872732
962,-10.629492057408957
963,-10.630612144066768
964,-10.629926918414542
965,-10.628844095630598
966,-10.628593767102917
967,-10.633320011061718
968,-10.62935892244359
969,-10.629981448577269
970,-10.62954838363936
971,-10.631179142712943
972,-10.63079989548759
973,-10.632715053505141
974,-10.630107603862708
975,-10.629137679283003
976,-10.630429518262694
977,-10.62915127816513
978,-10.628669057310274
979,-10.631400994216117
980,-10.630696109728783
981,-10.629582749450243
982,-10.632094688751328
983,-10.630768442099619
984,-10.627744124426307
985,-10.630401788009284
986,-10.629629584097463
987,-10.628371032722015
988,-10.63134329419268
989,-10.631918159770237
990,-10.628435893167431
991,-10.62973401266992
992,-10.630008223846083
993,-10.630718453815053
994,-10.631368603451623
995,-10.631686742952784
996,-10.629887671021844
997,-10.631657863859472
998,-10.630695992483274
999,-10.627456340956694
1000,-10.62729926981036
1001,-10.630530667280151
1002,-10.631594622703174
1003,-10.629840182116196
1004,-10.63040737745927
1005,-10.631464189704419
1006,-10.63029957949524
1007,-10.630122080349663
1008,-10.628859438651569
1009,-10.631979297709012
1010,-10.630078575846234
1011,-10.631425511619543
1012,-10.631889567491351
1013,-10.631440213504288
1014,-10.629319577986113
1015,-10.63089829366225
1016,-10.629199612372034
1017,-10.630310821823146
1018,-10.62931365991964
1019,-10.630692070585487
1020,-10.629472724388195
1021,-10.63065114451142
1022,-10.630060144212806
1023,-10.628942214917812
1024,-10.62827508096873
1025,-10.63022136347835
1026,-10.627864976664442
1027,-10.628000512487755
1028,-10.63084259536886
1029,-10.630640196654374
1030,-10.628874219095376
1031,-10.630083075628221
1032,-10.630573603165141
1033,-10.630552236115763
1034,-10.63131327555339
1035,-10.631509334802432
1036,-10.62854041508437
1037,-10.63066427971916
1038,-10.631968635810416
1039,-10.631052855251532
1040,-10.631727412508658
1041,-10.629011312150118
1042,-10.6303093016277
1043,-10.630553826727038
1044,-10.631443154950569
1045,-10.62904825795386
1046,-10.631201145398377
1047,-10.62950874695518
1048,-10.628974589665267
1049,-10.630094915880436
1050,-10.628780475064792
1051,-10.628599924827505
1052,-10.631168729532444
1053,-10.630602790223602
1054,-10.630272622304755
1055,-10.628011774469645
1056,-10.631781766998747
1057,-10.631544951788278
1058,-10.628634752034113
1059,-10.62914774425141
1060,-10.630554447903585
1061,-10.629944171975502
1062,-10.629314076931236
1063,-10.630881637788985
1064,-10.631068678401082
1065,-10.630401775880301
1066,-10.631516555365721
1067,-10.62851248553951
1068,-10.63053506710756
1069,-10.629980445940603
1070,-10.629346883645852
1071,-10.630096873676804
1072,-10.6307714111692
1073,-10.63131932672525
1074,-10.629399961491632
1075,-10.63061715115116
1076,-10.63075218699681
1077,-10.630414687955076
1078,-10.630643951140524
1079,-10.628530568139382
1080,-10.629533831528695
1081,-10.629529475642387
1082,-10.627764199589224
1083,-10.630862567914608
1084,-10.63115055002906
1085,-10.629019108613312
1086,-10.628637024901762
1087,-10.629305552330008
1088,-10.62876324214492
1089,-10.630755374702082
1090,-10.631222912519355
1091,-10.632040040347212
1092,-10.631760654728804
1093,-10.63254201315048
1094,-10.630156783723306
1095,-10.630150421130683
1096,-10.629421342718226
1097,-10.630218023881282
1098,-10.629099784582694
1099,-10.62952758185144
1100,-10.630602093618164
1101,-10.628427477581747
1102,-10.630763654049037
1103,-10.629503067766844
1104,-10.631810056023943
1105,-10.62945781672814
1106,-10.629884286526927
1107,-10.632223695183342
1108,-10.630124778940766
1109,-10.630443332163392
1110,-10.632209308232193
1111,-10.630447847050931
1112,-10.629062493051789
1113,-10.630278997974402
1114,-10.630730676647891
1115,-10.631209763372103
1116,-10.630909510349571
1117,-10.629865222457866
1118,-10.62618641699785
1119,-10.629166133832141
1120,-10.63227582429139
1121,-10.631206501154825
1122,-10.63053421342082
1123,-10.628584039900652
1124,-10.631833725359927
1125,-10.629112169014565
1126,-10.62913326010775
1127,-10.630861036814855
1128,-10.630067847368043
1129,-10.630539883777981
1130,-10.629216688958136
1131,-10.63036306007565
1132,-10.62882345069777
1133,-10.628480262058789
1134,-10.630568780638557
1135,-10.630969843957006
1136,-10.630901757855424
1137,-10.629449436856053
1138,-10.628779747490302
1139,-10.632147169285348
1140,-10.630008201471066
1141,-10.6290943042724
1142,-10.630798549301725
1143,-10.629502526599026
1144,-10.633123410382844
1145,-10.63247266596643
1146,-10.627233022406065
1147,-10.628358849761547
1148,-10.629957414324352
1149,-10.630761089386253
1150,-10.630170880672473
1151,-10.630038984342567
1152,-10.6308056158999
1153,-10.630856278164028
1154,-10.630461389327172
1155,-10.631857120812596
1156,-10.632702893512077
1157,-10.629076614985571
1158,-10.630542091427749
1159,-10.630126398159119
1160,-10.629719886086034
1161,-10.630386390322967
1162,-10.629623449775297
1163,-10.629182910727296
1164,-10.629739020817926
1165,-10.628862822673756
1166,-10.628700546501245
1167,-10.63051577654537
1168,-10.633218225640428
1169,-10.629975971322722
1170,-10.63021474947348
1171,-10.63069393675848
1172,-10.631452678090126
1173,-10.632027811833725
1174,-10.63110285353015
1175,-10.629855870778064
1176,-10.630960598369645
1177,-10.631501802636988
1178,-10.63017371606404
1179,-10.632368395612936
1180,-10.631111263012262
1181,-10.630097321133238
1182,-10.631973096383657
1183,-10.63102590628327
1184,-10.629314007821382
1185,-10.628762015358467
1186,-10.62923751440993
1187,-10.62927268723202
1188,-10.634313009032716
1189,-10.629781168648313
1190,-10.631667534805224
1191,-10.629764039870585
1192,-10.631860741495744
1193,-10.631374143048953
1194,-10.627160166533331
1195,-10.631474321467776
1196,-10.630281033148547
1197,-10.631756022233493
1198,-10.628599239608876
1199,-10.629233488041258
1200,-10.629170010833963
1201,-10.63046962355974
1202,-10.630426876074782
1203,-10.63031884755406
1204,-10.630771417108653
1205,-10.631354832414564
1206,-10.629849031370345
1207,-10.632245781459007
1208,-10.62847419303449
1209,-10.629052417516894
1210,-10.630003562035359
1211,-10.630685466739294
1212,-10.629746537117622
1213,-10.630127867783967
1214,-10.62864625464183
1215,-10.631253541450318
1216,-10.629402545990624
1217,-10.628627399939324
1218,-10.62963117341319
1219,-10.631122940247087
1220,-10.630611712648317
1221,-10.629857341483797
1222,-10.630477624421708
1223,-10.629301106900227
1224,-10.629542061968133
1225,-10.62908500890584
1226,-10.630343073881699
1227,-10.631252353077093
1228,-10.630241557162936
1229,-10.630684586676796
1230,-10.629744931328926
1231,-10.630302693639038
1232,-10.630565003818948
1233,-10.630652566875321
1234,-10.631501870020884
1235,-10.629698890108713
1236,-10.630262558945551
1237,-10.629916004581355
1238,-10.629120391493554
1239,-10.628980046286024
1240,-10.631997077852976
1241,-10.629587974117443
1242,-10.631653000001068
1243,-10.630233239683546
1244,-10.63021511783492
1245,-10.631414674791847
1246,-10.629387372584938
1247,-10.62976300590525
1248,-10.629968225474538
1249,-10.628949253825258
1250,-10.628995978097832
1251,-10.630304152993961
1252,-10.629043022264163
1253,-10.631230481171043
1254,-10.626960593730107
1255,-10.628949820151725
1256,-10.630260546539175
1257,-10.630148192873673
1258,-10.632354202287438
1259,-10.629381767601293
1260,-10.628920793488712
1261,-10.62853472203943
1262,-10.630584720617872
1263,-10.630554739026396
1264,-10.629271697326113
1265,-10.63090046571195
1266,-10.628808483114275
1267,-10.62944689472164
1268,-10.628161849153654
1269,-10.628380324833405
1270,-10.628298031074886
1271,-10.632083378027906
1272,-10.633494353382773
1273,-10.632273491340063
1274,-10.630135607744533
1275,-10.629821879157005
1276,-10.628094105339505
1277,-10.630421551411732
1278,-10.63190837986583
1279,-10.629026763471282
1280,-10.62802143541265
1281,-10.630495226727797
1282,-10.631199153679395
1283,-10.630927544269184
1284,-10.630397209524247
1285,-10.631255463626383
1286,-10.629985730878953
1287,-10.630498113985421
1288,-10.629747510331391
1289,-10.630915625168806
1290,-10.6311440960088
1291,-10.63126758687007
1292,-10.630128686607492
1293,-10.63199989273066
1294,-10.628792752559463
1295,-10.628700837718547
1296,-10.630069112485325
1297,-10.628980593284176
1298,-10.630508470488934
1299,-10.629889372770595
1300,-10.629191513366226
1301,-10.628724977886256
1302,-10.630951848914572
1303,-10.634008867759468
1304,-10.629517018848855
1305,-10.63111542534878
1306,-10.629615919100571
1307,-10.62993086358228
1308,-10.628377177552538
1309,-10.62950170565919
1310,-10.629689022732355
1311,-10.62870732138019
1312,-10.628615440620644
1313,-10.630605239319804
1314,-10.630058378848744
1315,-10.629707371197473
1316,-10.631159982103062
1317,-10.629876781770976
1318,-10.630726635500642
1319,-10.631539535949731
1320,-10.631709799151373
1321,-10.63120904604818
1322,-10.630482803893909
1323,-10.63294667790177
1324,-10.632428569326203
1325,-10.631211105030204
1326,-10.630801888402473
1327,-10.630413634389091
1328,-10.629782201291404
1329,-10.632010108873313
1330,-10.627957693382085
1331,-10.63172637137322
1332,-10.629079403761194
1333,-10.631424937992099
1334,-10.6301476544045
1335,-10.629187461838098
1336,-10.629770528580151
1337,-10.63205502539866
1338,-10.629508776387334
1339,-10.628921274082028
1340,-10.628556555152887
1341,-10.630525758717583
1342,-10.631882289350965
1343,-10.630955574146547
1344,-10.630476554705904
1345,-10.630163514405258
1346,-10.632860796122438
1347,-10.629526571630825
1348,-10.631133700392422
1349,-10.629152872292321
1350,-10.628835794093847
1351,-10.632468740843445
1352,-10.629502548069839
1353,-10.631219167860696
1354,-10.631332862698127
1355,-10.62941768977441
1356,-10.632139863276787
1357,-10.631144974729043
1358,-10.629257250897712
1359,-10.63052737417528
1360,-10.631593805627004
1361,-10.631370746427416
1362,-10.630107291669344
1363,-10.630284273179226
1364,-10.629927189840744
1365,-10.630155691210994
1366,-10.628688378772074
1367,-10.630082659895919
1368,-10.629240426738997
1369,-10.62980297084941
1370,-10.629421021210828
1371,-10.631987394091649
1372,-10.629528554602752
1373,-10.631253567550866
1374,-10.63246252969015
1375,-10.63189415449305
1376,-10.630610412223934
1377,-10.62997552291179
1378,-10.628988048333488
1379,-10.629629511001298
1380,-10.62889020266436
1381,-10.629266575082106
1382,-10.631428598479594
1383,-10.631571088370283
1384,-10.630443748876962
1385,-10.629275855434283
1386,-10.628977273889683
1387,-10.631277998695671
1388,-10.630806503787275
1389,-10.62999687629941
1390,-10.631349273562186
1391,-10.629388395488164
1392,-10.630627831668946
1393,-10.63126741216807
1394,-10.631930083776624
1395,-10.6305641082856
1396,-10.629443709240636
1397,-10.631417019545292
1398,-10.630385650936537
1399,-10.630036362814351
1400,-10.62962793837282
1401,-10.631194117742588
1402,-10.628626171869216
1403,-10.63071930378794
1404,-10.62994837961151
1405,-10.630935415431113
1406,-10.62929383135594
1407,-10.629696373530592
1408,-10.633256353572676
1409,-10.630850726747026
1410,-10.630471535228779
1411,-10.629282269898018
1412,-10.628717016187533
1413,-10.628569469683024
1414,-10.63023703751834
1415,-10.629602822705012
1416,-10.629900743662645
1417,-10.627207990804438
1418,-10.629693576705638
1419,-10.632183611229546
1420,-10.629386820345305
1421,-10.629900281769963
1422,-10.63153250317149
1423,-10.631436814787378
1424,-10.628418928516849
1425,-10.630578820415998
1426,-10.631627132660563
1427,-10.631595482930676
1428,-10.629714778550138
1429,-10.631817025829383
1430,-10.628195743445076
1431,-10.629806607870727
1432,-10.63147214314402
1433,-10.6304387483663
1434,-10.629179418758744
1435,-10.631056552329698
1436,-10.630805989325397
1437,-10.629682266795868
1438,-10.62754971928307
1439,-10.627125301597099
1440,-10.632424606937905
1441,-10.629124393306082
1442,-10.632714584704328
1443,-10.629869213758619
1444,-10.630676402001582
1445,-10.629903871467494
1446,-10.630581306632221
1447,-10.629880225750028
1448,-10.630988178783356
1449,-10.630807838137773
1450,-10.63051044736866
1451,-10.62931679926859
1452,-10.630447363934328
1453,-10.630354258100011
1454,-10.632838152479707
1455,-10.629879286776664
1456,-10.629550701494264
1457,-10.630905597761108
1458,-10.629966484223964
1459,-10.630108716359171
1460,-10.631012504059942
1461,-10.62952570258903
1462,-10.630301717729333
1463,-10.627022666418439
1464,-10.627703151411882
1465,-10.630166465849396
1466,-10.628984542234848
1467,-10.63025535412068
1468,-10.631220693204902
1469,-10.627469031992037
1470,-10.629095101135675
1471,-10.628467350321976
1472,-10.630402040180893
1473,-10.631224894508886
1474,-10.630511137500964
1475,-10.629983630074353
1476,-10.631573229416214
1477,-10.630528405200444
1478,-10.628559856771954
1479,-10.629185632696565
1480,-10.630811255740108
1481,-10.631587225724033
1482,-10.631855777664924
1483,-10.629489590730806
1484,-10.629575766518082
1485,-10.629495274510207
1486,-10.630444087203427
1487,-10.631092852751152
1488,-10.630250613993347
1489,-10.629245224549903
1490,-10.629289117313954
1491,-10.629175306333773
1492,-10.631700628438491
1493,-10.629817210317093
1494,-10.628643107378856
1495,-10.629127811178408
1496,-10.629027496242283
1497,-10.632045061548286
1498,-10.628930939354783
1499,-10.62833234171678
1500,-10.630669004142776
1501,-10.632183746352991
1502,-10.628953591443727
1503,-10.632458617074445
1504,-10.630185556392446
1505,-10.6298704994204
1506,-10.629895983687721
1507,-10.629005939314695
1508,-10.629263146930652
1509,-10.628999366464985
1510,-10.630339676231277
1511,-10.628896905116882
1512,-10.628047551055415
1513,-10.630819998639518
1514,-10.630426796980707
1515,-10.62839318136642
1516,-10.632046879216519
1517,-10.629777727052128
1518,-10.630032174365002
1519,-10.631182722800816
1520,-10.630539584919354
1521,-10.631217275044811
1522,-10.629993712891572
1523,-10.63027697891395
1524,-10.629982609063102
1525,-10.627489229004778
1526,-10.631361492390605
1527,-10.63326118083208
1528,-10.631079838042485
1529,-10.631676170440784
1530,-10.630997348122179
1531,-10.629414033484407
1532,-10.63182613259353
1533,-10.629823502002884
1534,-10.629750369977993
1535,-10.632457166947166
1536,-10.63170691764874
1537,-10.63082550275291
1538,-10.630105738494551
1539,-10.630501831316838
1540,-10.629257430865756
1541,-10.631995818553763
1542,-10.631145101197431
1543,-10.630425418700076
1544,-10.63052912571258
1545,-10.629245732566133
1546,-10.630011941667217
1547,-10.629120248430848
1548,-10.631429360734119
1549,-10.628659303016985
1550,-10.629277653847462
1551,-10.630715904223583
1552,-10.628958938307283
1553,-10.631537342228947
1554,-10.629812772650276
1555,-10.628496579376488
1556,-10.63145832050386
1557,-10.63048806571708
1558,-10.62951652355045
1559,-10.629193975582057
1560,-10.629850165010485
1561,-10.628576496129355
1562,-10.631697145465846
1563,-10.631078232823878
1564,-10.631612343937569
1565,-10.62876032135268
1566,-10.6298111240151
1567,-10.629851974264843
1568,-10.62873006159746
1569,-10.629898427524251
1570,-10.628077852795581
1571,-10.630893181578474
1572,-10.632537016300297
1573,-10.628246762713976
1574,-10.629059946627168
1575,-10.630523383315882
1576,-10.629538257862887
1577,-10.629687511295376
1578,-10.630785463765855
1579,-10.63025842641005
1580,-10.631565249607851
1581,-10.628739577425467
1582,-10.628613749013516
1583,-10.630576658062095
1584,-10.631314777220435
1585,-10.627379082289572
1586,-10.631718208637524
1587,-10.630381911667184
1588,-10.628560750177133
1589,-10.631449459315602
1590,-10.628411093194918
1591,-10.632003678070957
1592,-10.63014815725812
1593,-10.63017868157375
1594,-10.63087975757141
1595,-10.631963132307373
1596,-10.630087953187623
1597,-10.629296872793565
1598,-10.63156077342532
1599,-10.631678637134737
1600,-10.629906920534056
1601,-10.630108147867233
1602,-10.628911172897439
1603,-10.631216627922466
1604,-10.62945799517989
1605,-10.629715190183582
1606,-10.630302668045859
1607,-10.628613112882476
1608,-10.628633326997706
1609,-10.6297940015458
1610,-10.63005771365499
1611,-10.630553302825303
1612,-10.632378875126774
1613,-10.6316077480836
1614,-10.629689453392132
1615,-10.627848934681179
1616,-10.631982773814592
1617,-10.630284701019004
1618,-10.630602146040326
1619,-10.629824606266503
1620,-10.62990825178561
1621,-10.62859317535198
1622,-10.630041600671463
1623,-10.629493691629346
1624,-10.630347960259098
1625,-10.628944170907113
1626,-10.631015392962336
1627,-10.634187407695876
1628,-10.631018805136137
1629,-10.632010952609829
1630,-10.632417969543546
1631,-10.631011263518934
1632,-10.630117074154887
1633,-10.62991114216642
1634,-10.628301927016706
1635,-10.630737922370074
1636,-10.630535831474887
1637,-10.629603222946713
1638,-10.630158916321724
1639,-10.631047152265424
1640,-10.63150231918218
1641,-10.628810151293235
1642,-10.628869358232713
1643,-10.631113395142387
1644,-10.631291565961707
1645,-10.630617358106976
1646,-10.631987487979453
1647,-10.628294191237444
1648,-10.630286887969435
1649,-10.630008104589486
1650,-10.628886254770073
1651,-10.628546212032006
1652,-10.632944590157402
1653,-10.631722266261189
1654,-10.630033263326569
1655,-10.63239442745618
1656,-10.627652535047837
1657,-10.629106986563126
1658,-10.628628180437474
1659,-10.629758985047935
1660,-10.62863062175844
1661,-10.630596880307092
1662,-10.628711396546493
1663,-10.63068867792146
1664,-10.629499945703008
1665,-10.630607393685667
1666,-10.628573028228084
1667,-10.628895505426163
1668,-10.630225805736119
1669,-10.631362844214287
1670,-10.628333448926938
1671,-10.630691865706053
1672,-10.628235529563558
1673,-10.629728920572662
1674,-10.629533509000801
1675,-10.63110703970174
1676,-10.629087678774699
1677,-10.629612155271678
1678,-10.630490173985883
1679,-10.629446649567493
1680,-10.630442117353754
1681,-10.630325745129474
1682,-10.631052338213104
1683,-10.628275466520265
1684,-10.630389199996175
1685,-10.6298925825275
1686,-10.630340340786114
1687,-10.631334536216
1688,-10.631857540296206
1689,-10.630112336576827
1690,-10.631267358271494
1691,-10.630209534562171
1692,-10.629836700055106
1693,-10.632072860643737
1694,-10.630533347984812
1695,-10.630869104459848
1696,-10.632626460327238
1697,-10.631005861017023
1698,-10.629947197596405
1699,-10.629067036184264
1700,-10.630048581647168
1701,-10.630040943207074
1702,-10.629349916713185
1703,-10.631081473615724
1704,-10.631090320215636
1705,-10.62918879798282
1706,-10.629706780889467
1707,-10.629928842799519
1708,-10.630077015813008
1709,-10.62976867330268
1710,-10.629276757532434
1711,-10.629782498850512
1712,-10.629200431238855
1713,-10.628606063943227
1714,-10.62885483641288
1715,-10.627588069253006
1716,-10.63149517769009
1717,-10.629347858209199
1718,-10.630251440256801
1719,-10.628385688211095
1720,-10.63014553836237
1721,-10.633243177365587
1722,-10.63038952248933
1723,-10.631132979819853
1724,-10.63113125879014
1725,-10.630388059071054
1726,-10.629420224860194
1727,-10.62823971311644
1728,-10.629943046122065
1729,-10.629025344741759
1730,-10.629078933666557
1731,-10.630110939082352
1732,-10.629425180879176
1733,-10.630280265925037
1734,-10.629495054671374
1735,-10.630102028612782
1736,-10.630931659182329
1737,-10.627069906217287
1738,-10.629989785398607
1739,-10.629359393450851
1740,-10.627852155842957
1741,-10.631508230679298
1742,-10.62832488431726
1743,-10.63075478088473
1744,-10.629838954086633
1745,-10.629938898176789
1746,-10.630655730175409
1747,-10.627175080248486
1748,-10.626685926817608
1749,-10.62873535638528
1750,-10.63128660846568
1751,-10.631340649910399
1752,-10.630835652454552
1753,-10.63113819245056
1754,-10.631645730628644
1755,-10.629245608212637
1756,-10.630488544141071
1757,-10.629642682957522
1758,-10.628129175286947
1759,-10.631658109694602
1760,-10.629477656814773
1761,-10.62954105192691
1762,-10.630112304118915
1763,-10.629712647528672
1764,-10.630802804406343
1765,-10.628684058058383
1766,-10.629345550592628
1767,-10.629267924301642
1768,-10.629745048627836
1769,-10.63161260305702
1770,-10.63195864553114
1771,-10.632287864137004
1772,-10.629702137710543
1773,-10.63034396335139
1774,-10.629643503039688
1775,-10.628347461709204
1776,-10.627060605587749
1777,-10.629450332217258
1778,-10.628093487981165
1779,-10.630534558712236
1780,-10.62993427981584
1781,-10.630534114947196
1782,-10.628353059475453
1783,-10.62826999738395
1784,-10.630699679682238
1785,-10.630192258654626
1786,-10.628575130878282
1787,-10.630246001349393
1788,-10.631610472728637
1789,-10.628781172545759
1790,-10.629049741848778
1791,-10.63019607498086
1792,-10.626167744125123
1793,-10.629627836875162
1794,-10.630516469629006
1795,-10.630312880520359
1796,-10.628421342406435
1797,-10.628784940004378
1798,-10.628180063485939
1799,-10.630466344262937
1800,-10.630993682691964
1801,-10.629647236523574
1802,-10.630830594966756
1803,-10.629690367196314
1804,-10.630773075288811
1805,-10.634003354604113
1806,-10.631302934155592
1807,-10.628640084705932
1808,-10.63145088435423
1809,-10.629023626684523
1810,-10.628306987342722
1811,-10.628732925947387
1812,-10.62751625092054
1813,-10.631678450682504
1814,-10.630774226262929
1815,-10.630339538909636
1816,-10.630816519309393
1817,-10.630931435487922
1818,-10.629022678242658
1819,-10.630842167873539
1820,-10.62939024242507
1821,-10.63048877142527
1822,-10.630743704903873
1823,-10.629515626172278
1824,-10.6282828073132
1825,-10.630110295816074
1826,-10.629400270212763
1827,-10.631644490051183
1828,-10.629000571711515
1829,-10.629727857160322
1830,-10.62982024447872
1831,-10.630735720365447
1832,-10.629913038339467
1833,-10.630269111849207
1834,-10.63076491667682
1835,-10.628548662753957
1836,-10.629541340673963
1837,-10.628596678785627
1838,-10.630962315179909
1839,-10.631669868277699
1840,-10.630028665186725
1841,-10.629330941244934
1842,-10.629226877857024
1843,-10.631575500685758
1844,-10.630598117855486
1845,-10.630395374358027
1846,-10.630433033310682
1847,-10.6307642340099
1848,-10.629048937334488
1849,-10.630362926027873
1850,-10.630020990200975
1851,-10.631043082793482
1852,-10.631329595596902
1853,-10.630017102125834
1854,-10.63053254780693
1855,-10.63150955506906
1856,-10.62859570993673
1857,-10.630624415174726
1858,-10.633002089168254
1859,-10.628322545472262
1860,-10.630050025039907
1861,-10.632504016110772
1862,-10.629603927514456
1863,-10.63052728781757
1864,-10.631451573955346
1865,-10.630665195621344
1866,-10.629445761145307
1867,-10.628863639478935
1868,-10.631451290090975
1869,-10.629769687397523
1870,-10.63147659127645
1871,-10.63106627347931
1872,-10.62980849245526
1873,-10.627361826949473
1874,-10.631012113935752
1875,-10.631487378755573
1876,-10.62784757745708
1877,-10.631303714202444
1878,-10.63016183044413
1879,-10.629935883489608
1880,-10.630889734772751
1881,-10.630248593510489
1882,-10.631388851112632
1883,-10.632808109818413
1884,-10.630480366659413
1885,-10.63236386659394
1886,-10.62966019452997
1887,-10.629168040758632
1888,-10.628610628521976
1889,-10.630075199287507
1890,-10.629409341221413
1891,-10.632002633108602
1892,-10.632219561776447
1893,-10.630104752170126
1894,-10.631421385693326
1895,-10.628483617977096
1896,-10.630191539929434
1897,-10.630072407204946
1898,-10.629551146430384
1899,-10.629635595204864
1900,-10.631004908070382
1901,-10.628240423792844
1902,-10.629525159194703
1903,-10.628534524217397
1904,-10.629155510784704
1905,-10.63384054760441
1906,-10.630763747355722
1907,-10.62949407286682
1908,-10.629460436807877
1909,-10.630191877765688
1910,-10.629791284542188
1911,-10.631075158452353
1912,-10.630902326033183
1913,-10.628389179832231
1914,-10.63056218612369
1915,-10.628996120258737
1916,-10.629800282680591
1917,-10.629129884568963
1918,-10.63028215184518
1919,-10.631267174798966
1920,-10.629692195143043
1921,-10.631147690946516
1922,-10.62913910624289
1923,-10.632017752785993
1924,-10.63201179898007
1925,-10.631233636869068
1926,-10.629696954670852
1927,-10.629860219165273
1928,-10.63190464151805
1929,-10.631797447923832
1930,-10.6320766576964
1931,-10.62957142127382
1932,-10.632547369236745
1933,-10.631118018601407
1934,-10.629090255910548
1935,-10.629635673182106
1936,-10.629648957585232
1937,-10.630841329664037
1938,-10.629755037889726
1939,-10.629203957594429
1940,-10.628822515625775
1941,-10.629195818676905
1942,-10.62877540690094
1943,-10.630068456876456
1944,-10.630494054673017
1945,-10.628314911595893
1946,-10.6336157742502
1947,-10.631348340315773
1948,-10.631547420544253
1949,-10.629486372489039
1950,-10.629519396182733
1951,-10.628952573331718
1952,-10.632033960257122
1953,-10.631316573590047
1954,-10.63074566847618
1955,-10.632084989178935
1956,-10.627974212998039
1957,-10.630457772945595
1958,-10.630424197918494
1959,-10.63088513063956
1960,-10.630639392459035
1961,-10.62972772959666
1962,-10.630102494495102
1963,-10.632701592764167
1964,-10.62873983774302
1965,-10.631638875198314
1966,-10.631214939709494
1967,-10.628669775361773
1968,-10.630330474027133
1969,-10.631075773833967
1970,-10.631210527453305
1971,-10.629950753731304
1972,-10.629362791894897
1973,-10.63189029905249
1974,-10.630714203146217
1975,-10.629813526031057
1976,-10.630742736906123
1977,-10.630512107554905
1978,-10.62983965538716
1979,-10.630536103344776
1980,-10.631213679072504
1981,-10.628159402412015
1982,-10.631716794691117
1983,-10.629465065140646
1984,-10.629054670659613
1985,-10.63132146774148
1986,-10.631506614766725
1987,-10.630627812013973
1988,-10.628626022412137
1989,-10.629559448153797
1990,-10.631292695559402
1991,-10.627699118018844
1992,-10.631989013457098
1993,-10.630198153568339
1994,-10.629823399886726
1995,-10.629635833811237
1996,-10.631491540603953
1997,-10.629784993287098
1998,-10.630673896295095
1999,-10.62939798790906
