,value_per_image
0,-10.63549393359815
1,-10.596387747491649
2,-10.611505636390373
3,-10.519314464592703
4,-10.579399311571901
5,-10.578512964416564
6,-10.499152032139737
7,-10.571851777654311
8,-10.323405026011896
9,-10.628290525752963
10,-10.421103027544248
11,-10.69296086967449
12,-10.534631867957904
13,-10.659799022234127
14,-10.724459498375898
15,-10.569462369072893
16,-10.671762743455462
17,-10.597151188784544
18,-10.61082331927413
19,-10.645717359918908
20,-10.6174058365641
21,-10.46930772073417
22,-10.50788436342091
23,-10.634117052672623
24,-10.487315869850887
25,-10.624379737905926
26,-10.64728983227636
27,-10.544776305363378
28,-10.624013087017174
29,-10.639998481376354
30,-10.532973402183128
31,-10.33708423619971
32,-10.338395753286617
33,-10.429011199852551
34,-10.602970318883779
35,-10.65051046472752
36,-10.538136174105023
37,-10.496582145514962
38,-10.684299459560318
39,-10.62775352999281
40,-10.452050337379903
41,-10.571019884805366
42,-10.52968659967692
43,-10.548340371999313
44,-10.650053581636369
45,-10.662312043193817
46,-10.556456591940456
47,-10.596635793349662
48,-10.674822030372717
49,-10.642270431464516
50,-10.69509052681708
51,-10.55913176104569
52,-10.583217962384268
53,-10.592508591187194
54,-10.745229118392066
55,-10.621743010990613
56,-10.614327158421114
57,-10.569386894688236
58,-10.606420878267997
59,-10.28324837005882
60,-10.650678930787546
61,-10.707552984295006
62,-10.643567429353153
63,-10.687203342419114
64,-10.369326193425382
65,-10.711234255415835
66,-10.649856251287373
67,-10.629748080951584
68,-10.668866205959162
69,-10.59416151973833
70,-10.696354147080855
71,-10.599971120948844
72,-10.529632388518737
73,-10.644691151664494
74,-10.70859390786522
75,-10.463327297701008
76,-10.673507295383263
77,-10.678617288981775
78,-10.600956324046367
79,-10.62473236625403
80,-10.406804165778789
81,-10.719082960957836
82,-10.558193793389966
83,-10.494640635390313
84,-10.480344683082082
85,-10.363834280551355
86,-10.486114848081392
87,-10.70632453765959
88,-10.628557013399632
89,-10.619782330909583
90,-10.540139336810666
91,-10.624787537006886
92,-10.655032395990453
93,-10.639318985363893
94,-10.65694842360766
95,-10.513239381835298
96,-10.68182483323922
97,-10.699447807734817
98,-10.577375949579858
99,-10.322095184337737
100,-10.740145835312244
101,-10.49831065690069
102,-10.443806922922679
103,-10.616198199273722
104,-10.538880588964494
105,-10.447147397483766
106,-10.352677899393822
107,-10.421513408240997
108,-10.63374826038341
109,-10.667741153108011
110,-10.63078443272694
111,-10.512700369936882
112,-10.545586920031552
113,-10.546389782093286
114,-10.612408275889967
115,-10.629921697542516
116,-10.701479290051653
117,-10.64816354242212
118,-10.677771206347185
119,-10.559233209358274
120,-10.55355557797889
121,-10.629359695046043
122,-10.626674790675168
123,-10.504661074251722
124,-10.723704759393087
125,-10.55611448051128
126,-10.709928465198653
127,-10.640359441745165
128,-10.462377568810844
129,-10.700981460511255
130,-10.656022843790863
131,-10.650320491758508
132,-10.455575128193745
133,-10.60302572297132
134,-10.569017401726637
135,-10.630574535814683
136,-10.556365981649163
137,-10.575020135251627
138,-10.573981174647622
139,-10.649191158374533
140,-10.3962219449527
141,-10.58139589401596
142,-10.485001549110823
143,-10.550677775745887
144,-10.554601334535716
145,-10.458133237460377
146,-10.734151756581612
147,-10.606974949546661
148,-10.469250621037846
149,-10.604253144507286
150,-10.635602614211614
151,-10.649694058704076
152,-10.409902555911476
153,-10.709566491590204
154,-10.376291561894488
155,-10.524831126513128
156,-10.524320977651264
157,-10.504900295688063
158,-10.498797988933687
159,-10.61103723344338
160,-10.444866717249768
161,-10.545860564002915
162,-10.5622269652343
163,-10.619341524858953
164,-10.59177539352216
165,-10.668069891612047
166,-10.587694623041623
167,-10.701015427638882
168,-10.636843087051895
169,-10.469169229662027
170,-10.71927754736612
171,-10.424985715637916
172,-10.591100687433721
173,-10.463687015739012
174,-10.60366028195496
175,-10.553418942381203
176,-10.714708940961977
177,-10.633983830213305
178,-10.45410281410799
179,-10.588109226087543
180,-10.58184485451072
181,-10.564782293644184
182,-10.364868314111726
183,-10.609913046780768
184,-10.605247834343565
185,-10.675093696302435
186,-10.702855423866591
187,-10.608796769443714
188,-10.257251040097598
189,-10.493127035866364
190,-10.72878519488068
191,-10.638853346563604
192,-10.623221819536962
193,-10.65041473249674
194,-10.592109467484963
195,-10.599317678843816
196,-10.61140431394098
197,-10.580839126825165
198,-10.751787526280582
199,-10.580862474829944
200,-10.624394487327924
201,-10.454944451167533
202,-10.594151464312482
203,-10.705828716055306
204,-10.63583300689644
205,-10.480587113169266
206,-10.655213126266233
207,-10.473174471335666
208,-10.672012640962137
209,-10.401338409717662
210,-10.534773902573283
211,-10.518220938109472
212,-10.59155788617438
213,-10.473954532004653
214,-10.59710036960581
215,-10.528237240929426
216,-10.523309799834868
217,-10.666397050039974
218,-10.52627165160426
219,-10.388152619208482
220,-10.469265971846307
221,-10.655956312390773
222,-10.53437769804068
223,-10.631642373387926
224,-10.644459470404199
225,-10.66395103609848
226,-10.654080017788239
227,-10.711903538100437
228,-10.630710069465794
229,-10.615326089557207
230,-10.68109013766022
231,-10.65203269181615
232,-10.570548695477886
233,-10.720296989149332
234,-10.681141314895472
235,-10.485257444974316
236,-10.589906947587338
237,-10.6388979873954
238,-10.560027746827792
239,-10.637797773450114
240,-10.660294965797027
241,-10.732221799384126
242,-10.541131954873919
243,-10.696914776210825
244,-10.71105316023253
245,-10.668799097699258
246,-10.666672816021727
247,-10.635626846195047
248,-10.47429452544511
249,-10.588732116754821
250,-10.699250343958699
251,-10.589001761372346
252,-10.51429155312643
253,-10.676680250944557
254,-10.611312412198432
255,-10.512286325245158
256,-10.558287588274599
257,-10.693338353634116
258,-10.544721485556572
259,-10.730279014980509
260,-10.614854258080161
261,-10.675239301866048
262,-10.58938392331264
263,-10.607119390541968
264,-10.512681792854174
265,-10.62042373487085
266,-10.70059766623518
267,-10.502315826049056
268,-10.47859832072192
269,-10.517750005386167
270,-10.702314627973383
271,-10.753731733149495
272,-10.509913126119702
273,-10.367314355068412
274,-10.65537731716496
275,-10.680733165490619
276,-10.567181047081585
277,-10.688560480982037
278,-10.638077332153529
279,-10.510138994961904
280,-10.637157791895268
281,-10.623838391821133
282,-10.45297830517814
283,-10.534023133246006
284,-10.685211464878456
285,-10.402049848765683
286,-10.433434695044902
287,-10.667838352246237
288,-10.59843748163915
289,-10.62662891552635
290,-10.63280645254601
291,-10.560678148100543
292,-10.418468366236699
293,-10.408265367899196
294,-10.589168576057624
295,-10.450334330025864
296,-10.590255569846237
297,-10.724730033248298
298,-10.556871753830505
299,-10.263137368332648
300,-10.635888330277124
301,-10.686117027931422
302,-10.571265544755272
303,-10.661490469772056
304,-10.378246093437113
305,-10.65883566505474
306,-10.599265031638812
307,-10.65401670241596
308,-10.437855901150071
309,-10.593229795499255
310,-10.527168060794091
311,-10.51734350557954
312,-10.689826778023026
313,-10.661481547891158
314,-10.627518262771751
315,-10.551474091637354
316,-10.651910560950569
317,-10.667940693375249
318,-10.629910566384664
319,-10.497847111900949
320,-10.505840160197074
321,-10.614841201201461
322,-10.638416065861467
323,-10.526200146103632
324,-10.333190612657738
325,-10.632103091218944
326,-10.640593436310828
327,-10.69176743874956
328,-10.65229454022924
329,-10.542930491345103
330,-10.736432785404668
331,-10.487719180830917
332,-10.574712893009515
333,-10.64886279413472
334,-10.68579342580267
335,-10.404070675071617
336,-10.687281240118665
337,-10.606584282173015
338,-10.395312037616804
339,-10.6414093728769
340,-10.724759608211944
341,-10.481330980559452
342,-10.544553917289443
343,-10.706322255023537
344,-10.649564310108676
345,-10.606851895208257
346,-10.697691178116047
347,-10.585441981339828
348,-10.588814149769773
349,-10.62138324367323
350,-10.532225625739825
351,-10.701986047208148
352,-10.663467614709523
353,-10.404688348844783
354,-10.737560198667774
355,-10.710616682153283
356,-10.362806342993265
357,-10.68306135515868
358,-10.663887237386533
359,-10.667418753790576
360,-10.410152210315053
361,-10.551752880006292
362,-10.634298580394082
363,-10.575449539890744
364,-10.51462175871078
365,-10.669922381642015
366,-10.694430159655015
367,-10.58965330079419
368,-10.630298594829043
369,-10.66407859089044
370,-10.550036531938769
371,-10.661231161876943
372,-10.537547831272342
373,-10.614828921540504
374,-10.619116907086203
375,-10.555318692831044
376,-10.700785378674654
377,-10.617978465138622
378,-10.560803967712756
379,-10.521978819128194
380,-10.42403482124902
381,-10.627492206913066
382,-10.596728665422217
383,-10.591256554863502
384,-10.610527322057726
385,-10.600755336816935
386,-10.697297476600056
387,-10.572086285890821
388,-10.40439174504836
389,-10.557896197982961
390,-10.635799552954493
391,-10.678980449535636
392,-10.646993902061867
393,-10.713343890896613
394,-10.684589199812008
395,-10.535707531038604
396,-10.590728616587311
397,-10.550718382122216
398,-10.589780218187963
399,-10.609642383086227
400,-10.617712567219248
401,-10.613987552627188
402,-10.727944837277374
403,-10.68328649868126
404,-10.615449985699646
405,-10.487149334549963
406,-10.557694812994576
407,-10.448284632258536
408,-10.64803051364982
409,-10.552427778670435
410,-10.458090368295712
411,-10.55764430752417
412,-10.560506820492467
413,-10.596277463895811
414,-10.611919081616156
415,-10.638808754237354
416,-10.66333665265758
417,-10.503295656347687
418,-10.621217847245962
419,-10.658297277784316
420,-10.668489539027744
421,-10.424448868758027
422,-10.698448587273397
423,-10.569544562395127
424,-10.734503375596116
425,-10.531588046863344
426,-10.597588178956777
427,-10.545758649324949
428,-10.38088674624821
429,-10.623052571061546
430,-10.650180618480363
431,-10.676528116275266
432,-10.534364481254917
433,-10.631854503299408
434,-10.70378628279985
435,-10.536284076147254
436,-10.445829942370263
437,-10.625018805741137
438,-10.560152027930114
439,-10.560793791025342
440,-10.56698533417741
441,-10.743203803976858
442,-10.669982196561683
443,-10.39913123437358
444,-10.5015668114694
445,-10.507311533929943
446,-10.700037509103126
447,-10.680659324507081
448,-10.580992243418953
449,-10.670179816046222
450,-10.60372274718594
451,-10.671005822046666
452,-10.519604512348073
453,-10.530115176614176
454,-10.618952634864732
455,-10.723488460512572
456,-10.7406581318537
457,-10.554958212146902
458,-10.46724309745461
459,-10.628709811704505
460,-10.643491999468703
461,-10.56843125131218
462,-10.683444485587026
463,-10.513817956112527
464,-10.689013585037623
465,-10.481301869966268
466,-10.592435814519916
467,-10.45795343487023
468,-10.726078795659344
469,-10.492824916872175
470,-10.642480853016327
471,-10.592578911227381
472,-10.630373996446083
473,-10.686060533768536
474,-10.564638701384958
475,-10.593469459287011
476,-10.68316936566106
477,-10.499700893923881
478,-10.695975496113263
479,-10.573184091508908
480,-10.708434745103494
481,-10.57805615171509
482,-10.586889989144504
483,-10.575982287031524
484,-10.595276539139553
485,-10.619044179240127
486,-10.6829729628896
487,-10.708811636908166
488,-10.611577283475766
489,-10.556704143022529
490,-10.635157127940783
491,-10.636436421826307
492,-10.737282269717404
493,-10.587426194664523
494,-10.698562123091417
495,-10.520246534467192
496,-10.515041105778282
497,-10.62406656033993
498,-10.659393145642236
499,-10.545377481287119
500,-10.69160879653912
501,-10.60157904066024
502,-10.483759120052913
503,-10.64312428149885
504,-10.673830999904553
505,-10.591243086486193
506,-10.284460525633982
507,-10.508017484577994
508,-10.604781721453248
509,-10.573512147730764
510,-10.575752829253043
511,-10.550024877171207
512,-10.226291953397263
513,-10.669856324544584
514,-10.522222949234038
515,-10.576793667858581
516,-10.527540168488176
517,-10.69508333913213
518,-10.611309018489996
519,-10.692113679069898
520,-10.588431679346117
521,-10.514241795499993
522,-10.579990556179007
523,-10.716919503038477
524,-10.683830747599835
525,-10.632083015411869
526,-10.622002291564721
527,-10.395565556232096
528,-10.65369967664936
529,-10.632933843402775
530,-10.696922969667868
531,-10.639117952382843
532,-10.718025306774418
533,-10.581796639974392
534,-10.575350852401325
535,-10.640754379880653
536,-10.482585455284283
537,-10.454239167334526
538,-10.506538341976167
539,-10.61723834708809
540,-10.687557614620387
541,-10.703968737993124
542,-10.644828579119263
543,-10.63774555245868
544,-10.64825739531783
545,-10.598967611559948
546,-10.69515366830207
547,-10.625570949455431
548,-10.56758260304346
549,-10.698787592428284
550,-10.673172286271964
551,-10.58837990583977
552,-10.550588523581283
553,-10.553171329838932
554,-10.162003460681252
555,-10.347226179208583
556,-10.564666376409686
557,-10.433522886297718
558,-10.558299447779627
559,-10.550758259058544
560,-10.426553689985301
561,-10.63004161369823
562,-10.46664478699511
563,-10.605184925459238
564,-10.638474599420288
565,-10.6284262708476
566,-10.53545552154056
567,-10.74195906642861
568,-10.420865132819037
569,-10.6496751241292
570,-10.371748209465547
571,-10.758950584255912
572,-10.492763455649476
573,-10.3932862121836
574,-10.597037744349096
575,-10.387607817314922
576,-10.597549853569216
577,-10.68051462534368
578,-10.369624243078214
579,-10.56458331361743
580,-10.709990233101216
581,-10.679363369157628
582,-10.447533255591411
583,-10.565886379728074
584,-10.415258073399672
585,-10.586128929767632
586,-10.629316802467304
587,-10.762078828569898
588,-10.377864859545644
589,-10.446717812363266
590,-10.630187797545329
591,-10.574041911731069
592,-10.565632011271868
593,-10.611413670022117
594,-10.681743534020377
595,-10.552626099473779
596,-10.458820102283301
597,-10.672135104757851
598,-10.30690600050788
599,-10.51484482682011
600,-10.56540806636744
601,-10.598129402781938
602,-10.645682877260072
603,-10.465293495586703
604,-10.553827789734058
605,-10.71585635635
606,-10.709659587058017
607,-10.539178541768171
608,-10.58138692025334
609,-10.58220406856602
610,-10.589146193722597
611,-10.664910330148548
612,-10.686981030231236
613,-10.667626127666004
614,-10.546879437976726
615,-10.668436027287004
616,-10.715376564522913
617,-10.591698329401641
618,-10.580692525444523
619,-10.681505680917978
620,-10.524675414574805
621,-10.501532675652397
622,-10.495129561821749
623,-10.571274342941225
624,-10.494544168816258
625,-10.424946443129397
626,-10.615381900958665
627,-10.522032791917137
628,-10.388059186806512
629,-10.427935072229364
630,-10.64853605045386
631,-10.568216785904422
632,-10.61520403894787
633,-10.512660715704094
634,-10.477942325893217
635,-10.774008853325718
636,-10.508109173960893
637,-10.645918149647914
638,-10.63843582316341
639,-10.633729156927995
640,-10.551976911257661
641,-10.34847350569332
642,-10.600383288357898
643,-10.683503354893137
644,-10.71708388901828
645,-10.662007516549142
646,-10.545386139390736
647,-10.681044964861842
648,-10.650685719531603
649,-10.38025312832403
650,-10.742917348306891
651,-10.643122105906203
652,-10.590715692222824
653,-10.519576868184142
654,-10.61950240596497
655,-10.433663747999908
656,-10.76238529596124
657,-10.343075931885377
658,-10.640625821107536
659,-10.691107492143141
660,-10.615718660446591
661,-10.495249306169322
662,-10.671411377921755
663,-10.303157918134174
664,-10.71942607444536
665,-10.657268717483626
666,-10.50015017088669
667,-10.641927743715918
668,-10.549371041261253
669,-10.683654043946577
670,-10.666497117687829
671,-10.682021827502648
672,-10.498217675197033
673,-10.654768640573057
674,-10.499060111910918
675,-10.328907853869476
676,-10.676140599487963
677,-10.68314270072209
678,-10.530507032763502
679,-10.627415717754973
680,-10.71901716535259
681,-10.61275366194442
682,-10.669380365389848
683,-10.591968151375276
684,-10.557696498225104
685,-10.532815923310412
686,-10.695141902645597
687,-10.619421434870967
688,-10.607381461075883
689,-10.676276118852792
690,-10.753816046888632
691,-10.63594624197238
692,-10.587513086729977
693,-10.60745184597543
694,-10.486114424946118
695,-10.74060595098361
696,-10.578670918626052
697,-10.535751571257805
698,-10.51116995188268
699,-10.367109564112534
700,-10.705752537669307
701,-10.748614808018806
702,-10.587250477292857
703,-10.41776433781281
704,-10.645162565734141
705,-10.616141125115288
706,-10.625913505354797
707,-10.59936682050096
708,-10.600024768634878
709,-10.584620772452396
710,-10.668065403303043
711,-10.669356854857359
712,-10.656522189609182
713,-10.698302790331342
714,-10.572647026879773
715,-10.634945339530919
716,-10.563245552627404
717,-10.691468963102428
718,-10.644451892211695
719,-10.579416795400727
720,-10.42814026023022
721,-10.661456497103577
722,-10.527360966312212
723,-10.557523798608694
724,-10.577600431230833
725,-10.566439765323167
726,-10.575687127120073
727,-10.36643474187947
728,-10.594178971458927
729,-10.691473192565756
730,-10.470944355160038
731,-10.670052230392088
732,-10.619018871191066
733,-10.487667432402867
734,-10.579810186678204
735,-10.645799635081778
736,-10.670706935536773
737,-10.599960674566413
738,-10.483282556978276
739,-10.64579432723121
740,-10.658300698554012
741,-10.451603825520458
742,-10.644408847007039
743,-10.684456430503143
744,-10.601477822516848
745,-10.573773768622196
746,-10.488168394588724
747,-10.648678259481613
748,-10.59088671931849
749,-10.704506190512166
750,-10.574398083539254
751,-10.66783854015017
752,-10.60545960557467
753,-10.46702936728632
754,-10.718788143535262
755,-10.504172699685734
756,-10.666231389112102
757,-10.619390598708973
758,-10.473523864306586
759,-10.349349606478944
760,-10.676331482058217
761,-10.700840987424655
762,-10.547055782845025
763,-10.605996028708725
764,-10.596469481360867
765,-10.654055659400802
766,-10.389829502089905
767,-10.713923662454548
768,-10.632519614753775
769,-10.61944642391288
770,-10.396930076360137
771,-10.629207772105868
772,-10.499857433330279
773,-10.662193202946778
774,-10.714638823993909
775,-10.637162813656486
776,-10.572416576846612
777,-10.710983382006301
778,-10.476622587622542
779,-10.663774491737533
780,-10.488771801791092
781,-10.446811162868283
782,-10.526290336355883
783,-10.724545381781486
784,-10.68666641742152
785,-10.532970651470023
786,-10.672172276358678
787,-10.693290376372877
788,-10.58259830922095
789,-10.578423457584726
790,-10.641149495242118
791,-10.652557578960105
792,-10.497325407140682
793,-10.616452669771741
794,-10.607111719974565
795,-10.570719993865694
796,-10.505566789671148
797,-10.421375764866774
798,-10.639044355815173
799,-10.761497118752748
800,-10.677536048260905
801,-10.56015076206066
802,-10.645375578342062
803,-10.705251037069374
804,-10.469062965463973
805,-10.428404182207839
806,-10.577975446080721
807,-10.660602889916476
808,-10.527405776333831
809,-10.682277250154227
810,-10.472419649106717
811,-10.541228658649997
812,-10.581792508492343
813,-10.649487810549305
814,-10.492577101218853
815,-10.27837407141042
816,-10.653646286957445
817,-10.367123767696436
818,-10.606094908464053
819,-10.670928100876127
820,-10.562932103877182
821,-10.42459143976814
822,-10.584539748544703
823,-10.62181345600542
824,-10.238505922958534
825,-10.653216838025823
826,-10.419858903718817
827,-10.572032477303507
828,-10.491198370002039
829,-10.606003628248132
830,-10.72940915624586
831,-10.702433767762194
832,-10.592304709671586
833,-10.614693431425943
834,-10.615365893959423
835,-10.675242934891076
836,-10.605977195083328
837,-10.56243070661651
838,-10.547576180427784
839,-10.513602165798122
840,-10.636375861330952
841,-10.564104846547457
842,-10.729909491479678
843,-10.691322503006033
844,-10.670633531711657
845,-10.558261451238113
846,-10.699970056167123
847,-10.423849341820226
848,-10.666943002644805
849,-10.433716290173132
850,-10.635509977558801
851,-10.533134425664237
852,-10.729399250740737
853,-10.463530563933787
854,-10.616769452210669
855,-10.346978076450403
856,-10.437473064134464
857,-10.505350346047528
858,-10.548056950032835
859,-10.59579395215794
860,-10.718760346077504
861,-10.632789719850892
862,-10.678877280223158
863,-10.635170532707939
864,-10.730750451509856
865,-10.542727036504816
866,-10.506647537248114
867,-10.690479107610686
868,-10.602073154738537
869,-10.54806395521356
870,-10.697375902326216
871,-10.617828032940984
872,-10.520698737452507
873,-10.682883816151417
874,-10.50522376029148
875,-10.590684477643242
876,-10.58882049643328
877,-10.675883218323687
878,-10.614472464488342
879,-10.64916875417654
880,-10.696885344988974
881,-10.523954530524591
882,-10.386415679339569
883,-10.56097520581139
884,-10.552715425845372
885,-10.663836877608377
886,-10.633722532469415
887,-10.581730844474674
888,-10.526953424274039
889,-10.737602791116768
890,-10.60328910432604
891,-10.52786988924734
892,-10.593989073279399
893,-10.692971764855214
894,-10.714996180785343
895,-10.421669094528717
896,-10.639679877354766
897,-10.6673688168956
898,-10.580555945142024
899,-10.592591480124117
900,-10.61961820017004
901,-10.525424887636412
902,-10.655935221525516
903,-10.633237487648957
904,-10.742229121584067
905,-10.529417249541114
906,-10.666643865666018
907,-10.56778606187052
908,-10.581906489866912
909,-10.697310839960057
910,-10.703741616976584
911,-10.529471106452553
912,-10.345373328537628
913,-10.676996321760106
914,-10.5854748731314
915,-10.594206006125287
916,-10.506257389000137
917,-10.549343697804963
918,-10.573067966947306
919,-10.647568145095047
920,-10.422721922398804
921,-10.669107927418773
922,-10.37003512356578
923,-10.591527502978682
924,-10.606068553797703
925,-10.536680664245377
926,-10.542794800511922
927,-10.571419040022423
928,-10.410650168219737
929,-10.457673405050636
930,-10.752744460710533
931,-10.663469156898236
932,-10.540195938425876
933,-10.716579414092081
934,-10.543352475957963
935,-10.423471496006556
936,-10.733169355097537
937,-10.450517749069837
938,-10.672932343246153
939,-10.70823636108915
940,-10.451345700603543
941,-10.540097364049037
942,-10.662524315542301
943,-10.464259905311485
944,-10.681330277723584
945,-10.508124432023962
946,-10.435982008005066
947,-10.654890927529141
948,-10.73912901334552
949,-10.538842369221783
950,-10.50295450614695
951,-10.597899053368883
952,-10.641204233247834
953,-10.556040201205011
954,-10.669135701086796
955,-10.49519530993592
956,-10.590560409053515
957,-10.652134349145012
958,-10.647114254631633
959,-10.531160590774777
960,-10.667689465427896
961,-10.730165892725475
962,-10.608988004938904
963,-10.448916127019784
964,-10.43634257608374
965,-10.585184462189225
966,-10.571097247827302
967,-10.404646351169724
968,-10.373233714340769
969,-10.665182337832992
970,-10.525248708564153
971,-10.695191108019856
972,-10.61776620320446
973,-10.563709887271138
974,-10.66476932534503
975,-10.545426611781759
976,-10.658618660006825
977,-10.52546784559246
978,-10.623218719627829
979,-10.531624522983364
980,-10.723484174636175
981,-10.607893932846963
982,-10.694994086562012
983,-10.712941318245015
984,-10.433926752897683
985,-10.603316805095687
986,-10.628486284449718
987,-10.446469280804095
988,-10.652395196276006
989,-10.559578202551835
990,-10.598631611502958
991,-10.744428408252649
992,-10.615086418753993
993,-10.494472921727967
994,-10.463293852558953
995,-10.563083477403158
996,-10.630400819095307
997,-10.629118945149495
998,-10.687519679160463
999,-10.398184756986971
1000,-10.503800185386396
1001,-10.478431800535796
1002,-10.56091939561119
1003,-10.627487816320496
1004,-10.595533572461905
1005,-10.708102317376467
1006,-10.59097942558819
1007,-10.41441870450968
1008,-10.5908571025649
1009,-10.6184239349469
1010,-10.484689204266848
1011,-10.733772150950166
1012,-10.692787896584669
1013,-10.697491872882967
1014,-10.509320607063051
1015,-10.612767662726649
1016,-10.455785759776793
1017,-10.501434695505043
1018,-10.28231100525075
1019,-10.657598799555377
1020,-10.503619403356579
1021,-10.645351278375143
1022,-10.555107193958694
1023,-10.62778377845766
1024,-10.711651558893273
1025,-10.709394082437251
1026,-10.390720226065497
1027,-10.626053635600917
1028,-10.635682618405664
1029,-10.370648983082098
1030,-10.628469717355284
1031,-10.663177738408745
1032,-10.559843589290574
1033,-10.681723819823238
1034,-10.462648091970204
1035,-10.690182850785359
1036,-10.49216125080557
1037,-10.448224265420702
1038,-10.699715997762107
1039,-10.519324178547109
1040,-10.451247783411091
1041,-10.44749374661436
1042,-10.648293038976645
1043,-10.743567797882278
1044,-10.67076783561979
1045,-10.59421214373325
1046,-10.418673485339845
1047,-10.545651923071329
1048,-10.631718502526054
1049,-10.564427285431517
1050,-10.617118884248212
1051,-10.576000681304988
1052,-10.705947332068046
1053,-10.668452236514392
1054,-10.630538219201773
1055,-10.51880827609584
1056,-10.540128551139645
1057,-10.686298107474359
1058,-10.572648946412828
1059,-10.389541598606499
1060,-10.470751901945015
1061,-10.486851802608047
1062,-10.62726413279598
1063,-10.754949817452383
1064,-10.514104433881883
1065,-10.665342692642783
1066,-10.533211880016998
1067,-10.720633903592024
1068,-10.584458463235872
1069,-10.55133900522323
1070,-10.707068015670156
1071,-10.730735097048203
1072,-10.59510475153104
1073,-10.628912965475932
1074,-10.544170540885604
1075,-10.469747841000448
1076,-10.285312363364387
1077,-10.698315270248496
1078,-10.634436764285557
1079,-10.638135759624632
1080,-10.6927348131681
1081,-10.254889662632644
1082,-10.54901886295151
1083,-10.432577393689856
1084,-10.64021690140034
1085,-10.56666096458236
1086,-10.471517404733461
1087,-10.582589319594362
1088,-10.471785769706027
1089,-10.74947667193301
1090,-10.513394697528296
1091,-10.546921561974058
1092,-10.731944014259335
1093,-10.664122751603163
1094,-10.639997770467538
1095,-10.670558981684133
1096,-10.66160549581148
1097,-10.604580849436756
1098,-10.624750767828434
1099,-10.736223303889528
1100,-10.722605283055044
1101,-10.518921262705256
1102,-10.526146104620922
1103,-10.324443486355241
1104,-10.639343330701717
1105,-10.566904149706843
1106,-10.628628797779836
1107,-10.635277946247886
1108,-10.468681871548482
1109,-10.650036667650532
1110,-10.668709837132873
1111,-10.714571677067694
1112,-10.675198234800288
1113,-10.656387199202744
1114,-10.458061056798439
1115,-10.757604840164566
1116,-10.734935090037386
1117,-10.596394552520724
1118,-10.644896397202146
1119,-10.493551307931872
1120,-10.53141795419784
1121,-10.56198032447881
1122,-10.519121172045901
1123,-10.617913907777037
1124,-10.566173446748417
1125,-10.465647492218345
1126,-10.590563620032377
1127,-10.370693901688472
1128,-10.60963192440524
1129,-10.672839003857444
1130,-10.683266157382173
1131,-10.403888112307655
1132,-10.513773986377293
1133,-10.583322460885814
1134,-10.341540947744155
1135,-10.442429994520184
1136,-10.773314261178221
1137,-10.685896499825917
1138,-10.600329132752936
1139,-10.669486298120264
1140,-10.085637964049168
1141,-10.620495524263687
1142,-10.58159278923005
1143,-10.45282990679301
1144,-10.674062388267684
1145,-10.627250609195285
1146,-10.59686037249466
1147,-10.715701999671367
1148,-10.515440990051284
1149,-10.602317048787416
1150,-10.613091048169991
1151,-10.228414143060906
1152,-10.608321195135128
1153,-10.630997751901873
1154,-10.608776861493736
1155,-10.564601695431673
1156,-10.528074107468653
1157,-10.715825231216337
1158,-10.678900531549859
1159,-10.520354147175587
1160,-10.60864722713235
1161,-10.613076139870095
1162,-10.565703538986483
1163,-10.687595391788589
1164,-10.49540727841084
1165,-10.432597144446996
1166,-10.603731773247906
1167,-10.695413307495564
1168,-10.55920327326102
1169,-10.485126041349467
1170,-10.672407553932173
1171,-10.569031737231443
1172,-10.598722336945594
1173,-10.737436088472894
1174,-10.691651670260434
1175,-10.616915493397332
1176,-10.466585085987449
1177,-10.589207503538448
1178,-10.728375890027992
1179,-10.60223789478932
1180,-10.585528817708887
1181,-10.680094502448217
1182,-10.66557971164026
1183,-10.539521779772723
1184,-10.659587286834775
1185,-10.646040417152896
1186,-10.584511946467952
1187,-10.457941086809619
1188,-10.596432035560813
1189,-10.662680003155543
1190,-10.601926763218419
1191,-10.632912574092751
1192,-10.672054786260944
1193,-10.417345189372815
1194,-10.596450340350213
1195,-10.361620430417872
1196,-10.690141835616958
1197,-10.728442937619489
1198,-10.712332859170123
1199,-10.439090817639787
1200,-10.55250655375957
1201,-10.58417839877946
1202,-10.639147006432925
1203,-10.543172239219187
1204,-10.694834536959585
1205,-10.585307434846015
1206,-10.667825563597036
1207,-10.639351593528913
1208,-10.614768919034825
1209,-10.579369034996182
1210,-10.580229953102263
1211,-10.66514822405237
1212,-10.605677188087844
1213,-10.468723948150952
1214,-10.636886934916893
1215,-10.548144375809294
1216,-10.366753972988484
1217,-10.508228307684877
1218,-10.52617168958915
1219,-10.655084500380497
1220,-10.583566333984557
1221,-10.553469799243294
1222,-10.610906231048633
1223,-10.610457757077153
1224,-10.687756235599347
1225,-10.585699319689533
1226,-10.515760573669256
1227,-10.588925542414714
1228,-10.568039431703916
1229,-10.669321767065714
1230,-10.681477337481457
1231,-10.696879984871144
1232,-10.583167565051387
1233,-10.639405027603237
1234,-10.625593086188099
1235,-10.613751537243694
1236,-10.499298963924732
1237,-10.638041773967831
1238,-10.61710707086894
1239,-10.712861440346282
1240,-10.620891392121237
1241,-10.565768556783636
1242,-10.558344456098636
1243,-10.547931827479873
1244,-10.163960455925931
1245,-10.703338912080481
1246,-10.665667866430248
1247,-10.72963893344726
1248,-10.573168485274918
1249,-10.669599520863557
1250,-10.419172330505292
1251,-10.667930560538544
1252,-10.592606618985373
1253,-10.490796427243954
1254,-10.650865435751873
1255,-10.413520836164183
1256,-10.397973902746877
1257,-10.550859530036
1258,-10.524751937820264
1259,-10.462110503166633
1260,-10.555695030591568
1261,-10.617508841928748
1262,-10.62416417921748
1263,-10.695838861952764
1264,-10.60327082944451
1265,-10.451364142613718
1266,-10.702286778841883
1267,-10.74004373435815
1268,-10.603819450615804
1269,-10.628670083584053
1270,-10.536209158798878
1271,-10.506690357753964
1272,-10.747142015878186
1273,-10.462848661627243
1274,-10.479743093336497
1275,-10.490139104161573
1276,-10.624636902352727
1277,-10.53639698117832
1278,-10.58886756508417
1279,-10.737832334595916
1280,-10.448507841493404
1281,-10.497663167348458
1282,-10.716918600359957
1283,-10.379174013045578
1284,-10.607397093717347
1285,-10.707255575073347
1286,-10.507444216597527
1287,-10.641568041558
1288,-10.615725398432987
1289,-10.69190778760306
1290,-10.577748395245713
1291,-10.596125153874636
1292,-10.388125021459523
1293,-10.68649316169193
1294,-10.67086626063565
1295,-10.282621487973021
1296,-10.655372749190557
1297,-10.700742272156305
1298,-10.384860383906636
1299,-10.716381383007855
1300,-10.581308843525415
1301,-10.51792735389832
1302,-10.569710571987732
1303,-10.695728476197898
1304,-10.736740615516014
1305,-10.710819372204003
1306,-10.502218375296444
1307,-10.608912123976276
1308,-10.460264573556213
1309,-10.490977713533452
1310,-10.723493631319522
1311,-10.628792131594153
1312,-10.575165127495909
1313,-10.338234193622613
1314,-10.425811774651004
1315,-10.35804764881066
1316,-10.326077663504488
1317,-10.69669923230366
1318,-10.527436242541086
1319,-10.609339146993594
1320,-10.407602939856774
1321,-10.62761085334366
1322,-10.479030183471725
1323,-10.691908363187805
1324,-10.707795734425948
1325,-10.522609850066988
1326,-10.692026058847409
1327,-10.614731842278935
1328,-10.655083853462344
1329,-10.602183892199863
1330,-10.522598851038364
1331,-10.745498377636498
1332,-10.52170033367856
1333,-10.544752850993689
1334,-10.595320431753192
1335,-10.574807114887326
1336,-10.616163014121641
1337,-10.624987697840238
1338,-10.67948664898235
1339,-10.681983942386617
1340,-10.629678215084176
1341,-10.687716715412279
1342,-10.46458117144303
1343,-10.617346007824864
1344,-10.645115109035595
1345,-10.645666308684008
1346,-10.52213124432224
1347,-10.504378854083118
1348,-10.584410958556333
1349,-10.567025581633503
1350,-10.491532532164447
1351,-10.650632142575207
1352,-10.72904498602338
1353,-10.627139492314203
1354,-10.469610958091783
1355,-10.662403276390334
1356,-10.636604444280863
1357,-10.737935695015917
1358,-10.6306999864797
1359,-10.664991392453443
1360,-10.436767835700708
1361,-10.708477128351078
1362,-10.665861919686431
1363,-10.655158344001382
1364,-10.698208212226847
1365,-10.715151243955406
1366,-10.647188318409329
1367,-10.493431234689051
1368,-10.690574298394145
1369,-10.461048862832682
1370,-10.602736941097534
1371,-10.493164822828012
1372,-10.590046836370966
1373,-10.49162424230972
1374,-10.466490718377099
1375,-10.667198317811444
1376,-10.744621753429305
1377,-10.531769981292198
1378,-10.633400263541878
1379,-10.569754696644036
1380,-10.421339240442133
1381,-10.370670844182301
1382,-10.47289036748365
1383,-10.59075951696089
1384,-10.707927233110432
1385,-10.570235853299206
1386,-10.574756431446179
1387,-10.657094384362317
1388,-10.674366521984028
1389,-10.571396780845763
1390,-10.51757914957258
1391,-10.303951627996062
1392,-10.681243955604003
1393,-10.585061028791346
1394,-10.413890371771018
1395,-10.735320469893992
1396,-10.41134694561841
1397,-10.647529610652896
1398,-10.500045738943662
1399,-10.53865601797768
1400,-10.704998446013091
1401,-10.39336633058032
1402,-10.422766775717873
1403,-10.407705796808944
1404,-10.72860793222018
1405,-10.699918457758011
1406,-10.570244658396284
1407,-10.474698156170597
1408,-10.616752040710976
1409,-10.543279057074107
1410,-10.653800198697956
1411,-10.555997949802977
1412,-10.610623703475868
1413,-10.196170556877806
1414,-10.592668622956733
1415,-10.661388354875307
1416,-10.53160999369878
1417,-10.73657048369822
1418,-10.5900787372982
1419,-10.647421062239262
1420,-10.657877087402968
1421,-10.72931415581056
1422,-10.731231652750768
1423,-10.64376532386568
1424,-10.57062189320038
1425,-10.720411007375088
1426,-10.624223292002783
1427,-10.678979063966349
1428,-10.472875721248842
1429,-10.553514609186749
1430,-10.588161267329404
1431,-10.607796575755367
1432,-10.61608451397992
1433,-10.733754008461982
1434,-10.659539874933806
1435,-10.438491033752193
1436,-10.54839920505297
1437,-10.650864452006047
1438,-10.41274901308324
1439,-10.646958564969804
1440,-10.70217446417565
1441,-10.724280070245646
1442,-10.61475979597942
1443,-10.348235273325187
1444,-10.516663170680856
1445,-10.477574583615432
1446,-10.69650670726941
1447,-10.646715969520523
1448,-10.652298812124881
1449,-10.58034413934026
1450,-10.613715749422306
1451,-10.557538898951128
1452,-10.556304305865776
1453,-10.57790201311803
1454,-10.583102968605349
1455,-10.64655457404406
1456,-10.422291391690436
1457,-10.329516301320476
1458,-10.522140175986014
1459,-10.66015921514572
1460,-10.69703868857705
1461,-10.673042841956576
1462,-10.558423767242088
1463,-10.493010072369332
1464,-10.658586968249077
1465,-10.59844298547957
1466,-10.720019228848061
1467,-10.551090822789778
1468,-10.638337149882696
1469,-10.508775735742582
1470,-10.392262356065872
1471,-10.573078914804324
1472,-10.534481927884329
1473,-10.616653166376002
1474,-10.419416897148311
1475,-10.622865462957323
1476,-10.48499685988708
1477,-10.459669961284474
1478,-10.478150783389397
1479,-10.57317735962744
1480,-10.532306740150585
1481,-10.433266711622569
1482,-10.608068567351602
1483,-10.64914371514359
1484,-10.505678719407877
1485,-10.631881148739886
1486,-10.44636206604199
1487,-10.473501681383716
1488,-10.725834508444821
1489,-10.617337566977518
1490,-10.598307786493905
1491,-10.59416980047958
1492,-10.569093050732576
1493,-10.621074484563586
1494,-10.47439744555609
1495,-10.715614290040056
1496,-10.34739108242732
1497,-10.589384636785256
1498,-10.57587173204092
1499,-10.742676330628662
1500,-10.564889689927805
1501,-10.515627825766916
1502,-10.532052450774106
1503,-10.645864500492491
1504,-10.640405537076887
1505,-10.636428021363301
1506,-10.748704893588819
1507,-10.474128728803448
1508,-10.504048602682737
1509,-10.525098481996954
1510,-10.670176189915603
1511,-10.542294232939847
1512,-10.551665724649563
1513,-10.674486082855443
1514,-10.731955019103221
1515,-10.5956157460223
1516,-10.462187126433856
1517,-10.563491301781998
1518,-10.776596072155995
1519,-10.650252469498737
1520,-10.347819034028593
1521,-10.685807995112324
1522,-10.537651911658156
1523,-10.611387192933137
1524,-10.645599643744802
1525,-10.416467828093248
1526,-10.627057843798724
1527,-10.687504820197551
1528,-10.420326398747534
1529,-10.600641244883446
1530,-10.59443414519856
1531,-10.626232506452595
1532,-10.44256571474572
1533,-10.611485423721836
1534,-10.647763899569302
1535,-10.61748207773775
1536,-10.585147340808604
1537,-10.554049986054869
1538,-10.467293666897648
1539,-10.493331458978602
1540,-10.688795204757481
1541,-10.574330001700485
1542,-10.59172940986244
1543,-10.603144672862287
1544,-10.553527323225492
1545,-10.640839369263368
1546,-10.587904731778501
1547,-10.663353794224964
1548,-10.523103247180083
1549,-10.498056117965037
1550,-10.685684013087856
1551,-10.52506346874534
1552,-10.536824243052289
1553,-10.60581615728463
1554,-10.580326135600476
1555,-10.72558650290575
1556,-10.583852421352141
1557,-10.549914564749828
1558,-10.489319029815428
1559,-10.478621387523882
1560,-10.452405324834348
1561,-10.56396567007376
1562,-10.362151077771372
1563,-10.631179097795847
1564,-10.435090634853953
1565,-10.601102144110731
1566,-10.679894077227203
1567,-10.615178407999801
1568,-10.644726316735788
1569,-10.709211797516726
1570,-10.55755000996844
1571,-10.604568293340774
1572,-10.334955727970913
1573,-10.520482089734369
1574,-10.735367212980538
1575,-10.590782290439952
1576,-10.428362694403187
1577,-10.6896252012926
1578,-10.603347399693202
1579,-10.427107959301768
1580,-10.706342406606167
1581,-10.488338979521659
1582,-10.56133937189606
1583,-10.434323991886123
1584,-10.492154262841083
1585,-10.49429712188791
1586,-10.626033723467534
1587,-10.520925558630527
1588,-10.658499364653473
1589,-10.400584676918054
1590,-10.687102209641012
1591,-10.669943305305084
1592,-10.283093735347402
1593,-10.53733520921867
1594,-10.483405336020349
1595,-10.53604538111931
1596,-10.452806576079775
1597,-10.323332051064561
1598,-10.717510409975304
1599,-10.68271770491525
1600,-10.58584793980641
1601,-10.645095880238184
1602,-10.697222491285602
1603,-10.609209258261991
1604,-10.559349861047416
1605,-10.521771093076056
1606,-10.529851854339508
1607,-10.618406202911984
1608,-10.602387219933453
1609,-10.388296865173166
1610,-10.433554297738175
1611,-10.636249349566393
1612,-10.537584656257028
1613,-10.507004872755802
1614,-10.651595743030231
1615,-10.58173492736177
1616,-10.634340383877651
1617,-10.59094562807725
1618,-10.446444297521165
1619,-10.472808057428932
1620,-10.769961338033443
1621,-10.56027523657184
1622,-10.461878084288141
1623,-10.690243636160877
1624,-10.607800011890674
1625,-10.673121941837577
1626,-10.668380350755637
1627,-10.522586018755458
1628,-10.582200531890807
1629,-10.69606785521052
1630,-10.603637843180161
1631,-10.673680914586097
1632,-10.435697003014084
1633,-10.55325540923109
1634,-10.701080429869313
1635,-10.5927344277386
1636,-10.750404700104289
1637,-10.724596697955988
1638,-10.571663100985326
1639,-10.743532855272093
1640,-10.60833189551175
1641,-10.584004591989682
1642,-10.634449977169716
1643,-10.638611588233953
1644,-10.403479621664877
1645,-10.585743379484374
1646,-10.362275184207787
1647,-10.583111733903811
1648,-10.680699924841905
1649,-10.710370590095645
1650,-10.627410113697717
1651,-10.650473473492626
1652,-10.6841490539296
1653,-10.447668488888247
1654,-10.671571484886321
1655,-10.400647917305275
1656,-10.604854434963011
1657,-10.646129477104092
1658,-10.69445301580693
1659,-10.71078481107888
1660,-10.699946898913053
1661,-10.590416579301491
1662,-10.694503008099193
1663,-10.709011794246573
1664,-10.540353564411037
1665,-10.679982714430164
1666,-10.6842164993211
1667,-10.598504203611176
1668,-10.490430612787886
1669,-10.572013788908363
1670,-10.727146812074137
1671,-10.755411754294592
1672,-10.6363538585013
1673,-10.622700794445072
1674,-10.71697875586894
1675,-10.649730830276717
1676,-10.448221492520895
1677,-10.462302233466609
1678,-10.534370716807693
1679,-10.575967280730081
1680,-10.623254098339867
1681,-10.620358142111721
1682,-10.500811183744585
1683,-10.723560892536486
1684,-10.562937082667686
1685,-10.714060568339134
1686,-10.483006794405238
1687,-10.656695306382275
1688,-10.711988828701417
1689,-10.613762277165756
1690,-10.715868837160752
1691,-10.732379084411004
1692,-10.719207521996838
1693,-10.704188757573224
1694,-10.677576801426467
1695,-10.610301811486767
1696,-10.706088151382412
1697,-10.576916268497296
1698,-10.569127378224538
1699,-10.577268733909463
1700,-10.580396471837107
1701,-10.332738761211864
1702,-10.661839708295332
1703,-10.613913641469226
1704,-10.615363699420273
1705,-10.631104029842245
1706,-10.32290510247458
1707,-10.61261886072095
1708,-10.617115593231953
1709,-10.736237365789911
1710,-10.634764248716515
1711,-10.677610300138612
1712,-10.61384235483544
1713,-10.61160356743788
1714,-10.58169788574185
1715,-10.663651523994137
1716,-10.624612466169074
1717,-10.641479189128756
1718,-10.62392580841223
1719,-10.725884869560932
1720,-10.543205825673134
1721,-10.521501834365482
1722,-10.665902250289218
1723,-10.751311513546971
1724,-10.671725440867064
1725,-10.635938236196194
1726,-10.679258857878764
1727,-10.672276490418401
1728,-10.56645803460074
1729,-10.547209906213205
1730,-10.687521159519898
1731,-10.525478151340693
1732,-10.682246833020537
1733,-10.565606706248207
1734,-10.644164622247494
1735,-10.668819330458831
1736,-10.526348565477335
1737,-10.617983121652006
1738,-10.59794895946836
1739,-10.69307852683716
1740,-10.721352268823676
1741,-10.556810715426968
1742,-10.606666623735661
1743,-10.514772850061645
1744,-10.651684416367313
1745,-10.666077830774553
1746,-10.541908177584304
1747,-10.510161349673256
1748,-10.593947514692797
1749,-10.630585833684345
1750,-10.526331295145095
1751,-10.55811944452065
1752,-10.52806362272676
1753,-10.661491362287572
1754,-10.646176790643644
1755,-10.52443851725938
1756,-10.572623864925953
1757,-10.715023361371847
1758,-10.69999465916083
1759,-10.664484276692011
1760,-10.602090354664043
1761,-10.649212542021411
1762,-10.616490629157864
1763,-10.426481910308416
1764,-10.558663699407411
1765,-10.64870041177898
1766,-10.57512445376616
1767,-10.6621950587725
1768,-10.625118116926695
1769,-10.558424091538226
1770,-10.61866188333393
1771,-10.68182467740504
1772,-10.551231544502091
1773,-10.392379722595047
1774,-10.581664984381533
1775,-10.616318346701522
1776,-10.624064119143554
1777,-10.611244049779364
1778,-10.51548697227726
1779,-10.556049459952527
1780,-10.648643177117176
1781,-10.490168966442418
1782,-10.370134227825195
1783,-10.589379218358513
1784,-10.633756348460832
1785,-10.520078607855297
1786,-10.457849649976225
1787,-10.45921917098382
1788,-10.712794432955274
1789,-10.393311178942996
1790,-10.434963538114497
1791,-10.607164689707938
1792,-10.664359499971077
1793,-10.73512970630286
1794,-10.639563750737091
1795,-10.427621059923764
1796,-10.655473828988654
1797,-10.628723462990454
1798,-10.52757362835271
1799,-10.702175827255383
1800,-10.475176420528776
1801,-10.38382471827618
1802,-10.646434443613485
1803,-10.651261674597073
1804,-10.653645635494755
1805,-10.681440002334103
1806,-10.696759681049
1807,-10.549549757914344
1808,-10.524320162747813
1809,-10.596017542555085
1810,-10.387772903448527
1811,-10.701321394919775
1812,-10.436950455581943
1813,-10.468305531151707
1814,-10.46986324054943
1815,-10.564192597653973
1816,-10.713573536582288
1817,-10.560289792026829
1818,-10.634505792834457
1819,-10.670336771331515
1820,-10.59217998222596
1821,-10.596355318246212
1822,-10.648014169964869
1823,-10.612423372305775
1824,-10.47768059894161
1825,-10.637751142021472
1826,-10.653484967536578
1827,-10.386256205332575
1828,-10.586155809768561
1829,-10.539881793391737
1830,-10.542022791808543
1831,-10.52463201541617
1832,-10.703386994037807
1833,-10.66423151632955
1834,-10.545023345066598
1835,-10.505915713468553
1836,-10.696966791631286
1837,-10.578287165697487
1838,-10.661770220973978
1839,-10.346881773469283
1840,-10.70653857571554
1841,-10.659337365654773
1842,-10.662384274372014
1843,-10.605993189761929
1844,-10.562614475771547
1845,-10.670678229588905
1846,-10.560493551976462
1847,-10.475285241249594
1848,-10.580693410476464
1849,-10.666923837492776
1850,-10.62418880966798
1851,-10.584318063609755
1852,-10.61286895628118
1853,-10.65127419947831
1854,-10.670382780796109
1855,-10.646438171188393
1856,-10.473184087026024
1857,-10.508244545917533
1858,-10.57757961250224
1859,-10.471477682018172
1860,-10.582721674456273
1861,-10.551687211653404
1862,-10.61615333301178
1863,-10.415656413411078
1864,-10.5445635567469
1865,-10.766630382847838
1866,-10.468045930792409
1867,-10.657210433145234
1868,-10.663322777210807
1869,-10.568928093078368
1870,-10.702274723354462
1871,-10.591728893917077
1872,-10.588552760486012
1873,-10.572960324831977
1874,-10.444712417756095
1875,-10.476568280377373
1876,-10.649330028631454
1877,-10.568135015365446
1878,-10.290007798860657
1879,-10.419633389716568
1880,-10.571531851212058
1881,-10.519037403926118
1882,-10.690744133737669
1883,-10.605801901714546
1884,-10.56560456914235
1885,-10.408070443962592
1886,-10.359771810465755
1887,-10.552643569953164
1888,-10.67513740303975
1889,-10.590454958689973
1890,-10.598971135860266
1891,-10.419743072165131
1892,-10.355322944270773
1893,-10.648008794188275
1894,-10.624666902832038
1895,-10.631887812900091
1896,-10.481644670194383
1897,-10.761335592531509
1898,-10.593929481669043
1899,-10.755638747876343
1900,-10.622924352705981
1901,-10.716991673937867
1902,-10.582050854130562
1903,-10.583982542910686
1904,-10.61252838933439
1905,-10.519777515404444
1906,-10.628953342171428
1907,-10.63600764749997
1908,-10.592633733340673
1909,-10.409863161009463
1910,-10.64957815262972
1911,-10.51270564617567
1912,-10.576302508826439
1913,-10.381468371166992
1914,-10.631980335609086
1915,-10.662679381900537
1916,-10.597887753719409
1917,-10.365599663953763
1918,-10.480276943729534
1919,-10.592902448894517
1920,-10.635696589851213
1921,-10.634377597591484
1922,-10.543596034080364
1923,-10.675482949681227
1924,-10.338267002179006
1925,-10.633756692423132
1926,-10.700773563351273
1927,-10.55760616000927
1928,-10.593465609855043
1929,-10.652915859790973
1930,-10.586919906886251
1931,-10.608550019421164
1932,-10.653946120415428
1933,-10.719775651935462
1934,-10.60641753703119
1935,-10.507431735291748
1936,-10.712792529922444
1937,-10.539949193818194
1938,-10.635698413219991
1939,-10.560959819856658
1940,-10.552280538615074
1941,-10.725583234480732
1942,-10.631451513144599
1943,-10.616123467671825
1944,-10.716480640342702
1945,-10.628296420395193
1946,-10.713752506531634
1947,-10.451186605900196
1948,-10.69967409375547
1949,-10.708423406227853
1950,-10.555792123210457
1951,-10.637047503102863
1952,-10.668020543680056
1953,-10.378583948113864
1954,-10.686068732478446
1955,-10.643399642612168
1956,-10.67126214124585
1957,-10.67612891227344
1958,-10.506055686741714
1959,-10.699962807147967
1960,-10.597994246834308
1961,-10.66726833460054
1962,-10.686569709557133
1963,-10.640999336911296
1964,-10.652891778198619
1965,-10.681730930652856
1966,-10.135715995373598
1967,-10.657942882684232
1968,-10.599862019974813
1969,-10.663841975477993
1970,-10.716480441532266
1971,-10.590207278766792
1972,-10.725932446015218
1973,-10.634649249900518
1974,-10.594268291631456
1975,-10.737491499649053
1976,-10.463042272836367
1977,-10.709688405158008
1978,-10.447686910915687
1979,-10.552680831366429
1980,-10.563289642678583
1981,-10.719322858215113
1982,-10.625413459145443
1983,-10.398648650576137
1984,-10.461360103028293
1985,-10.290251957431837
1986,-10.605412815343813
1987,-10.652734234840496
1988,-10.639093822526332
1989,-10.723980125244612
1990,-10.736012915298222
1991,-10.567029078031602
1992,-10.415012703846175
1993,-10.59664137762311
1994,-10.427414662716428
1995,-10.57805602300202
1996,-10.65562855738515
1997,-10.610554112619571
1998,-10.592892173198493
1999,-10.571000202592256
