,value_per_image
0,-13.53203206679557
1,-25.155185988903668
2,-7.082204546438334
3,-41.69852996412607
4,-65.36590247599565
5,-39.080788948223926
6,-7.468355512968401
7,-10.677250450233032
8,-12.368808153941245
9,-72.02860733894752
10,-40.567033090860946
11,-67.84623708750587
12,-1.7924018203402738
13,-0.01412931691089625
14,-2.7395742594907233
15,-1.0223020247159695
16,-27.774125586957325
17,-8.50728213462935
18,-5.1010029443230565
19,-12.299919181867153
20,-43.549862892370584
21,-0.4619833498098842
22,-14.939183355760179
23,-2.733205476667905
24,-40.15754607956478
25,-12.986623934739328
26,-47.61971333049587
27,-0.005256004767176137
28,-9.654475272732483
29,-59.7932129772945
30,-103.39904945958551
31,-0.6354476284777775
32,-0.5693921409633091
33,-47.83561539794118
34,-4.761156706877955
35,-0.10804940764910498
36,-18.655573359788832
37,-10.312006681287073
38,-84.312378211951
39,-44.834611904065014
40,-6.025615939338843
41,-30.500389949440432
42,-12.007889574490633
43,-0.27182883518207746
44,-38.9257300692625
45,-3.4102354923379607
46,-0.3447922030057953
47,-8.246450072721927
48,-71.82750583825236
49,-27.618487539664116
50,-2.5603406070434858
51,-2.783233915831943
52,-33.06860370914819
53,-46.92722280134632
54,-18.66276803112123
55,-0.34377487721166644
56,-12.217928546138864
57,-48.70996549722838
58,-19.429262885991648
59,-4.229926288858678
60,-54.5678585587666
61,-32.47040533705592
62,-92.91207656014831
63,-47.464642835768245
64,-4.033188924335093
65,-49.75933346746024
66,-46.926553924066866
67,-96.0010976262389
68,-11.828680089650334
69,-12.081180284160837
70,-18.786607473899494
71,-44.136640014695104
72,-4.948419390640758
73,-3.013715565641178
74,-34.255192730999624
75,-40.56561177239479
76,-11.881849334985418
77,-36.016202973889904
78,-64.89604214032772
79,-55.882542118437414
80,-0.527197212137203
81,-10.456293014547555
82,-20.427536621563945
83,-12.735362162791375
84,-20.099718388374797
85,-8.308865968879132
86,-9.665473426383187
87,-20.26125610008603
88,-13.961973953349773
89,-18.792493566157646
90,-11.1795403326812
91,-15.911325712190926
92,-23.88768075473945
93,-56.485845581837566
94,-24.440264520718756
95,-5.046767423559231
96,-25.208998298456244
97,-23.914304728224806
98,-4.829724793540663
99,-12.47889886522671
100,-0.7108461704263505
101,-23.204977606968782
102,-7.350973325632367
103,-13.37410543662179
104,-0.4158036826411262
105,-20.16894971817277
106,-10.462716658656888
107,-1.1432824084124036
108,-32.78985302179569
109,-29.693018023109744
110,-13.13358568443573
111,-48.44354883039341
112,-4.754597978068887
113,-16.452510079632702
114,-23.4967990481382
115,-9.486960903232102
116,-16.267478991412418
117,-10.380644671922235
118,-24.637987569402412
119,-12.176572240772657
120,-7.693365857943057
121,-5.0708616868726
122,-44.71261590784161
123,-0.28167791514533747
124,-6.1125890798238665
125,-13.335489784555648
126,-32.95517665887081
127,-0.1426819260063894
128,-0.5442544063189416
129,-1.3499489252039893
130,-37.34340541005531
131,-19.90993513638341
132,-25.29871935113215
133,-25.309629774776
134,-12.291025958161072
135,-98.38813894552368
136,-3.2667358951689494
137,-3.380015602390813
138,-40.83995722072504
139,-46.967057767082224
140,-10.986667835235798
141,-2.8605264826650902
142,-35.6755754459391
143,-0.18864235322780587
144,-6.113126521878257
145,-9.108322542640963
146,-97.69664385823216
147,-14.164088422852906
148,-3.894460316852701
149,-64.10489459978999
150,-34.22023205963336
151,-86.90338683830633
152,-0.3272212499323359
153,-10.019615398690803
154,-4.565469354842264
155,-15.632626161338976
156,-28.90252283182599
157,-0.32799360030549085
158,-42.76842134454189
159,-41.12575297776834
160,-32.290917046288996
161,-15.681642310662625
162,-0.5759372957235342
163,-0.9396553400958396
164,-0.05221112217714108
165,-35.42001399991187
166,-22.338432722749076
167,-69.62768423254602
168,-0.7004693297785707
169,-0.4531117277715566
170,-18.653023254080836
171,-9.79723163170775
172,-33.04184691490475
173,-0.1566115800556247
174,-10.446387844185438
175,-0.5404759565146833
176,-1.465636745358097
177,-16.938922370096407
178,-93.82349618796775
179,-6.160887677122105
180,-52.5184194446565
181,-14.633972159911991
182,-2.488322903655785
183,-36.27482962228048
184,-33.06951592677672
185,-4.848606129068912
186,-26.91539323543236
187,-46.56921378977859
188,-40.950942087952015
189,-0.3671635867576697
190,-20.954081216143997
191,-0.5828794995395583
192,-9.921345737548535
193,-19.200369660334445
194,-31.07949174529267
195,-15.251077109525696
196,-13.009143860553003
197,-5.376964594958864
198,-18.92460960118882
199,-0.027249793187259286
200,-1.545064312166005
201,-0.22145302699391323
202,-1.8022500737404243
203,-69.03119059117819
204,-20.828661447456057
205,-43.31001433493202
206,-18.327050503721694
207,-17.30955430361007
208,-2.4419290312289377
209,-21.91322053640397
210,-0.06020548637098955
211,-17.61338219644672
212,-160.54892781715898
213,-14.902494582316876
214,-8.490155981392121
215,-44.0925363049723
216,-0.2581850039726561
217,-49.59441949468123
218,-66.4643666338946
219,-0.004238003621674036
220,-24.188443729964774
221,-17.89395367691958
222,-24.608077631273773
223,-27.647311092896416
224,-0.07252089423154473
225,-75.34285586928672
226,-21.78248237292655
227,-25.885557423127466
228,-0.3143590601799815
229,-58.08869923610746
230,-0.049167122635481064
231,-2.9060481256792627
232,-29.432977776989446
233,-50.64937881617061
234,-0.8742310391864976
235,-36.56124179315816
236,-42.50988162236143
237,-56.4163408211607
238,-3.740121116323621
239,-47.32728108117931
240,-42.10797124270562
241,-3.787390319375845
242,-7.953230811879621
243,-1.3853029997808335
244,-19.366124196938472
245,-78.25030897895704
246,-3.4538699844204075
247,-9.082799450007059
248,-71.55518823571038
249,-26.97830240044277
250,-50.11953034173348
251,-21.98528674716829
252,-20.96971006186311
253,-17.64493382552017
254,-89.33809659877375
255,-57.04911686768719
256,-1.7765104963576306
257,-1.8126329476799583
258,-42.70729701745131
259,-2.826501298470248
260,-1.2190679261752848
261,-0.010240528366239232
262,-5.336711462242249
263,-3.8269587426454734
264,-1.7823439596534172
265,-46.80261464469859
266,-42.475554084005125
267,-6.7902097683454485
268,-0.13890663055377583
269,-7.6745146014991406
270,-50.24039707632707
271,-3.685070827886875
272,-61.583227679962874
273,-1.694590130391589
274,-2.5270670738464105
275,-11.361557727062973
276,-0.8321992707581671
277,-17.288672358961776
278,-66.10615022128113
279,-10.756249083613511
280,-36.044204149502434
281,-0.47962861257838085
282,-2.553755663713699
283,-116.2897391858678
284,-32.76448049879593
285,-8.756019609723353
286,-16.131534372752352
287,-34.94483138586622
288,-10.104713939479552
289,-0.0029037989417588506
290,-0.12451251176867117
291,-1.179603560351893
292,-16.467878875785573
293,-19.798924871196732
294,-9.584653614669037
295,-0.027650016963889357
296,-20.29896800557617
297,-1.0871297860272762
298,-5.4218353792943645
299,-2.338354735837811
300,-30.562751402306617
301,-43.86004910573416
302,-0.7069213532117828
303,-4.2225022853162955
304,-0.2870266376212385
305,-63.291978716454196
306,-53.67212952986835
307,-18.14534474667441
308,-16.341978300944902
309,-59.8586244165017
310,-13.687088275777569
311,-1.0180302646342625
312,-16.088850142881142
313,-0.421635305943596
314,-0.8087565688780103
315,-0.06434755393695468
316,-6.267163259663448
317,-33.90315052299297
318,-0.13236364881049667
319,-4.453322491786594
320,-15.924086017845639
321,-1.4025754965459782
322,-32.82861677758052
323,-64.20184441321044
324,-1.9688720398639639
325,-35.12678638746911
326,-70.47202812361957
327,-4.191808598229443
328,-26.19438622759742
329,-96.93305413506141
330,-79.34849602353097
331,-69.91515734425218
332,-64.98609239312191
333,-12.734870681800203
334,-11.606424257284175
335,-16.698078627574432
336,-12.227682434728997
337,-28.575094937061294
338,-35.87738002018783
339,-10.71297724131
340,-4.029944686690214
341,-42.53768983881582
342,-1.752592148228814
343,-22.001517881059044
344,-2.2472592790145427
345,-0.32118476948647867
346,-14.976690928125436
347,-25.246811442692547
348,-31.120365181472152
349,-42.761986056193564
350,-1.8375289682862785
351,-101.8679555624949
352,-25.30464715180767
353,-10.09526147487486
354,-55.24987819130183
355,-42.662058107478515
356,-42.15930818227935
357,-106.14446394208062
358,-122.20420423476025
359,-3.5612127460262855
360,-0.9549182928083155
361,-113.73122170764418
362,-0.14610893099597888
363,-1.723706311546266
364,-50.331291805327055
365,-57.99023233320571
366,-19.286172839524475
367,-9.51403572235563
368,-5.791421140049351
369,-23.49594774005334
370,-10.70194395195415
371,-36.52569646595822
372,-7.70706426543984
373,-15.568158035442138
374,-59.02615837622943
375,-15.701551965839712
376,-4.346472218186136
377,-9.989526299582849
378,-30.15778396367994
379,-31.87394801335904
380,-0.781779946948717
381,-1.0676374747533401
382,-4.133841963346754
383,-6.648956382782899
384,-15.07877396117783
385,-19.40298508746855
386,-14.451966353037278
387,-84.30934548161167
388,-44.55930950451557
389,-0.025636845741018988
390,-30.34841093680359
391,-1.2730935752820187
392,-0.012552983204827228
393,-27.421038763818053
394,-38.86349974789499
395,-97.36819010908246
396,-21.63521921096799
397,-9.188424347866203
398,-1.098935609976877
399,-10.93418516559177
400,-74.8264735530721
401,-2.2487949737915187
402,-17.673716961166065
403,-35.16128829817899
404,-10.078238534239063
405,-3.472473724366182
406,-44.48177933417105
407,-33.21148911616183
408,-124.55797625772766
409,-5.79556409482054
410,-62.35902937403715
411,-58.018969031135384
412,-6.941842804829946
413,-0.005010954604387052
414,-0.1162387204699371
415,-7.564070711112436
416,-11.34710904620033
417,-7.126447207620913
418,-44.78703264691649
419,-65.29749617080296
420,-21.03230656574806
421,-44.94919571917853
422,-24.01918097715088
423,-44.20532407734663
424,-14.726196230483765
425,-19.833425198070927
426,-29.968915562929766
427,-59.5081008819684
428,-64.96105785575128
429,-5.88515680601995
430,-4.81194717988069
431,-39.178865297029915
432,-9.700784101604881
433,-17.867907163929885
434,-38.30632885592533
435,-57.70774154471155
436,-68.48531304760951
437,-62.83586921816641
438,-99.51960261519037
439,-7.454436294257324
440,-24.916726052186277
441,-29.488892265577817
442,-12.048530045285588
443,-74.8449721851905
444,-4.024381983136891
445,-26.181380070722525
446,-43.33420713238593
447,-0.7543727048216056
448,-34.83243155945074
449,-7.645314861627412
450,-39.36979135093134
451,-4.254547956279566
452,-9.167139218977354
453,-52.97952883813741
454,-11.701090952723462
455,-0.021702835441487878
456,-1.1227791868368513
457,-11.263127704836734
458,-23.894687391773004
459,-15.982407356721339
460,-0.7648491958391332
461,-63.27111926220823
462,-24.950118550143088
463,-1.6924531612357896
464,-17.222299789207
465,-25.698316408279652
466,-11.82585280717467
467,-25.798677676437606
468,-38.94143388772068
469,-1.9162979194994705
470,-42.356542630685
471,-13.287144595427293
472,-33.75971359315281
473,-1.4702153051175628
474,-0.41059838188812137
475,-5.3218847641546745
476,-25.44766223519764
477,-39.48842583424823
478,-45.234196748122486
479,-28.575645119027854
480,-26.886285218031787
481,-0.21711179868088948
482,-13.571923242843809
483,-4.329451362271129
484,-7.402999368909299
485,-54.98462195225392
486,-13.040633489685206
487,-1.7676208748161457
488,-23.981442131049334
489,-0.03876823182343969
490,-13.064759869458499
491,-13.665305144793859
492,-11.7688675080135
493,-0.6542126111116886
494,-45.09539928153754
495,-50.745961994678964
496,-28.274349941349328
497,-27.70617031132565
498,-5.859304017145064
499,-15.013785426218941
500,-2.8939437381045536
501,-14.793032693212808
502,-15.14975414915557
503,-5.072437675531546
504,-1.2168052958550106
505,-36.03698395884567
506,-0.004875203533153183
507,-24.00887121171877
508,-13.958276953111408
509,-5.669765512461694
510,-29.963303993128307
511,-7.443847885830564
512,-1.433675046319543
513,-50.49488444408962
514,-9.838809388410482
515,-24.482983827281714
516,-18.766237983723215
517,-36.45028216373305
518,-94.59707774148
519,-8.96420322272752
520,-10.856857346235216
521,-1.8759829777088197
522,-8.246352308651694
523,-33.99573628226062
524,-5.666470012970137
525,-24.988092444135873
526,-1.5941514158744177
527,-15.394666043643838
528,-6.599646100371461
529,-0.06592139491203852
530,-90.40169608229826
531,-28.508153348988344
532,-47.97598528261523
533,-42.424881240648574
534,-60.38559218808922
535,-13.152661046773574
536,-66.04146691580536
537,-50.29625312709538
538,-20.965553731038426
539,-52.469624839775406
540,-1.166830661838958
541,-7.04381886797438
542,-40.474943133262514
543,-0.20624190423586697
544,-12.840096420381087
545,-29.667115581978578
546,-37.755745958480645
547,-3.7515338768307345
548,-82.23490993582993
549,-108.73224613189086
550,-25.603289358923575
551,-0.006286441601304205
552,-67.05078916998264
553,-37.392276893251136
554,-15.276688877569313
555,-45.54741319725147
556,-0.046728856685881226
557,-0.3261889715082589
558,-6.99117888895853
559,-0.19713780836102046
560,-11.83086612657587
561,-18.04712936315036
562,-25.349530549813643
563,-61.4864011998157
564,-26.580936602287693
565,-59.46759277907779
566,-34.14620619089055
567,-18.075981189322192
568,-22.916608751959906
569,-0.4583066431224161
570,-0.7156077956187801
571,-27.29756663000785
572,-0.12828659150920885
573,-7.098172128551142
574,-24.471737664702232
575,-11.584947449708768
576,-37.68910635896509
577,-47.45651988196772
578,-2.1842012887666673
579,-12.052332311464966
580,-21.315776963849203
581,-5.813153994417917
582,-59.721693348445115
583,-3.638373208337427
584,-2.9192271014107973
585,-2.211483146719843
586,-40.83954100653102
587,-8.86143783271448
588,-8.507329517686387
589,-14.734851314781743
590,-34.55829728781828
591,-73.27833606544905
592,-41.09058502280817
593,-0.5677320068081144
594,-59.80865848853614
595,-5.086188142904575
596,-44.14054725196161
597,-12.256334620844427
598,-0.003673949350840644
599,-0.01734244258295803
600,-60.540073890367594
601,-37.394002351870995
602,-23.90092756533909
603,-0.5786889699011226
604,-0.31760908733403426
605,-0.28108255785423353
606,-2.0566576504273257
607,-31.312288915871704
608,-85.07249224289143
609,-26.986022773494824
610,-76.01101328924915
611,-12.14893440647711
612,-0.06667341325392329
613,-13.702858626021822
614,-67.75725206519519
615,-95.89023119420744
616,-116.37989791715518
617,-85.71007105633049
618,-2.6172123692888007
619,-12.379236690198013
620,-6.108414942366011
621,-3.043891360979771
622,-15.120431614636345
623,-36.35246714696538
624,-17.807385937819163
625,-29.93329854472904
626,-17.476725132086358
627,-116.64931629360399
628,-3.2284606374021223
629,-5.744416132519461
630,-8.953191624523697
631,-12.742827555177428
632,-0.5253332452193717
633,-34.42665819184367
634,-8.304392710725097
635,-74.61487656555983
636,-11.15001923368959
637,-2.1614863817376317
638,-2.5365730150533636
639,-56.41992766462499
640,-58.79389695356804
641,-0.015621226297298563
642,-44.81013190120224
643,-16.610922593663993
644,-17.149853142273514
645,-35.76001895684669
646,-1.5822447160608135
647,-25.149634406006953
648,-55.38041783369454
649,-5.9554321160467225
650,-17.03333569932147
651,-1.4563232823167738
652,-15.609433549260114
653,-0.055066914981523496
654,-2.9368985676446755
655,-0.08756846989285805
656,-34.190525707753864
657,-0.27811571597221274
658,-5.946042045687591
659,-24.627458547913193
660,-55.60381945492864
661,-20.393687396093583
662,-1.5527863735527774
663,-0.13906567453518903
664,-0.3659169082811786
665,-43.47564960255113
666,-0.05706940808818217
667,-29.538931093873543
668,-1.4238943412783556
669,-20.8680689216462
670,-1.1730955665989313
671,-16.81133960918327
672,-18.497970075447427
673,-49.75278331921436
674,-14.897025799295442
675,-45.11037095082452
676,-10.015963737809216
677,-57.22548055258903
678,-7.024590183357418
679,-94.9422191967169
680,-80.96450869828618
681,-10.898123312672396
682,-20.219484744620786
683,-0.6729578409976966
684,-0.07514992093251749
685,-53.967123725494744
686,-31.349215032774737
687,-5.4602113845502345
688,-9.926881884288377
689,-47.06991509947693
690,-4.459724619095994
691,-111.4669164588704
692,-18.604287572211433
693,-34.9712974361197
694,-17.235097691899682
695,-99.83971737394131
696,-0.24401770947758905
697,-30.498663103657464
698,-26.08212707606185
699,-0.21212276934763302
700,-0.09335866905987089
701,-4.292167544666313
702,-41.154751682450296
703,-0.48497737069624236
704,-18.85293997055851
705,-45.14873460889794
706,-31.025467926083365
707,-6.878389343834996
708,-14.608493957435712
709,-108.11095262917206
710,-0.11977745287731523
711,-14.50809154299725
712,-17.829186695153624
713,-27.677389805513485
714,-19.494216501191445
715,-56.601506178179534
716,-34.62094426974636
717,-5.8683349582024675
718,-0.8115815933743988
719,-3.3803391447363538
720,-15.352051068334276
721,-12.311457617019187
722,-8.613183601344023
723,-0.27681964832800077
724,-0.47746671399971774
725,-8.565693885997405
726,-52.647459845151616
727,-147.5556159741842
728,-44.762903110168
729,-1.3680111495955316
730,-8.457684559192785
731,-17.90973431727525
732,-8.211214589950941
733,-23.506907226234034
734,-20.98116301529808
735,-18.908881628779454
736,-3.2494835704710567
737,-18.776727995461442
738,-36.69802328178059
739,-16.542755361797504
740,-0.5309397925884696
741,-0.02363886843806995
742,-39.58273057425481
743,-17.545074871173554
744,-10.753657285228655
745,-89.04453740087956
746,-28.79145068461287
747,-47.99062771001661
748,-34.90689020433183
749,-1.9650726691079399
750,-0.31303422523433255
751,-5.081796621241665
752,-28.452473394370003
753,-5.566312072553615
754,-27.045955225460048
755,-47.766611643195176
756,-25.98828563499228
757,-6.167784080894307
758,-0.008067732221533674
759,-0.21458921004716558
760,-32.17973364032571
761,-14.346179004442718
762,-85.695133495763
763,-0.7370308753495465
764,-30.943562333302452
765,-15.871449001407882
766,-5.877433644058556
767,-50.299001129435965
768,-22.252026780902497
769,-0.7841578802114526
770,-0.3644914305914426
771,-39.564483203796954
772,-6.2079657326085
773,-78.24755112289455
774,-3.0183469863092114
775,-79.22259018209115
776,-23.21535674158622
777,-10.231579502561658
778,-11.156816385082493
779,-8.017488932428861
780,-32.96656911153508
781,-15.11730815408373
782,-21.596808298875658
783,-9.272414194085286
784,-105.43393310242845
785,-14.563401365903701
786,-43.759552133525176
787,-18.851155953367712
788,-2.538183209462204
789,-52.351615530715435
790,-60.953267603461654
791,-7.886303390318062
792,-96.57803147743107
793,-19.342764242600424
794,-23.024478391274926
795,-22.878186232354892
796,-1.6200510694252443
797,-0.8384405176948349
798,-27.594471435411833
799,-20.49909817288301
800,-0.3169936411326262
801,-49.9383874935254
802,-58.372848888640874
803,-39.58659876204729
804,-5.561854394131828
805,-1.3332079955403913
806,-42.92308271637188
807,-3.0631148934708747
808,-34.68252501801254
809,-6.362141386582152
810,-5.682339394226801
811,-63.583498329822305
812,-7.22096564907811
813,-35.21083103152341
814,-53.32253449694463
815,-0.0518027260339764
816,-0.3552610679071222
817,-20.338620752948827
818,-18.763107978930293
819,-21.678966516439687
820,-23.33875417313152
821,-0.0990252691663791
822,-33.31506943240289
823,-56.155709636218376
824,-11.936169142789623
825,-30.661546357726138
826,-4.215264404031302
827,-10.460165916680353
828,-1.3233038001976638
829,-13.44004277944623
830,-36.14483855591243
831,-9.803347007764387
832,-6.439885470317677
833,-15.912949694042027
834,-0.22024887811949156
835,-16.08237179537491
836,-0.40456822506348544
837,-41.47895627892677
838,-8.979064196278216
839,-3.0472137967008166
840,-20.18461976211151
841,-30.22782547106825
842,-10.883281738230096
843,-51.26789996938351
844,-4.632920101095806
845,-15.884115047076534
846,-8.674117669856969
847,-15.551667342107464
848,-0.22275455124145083
849,-1.5759503110950632
850,-19.196689597702004
851,-0.008265745908573763
852,-16.44217147153813
853,-23.371117182689655
854,-2.1079966863492245
855,-1.5408667319861706
856,-1.9550340971400715
857,-0.08771978825200222
858,-31.70631433560129
859,-2.640435174689628
860,-20.018175967030402
861,-37.74491486603736
862,-35.264314432211904
863,-0.28112832654687736
864,-0.43048205354425306
865,-38.77704792271834
866,-38.760871372676775
867,-2.6614837804845592
868,-75.96878081772047
869,-16.465684942946893
870,-1.2193624493806965
871,-52.48408368906439
872,-6.965272941106377
873,-10.84422908203851
874,-0.0009351206077705676
875,-49.86981545704475
876,-2.9573590476552454
877,-0.8097573866834864
878,-12.930832746893543
879,-0.23573447704916362
880,-26.45958374944712
881,-38.23001592394576
882,-21.596823508694797
883,-15.174702397147712
884,-5.747507635384345
885,-11.646453130955706
886,-6.705987016481231
887,-32.46292402595952
888,-22.387890793345264
889,-20.485225949116284
890,-1.0506228322174138
891,-33.81264616297267
892,-0.1582130056049209
893,-54.000276353079244
894,-8.093393428775016
895,-1.031135200961387
896,-0.4619656578847753
897,-36.13650059800432
898,-0.13964351594586333
899,-33.46248389777611
900,-29.17630073813666
901,-21.862244252755772
902,-18.290403166611213
903,-0.27023326692985705
904,-42.0905873944248
905,-96.92325693870225
906,-5.9491511197484215
907,-82.2618223169411
908,-1.0502673271676173
909,-0.5564814275442131
910,-1.6904321983847694
911,-0.31755866921594134
912,-0.10210730328560658
913,-5.4655201245391885
914,-31.236930275970508
915,-25.66473964278157
916,-5.325059950817376
917,-1.8941496498534889
918,-34.11767843050495
919,-12.818491972879656
920,-5.0099216746671775
921,-58.78952591781854
922,-9.357401977529207
923,-66.71633515002702
924,-46.806485833003535
925,-40.870816113299064
926,-17.735979853066965
927,-16.587737419437644
928,-53.951960133124885
929,-13.055444239638746
930,-40.117003225820554
931,-20.424271965867206
932,-28.066758597393346
933,-34.44861717985893
934,-11.571691845038117
935,-1.428222492784009
936,-18.570299529967457
937,-22.647887532115988
938,-15.54131689592873
939,-26.858084091625642
940,-0.9877542577487475
941,-0.4247927925334807
942,-11.209332196903233
943,-39.945430764848226
944,-24.144746887086512
945,-0.6159398967296283
946,-0.2698864990549623
947,-2.48658409144965
948,-53.5252926570808
949,-11.259802519343793
950,-0.013162430005309034
951,-0.5486548118358314
952,-0.06687586631778686
953,-91.86284833461104
954,-7.351591190762683
955,-1.3501947774871752
956,-64.02214236285181
957,-51.295307859019886
958,-12.67225119151766
959,-37.71191216097927
960,-69.19026591725606
961,-30.61769348274663
962,-19.841782238619317
963,-0.1662545211658346
964,-16.583541630560745
965,-2.5813901521848948
966,-14.04638520901699
967,-0.14987354284676258
968,-0.12265747004948935
969,-31.630165799901533
970,-6.727835589660458
971,-124.37273611116234
972,-42.79144365873526
973,-32.52552606557498
974,-0.12623752446052094
975,-40.61196389235829
976,-1.8735798371154715
977,-0.01916371506391812
978,-9.829690736072735
979,-13.97295426904384
980,-31.854996934632254
981,-26.589078825128503
982,-41.18188682504115
983,-8.063264686681578
984,-6.2045663054468605
985,-3.433811716914448
986,-67.60949191370753
987,-27.912020986457023
988,-25.063274390704464
989,-101.72151773667429
990,-23.79824509541254
991,-74.40445086761974
992,-3.3676199499095674
993,-10.93028513530362
994,-11.777090541679598
995,-33.874850113165394
996,-11.656951078524571
997,-16.964667380396087
998,-5.013354291256789
999,-53.8299419922987
1000,-3.9326895480189137
1001,-73.17246299207643
1002,-44.8695793303491
1003,-0.4359336477261877
1004,-0.1237470790711086
1005,-12.58360859564209
1006,-1.7210973687833757
1007,-18.510822248344084
1008,-88.54788086012684
1009,-84.08605923867708
1010,-93.3820327461508
1011,-28.706372900783663
1012,-10.650258220703108
1013,-74.61184311202436
1014,-1.8010616615071058
1015,-40.07388559571427
1016,-2.1583534655947005
1017,-1.669231642655177
1018,-16.49041510957253
1019,-15.854478086373774
1020,-5.079154843154356
1021,-1.9863295680406736
1022,-56.363428302516695
1023,-24.785694829651447
1024,-16.839504095800294
1025,-31.346127019255505
1026,-1.7174411690070883
1027,-0.10734617100752075
1028,-6.071002974749358
1029,-8.593756992318959
1030,-21.141240321198723
1031,-52.629301463701495
1032,-7.403627069020544
1033,-89.07123187265208
1034,-19.996260365979765
1035,-4.927972890173692
1036,-1.5936337304613062
1037,-14.236541527463505
1038,-13.492487887335301
1039,-2.884214216195687
1040,-0.9162084086598874
1041,-22.001349051677643
1042,-31.06470852665143
1043,-44.137979081682715
1044,-18.83200504872366
1045,-21.673482192325537
1046,-0.9530187120940354
1047,-48.3665660906363
1048,-0.15971440996872843
1049,-40.41837120624177
1050,-2.311664133476256
1051,-1.8550633049453609
1052,-52.51994580676228
1053,-36.93147951363426
1054,-7.268452774259231
1055,-2.2949033476480736
1056,-0.41679329702310497
1057,-1.6836332001138579
1058,-0.01704783057566317
1059,-26.70358438366908
1060,-36.23530026968933
1061,-10.880300056209421
1062,-6.909681660744809
1063,-13.90947016404914
1064,-4.075580417375022
1065,-50.65574399401885
1066,-70.63923269412044
1067,-46.198860078481175
1068,-28.87596581329376
1069,-0.3570864298799279
1070,-137.54302758494123
1071,-58.44964131763845
1072,-24.151463268774137
1073,-27.323221469014243
1074,-24.19061355077838
1075,-2.3172893763107822
1076,-10.83561717121529
1077,-9.452337827037518
1078,-43.52497206049247
1079,-12.769278671070424
1080,-7.103314022244376
1081,-0.18206624490873047
1082,-11.55302911863852
1083,-9.519647271792417
1084,-8.318773268883206
1085,-3.725440373760648
1086,-69.33985967523859
1087,-0.7419753299395779
1088,-40.65466835940242
1089,-17.776098159805883
1090,-9.862093993302551
1091,-34.15061867379313
1092,-32.70947543508191
1093,-5.330985163167497
1094,-12.444802948656985
1095,-23.999764384355103
1096,-14.058648332215853
1097,-1.1767896622412763
1098,-5.545634642143341
1099,-59.55291592494177
1100,-7.203853999715648
1101,-2.8696882723088493
1102,-7.812837189069987
1103,-28.13761147726109
1104,-0.09181595380005092
1105,-9.156099137380806
1106,-45.6764410820324
1107,-43.87663799375085
1108,-33.38700211498954
1109,-21.132049880025804
1110,-8.976487521888032
1111,-8.412120167467037
1112,-1.111082383646135
1113,-1.3204488591563859
1114,-3.101269250642048
1115,-25.36939739925583
1116,-18.3520370963019
1117,-10.481072369129645
1118,-0.05525498043903099
1119,-57.8657873944765
1120,-17.302052409698717
1121,-1.0143066754781103
1122,-14.141247720722617
1123,-6.180756746103171
1124,-26.48988026674118
1125,-86.31155377600408
1126,-31.034926354586787
1127,-0.09770548297876758
1128,-58.00958237704212
1129,-0.27926138584138815
1130,-24.832127957568446
1131,-24.562048914476122
1132,-23.941576886136318
1133,-48.39724260793173
1134,-1.5135623621967227
1135,-70.89230668500932
1136,-0.4898823025329193
1137,-5.283414533507312
1138,-8.026038181608442
1139,-6.250555395378001
1140,-0.6486080059057713
1141,-11.433092235560906
1142,-32.99901126392069
1143,-17.849727186987366
1144,-39.756792528107326
1145,-17.258100911505608
1146,-50.78422544700493
1147,-23.37284223559311
1148,-3.735153199046181
1149,-0.6095840444144471
1150,-32.74927160187178
1151,-8.232609211181074
1152,-8.859744040544456
1153,-1.3290674791726929
1154,-129.35222702857936
1155,-16.433717353471778
1156,-4.559379124092629
1157,-34.77032508388908
1158,-2.282522526114917
1159,-1.2486840815508913
1160,-0.2550814438094591
1161,-0.11379881172308615
1162,-3.154297603146574
1163,-34.18517849341879
1164,-1.0841200479353574
1165,-8.120121369399602
1166,-47.96218353463337
1167,-17.54534694641567
1168,-38.942787966422685
1169,-0.678904555257418
1170,-114.55805234775744
1171,-3.4077119191416614
1172,-39.939726010818305
1173,-0.1698382230479183
1174,-28.1424809841255
1175,-11.608417148429453
1176,-0.4229480716780927
1177,-17.268561405669473
1178,-26.463119415435813
1179,-0.4266934553440933
1180,-41.877220330721684
1181,-29.053747422355116
1182,-6.672462615109907
1183,-41.69088007756437
1184,-19.832847833044127
1185,-28.1823423554888
1186,-38.227459410615666
1187,-65.50658266626851
1188,-38.839720229414525
1189,-6.465788628549845
1190,-0.7290224392070286
1191,-11.067010477404324
1192,-7.511266640805843
1193,-8.455336029236605
1194,-16.672747517808602
1195,-0.014867818940956568
1196,-63.76711515971776
1197,-0.06650207209700909
1198,-45.10697116296251
1199,-0.34598881739293574
1200,-35.449833889475485
1201,-0.013534401046854327
1202,-14.500286517949007
1203,-6.404351717597137
1204,-51.31988293042741
1205,-27.201189544587237
1206,-18.709781660882754
1207,-15.442514960633162
1208,-40.84748470854111
1209,-5.223877416609277
1210,-0.456249902221316
1211,-22.63442634908006
1212,-80.53296960197622
1213,-17.892787638760637
1214,-24.2968375163573
1215,-7.498441961674949
1216,-0.02800109294332742
1217,-0.7636218023943293
1218,-61.14748013069066
1219,-27.35246241401819
1220,-9.290127238025889
1221,-15.999354608991013
1222,-54.857746088237036
1223,-1.0002412061423342
1224,-90.46224896127205
1225,-7.251565060219889
1226,-1.0798660706261671
1227,-2.6565511915283473
1228,-6.631771046102415
1229,-0.26153477326442953
1230,-22.645252184423043
1231,-87.30360276238935
1232,-14.521198488400842
1233,-4.010813890846293
1234,-26.6541200961492
1235,-16.994842001686948
1236,-4.603151910461975
1237,-38.98831461556687
1238,-19.734100866376536
1239,-73.51449328242234
1240,-25.2919186068857
1241,-11.848525189676138
1242,-0.541483861314191
1243,-4.872878045115947
1244,-30.412132925033802
1245,-21.797684197069202
1246,-21.86595412465431
1247,-53.09349492241745
1248,-16.490551845024314
1249,-67.09744678181596
1250,-0.26787976523559287
1251,-0.014895649120461485
1252,-32.081787204790345
1253,-25.483485517380018
1254,-59.84833093512566
1255,-11.117481354416668
1256,-16.605610974074807
1257,-24.695954149327008
1258,-25.93514929950834
1259,-22.409544672507764
1260,-41.95684656230151
1261,-0.20151648166560676
1262,-0.0445765855531306
1263,-25.505647851910908
1264,-7.649546054433813
1265,-30.63626843877205
1266,-23.713510224974016
1267,-10.510613589775232
1268,-0.001789541768602021
1269,-67.93721843414824
1270,-3.2999794310089783
1271,-12.534925021018353
1272,-45.04192472099771
1273,-0.13389118511122433
1274,-20.065142205399866
1275,-2.6260662757886735
1276,-6.092743616665359
1277,-81.09351527479932
1278,-30.343607655592393
1279,-0.07305584286848443
1280,-5.576758856047377
1281,-8.401255617905008
1282,-8.03812840655769
1283,-8.04193939142715
1284,-1.8775729693916219
1285,-2.41603405103524
1286,-6.1924949470229365
1287,-1.3421707542293007
1288,-22.624822064655746
1289,-48.73541143185139
1290,-20.649546305224476
1291,-22.1995332574661
1292,-48.9555758638013
1293,-32.504876312705164
1294,-25.521313355501434
1295,-8.506044292928891
1296,-32.05377050680545
1297,-6.16145732437144
1298,-4.642131447010797
1299,-85.43076249009664
1300,-3.6276305856590625
1301,-0.04296527225324098
1302,-3.9591773116608238
1303,-12.952704937714046
1304,-56.46753837063406
1305,-30.456716581102228
1306,-15.550701439928162
1307,-9.929777245290552
1308,-90.69119051801911
1309,-18.988282576606196
1310,-11.87238443532442
1311,-12.138850081246346
1312,-110.98959533369634
1313,-1.236428742617818
1314,-10.043171272744075
1315,-43.26417089440292
1316,-46.4277193089946
1317,-36.329493792321045
1318,-0.1135854431636858
1319,-9.41265842427094
1320,-7.462722108615708
1321,-9.492439324296171
1322,-0.19459921625548304
1323,-8.573299079899698
1324,-34.17264153802171
1325,-97.00183355414265
1326,-14.714936952746939
1327,-57.36242522001157
1328,-45.295467574670056
1329,-27.948719197243918
1330,-1.2150750043671437
1331,-68.5918714730073
1332,-40.641776830400204
1333,-7.893163379285397
1334,-14.662994983493036
1335,-15.21465881394652
1336,-27.74624772098059
1337,-0.13294021095816788
1338,-6.794162077756063
1339,-0.7270495653422918
1340,-32.778639847809245
1341,-4.717457174148876
1342,-61.81582973761515
1343,-6.14061897722695
1344,-3.658580139017431
1345,-44.483393885519035
1346,-41.49039281382284
1347,-5.984808582009386
1348,-38.26326644628989
1349,-17.941246683380314
1350,-41.92960681594559
1351,-32.45078138734243
1352,-131.9403525168018
1353,-53.952856363659635
1354,-0.20096178050844493
1355,-46.212514247139325
1356,-0.2166090689270277
1357,-7.231614903822106
1358,-3.699536744575327
1359,-77.93147054944302
1360,-35.29015063133238
1361,-54.77795344020706
1362,-85.99562284693093
1363,-3.6982322650624155
1364,-47.2865916945899
1365,-36.678115290422284
1366,-1.7980715966931484
1367,-5.13264683753755
1368,-75.26320501571172
1369,-0.7406885903847069
1370,-50.706407832229615
1371,-0.19419274616302573
1372,-35.40922981555923
1373,-0.008170074614639589
1374,-1.940620030194495
1375,-8.74115251850344
1376,-31.39789301252563
1377,-16.8059523175516
1378,-1.7402980006118014
1379,-65.75735314658971
1380,-26.447187819861938
1381,-18.227114386183075
1382,-2.5394945760808696
1383,-1.9335495544219157
1384,-6.4410279459452795
1385,-31.83899922963279
1386,-22.45022924524892
1387,-13.065740889544088
1388,-5.645896622445207
1389,-0.33751645686501774
1390,-98.48495057035575
1391,-22.779721807520787
1392,-13.102239792813634
1393,-34.99605019706854
1394,-4.919329087948427
1395,-12.345076088827682
1396,-6.852626824995063
1397,-0.0530928158846109
1398,-8.72920347181747
1399,-1.7201949435292363
1400,-32.8580276698617
1401,-6.566383049463852
1402,-0.009944408750797606
1403,-21.043852050328837
1404,-2.1271217269531917
1405,-14.792961977479074
1406,-11.080889092368123
1407,-13.267847627524247
1408,-18.488936102247862
1409,-10.354832449072319
1410,-29.049028258155886
1411,-0.14140243013243037
1412,-2.5871798890366335
1413,-0.024276109756101505
1414,-1.0530846236481466
1415,-0.09008894403433132
1416,-0.358367386975468
1417,-22.95322424924865
1418,-8.959815078680862
1419,-22.877236823393105
1420,-11.551765164775134
1421,-15.314189340765324
1422,-13.124159213344683
1423,-76.93138933445061
1424,-73.76955792167021
1425,-10.447087217017383
1426,-8.306948336597998
1427,-17.59476826618493
1428,-56.4903616689237
1429,-39.53915271946644
1430,-7.227627719948941
1431,-8.826750674469665
1432,-3.9737592321586135
1433,-0.08864998200246532
1434,-37.86999839897544
1435,-0.7689050408118874
1436,-9.187198215239732
1437,-7.694577521359577
1438,-9.669332885343806
1439,-17.51909750472646
1440,-1.8442565514669695
1441,-19.348120727376227
1442,-7.698216077244979
1443,-0.08905338809290697
1444,-58.44777806472132
1445,-0.8037841831260266
1446,-24.33364559722918
1447,-0.5136298563247692
1448,-41.970325963670916
1449,-16.2508930138265
1450,-3.8965118819378404
1451,-6.825001686066344
1452,-18.124923062542848
1453,-69.56602880205855
1454,-12.253463980347192
1455,-41.894670507015576
1456,-41.24097534661655
1457,-0.06510934870300389
1458,-14.011112875541585
1459,-0.5707292056922597
1460,-52.4809038017288
1461,-72.16240113942922
1462,-36.811613540830876
1463,-1.0446765063580443
1464,-24.925490953630288
1465,-18.553694281175922
1466,-0.8306724945650785
1467,-18.840017760585397
1468,-39.72132931614067
1469,-25.29819993565509
1470,-30.543396003566613
1471,-14.992919264079546
1472,-1.4621961392545018
1473,-55.50733821290092
1474,-3.5772089465508543
1475,-64.74906628483834
1476,-0.06203469713909726
1477,-0.0037804615790991147
1478,-4.842373214208578
1479,-52.51261584558162
1480,-6.627268708936754
1481,-20.43000820828547
1482,-0.777044845244717
1483,-9.485307427813723
1484,-71.60467121675954
1485,-27.459558058342964
1486,-25.87273641363447
1487,-1.5867297024401843
1488,-24.671610256064895
1489,-14.444505504187873
1490,-7.557689748699204
1491,-12.72932803974436
1492,-1.2220223481781431
1493,-30.014487473916233
1494,-13.783742122878323
1495,-38.991630175924
1496,-0.020596181766620703
1497,-0.6181053685372717
1498,-20.797435686574318
1499,-2.402403228368712
1500,-24.679066098518888
1501,-1.8477373138011899
1502,-163.14862245155382
1503,-1.5370263648778462
1504,-6.761069300114187
1505,-1.8599255641406671
1506,-19.12233431841196
1507,-47.78283106702849
1508,-12.139091217683017
1509,-8.063645400090078
1510,-13.25786154280226
1511,-8.871084616756661
1512,-3.187477894438416
1513,-14.3105885284931
1514,-0.014160833012283547
1515,-38.97873196708315
1516,-60.064691609267356
1517,-3.4530000441613993
1518,-25.07760753921775
1519,-42.97108176202278
1520,-1.8296838413324163
1521,-47.6577318517584
1522,-1.6254295677288155
1523,-3.6200873344050706
1524,-72.26039937816586
1525,-12.634545683709696
1526,-15.753002450029385
1527,-6.41516747053538
1528,-2.8427589125712984
1529,-13.356905032647774
1530,-1.0140456751280986
1531,-1.732571659834548
1532,-4.734433140022702
1533,-55.26764177936457
1534,-13.545246536254126
1535,-8.566566998530076
1536,-79.24675848637001
1537,-7.71934411621055
1538,-23.113040719143328
1539,-3.7384594843416643
1540,-4.840753939989952
1541,-25.46279746004825
1542,-14.040134107373888
1543,-21.911764444781056
1544,-0.04157496961761353
1545,-17.554153922825208
1546,-3.187584661417416
1547,-51.09344816647847
1548,-10.468078995360429
1549,-29.69473503465906
1550,-43.64556435893792
1551,-12.294662503147265
1552,-5.6590698745506245
1553,-9.486844240662077
1554,-14.579950651674153
1555,-11.336247111340361
1556,-1.1359686070827593
1557,-6.566353036951369
1558,-0.4267885879435198
1559,-10.34415644035607
1560,-10.476206756687333
1561,-22.032076119975272
1562,-0.5805422424455173
1563,-11.346778803255802
1564,-8.91801120206219
1565,-0.18734225835248708
1566,-37.947393375281536
1567,-21.296515381698555
1568,-36.4838696194669
1569,-7.541039363331947
1570,-77.34650253179086
1571,-30.03011117709036
1572,-1.3074601221440574
1573,-10.743573973826415
1574,-16.998031306841767
1575,-0.7155767066946623
1576,-0.04007564449693746
1577,-31.69700935277514
1578,-11.313437463948503
1579,-8.030761435057686
1580,-20.822192628273115
1581,-27.150874674553364
1582,-50.29391232207082
1583,-4.5041711133112585
1584,-11.966837817130113
1585,-53.991672239557374
1586,-2.9262977758603697
1587,-3.686060200125212
1588,-43.61302229028661
1589,-19.180789537918827
1590,-22.49337499070262
1591,-37.32755254258336
1592,-3.3950540411751717
1593,-2.4232544003912473
1594,-6.350073594396235
1595,-14.986960874330421
1596,-4.544985755583184
1597,-2.1773938490510716
1598,-94.69392984043589
1599,-57.032004003627755
1600,-58.229659339478076
1601,-10.359026491398538
1602,-8.297065508298118
1603,-8.61978019181494
1604,-0.07955611824331754
1605,-19.48890767348526
1606,-0.03457097688823296
1607,-67.22530197899755
1608,-0.046942694043721644
1609,-53.967857832319964
1610,-28.416463639486423
1611,-14.031481860892654
1612,-17.771251031883565
1613,-17.33663551133882
1614,-19.496026798513498
1615,-4.756324867601506
1616,-12.647069068623722
1617,-10.290962362929804
1618,-7.213288241124246
1619,-41.89911929720256
1620,-38.49830235000627
1621,-5.564049347605305
1622,-10.173421914133542
1623,-15.622502947717294
1624,-10.246218322598565
1625,-64.81604521139525
1626,-74.93509672140362
1627,-35.29468290031218
1628,-6.280820517413304
1629,-48.57413025373535
1630,-6.3608727577902755
1631,-9.863792665786605
1632,-43.32041810212764
1633,-0.062164938328805874
1634,-0.731594959815034
1635,-18.39134400549665
1636,-2.8164386136495523
1637,-4.358268831220812
1638,-3.9356340232711347
1639,-27.299425971614767
1640,-11.579735195074859
1641,-24.840895647316756
1642,-24.84190051742388
1643,-7.665516458593629
1644,-29.753680348484977
1645,-6.199882551284195
1646,-10.396486034599747
1647,-2.0048489954865545
1648,-40.87075595755232
1649,-33.86919593511459
1650,-23.180578833842446
1651,-24.202785526169464
1652,-3.3395574337078244
1653,-50.388178271889046
1654,-28.53009088740896
1655,-3.9777697075888625
1656,-0.015329283500690849
1657,-59.630429265703924
1658,-30.68717004088137
1659,-37.64265850029324
1660,-8.229689439438516
1661,-1.5378502143157675
1662,-25.64638161449996
1663,-16.47401414209162
1664,-0.04630505780005478
1665,-19.035317038184303
1666,-100.13603856552072
1667,-5.887904888077173
1668,-0.021484479187357408
1669,-3.22582890054764
1670,-21.700160026798585
1671,-43.88467888555158
1672,-12.360094372401704
1673,-0.8288912336793146
1674,-13.249130475772404
1675,-1.4769398627508963
1676,-0.2712941464658343
1677,-21.15887329582938
1678,-17.465637287663405
1679,-90.78741469022152
1680,-73.21719163028843
1681,-2.0672392652195413
1682,-51.15359965859443
1683,-66.48454305945779
1684,-0.5204600316612868
1685,-23.579812561627477
1686,-40.13790224869615
1687,-38.20424792590529
1688,-21.70360299337142
1689,-1.223769750416011
1690,-58.26745777912856
1691,-28.640972758872522
1692,-36.287874407789786
1693,-3.829723736991582
1694,-48.74974160928582
1695,-37.5339936218179
1696,-2.0977123853517696
1697,-5.889402791141038
1698,-0.4259790658188649
1699,-19.68182525502425
1700,-21.457496407384667
1701,-0.004330738158957459
1702,-146.36586696561426
1703,-23.829243025835126
1704,-27.422499886112597
1705,-37.397650600138604
1706,-35.81691114451296
1707,-14.076393120383727
1708,-2.005877394256231
1709,-36.89676714494999
1710,-50.030596520955896
1711,-8.808159609150607
1712,-20.854973205970737
1713,-78.40898603693594
1714,-3.5925171373910416
1715,-34.24640702782199
1716,-7.131998183670248
1717,-23.12407647584793
1718,-6.722200683600363
1719,-99.46046522806137
1720,-3.0269937168803835
1721,-48.45740639487872
1722,-92.51070898576745
1723,-30.376417191352175
1724,-33.12270438230098
1725,-5.240797535497677
1726,-6.817220353609628
1727,-49.953302531386726
1728,-48.664019936262775
1729,-33.20871823775087
1730,-26.228044868328652
1731,-63.09290829357633
1732,-23.472057252038212
1733,-110.89736030043332
1734,-18.336005235571065
1735,-5.226541634748628
1736,-4.3966297304141335
1737,-19.54977551665843
1738,-0.2876455095029087
1739,-18.167962559228727
1740,-33.10596553856453
1741,-10.880735953133353
1742,-68.93363221032268
1743,-21.296855208362047
1744,-72.07245067358872
1745,-25.430524118002722
1746,-1.7269863060808892
1747,-64.21670130750135
1748,-39.34524279605694
1749,-57.74644355058808
1750,-22.52872554018927
1751,-35.39928699545135
1752,-38.27115961512027
1753,-0.09619538831319119
1754,-51.55793381613785
1755,-55.84306089910427
1756,-24.00951684449842
1757,-21.456652545388806
1758,-20.356674816209676
1759,-32.96665725556886
1760,-51.621070568486175
1761,-8.281734682513552
1762,-24.51554688281118
1763,-0.7357105310693441
1764,-103.75446507213019
1765,-25.686764688780386
1766,-39.42899720987744
1767,-7.427365985971619
1768,-36.1900233432134
1769,-107.8079994210857
1770,-23.27450564246101
1771,-0.2769262115366473
1772,-20.628829981965268
1773,-4.380222539415627
1774,-0.14906531344968244
1775,-37.942085357090946
1776,-36.31690499004242
1777,-2.884868724835542
1778,-41.70419435837539
1779,-32.73649999422719
1780,-25.266075689269883
1781,-24.463258005852822
1782,-40.041612333399826
1783,-62.59357781814913
1784,-7.913508731995535
1785,-1.7113767333939904
1786,-10.41919928359789
1787,-10.83903192033813
1788,-43.22935356787639
1789,-30.63326969088037
1790,-7.849058981064957
1791,-17.264607678498976
1792,-0.6657571854602793
1793,-77.7850986600115
1794,-7.284877390849033
1795,-16.987607802968842
1796,-31.418890661395835
1797,-57.47573987927899
1798,-30.046872601553503
1799,-32.47405443437401
1800,-14.813417995297868
1801,-45.013962957553304
1802,-0.12965015948013558
1803,-25.99036790636668
1804,-23.09772325533413
1805,-2.513256542180045
1806,-14.528353034497286
1807,-0.11610478928764678
1808,-4.800541805250759
1809,-56.1081947318562
1810,-10.67861896904833
1811,-17.070167180162116
1812,-0.20603756648165472
1813,-0.8433259447042687
1814,-63.20759770722225
1815,-19.73485417226766
1816,-57.04325731112431
1817,-21.440030962877017
1818,-11.420963713749718
1819,-5.191557955188955
1820,-29.10895430303937
1821,-4.282331500408331
1822,-4.891104524579077
1823,-67.58219434948975
1824,-85.96583038049096
1825,-82.49087004828198
1826,-1.0548426553597494
1827,-17.988616142916726
1828,-27.468622382260236
1829,-20.08888120609643
1830,-0.7499086748311186
1831,-27.395054611668456
1832,-33.04493899842393
1833,-28.838269134738947
1834,-9.116332048697231
1835,-35.99145988240525
1836,-12.151047885462503
1837,-24.903688818680394
1838,-0.9889146025379887
1839,-29.21313487104507
1840,-19.373302107740216
1841,-37.64145912843742
1842,-24.49575990993617
1843,-85.16771623207615
1844,-23.241675683842914
1845,-37.308261833036354
1846,-6.414621511605674
1847,-5.793700813101452
1848,-11.264302429705324
1849,-76.46076939084742
1850,-37.12783666235555
1851,-12.766997849514155
1852,-67.94756223982222
1853,-37.98480167610978
1854,-17.210298677953915
1855,-44.44378866670138
1856,-13.357467993631872
1857,-0.12683961154834833
1858,-13.388846496075587
1859,-3.8506316066318504
1860,-48.83844808214053
1861,-30.301558006702606
1862,-57.68790188754974
1863,-23.375212357495172
1864,-10.53852770704816
1865,-22.259162401009235
1866,-1.662156708913244
1867,-0.9845355445271871
1868,-24.829624284896795
1869,-39.5926810191213
1870,-35.36490861283551
1871,-0.07092230937955435
1872,-33.84419059303399
1873,-4.646876283397432
1874,-16.26034434823964
1875,-29.733706707003876
1876,-4.1187884841451705
1877,-3.527374277071033
1878,-59.3679512203571
1879,-55.521799131375545
1880,-39.395717828243505
1881,-54.54965417876156
1882,-6.166438799368734
1883,-7.9242379819611415
1884,-22.404900077581562
1885,-36.06112305528791
1886,-1.1412943574433712
1887,-4.462976593987008
1888,-0.754460079187993
1889,-0.026176566720437222
1890,-7.752966226020362
1891,-13.680516040272778
1892,-10.61957481296622
1893,-22.249263634644493
1894,-1.9136911873124518
1895,-23.830060756357852
1896,-29.906105060068327
1897,-15.45248372151395
1898,-8.531651071464694
1899,-4.889076770493375
1900,-65.59069877053162
1901,-21.483867699227517
1902,-38.352360995937076
1903,-71.28892207832632
1904,-29.115280090332817
1905,-0.6719656742070583
1906,-27.0044096766469
1907,-61.83459883376351
1908,-46.64431471646989
1909,-1.1213581242003556
1910,-14.797872317208999
1911,-0.08330804318779883
1912,-79.04341200366252
1913,-90.12762347019998
1914,-11.9428420247485
1915,-61.08559141054991
1916,-22.74681060564535
1917,-28.915225816919374
1918,-15.955716993987267
1919,-38.35129541562833
1920,-15.099411401261023
1921,-69.26627626182744
1922,-15.937592780265277
1923,-0.6073090794345717
1924,-5.6381786677739
1925,-13.018320158363945
1926,-49.65327931724096
1927,-15.530104899034995
1928,-0.45615808640661726
1929,-20.235978720631692
1930,-16.309754895031915
1931,-6.328418904853606
1932,-11.113220232118238
1933,-10.453900409845687
1934,-0.5753923995430341
1935,-3.2462548485927982
1936,-47.79436322016227
1937,-17.440231991814926
1938,-10.909257348346728
1939,-32.30352828461389
1940,-0.07896840091871127
1941,-0.17300812812345612
1942,-6.881160223561892
1943,-25.880866199535376
1944,-19.415731227712513
1945,-8.712347956196027
1946,-0.07137074924503395
1947,-0.7823724560237366
1948,-76.97965687785472
1949,-36.44625085304051
1950,-36.312239952421805
1951,-24.777373125040413
1952,-53.395410018359144
1953,-0.07534575198087623
1954,-3.903451107112687
1955,-19.520060873713476
1956,-31.96771603794241
1957,-43.926329403253476
1958,-99.64716500627401
1959,-37.9736763996807
1960,-3.9809142462545424
1961,-12.738876111019636
1962,-8.523847324613598
1963,-0.8142620191574679
1964,-0.7821538983397858
1965,-40.92779856391462
1966,-82.26696105796145
1967,-31.89156438354962
1968,-22.531832288630966
1969,-35.58908150266882
1970,-15.751179965779556
1971,-35.47310845264292
1972,-0.16139705981515817
1973,-103.35715302165772
1974,-118.07434660851868
1975,-13.683209984598534
1976,-18.622217039317547
1977,-48.71270461105871
1978,-0.4567329557341395
1979,-11.224006662328975
1980,-86.23208678759693
1981,-0.18643882702917836
1982,-39.922288591071265
1983,-28.158096750327672
1984,-20.578244135793113
1985,-19.13661807993121
1986,-1.1009316842978478
1987,-8.07748497380419
1988,-14.845985196661786
1989,-0.5416109088637313
1990,-17.291660418064566
1991,-49.764995647696196
1992,-36.3975086496373
1993,-35.207250689411694
1994,-1.7925589519945788
1995,-13.294125034113222
1996,-7.502817436296027
1997,-1.2541382448188756
1998,-24.456278835167325
1999,-6.431167694565374
