,value_per_image
0,-16.618749023658463
1,-38.82748727622857
2,-6.270533599922146
3,-26.25846951000969
4,-29.25120688622519
5,-17.725914670256316
6,-6.348654217596049
7,-9.244312535808604
8,-11.223259110076015
9,-23.139435388767673
10,-24.92416154535954
11,-42.76212065992877
12,-0.40318901537204965
13,-0.008096357954343603
14,-1.338105908871512
15,-1.2417551791612595
16,-36.789087363704766
17,-19.21752749458028
18,-17.060287194637
19,-10.898759854986565
20,-38.12753242823419
21,-0.26734922747228396
22,-9.228825973422772
23,-1.9714696366122269
24,-40.10712152456108
25,-44.248101642487654
26,-51.07249763483378
27,-0.005527892409361357
28,-7.8202811653542295
29,-33.09170832723652
30,-42.121995794499526
31,-2.2027521310771547
32,-0.3904148001590002
33,-3.517070492250923
34,-11.968420035128474
35,-0.19701537560717952
36,-12.732446398966204
37,-5.177465546823669
38,-87.44998233336082
39,-24.747452866421327
40,-12.51026694618065
41,-9.934952783872689
42,-3.3344852528517093
43,-0.18521434762988065
44,-66.98355199240632
45,-2.272311958222417
46,-0.12874646667700063
47,-11.092796464508865
48,-23.546815271539344
49,-24.514415348694854
50,-4.146884430251504
51,-1.714895427122201
52,-35.84602542781795
53,-22.16391465094088
54,-24.750202504492336
55,-0.04001700398177821
56,-3.4969209020964627
57,-22.009323800058723
58,-9.556151529473915
59,-2.259055599695823
60,-36.5987072914113
61,-41.91625609947431
62,-47.72943387573105
63,-35.5690976051028
64,-1.1771601381694126
65,-40.53776773053687
66,-20.473830483608708
67,-89.37984787292908
68,-13.393226122367196
69,-1.397564553808479
70,-18.930401010249625
71,-45.96660394961691
72,-7.519258573807008
73,-3.208725541800959
74,-36.59586768329373
75,-23.836289242945497
76,-17.098548903808933
77,-46.94639410425725
78,-40.83741959726888
79,-15.770330543880846
80,-1.394436021496368
81,-19.748261563493884
82,-32.94441127652999
83,-33.22282045530278
84,-4.5890789969313985
85,-2.0983683238867457
86,-9.808817200666113
87,-10.750159106653882
88,-10.034553057117588
89,-16.385101997017046
90,-6.895118722357779
91,-31.609374740073534
92,-40.27057600410467
93,-70.29986377976093
94,-31.534632780450693
95,-20.861048235000226
96,-22.014571044988028
97,-19.528918443611246
98,-1.3699859782682324
99,-6.389484660548305
100,-1.0848565641508685
101,-5.773041319387005
102,-32.86736578403361
103,-16.15988103661192
104,-2.699941198756278
105,-15.608233330511894
106,-1.3513602348690483
107,-1.551529839622873
108,-24.27133293053096
109,-34.55958332133196
110,-29.843440936649017
111,-53.129038420715915
112,-4.709161486376047
113,-22.13091102184967
114,-24.216768378741108
115,-6.041465310121566
116,-11.674538088062206
117,-13.631601550820601
118,-22.94599160937355
119,-26.825953946012305
120,-12.915664136343072
121,-8.81956600524488
122,-18.696067814651542
123,-0.1931678493929212
124,-8.784048515226967
125,-2.511410450319545
126,-31.10276539864958
127,-0.22218729096823608
128,-0.34800249245017767
129,-1.8060435144607254
130,-51.20671679916086
131,-16.82599356200808
132,-12.996121944552783
133,-37.988788156778185
134,-9.958806923104532
135,-79.27303881918488
136,-1.2009871478903733
137,-6.975192901246828
138,-34.13469802935076
139,-31.780989734630566
140,-24.549506522242147
141,-3.107914299676701
142,-13.605802296880938
143,-0.16681956275715493
144,-53.54334072118945
145,-40.42587159751429
146,-58.89362524501121
147,-13.581207113278275
148,-3.720958305338627
149,-73.84547981719516
150,-69.2453346164175
151,-33.907672307138085
152,-0.5684210189490386
153,-26.124428503300805
154,-36.385900925906014
155,-34.12446054262
156,-31.087952486687755
157,-1.0755911971277246
158,-97.90681702129314
159,-33.322008970023944
160,-7.049951231542757
161,-8.223050932938463
162,-1.8333598913433775
163,-1.1457706165568595
164,-0.05376175301898911
165,-18.57179283518782
166,-20.890490925260565
167,-127.60009907393487
168,-1.1650617268242058
169,-0.05972311332880054
170,-7.653786850657525
171,-14.19387174919275
172,-24.118158622858697
173,-0.2835170675865015
174,-3.4052826964916676
175,-2.4806578415365266
176,-1.4224901060996444
177,-17.070067843433208
178,-5.185273329642358
179,-15.460563359740718
180,-47.02700011962588
181,-16.961967434641338
182,-11.478200972188688
183,-13.139702225411455
184,-40.44747420055137
185,-4.368048431231273
186,-28.964456298784285
187,-29.492849094600388
188,-10.857235585320606
189,-0.6567535460271756
190,-6.223182140558478
191,-0.6586384757320047
192,-5.979543791320992
193,-9.735253552972154
194,-34.05014515322159
195,-15.934160070640417
196,-4.28070214225221
197,-23.814257367637758
198,-22.269228102323837
199,-0.01379835582712019
200,-7.6059284107493
201,-0.8690046869751313
202,-10.739300423563009
203,-27.93799612667116
204,-7.4528574951364135
205,-30.50217763695855
206,-18.43780364401755
207,-16.485434407678554
208,-1.189665782618249
209,-24.350618883294374
210,-0.05445535420858505
211,-6.050593515118418
212,-102.82941663783276
213,-10.43241772097008
214,-8.835915011752121
215,-118.4110221085075
216,-0.17952544423809513
217,-12.974936173527453
218,-30.451261373234274
219,-0.02280267324861318
220,-28.026150312701475
221,-35.473006185632784
222,-4.8145877970232505
223,-28.473134358352922
224,-0.05749699171627931
225,-95.30169553254382
226,-7.733214437590277
227,-10.614118231495127
228,-0.14207846812519165
229,-63.02107700784021
230,-0.03993042634010635
231,-6.413875330254086
232,-24.540637965355828
233,-32.47332117988117
234,-2.9976853999937703
235,-6.1692139164720174
236,-34.216878542586166
237,-22.180254579901884
238,-10.460278602394396
239,-27.840279358233033
240,-27.083232744825835
241,-8.743835491170103
242,-2.2986209459850215
243,-1.2043210065021412
244,-14.581292992679664
245,-32.467454355408336
246,-3.2777375397466813
247,-15.43955347013059
248,-80.18286920140963
249,-29.462234269361943
250,-35.494956426780846
251,-10.073652363601013
252,-19.743544321058152
253,-12.318810321668174
254,-57.4680759631396
255,-46.623395581486875
256,-4.6249281668138735
257,-1.2586876008062973
258,-31.479390134821188
259,-2.5157187897202675
260,-0.6968217457733772
261,-0.013048173161308796
262,-29.035046696605647
263,-3.8153529343550616
264,-4.426662032363424
265,-51.325278812221654
266,-55.880562685852055
267,-9.98636961640318
268,-0.39604637452440095
269,-12.176548701241245
270,-35.4063620385177
271,-2.371683904601184
272,-25.13146804276039
273,-1.277928015753787
274,-1.3490282516186198
275,-9.984788958787817
276,-0.6889959128908849
277,-29.8022527070425
278,-32.87986358261446
279,-20.792042464963743
280,-50.450884626188895
281,-0.6128034750581719
282,-10.551038890818823
283,-15.340628114104504
284,-22.223325966145694
285,-4.911716103557751
286,-15.065019841119376
287,-16.67388302671452
288,-19.74839802167844
289,-0.0018381221432832717
290,-1.2796726837389087
291,-0.8738998005235317
292,-5.299491375791831
293,-0.5188139577358015
294,-41.928734798135565
295,-0.00999728000954292
296,-11.343171222193632
297,-3.24819894710717
298,-44.38676498333135
299,-30.890078564927308
300,-36.709041792150586
301,-31.501400819457785
302,-0.315658273824738
303,-1.8944019763439428
304,-0.09435856451455038
305,-50.92197945158841
306,-26.867490711368166
307,-26.62292207950377
308,-22.30195400238881
309,-43.177274279281846
310,-19.321995994863045
311,-0.10774563738220166
312,-16.152644948073767
313,-0.3672031309421664
314,-2.1172478074421015
315,-0.041964243237032406
316,-2.94412491132789
317,-29.99004987882381
318,-0.568448510782332
319,-2.628537867271234
320,-32.32706128862253
321,-2.01859952185805
322,-36.12460256924422
323,-43.00627736679116
324,-6.672539765874926
325,-23.371935845540065
326,-46.76179968576571
327,-5.390566126755779
328,-59.6555372160185
329,-88.19412370749887
330,-43.790334190947306
331,-55.90511916494688
332,-34.03355692672699
333,-7.774074931465293
334,-2.9465745187993626
335,-28.695426568201583
336,-14.627914934831258
337,-3.988809037379667
338,-14.388362009386654
339,-8.094340212781844
340,-5.132427566735714
341,-46.493027537911985
342,-0.09225487672665622
343,-17.62984213394884
344,-4.5660535443457775
345,-0.7613370716671284
346,-8.743712094042905
347,-19.916682900178785
348,-18.148643496911973
349,-39.534529805988086
350,-3.544511032077935
351,-110.79195610962051
352,-28.27358433294512
353,-1.374968770736814
354,-42.78024382759759
355,-45.12921104940324
356,-83.7813060620465
357,-82.67733303488603
358,-123.11383233475499
359,-14.897311946562695
360,-0.2822828157020467
361,-23.57318973370809
362,-0.25238314197486034
363,-2.118341857989435
364,-15.964072537928587
365,-51.056043408565984
366,-13.795705357902424
367,-9.424725337546079
368,-3.4035658961511217
369,-34.030541982285214
370,-11.373445719381237
371,-55.23598638263417
372,-3.1619360171971493
373,-7.011647803123537
374,-26.397038821211027
375,-17.87671800209057
376,-4.441452736197789
377,-5.828308759711945
378,-128.10568884387112
379,-4.1407133063912624
380,-10.124879985257621
381,-0.11471633787880364
382,-2.0968092383982366
383,-18.97788755758961
384,-7.602979254942738
385,-21.205679549627803
386,-6.9397063873984735
387,-75.9583737540961
388,-17.139769724216876
389,-0.004509896753741582
390,-48.3753705155689
391,-0.48843172258852974
392,-0.00819596318603999
393,-61.58143283245969
394,-18.59526717699049
395,-28.164443883818095
396,-7.06045948634403
397,-34.93605946875755
398,-0.8769930511618895
399,-10.563227303700387
400,-64.44364821568234
401,-2.9187756682331383
402,-12.907887972934532
403,-41.267055312554476
404,-10.67531159297323
405,-2.1170464158398232
406,-41.291936043300666
407,-23.92088339154725
408,-64.30458541100597
409,-8.698263148696299
410,-53.97018679636061
411,-82.33830803900469
412,-5.5462960050188315
413,-0.007722872688930238
414,-0.17794966520159505
415,-1.4160043853042907
416,-7.032634583805702
417,-0.1699436523184943
418,-27.47030191509981
419,-73.68016106001045
420,-21.656624193844777
421,-26.52258390162956
422,-24.484963899791637
423,-52.58469743837668
424,-5.388895448743597
425,-33.89020632921415
426,-19.20666954878766
427,-19.067501605754842
428,-33.58037032035645
429,-4.466422485271323
430,-5.895828861139648
431,-8.445502765403944
432,-3.736782815167267
433,-12.81494453558929
434,-44.22451709235105
435,-41.59707985950797
436,-72.71902661416925
437,-39.82822999848804
438,-6.020104302934243
439,-14.81566934036016
440,-38.84806109889087
441,-25.725875001830794
442,-11.896948718116619
443,-40.22393687682064
444,-3.054579097196779
445,-12.148154044893431
446,-28.50702933957018
447,-0.38887586637838467
448,-46.7187674070623
449,-20.128451083946857
450,-59.64499783375868
451,-17.265974684942194
452,-67.1100926612872
453,-38.57812148159064
454,-30.722683141488233
455,-0.1046947837558605
456,-0.5846005026996863
457,-2.9967931923119977
458,-38.677502534464566
459,-33.246242179917864
460,-0.3566731529838876
461,-17.468700284160832
462,-23.743002498531496
463,-3.8369757880063844
464,-26.57200217917682
465,-14.234849180610297
466,-29.594252843759023
467,-37.788325835332834
468,-23.642710649851665
469,-6.6537022780055395
470,-41.611635814751025
471,-18.543025633560568
472,-42.16018250408979
473,-0.06061257800911335
474,-0.15852351956709754
475,-3.736387079679389
476,-37.53806658868052
477,-51.29040420418778
478,-26.753496126668324
479,-38.066031556791884
480,-40.25721695669836
481,-0.40476600784131733
482,-28.435894485816107
483,-1.0352176885289737
484,-6.982992049696037
485,-9.719797013995759
486,-11.660715647311463
487,-2.2422683932059044
488,-13.944674244563885
489,-0.04172462255087339
490,-6.495494480710477
491,-4.93644136126774
492,-13.299148255464388
493,-0.11365815788030886
494,-55.93679159560543
495,-56.32127034490918
496,-27.04866415493734
497,-18.714837704050296
498,-11.355212303755707
499,-17.758421664715016
500,-8.582539134241593
501,-6.706652210432367
502,-20.943684620220665
503,-4.004207371566736
504,-0.622777856567609
505,-18.311413173334586
506,-0.007271540917323405
507,-25.097155369998404
508,-12.222118667857586
509,-11.396651921790138
510,-18.80418938931075
511,-17.513974801479122
512,-12.417356699123651
513,-89.88122443247266
514,-13.92571839415784
515,-7.73493156110726
516,-16.600579777806374
517,-16.603245867566216
518,-86.30146153540409
519,-47.75913455383852
520,-15.964550187944567
521,-2.821838587306676
522,-4.997891939793135
523,-44.37412935887551
524,-4.248225075061782
525,-30.829977424232993
526,-1.4886231397475624
527,-13.689166587987302
528,-29.396766698153513
529,-0.06653819646908232
530,-26.862257425747885
531,-27.074376369867423
532,-70.25588154915485
533,-28.429845107114716
534,-52.864047141621995
535,-31.470745688899115
536,-131.3247518115677
537,-27.030772555996634
538,-27.07842375738528
539,-15.365000086251698
540,-3.21966516343673
541,-3.2383221441091123
542,-37.319385546036756
543,-0.2729580532904947
544,-32.42019316821279
545,-72.94788681322825
546,-5.256975428556757
547,-1.0094280372621043
548,-127.277701637566
549,-48.12503670713318
550,-26.213945841980603
551,-0.007194198493166937
552,-47.30063882501781
553,-14.441357298288267
554,-60.31398397566113
555,-27.968328754971935
556,-0.08375166365033238
557,-0.29919901747882705
558,-5.2530587109940825
559,-0.4786926075939846
560,-10.509182113227325
561,-28.202369670575138
562,-20.164599632075046
563,-45.324947888914096
564,-52.042155222501606
565,-40.160038767642504
566,-11.28563306580378
567,-21.592190939747525
568,-13.543184772590848
569,-1.7972274979661051
570,-0.16982135940361331
571,-37.59622097717147
572,-0.31532487911010776
573,-4.292311883833891
574,-16.824878285604882
575,-7.253987530472425
576,-11.59355757143112
577,-39.611922100040346
578,-17.62109678368094
579,-7.369182152062194
580,-17.006669381648635
581,-16.682833203308462
582,-20.21935879643661
583,-3.591824516412613
584,-6.423400556830501
585,-3.5335551712195326
586,-27.303237371122236
587,-11.072461919632204
588,-4.789372394658191
589,-20.43484782354284
590,-25.975855996090104
591,-28.886772490766948
592,-14.131055516125798
593,-0.9471055257279772
594,-39.94520830319868
595,-4.01400528834256
596,-49.70363797860227
597,-32.80703696027922
598,-0.016774621804302114
599,-0.016413421853258114
600,-81.4699456649264
601,-33.14603609175958
602,-17.75869919543277
603,-0.34604438221147404
604,-1.6568909670985192
605,-0.5226289449848309
606,-1.4559075029833366
607,-13.726639370620433
608,-23.041575530862346
609,-58.84269831837674
610,-45.71835993105333
611,-9.471894783872926
612,-0.05841302372634516
613,-4.5924168624792685
614,-106.04371060000449
615,-85.83119202878879
616,-124.74397978583829
617,-29.327538104950577
618,-2.9223430686434018
619,-3.5398642405621104
620,-11.832651316019664
621,-3.3594453087378255
622,-8.518961420355254
623,-30.6511114131132
624,-9.74954122579458
625,-32.40029799270451
626,-20.577317503535596
627,-83.4950980660551
628,-4.56618459208903
629,-3.9413149450925005
630,-9.50419043546026
631,-50.94142095928112
632,-1.5744056985008683
633,-23.391933645102654
634,-30.462024981556397
635,-74.68019727056526
636,-9.34972085624645
637,-1.621560145420517
638,-3.823964537507436
639,-67.1981549910488
640,-22.209823599714127
641,-0.03119325538409612
642,-40.259368690471234
643,-5.81146672970408
644,-6.915057293204654
645,-27.67816502757256
646,-2.219207102440123
647,-49.79898782794771
648,-39.866820611941876
649,-49.820463336048306
650,-21.268184620173997
651,-0.14864502594898
652,-27.51852671901534
653,-1.100292916789435
654,-2.186838207577239
655,-0.0826395627017531
656,-26.510370031656294
657,-3.7336266149513477
658,-14.80461724742213
659,-21.32433576167334
660,-21.12183655664973
661,-21.323527199760065
662,-0.5753306004592673
663,-0.022641143986874113
664,-0.07216528979279246
665,-36.005754844616604
666,-0.03860800586176083
667,-46.16600328726463
668,-6.338928177905473
669,-11.046793652631887
670,-2.2996347623484326
671,-10.494278626917499
672,-42.4989493953442
673,-34.91786566225346
674,-10.102279100637901
675,-27.093140448953363
676,-5.465327607913423
677,-91.7130804753615
678,-4.080282555626695
679,-52.47882964702876
680,-52.53808890611231
681,-18.706751733388955
682,-11.382976591565694
683,-1.0378270621204138
684,-0.1416116333878108
685,-29.35704285490658
686,-90.77838284561949
687,-1.7930011633397953
688,-1.9252380542184255
689,-68.26188084296882
690,-5.505884500774897
691,-76.81370396429338
692,-20.687537891904867
693,-21.14377453090765
694,-21.082242519202453
695,-130.91985383688007
696,-1.445982134653491
697,-54.01994217674434
698,-19.995439852238633
699,-0.27277201592717804
700,-0.033945000362500366
701,-3.9459156811746254
702,-26.91525573702529
703,-2.0109248006034193
704,-11.30588269445434
705,-7.2734566393482964
706,-22.678297132009902
707,-10.404634630787541
708,-9.531436175755516
709,-20.778142886770695
710,-0.15286410291446373
711,-8.108386994313102
712,-17.463007133235806
713,-13.903424638197976
714,-12.911234650336432
715,-146.7143664114501
716,-43.13838081718632
717,-19.513210792139944
718,-0.7633496708409666
719,-3.3938790876090934
720,-16.47555198252519
721,-27.572989574058738
722,-4.171868112794929
723,-0.4325920004048385
724,-1.0899925772932875
725,-37.03069915261318
726,-15.745742676759846
727,-133.87507680402905
728,-18.27592409019718
729,-0.7978404172319529
730,-1.7060370693425284
731,-33.66363340696887
732,-5.728612258766248
733,-49.96370251560438
734,-17.68572732975008
735,-15.774155126804544
736,-2.092964013969322
737,-33.97461552840559
738,-28.69170861763928
739,-8.56526640391212
740,-0.29196553516521817
741,-0.03036762857237818
742,-50.64988202592417
743,-12.135576957861787
744,-38.68663167473733
745,-88.19649285758192
746,-30.540901323110802
747,-10.20465711884566
748,-46.87063223679752
749,-1.2382377410166328
750,-0.9493804673247723
751,-4.585717555542942
752,-25.162309254879005
753,-4.579574794849179
754,-13.464979873901939
755,-18.31392332063183
756,-10.245048370556106
757,-23.205393450341944
758,-0.002602213065504344
759,-1.0235428885388274
760,-35.7699220613334
761,-3.884436918355817
762,-37.81788759447693
763,-0.8463950090945218
764,-90.76555456098868
765,-9.210338575419831
766,-8.679783167485766
767,-26.72851465101121
768,-14.795395297785944
769,-2.7970696734982
770,-0.2842037802001869
771,-25.22514809553377
772,-2.752254767132399
773,-35.341445056624764
774,-3.474079439105367
775,-59.86000119987875
776,-10.286691366012974
777,-1.6366659380764759
778,-4.499620187570599
779,-12.980997771655211
780,-18.238748173819147
781,-26.88281334812018
782,-16.124405802054184
783,-6.711504783010241
784,-40.870312010614725
785,-6.279960914434241
786,-40.28509770697201
787,-9.907294183384927
788,-0.546500412491806
789,-73.62238742634418
790,-46.734073825365954
791,-28.46058548169094
792,-38.753892126501796
793,-10.937836058016728
794,-12.474469457873738
795,-31.824924869284743
796,-21.74882699448358
797,-0.5688923412326403
798,-27.307021958360565
799,-32.768472032884574
800,-0.35047569440203574
801,-23.282067521384533
802,-33.63913230564867
803,-36.23332907929034
804,-4.0214954882820475
805,-0.7092802941682415
806,-17.84656772606104
807,-2.736861794219074
808,-48.53340743380954
809,-38.19366299054673
810,-16.226098862393883
811,-2.940027448967534
812,-5.3198846991234205
813,-24.98065411238349
814,-14.764367654400473
815,-0.048944345597256245
816,-0.354295887373155
817,-5.727212938982802
818,-26.105232610589837
819,-44.507404834985664
820,-42.39863754445105
821,-0.023391399737079155
822,-17.585834417021374
823,-43.43688212242776
824,-5.82887527097429
825,-57.3564989090836
826,-13.855759513562873
827,-20.671143262502937
828,-0.5772895322447766
829,-37.1686814449331
830,-18.785963483762316
831,-10.642999706353294
832,-6.907682822085917
833,-10.463713098746666
834,-0.28317098105617333
835,-16.61102354124415
836,-0.7557750962155296
837,-82.63135830942156
838,-8.179354584081977
839,-4.718727866769768
840,-12.752128114426398
841,-52.63284897878313
842,-11.74334669811509
843,-21.60082277106335
844,-4.807969318309915
845,-20.74443709247845
846,-5.25119199121502
847,-7.180470947316337
848,-0.14186033031000989
849,-2.5517180141165454
850,-23.09955072713251
851,-0.024681591164011252
852,-4.051910187508383
853,-7.8814967972296435
854,-10.045045604998904
855,-1.417515154935245
856,-2.0109572174459913
857,-0.09042266639971785
858,-1.8443630120891612
859,-6.321988057089129
860,-13.569337318349426
861,-48.53339522892816
862,-38.17865289524525
863,-0.13360757516159083
864,-0.8404705710846656
865,-33.340214272852336
866,-16.514062967959035
867,-3.750810023260783
868,-42.748769604460904
869,-26.795677745162862
870,-1.4563723273654432
871,-55.64085968749862
872,-5.420402242357341
873,-18.920728908071396
874,-0.0026227509011442773
875,-5.632693951287365
876,-1.6320414757484514
877,-1.0811337592313066
878,-12.681444719362162
879,-0.3329610729377066
880,-17.175707324730638
881,-19.298010773406077
882,-27.141396572609665
883,-21.708499107004172
884,-12.640592423017495
885,-9.699472263522694
886,-1.7673210412613116
887,-23.12137934651969
888,-46.05419525229081
889,-30.137682564381976
890,-11.972602592260955
891,-50.959405478057306
892,-0.3123675247625215
893,-26.84759572117764
894,-7.286196554261551
895,-0.5218183284771793
896,-0.3457949555122468
897,-28.87360423582396
898,-0.10256828088313341
899,-5.755550863643407
900,-28.595838071180196
901,-42.261235020458116
902,-13.48827883746344
903,-0.6483508186744871
904,-31.776977523964888
905,-55.146105108986376
906,-5.618518384215349
907,-16.802350173034938
908,-0.2719060797998907
909,-1.5896471571173727
910,-1.3186728342589902
911,-0.3158650022960501
912,-0.3548358609289153
913,-9.768021537505655
914,-9.628623899795507
915,-25.898353858853625
916,-24.231925519346987
917,-3.5808185849147023
918,-33.54448471391402
919,-26.144330047631684
920,-17.308757057372528
921,-110.52716009315918
922,-20.83528615032222
923,-17.050807925348828
924,-54.987133895271654
925,-14.7720697746697
926,-26.99440536845941
927,-11.114426650661699
928,-55.552201345574304
929,-23.003146099232254
930,-17.566367626050692
931,-28.59385536716809
932,-34.72351851205531
933,-23.145471921420313
934,-25.708631919381332
935,-7.37238559269727
936,-9.393700445890772
937,-11.798310270945422
938,-20.785045647665527
939,-38.55025483352074
940,-2.409680681052123
941,-2.1236459062920403
942,-15.450122893724256
943,-51.635885187713384
944,-23.295253562564767
945,-1.411536321563858
946,-0.12818521860970122
947,-3.19178040789744
948,-55.93430677529362
949,-20.346025543650285
950,-0.016397025993114767
951,-0.7927875170121297
952,-0.046058487988830166
953,-27.101736640519448
954,-8.529769666596906
955,-2.2159366079868903
956,-22.726557671892706
957,-33.5278288516638
958,-4.800122849825044
959,-23.603947354684692
960,-52.077391468701016
961,-25.367513184636238
962,-24.544881114640248
963,-0.7395394481292374
964,-17.46821341834226
965,-2.9654304849671007
966,-37.44857044899857
967,-0.08144716058995982
968,-0.1826024275724194
969,-15.099807824676645
970,-9.523921034524278
971,-101.94245131312664
972,-37.88298977937666
973,-43.940172766443254
974,-0.25045866452433074
975,-29.39614457606828
976,-1.130528499466891
977,-0.045407269306532605
978,-16.196915944595105
979,-11.934024352696724
980,-45.86644510176211
981,-13.954887884435728
982,-42.56235756356
983,-6.6630239794067165
984,-5.074908649397003
985,-1.6167245246558863
986,-25.273180167160262
987,-25.042191092580182
988,-21.529351730794588
989,-27.49368284511729
990,-24.554634704296973
991,-90.35175928328908
992,-5.684551788377576
993,-11.496512545785436
994,-5.352838465642435
995,-37.19226016122093
996,-10.71725644025355
997,-47.22122460853997
998,-9.531768755167704
999,-34.74370121964603
1000,-14.934960501636624
1001,-93.09334569715952
1002,-20.14505302917314
1003,-0.1341628093023246
1004,-0.08541888991021551
1005,-5.966579048314088
1006,-2.266842311473738
1007,-27.030998805821582
1008,-89.95838582634315
1009,-54.25807406534307
1010,-62.87996937159187
1011,-25.197622570699878
1012,-19.145109338263865
1013,-50.45719521520914
1014,-3.4150787495473196
1015,-13.658697000042594
1016,-5.810568289374714
1017,-1.9993282371369787
1018,-17.709941743467073
1019,-12.783670322316539
1020,-2.400165087343794
1021,-12.760098908049258
1022,-43.42504611653612
1023,-26.93213601020118
1024,-21.703619183546834
1025,-27.32034016751652
1026,-1.1759995904711786
1027,-0.6453519716887968
1028,-9.582018831124913
1029,-4.984440273387008
1030,-21.588579912065285
1031,-28.85692073395694
1032,-24.110880356208185
1033,-39.361001703297916
1034,-16.51602601024888
1035,-6.826224211345334
1036,-0.8972462042556799
1037,-12.38857035503733
1038,-8.330294553968997
1039,-1.058182985498206
1040,-0.38763973464898527
1041,-69.84806752137698
1042,-5.211446386681928
1043,-29.161924325755535
1044,-13.478965853784757
1045,-18.52583440515187
1046,-4.177354019842596
1047,-42.57090895787951
1048,-0.07698467475165671
1049,-15.553038417935454
1050,-0.3503780676957433
1051,-5.103367014805372
1052,-27.910420342042926
1053,-8.267173819058371
1054,-19.54592933706863
1055,-2.1665194215647716
1056,-0.5793368846934754
1057,-8.843718409713075
1058,-0.02263647764864274
1059,-29.599518586885097
1060,-15.078246515040973
1061,-23.268005964682516
1062,-3.149379985415635
1063,-19.817220527002974
1064,-3.322569940268295
1065,-34.97819867977523
1066,-71.01575469569798
1067,-25.736749100385907
1068,-16.00791573593324
1069,-0.6330544948286843
1070,-41.15582978161683
1071,-21.934472201181052
1072,-15.779405236139837
1073,-67.26386139582974
1074,-31.56520879278878
1075,-2.6355848684952434
1076,-2.0966431429113754
1077,-13.699217820758804
1078,-9.2212094550232
1079,-11.754912228531452
1080,-23.300562026993703
1081,-0.8743155635576798
1082,-4.028000282379269
1083,-1.6051417827449166
1084,-1.6762666862869082
1085,-1.5778442927403376
1086,-47.17988092723863
1087,-1.2453940035782125
1088,-23.546026134718886
1089,-19.189391881646998
1090,-7.059131826084922
1091,-10.224056842178925
1092,-19.023908335885153
1093,-5.794766338597583
1094,-10.983666736804139
1095,-15.765771502273083
1096,-3.4834829621186714
1097,-2.3642742423119216
1098,-4.149976362488815
1099,-52.35927151910437
1100,-16.077860354766017
1101,-1.0310184063373526
1102,-20.86184624555474
1103,-60.85940181129763
1104,-0.039641324683543644
1105,-30.116658708006526
1106,-19.412851584937783
1107,-23.451653871733356
1108,-28.5828247050336
1109,-19.895976679889316
1110,-14.532371163318828
1111,-6.620642166208199
1112,-0.938848228087636
1113,-5.6228904108870665
1114,-1.3633322552705494
1115,-16.43181336652924
1116,-18.314183353949204
1117,-8.00884075169505
1118,-0.15017474109235707
1119,-10.717593883126256
1120,-6.490364830144017
1121,-1.2133052224544372
1122,-4.450492790859471
1123,-4.666438256804668
1124,-22.190310981277868
1125,-48.699990078268
1126,-53.73514992831042
1127,-2.615327339592697
1128,-17.81204980716735
1129,-0.2862965237780557
1130,-22.597953480362776
1131,-22.493007645124862
1132,-1.7925663938294747
1133,-31.276485670327645
1134,-6.2073818795391205
1135,-41.555169405721244
1136,-0.31971417606899877
1137,-4.325492006377317
1138,-3.5277968930522547
1139,-10.086873761187235
1140,-0.05379857985235503
1141,-13.479359966387449
1142,-32.1131854646228
1143,-20.480719571818554
1144,-28.018394753279154
1145,-8.6839959549676
1146,-35.4401880890473
1147,-27.39476609947883
1148,-3.050276415020562
1149,-3.163010513208846
1150,-40.38988874682149
1151,-4.986868464860175
1152,-9.569047966651397
1153,-2.810089607680652
1154,-26.32273855477979
1155,-8.636381352610897
1156,-2.9180970936542963
1157,-32.65966874401779
1158,-2.3838601335301064
1159,-1.349130388469348
1160,-2.725221385517713
1161,-0.051222767417129944
1162,-6.0119282232572
1163,-14.347561991598923
1164,-0.910480311529227
1165,-1.5974511535086435
1166,-41.61608165112557
1167,-12.22681038551157
1168,-11.107703542527133
1169,-0.5710045740064515
1170,-58.55469231994198
1171,-1.9415679140821567
1172,-9.497816421158404
1173,-0.2810232554315917
1174,-26.86083875498025
1175,-5.958814370126902
1176,-2.446667057066634
1177,-20.857553959491405
1178,-35.73493251454056
1179,-0.19176959090771106
1180,-75.76941282467169
1181,-30.541571694382213
1182,-5.245374537738826
1183,-64.2169934571752
1184,-16.568892942462675
1185,-37.714921301812865
1186,-29.353462394934468
1187,-29.672863138182947
1188,-23.168249701935565
1189,-10.50903455386225
1190,-0.35612461298114795
1191,-6.4344196618012575
1192,-16.092783226391475
1193,-16.93944895972163
1194,-14.967396256721258
1195,-0.009290534806495998
1196,-35.215772792334946
1197,-0.060142801286673375
1198,-16.6521131621098
1199,-0.7708591776433877
1200,-26.42559865131625
1201,-0.006751229954033988
1202,-20.006528127562433
1203,-2.3364966286722506
1204,-39.182680006402734
1205,-27.009346416493145
1206,-17.56108773415508
1207,-11.674137227797473
1208,-59.48990762838136
1209,-6.2476210770932425
1210,-0.26560102098301286
1211,-16.891484326789396
1212,-75.23121849024756
1213,-1.4920959284936544
1214,-13.443216634199025
1215,-8.403546435072329
1216,-0.04082921740337042
1217,-0.38495344656553243
1218,-56.19555183688371
1219,-23.368978401447293
1220,-9.27011201105779
1221,-11.633652066066418
1222,-66.65717609533749
1223,-7.382897404201685
1224,-88.77028297540983
1225,-3.820695901020372
1226,-0.7764578896186691
1227,-2.6566104820857674
1228,-4.76258064860302
1229,-0.09254257690736267
1230,-21.122507377715465
1231,-79.53553584830661
1232,-4.206929645671607
1233,-5.49758376122918
1234,-15.408180247368364
1235,-32.93237683281063
1236,-4.060883629787895
1237,-10.44644347097983
1238,-6.665505641207119
1239,-84.00823325103056
1240,-31.546779527432136
1241,-10.254332274306563
1242,-0.3579361440424691
1243,-20.963838729210245
1244,-29.524983347626403
1245,-42.46949435819033
1246,-33.8178000225962
1247,-65.438984859411
1248,-19.200195748785973
1249,-64.48429802025203
1250,-1.0888393442762094
1251,-0.01961687637185605
1252,-33.68967936961195
1253,-6.55060428195884
1254,-75.03488284185505
1255,-29.828935566234577
1256,-10.290841401922535
1257,-2.42020659679838
1258,-25.787459995800873
1259,-12.660860877655068
1260,-61.09440105398244
1261,-0.17993144877641498
1262,-0.7457785460065338
1263,-26.54576438946242
1264,-5.918155436003641
1265,-12.999527716212015
1266,-36.18079280106758
1267,-2.862661018707513
1268,-0.0013508176533307825
1269,-43.189857520367696
1270,-6.882136484869989
1271,-1.323331829896233
1272,-38.26936931389014
1273,-0.4120141122287464
1274,-18.24604074695162
1275,-1.7106021737845367
1276,-66.90115395333669
1277,-15.620988264744568
1278,-39.22083606584147
1279,-0.0595001223100553
1280,-4.999367450434933
1281,-1.525609052743107
1282,-3.5382516555728216
1283,-7.129499271373788
1284,-1.5384134259729763
1285,-6.240368639359303
1286,-3.9196489703014947
1287,-1.9830554562067846
1288,-1.9060735995942366
1289,-43.26550992815828
1290,-5.869210562125687
1291,-20.917012618673198
1292,-5.371125002553526
1293,-32.57019485111914
1294,-32.80491716364668
1295,-18.853732322126803
1296,-53.52771596927778
1297,-12.133624733251054
1298,-0.9245989928976996
1299,-61.897944409418415
1300,-6.076912540302146
1301,-0.00761698755711393
1302,-3.07563354429476
1303,-10.926287207312953
1304,-27.635470888578993
1305,-28.670897848554887
1306,-15.94852603586014
1307,-12.31457264418259
1308,-21.472492991104566
1309,-9.5505970640791
1310,-4.7360329677449045
1311,-11.027246470723185
1312,-69.99606021645013
1313,-0.6393794624223119
1314,-23.419662938569672
1315,-16.58720297486161
1316,-28.515099597123054
1317,-4.267780773422075
1318,-0.1580558985274365
1319,-2.307484382779421
1320,-7.216993096921527
1321,-22.40379132923377
1322,-0.0863361895108028
1323,-9.685517095174873
1324,-36.21709402444321
1325,-31.6533687833944
1326,-10.488897929091763
1327,-30.654978120926557
1328,-62.14447622580337
1329,-18.91927373465296
1330,-0.3886019423006388
1331,-78.29207883469962
1332,-51.13108669077792
1333,-24.23344641522999
1334,-7.457423286806716
1335,-14.470054785895883
1336,-38.37906088829391
1337,-0.09605620794650349
1338,-6.879505057012835
1339,-0.3579746242986155
1340,-33.28559565152682
1341,-2.161554053760483
1342,-37.934256593391304
1343,-7.686443553476465
1344,-6.990500438654635
1345,-24.6981409537093
1346,-14.63357253043796
1347,-4.760772499001021
1348,-36.39926151781424
1349,-4.784049933071401
1350,-25.841581625092658
1351,-40.599896340383566
1352,-108.53341734551577
1353,-69.29273663802633
1354,-0.10071287000494333
1355,-31.42910191003807
1356,-0.2701325894133362
1357,-3.9714040041407657
1358,-4.3044230870805595
1359,-62.048805941300316
1360,-39.70260122695808
1361,-55.21448446332943
1362,-55.50308582222351
1363,-10.845446136851933
1364,-28.148895679432485
1365,-60.765241839471855
1366,-0.26181417802581564
1367,-1.8348798024557595
1368,-73.38965324600576
1369,-0.5585324595474503
1370,-44.485769759620325
1371,-0.138289209917275
1372,-58.749346825999964
1373,-0.02434008347654526
1374,-8.783341156936885
1375,-15.659931295408796
1376,-21.38970042772206
1377,-19.70906945243405
1378,-8.591024291490612
1379,-75.55479757801379
1380,-32.11617121242307
1381,-5.920181920063044
1382,-2.2785262898037217
1383,-3.0008900139159778
1384,-6.527160113728314
1385,-39.208257261045766
1386,-16.280111834024183
1387,-4.2874055347431295
1388,-5.568082996408521
1389,-0.41632876726087886
1390,-17.10285012528655
1391,-51.740642801987974
1392,-13.485235090330661
1393,-11.237808940529106
1394,-11.156090239877813
1395,-8.924097476872703
1396,-7.039082431566989
1397,-0.11723073346342971
1398,-18.988563658554156
1399,-5.300929557576836
1400,-30.367282832604133
1401,-3.8960094144600106
1402,-0.009178992973005506
1403,-21.8670147418228
1404,-0.875507362827193
1405,-12.434047304531376
1406,-7.734471047407938
1407,-5.382502776533499
1408,-20.472998125742038
1409,-4.002475359164237
1410,-42.54181161084125
1411,-0.07941373517844852
1412,-1.3180869947900646
1413,-0.006178527927204414
1414,-1.5179656340214933
1415,-0.39020231402020045
1416,-3.574452026360291
1417,-20.473640280234292
1418,-11.782702947806115
1419,-14.954132401018796
1420,-8.556346110697632
1421,-6.692364079700383
1422,-11.426957219031465
1423,-37.41326312812134
1424,-81.91541992198972
1425,-18.672258825782706
1426,-6.5650861749309115
1427,-16.46730033014137
1428,-59.27051082620574
1429,-56.3696224955379
1430,-0.8083773060498061
1431,-10.963555744832291
1432,-9.097426993792055
1433,-0.10418147170888403
1434,-23.761974778521108
1435,-2.8692364403414103
1436,-26.456636081629767
1437,-3.037066825302972
1438,-3.5448461377662
1439,-8.557558564010606
1440,-5.5199326286965515
1441,-15.421298526311148
1442,-7.347041718452601
1443,-0.5393897155081504
1444,-64.13931749814219
1445,-2.028853512081696
1446,-21.357357507071583
1447,-1.3546135949613927
1448,-50.12765457245962
1449,-15.164552766528345
1450,-2.7311766602870193
1451,-10.742816787876109
1452,-29.24922412105184
1453,-39.06045269652955
1454,-16.963537452786113
1455,-46.65665701092075
1456,-2.5230616029826933
1457,-0.15904688233101005
1458,-16.729803566977353
1459,-0.9377220320893684
1460,-48.924131691116145
1461,-31.49364686275294
1462,-22.010060715138934
1463,-1.0435008887619688
1464,-25.734460511121256
1465,-16.40318836530514
1466,-4.172024544182932
1467,-7.912748781292976
1468,-48.28993917111802
1469,-17.625404925892084
1470,-20.40422282252598
1471,-55.033116306359204
1472,-1.312642937549981
1473,-12.388087563439257
1474,-10.704778394833752
1475,-33.965242834916594
1476,-0.34511644663871266
1477,-0.0048507352952590396
1478,-8.572815795638718
1479,-58.15815097029878
1480,-4.532489211700977
1481,-13.673065342250311
1482,-0.871662005868302
1483,-15.020382089462146
1484,-38.26978532426731
1485,-25.681159466357713
1486,-4.630439588896934
1487,-0.4645681941238706
1488,-13.442304125372601
1489,-16.600524316414976
1490,-3.7461342139740736
1491,-11.231767157994
1492,-5.277271869525862
1493,-15.656742359647296
1494,-12.336765664448421
1495,-20.896081248964606
1496,-0.1810330991165756
1497,-0.19914257884380504
1498,-30.214053236384643
1499,-10.943086390564986
1500,-12.71935070974925
1501,-1.2448862713599738
1502,-137.90912351936277
1503,-0.14011434927738264
1504,-2.198758275268627
1505,-0.6121470368345854
1506,-23.341489257833018
1507,-2.701696577955339
1508,-3.773062396644036
1509,-5.157441700331134
1510,-19.4194404669893
1511,-0.6570255990441751
1512,-14.384565688780185
1513,-7.5307506354532165
1514,-0.009882177278704773
1515,-26.838765104728736
1516,-25.14860519371996
1517,-9.763496941141364
1518,-45.41719034786388
1519,-26.055324645329392
1520,-0.4692346832860874
1521,-28.14012843306955
1522,-0.8378316213227208
1523,-8.62112343926077
1524,-50.87687836532268
1525,-31.653623149381602
1526,-6.033662553870599
1527,-2.921182439546101
1528,-0.37621168989062426
1529,-3.8354985404705246
1530,-6.668628113114053
1531,-1.5975064314716292
1532,-0.2562156114604477
1533,-42.574407534521015
1534,-31.38668292301736
1535,-9.179112341645027
1536,-15.45214743160091
1537,-49.017469351094405
1538,-19.635999187318816
1539,-16.542060127302086
1540,-1.054539821390648
1541,-87.70816342484659
1542,-13.317580316404928
1543,-9.881240804217668
1544,-0.023706809910436277
1545,-17.42172185142647
1546,-1.1470060495159018
1547,-15.236912151820349
1548,-17.323142033580552
1549,-12.121270972362254
1550,-48.59771925170827
1551,-78.01344752192381
1552,-22.704161104359414
1553,-8.241221891146154
1554,-3.9550673170633672
1555,-7.073115364688952
1556,-0.7202145815390395
1557,-11.009771729343456
1558,-0.6385548559692324
1559,-10.373109132315577
1560,-9.240877695147176
1561,-57.65294425821645
1562,-0.5437807592243189
1563,-7.5096829387694015
1564,-11.594582159021229
1565,-0.3885083955524493
1566,-38.175475920044846
1567,-54.63891394050643
1568,-45.24298222645183
1569,-12.642007459304295
1570,-46.25039804497669
1571,-5.886582801769691
1572,-2.187246573978179
1573,-19.425471989998712
1574,-13.05237610235622
1575,-4.2061356899008615
1576,-0.059227859425391216
1577,-23.018043264550307
1578,-5.627315427860594
1579,-2.3787396744025027
1580,-25.630123017943333
1581,-23.854484379436258
1582,-51.99771904722729
1583,-0.7065174555396396
1584,-9.565194621097135
1585,-41.39759189583128
1586,-6.330738634045675
1587,-2.080236827579938
1588,-50.34790229487544
1589,-15.00459091651203
1590,-48.52051576993708
1591,-17.473623669508015
1592,-0.9492348417097674
1593,-0.5549726179951242
1594,-2.9171576802473282
1595,-13.089508164793983
1596,-10.184338753511838
1597,-1.0293473931133974
1598,-56.10281459844737
1599,-28.157096145049223
1600,-38.64917640259591
1601,-6.538958318116741
1602,-25.75204380554476
1603,-10.091153106882324
1604,-0.08387681224245114
1605,-41.400379962348026
1606,-0.04767442503747077
1607,-39.92827093914559
1608,-0.07440901844566383
1609,-66.35303085277451
1610,-11.987905899062511
1611,-6.586302029642411
1612,-12.222319091509206
1613,-8.425354019329681
1614,-10.73793270635349
1615,-3.6529901477624662
1616,-24.197095822648947
1617,-0.5886697425098646
1618,-1.444342945716926
1619,-33.57623684492137
1620,-50.67174278055336
1621,-6.471288265447896
1622,-10.368916736179017
1623,-21.296170208945114
1624,-15.488469496409834
1625,-74.28721813108132
1626,-17.08452878519529
1627,-34.714135258117494
1628,-1.3656474025883654
1629,-41.30732102082402
1630,-9.443431774303463
1631,-4.962509781913468
1632,-11.094014361232325
1633,-0.12040434851951431
1634,-0.6900290080065616
1635,-20.81819689711847
1636,-4.648562418777146
1637,-1.4293593619013336
1638,-6.835384581943515
1639,-20.918983019121242
1640,-6.628191736011237
1641,-30.881921129640318
1642,-26.821845367216213
1643,-10.647815583291958
1644,-25.839521003479604
1645,-0.6091393513014669
1646,-49.09113509739677
1647,-0.613023054134171
1648,-38.08710992952379
1649,-42.7123396388927
1650,-21.06425396134773
1651,-25.78085707250284
1652,-1.525305070652621
1653,-22.03193053221912
1654,-13.268474452255532
1655,-11.78103532158434
1656,-0.016139058299216913
1657,-39.581114761180515
1658,-21.113578925116002
1659,-24.669853831713226
1660,-10.721705345873488
1661,-1.1024723610862566
1662,-6.4944925221245455
1663,-41.95570634902106
1664,-0.05951837643902991
1665,-30.61084888587743
1666,-10.996609112096849
1667,-2.346315481758211
1668,-0.07669504820600537
1669,-1.6388431715836305
1670,-17.674607287817025
1671,-20.922757027688817
1672,-32.038685710051936
1673,-2.5842366043289076
1674,-15.980929170449826
1675,-0.9403147669636382
1676,-1.1562073625171934
1677,-10.466182829855256
1678,-11.88567551548525
1679,-30.561831168263964
1680,-26.819425861194375
1681,-5.274003403377719
1682,-38.17761066685216
1683,-66.39553057374724
1684,-1.2988560304604562
1685,-59.62041855487041
1686,-69.7536157547554
1687,-34.16637519152755
1688,-55.4939016596747
1689,-1.4784377609003059
1690,-55.63124762396819
1691,-8.011286100225334
1692,-48.277152184517945
1693,-0.7224715591437416
1694,-21.61909488326455
1695,-36.96584732703491
1696,-2.117915743510821
1697,-14.641318335561664
1698,-0.10080766220880832
1699,-58.01514820041757
1700,-8.23246461717035
1701,-0.006542152721708919
1702,-187.21782985888422
1703,-23.125548721804407
1704,-22.922896547874828
1705,-31.74822733774181
1706,-13.703782306332954
1707,-19.975131562120623
1708,-16.502123508815203
1709,-31.26770662434501
1710,-60.79296013896237
1711,-26.894859162392095
1712,-12.225791940132794
1713,-10.743329258303106
1714,-0.4481204995627195
1715,-49.37714516854612
1716,-14.68496854445084
1717,-21.637622280985397
1718,-9.099240665300727
1719,-48.25183628635568
1720,-13.241076848337457
1721,-11.478183136372138
1722,-52.860511385099926
1723,-38.21304014100576
1724,-39.247170812943295
1725,-26.314478214084374
1726,-2.723680797556881
1727,-35.027113291434944
1728,-43.74875745417421
1729,-26.780638111609733
1730,-19.71680893887242
1731,-55.72788965681593
1732,-16.331682684860425
1733,-69.7835957752759
1734,-24.091434019243025
1735,-0.8874974673917677
1736,-5.928521125810221
1737,-5.208417793287822
1738,-0.36051284844916154
1739,-12.357062296605818
1740,-12.147453793288378
1741,-69.48550603510535
1742,-78.20784233739505
1743,-21.97310237292595
1744,-16.584497661772275
1745,-23.96025664839908
1746,-0.7529173785455252
1747,-22.21304276236515
1748,-53.266833865669014
1749,-37.26606178304564
1750,-18.000479492748354
1751,-50.37243383218447
1752,-41.810417008323384
1753,-0.0711696581561796
1754,-41.66590159519728
1755,-34.99234958207959
1756,-18.731819557985773
1757,-9.156723380919857
1758,-36.948032059263824
1759,-8.569018184382003
1760,-11.62886927263753
1761,-15.708185028005616
1762,-63.12234827848579
1763,-0.4832126412948128
1764,-71.22505008273572
1765,-22.760445845575305
1766,-9.207601137464664
1767,-2.381505418669292
1768,-15.194809424614505
1769,-40.26996307543439
1770,-8.675440629303921
1771,-0.18923200357312453
1772,-7.349984364684246
1773,-3.3185044008964724
1774,-0.15201418333708716
1775,-20.530796914477833
1776,-22.59191093939582
1777,-16.73133267137024
1778,-48.55561265019605
1779,-23.687900747245294
1780,-16.898669399404298
1781,-8.079578139961995
1782,-123.90050608495949
1783,-57.048691184491986
1784,-5.41735642630465
1785,-1.0352552791314338
1786,-5.439870843132585
1787,-15.249122210840142
1788,-32.32375076221069
1789,-13.291439955370834
1790,-20.969837848043767
1791,-19.793901869131716
1792,-3.250907713569177
1793,-55.91186740762805
1794,-14.099549952738016
1795,-28.689866150418013
1796,-38.61234597669636
1797,-47.235424956305906
1798,-17.701570061140217
1799,-39.74507248557029
1800,-14.588955507675337
1801,-31.523559208319057
1802,-0.28317557303989904
1803,-7.845819807691328
1804,-8.935414122544898
1805,-1.0144584015343554
1806,-11.832195881771895
1807,-1.3001735778825605
1808,-4.772247053857427
1809,-43.52848032450129
1810,-8.874884247434238
1811,-34.82886141906329
1812,-0.14438806498446866
1813,-5.47899883091975
1814,-67.1133492296768
1815,-5.784916799457278
1816,-47.63413358486423
1817,-7.177208513643222
1818,-26.742192538325185
1819,-9.557854277967635
1820,-10.885309666893932
1821,-16.23759136311932
1822,-2.5237177652598604
1823,-129.65216388700134
1824,-18.423187541472515
1825,-32.594761626416584
1826,-2.195098418172506
1827,-48.45553355984157
1828,-39.9826001855497
1829,-14.403749345972365
1830,-0.2872863099366114
1831,-32.911485043456196
1832,-36.16762072157644
1833,-14.051803288657702
1834,-16.811450342269872
1835,-25.51028728859842
1836,-10.565627847486212
1837,-16.51944554810939
1838,-0.8402278858557111
1839,-33.49520678723866
1840,-35.92077184643267
1841,-45.23030867598459
1842,-18.947554185288027
1843,-76.28592437119914
1844,-12.272326831745886
1845,-7.239424612061782
1846,-9.97305249632791
1847,-6.208822594152707
1848,-20.242693704830998
1849,-50.684235035441816
1850,-26.217378472291784
1851,-11.133666723879287
1852,-14.286225934813046
1853,-83.13457662274595
1854,-9.589844895043186
1855,-40.71388401607419
1856,-6.223471259241819
1857,-0.084245390250544
1858,-14.695380476681521
1859,-8.76418089462095
1860,-22.817840041108866
1861,-41.28891045789794
1862,-51.44764349627167
1863,-31.431224393359344
1864,-5.3751160971255985
1865,-22.225228074948973
1866,-1.3415205979035818
1867,-0.614329197950898
1868,-15.01182633076587
1869,-8.735105851919798
1870,-53.70662435402318
1871,-0.07423673248848672
1872,-110.21745363214359
1873,-3.3399080075651
1874,-11.029879586425182
1875,-26.82440982955268
1876,-10.6738933059587
1877,-0.7886012550261512
1878,-26.815761443345934
1879,-10.8992369938277
1880,-48.976809211366344
1881,-27.307885877147783
1882,-5.345670591028352
1883,-7.546006622204004
1884,-8.148442496152352
1885,-15.949627165986414
1886,-1.462437546833094
1887,-8.800431541909575
1888,-2.962029854650609
1889,-0.035566111496791564
1890,-12.982903862994135
1891,-19.76211108144576
1892,-12.702740343942423
1893,-7.286732909847009
1894,-4.315443349702235
1895,-25.305479864833615
1896,-34.98449817246322
1897,-10.481020791137468
1898,-9.199856731451291
1899,-8.476423140617271
1900,-27.370260440828588
1901,-22.699658780057973
1902,-32.09270539555607
1903,-33.289046535614034
1904,-20.22318299261883
1905,-0.25840235381201637
1906,-32.940293202525936
1907,-92.57531109284457
1908,-32.24242460755113
1909,-2.3201777905783274
1910,-10.627126251180016
1911,-0.5494159115933144
1912,-82.65397241205574
1913,-91.12644792551146
1914,-42.23732021120287
1915,-36.30362548360199
1916,-16.921520416405656
1917,-44.33997563809193
1918,-31.83437729024461
1919,-32.91895953452331
1920,-11.052456100311247
1921,-64.92462106766288
1922,-7.20697505694821
1923,-1.7851190069914082
1924,-13.884062100129086
1925,-10.849409693995938
1926,-41.14622080908498
1927,-45.560945289747906
1928,-0.38857281856121517
1929,-18.268990774295162
1930,-33.53789113220387
1931,-13.941081812692573
1932,-25.598192893873602
1933,-36.41885930257433
1934,-1.5475960103942725
1935,-3.5420454104496457
1936,-27.14464956355596
1937,-35.15396463322939
1938,-30.609363293013303
1939,-15.534580537654847
1940,-0.13032270718122163
1941,-0.12590217053866581
1942,-3.7997275510115287
1943,-54.99578850195758
1944,-14.24519631721887
1945,-16.488718502039774
1946,-0.08090582146724046
1947,-1.4749745629464712
1948,-33.038931920784336
1949,-33.502870977325074
1950,-34.97278286521782
1951,-9.466268525621238
1952,-29.873230693693245
1953,-0.012756439244640205
1954,-10.829185466186118
1955,-24.624373174848643
1956,-19.628861194674755
1957,-25.485474065739254
1958,-115.44162105288706
1959,-21.567189004344982
1960,-0.886921060122404
1961,-14.63005829724716
1962,-19.465051367411434
1963,-0.747009029988476
1964,-0.33500307520372985
1965,-29.473377863479072
1966,-48.44073252173257
1967,-20.441187140914508
1968,-7.870988519755201
1969,-53.86864476529263
1970,-4.467045907013016
1971,-39.55590262705664
1972,-0.24227724196316558
1973,-105.3558624653233
1974,-104.9046261182375
1975,-12.795128932779278
1976,-6.595721979119844
1977,-45.026690529113694
1978,-0.09819984060862907
1979,-21.98252554168721
1980,-48.07697861003544
1981,-0.27289305805061304
1982,-41.895744597073644
1983,-82.9233211893386
1984,-21.931005512190723
1985,-28.588281663685223
1986,-0.7955076850598743
1987,-5.838449095497026
1988,-23.06795892171931
1989,-0.3658529760818965
1990,-9.809339996485505
1991,-6.1199260722751205
1992,-16.341182143347396
1993,-35.1658436828767
1994,-15.230689141833864
1995,-34.95782812699031
1996,-17.297034729603183
1997,-1.1615870085946085
1998,-25.167998786326635
1999,-2.5559790762126795
