,value_per_image
0,0.6588235294117648
1,0.3411764705882353
2,0.48823529411764705
3,-0.05
4,0.014705882352941175
5,0.4617647058823529
6,0.4176470588235294
7,-0.30882352941176466
8,0.4147058823529412
9,0.7799854944594699
10,0.6352941176470589
11,-0.1647058823529412
12,-0.10588235294117647
13,0.4294117647058823
14,0.4235294117647059
15,0.12352941176470587
16,0.2470588235294117
17,0.6176470588235293
18,0.2264705882352941
19,0.5529411764705882
20,0.3941176470588235
21,0.22352941176470587
22,0.7088235294117646
23,0.4470588235294117
24,0.4294117647058823
25,0.5764705882352941
26,0.5792751517996757
27,-0.06176470588235294
28,0.5235294117647059
29,0.5558823529411765
30,0.8823529411764707
31,0.014705882352941175
32,0.6764705882352942
33,0.7529411764705882
34,0.3205882352941176
35,-0.2323529411764706
36,-0.3058823529411765
37,0.1647058823529412
38,0.1411764705882353
39,0.3058823529411765
40,0.9441176470588234
41,-0.21176470588235294
42,0.7058823529411764
43,0.4852941176470588
44,0.17941176470588235
45,0.3911764705882353
46,0.1647058823529412
47,0.2470588235294117
48,0.4941176470588235
49,0.15882352941176472
50,0.55
51,0.1352941176470588
52,0.2852941176470589
53,0.5823529411764706
54,0.411764705882353
55,0.2441176470588235
56,-0.411764705882353
57,0.5264705882352941
58,0.10882352941176472
59,0.2058823529411765
60,0.4911764705882353
61,0.02058823529411765
62,0.4264705882352941
63,0.6529411764705881
64,0.06470588235294117
65,-0.1176470588235294
66,-0.5842532854724707
67,0.4382352941176471
68,0.4647058823529412
69,0.2676470588235294
70,0.3117647058823529
71,0.5970588235294118
72,0.6941176470588235
73,0.09117647058823528
74,-0.3647058823529412
75,0.3411764705882353
76,0.2
77,-0.2588235294117647
78,0.3558823529411765
79,-0.052941176470588235
80,0.6382352941176471
81,0.7941176470588236
82,0.6647058823529411
83,-0.035294117647058816
84,0.09705882352941177
85,0.7735294117647058
86,0.28823529411764703
87,0.0411764705882353
88,0.6
89,0.5647058823529412
90,0.19705882352941176
91,-0.023529411764705882
92,0.411764705882353
93,0.4352941176470588
94,0.4323529411764706
95,0.3588235294117647
96,0.8058823529411765
97,0.3294117647058824
98,0.1264705882352941
99,0.5147058823529412
100,0.4058823529411764
101,0.017647058823529408
102,0.6764705882352942
103,0.6676470588235294
104,0.5029411764705883
105,0.2852941176470589
106,0.7352941176470589
107,0.4588235294117647
108,0.4794117647058824
109,0.1264705882352941
110,0.3529411764705882
111,-0.017647058823529408
112,-0.008823529411764706
113,0.4147058823529412
114,0.7882352941176469
115,0.3
116,0.17352941176470588
117,0.5882352941176471
118,-0.2029411764705882
119,0.6882352941176471
120,0.2470588235294117
121,0.3558823529411765
122,0.6176470588235293
123,-0.4235294117647059
124,0.6382352941176471
125,0.7470588235294118
126,0.8176470588235294
127,0.1176470588235294
128,-0.052941176470588235
129,0.07647058823529412
130,-0.15588235294117647
131,0.4294117647058823
132,0.5529411764705882
133,-0.2411764705882353
134,-0.03823529411764706
135,0.6563651519413651
136,0.052941176470588235
137,0.5411764705882353
138,0.34411764705882353
139,0.4
140,0.55
141,0.538235294117647
142,0.8441176470588234
143,0.75
144,0.5705882352941177
145,0.6970588235294117
146,0.6029411764705882
147,0.6529411764705881
148,0.6205882352941177
149,0.8924899222524745
150,0.5117647058823529
151,0.4529411764705882
152,0.3588235294117647
153,0.611764705882353
154,0.6235294117647059
155,0.6882352941176471
156,0.2029411764705882
157,0.3970588235294118
158,0.75
159,0.6205882352941177
160,0.15
161,-0.19117647058823528
162,-0.6941176470588235
163,0.27058823529411763
164,-0.2323529411764706
165,-0.0823529411764706
166,0.6823529411764706
167,0.2588235294117647
168,-0.538235294117647
169,0.4
170,-0.44117647058823534
171,-0.06764705882352941
172,0.7617647058823529
173,0.5647058823529412
174,-0.2147058823529412
175,0.8441176470588234
176,-0.05588235294117647
177,0.5794117647058823
178,0.3117647058823529
179,0.3323529411764706
180,0.2852941176470589
181,0.3294117647058824
182,-0.2029411764705882
183,0.5441176470588236
184,0.5411764705882353
185,0.3147058823529411
186,-0.005882352941176471
187,0.3411764705882353
188,0.7235294117647059
189,-0.18529411764705886
190,-0.12058823529411765
191,0.2647058823529412
192,0.5117647058823529
193,0.4470588235294117
194,0.3735294117647059
195,0.3941176470588235
196,0.7411764705882353
197,0.2470588235294117
198,-0.17058823529411765
199,0.2852941176470589
200,0.2676470588235294
201,-0.4058823529411764
202,0.5588235294117647
203,-0.05
204,0.07058823529411765
205,0.6058823529411764
206,0.8147058823529412
207,0.8617647058823529
208,-0.22352941176470587
209,0.33529411764705885
210,-0.28823529411764703
211,0.3970588235294118
212,-0.07058823529411765
213,0.7617647058823529
214,0.19117647058823528
215,0.2529411764705882
216,-0.032352941176470584
217,0.5764705882352941
218,0.6294117647058822
219,0.4617647058823529
220,0.7235294117647059
221,-0.5794117647058823
222,0.7617647058823529
223,-0.014705882352941175
224,0.4941176470588235
225,-0.06176470588235294
226,0.3205882352941176
227,-0.2
228,0.15294117647058825
229,0.6617647058823529
230,0.09705882352941177
231,0.2529411764705882
232,0.45
233,0.6529411764705881
234,-0.11470588235294114
235,0.8441176470588234
236,0.6588235294117648
237,0.09411764705882353
238,0.4176470588235294
239,0.5264705882352941
240,0.5205882352941177
241,0.15588235294117647
242,0.2529411764705882
243,0.10882352941176472
244,-0.02941176470588235
245,0.6352941176470589
246,0.3264705882352941
247,-0.18235294117647055
248,-0.0411764705882353
249,0.2352941176470588
250,0.1176470588235294
251,0.4735294117647058
252,0.36764705882352944
253,0.22352941176470587
254,0.4852941176470588
255,0.7294117647058823
256,0.5735294117647058
257,-0.2823529411764706
258,0.7029411764705883
259,0.4441176470588235
260,0.7323529411764707
261,0.4617647058823529
262,0.4529411764705882
263,0.6382352941176471
264,0.6382352941176471
265,0.15588235294117647
266,-0.4205882352941176
267,0.5941176470588235
268,0.09117647058823528
269,-0.6823529411764706
270,0.4911764705882353
271,-0.0823529411764706
272,0.2647058823529412
273,0.17352941176470588
274,-0.2823529411764706
275,0.026470588235294117
276,0.16764705882352945
277,0.17058823529411765
278,0.22058823529411767
279,0.3323529411764706
280,0.5558823529411765
281,-0.10882352941176472
282,0.4147058823529412
283,0.9
284,-0.411764705882353
285,0.7323529411764707
286,0.6882352941176471
287,0.2588235294117647
288,-0.0823529411764706
289,0.4
290,-0.3911764705882353
291,0.2529411764705882
292,0.4588235294117647
293,-0.08529411764705883
294,-0.0411764705882353
295,0.7941176470588236
296,-0.15588235294117647
297,0.2794117647058824
298,0.6647058823529411
299,0.7558823529411764
300,-0.032352941176470584
301,0.4176470588235294
302,0.7941176470588236
303,0.06176470588235294
304,0.2617647058823529
305,0.8529411764705882
306,0.3529411764705882
307,0.5088235294117647
308,0.7593821040397857
309,0.8176470588235294
310,0.34411764705882353
311,0.6029411764705882
312,0.5735294117647058
313,-0.4264705882352941
314,0.0823529411764706
315,0.4176470588235294
316,0.1352941176470588
317,0.4441176470588235
318,-0.3852941176470588
319,0.2529411764705882
320,0.2529411764705882
321,0.5411764705882353
322,0.6205882352941177
323,0.10294117647058824
324,-0.2647058823529412
325,0.07058823529411765
326,0.6411764705882352
327,0.3970588235294118
328,0.3735294117647059
329,0.7823529411764706
330,-0.0823529411764706
331,0.3794117647058824
332,0.4735294117647058
333,0.19411764705882356
334,-0.4382352941176471
335,0.8323529411764706
336,0.6176470588235293
337,0.4764705882352941
338,0.7470588235294118
339,-0.6058823529411764
340,-0.17058823529411765
341,0.1264705882352941
342,0.3529411764705882
343,-0.6794117647058824
344,0.16764705882352945
345,0.6441176470588235
346,0.4205882352941176
347,0.4617647058823529
348,0.3764705882352941
349,0.3705882352941177
350,-0.4735294117647058
351,-0.3530315311701621
352,-0.023529411764705882
353,-0.25
354,0.2617647058823529
355,-0.2852941176470589
356,0.7235294117647059
357,0.6294117647058822
358,0.7147058823529412
359,0.7441176470588236
360,-0.1411764705882353
361,0.6029411764705882
362,0.1
363,-0.48823529411764705
364,-0.011764705882352941
365,-0.011773365954105205
366,0.1
367,-0.2264705882352941
368,0.10588235294117647
369,0.6588235294117648
370,0.07352941176470587
371,0.3382352941176471
372,-0.19411764705882356
373,0.7088235294117646
374,0.5764705882352941
375,-0.06176470588235294
376,-0.411764705882353
377,0.3882352941176471
378,0.5
379,0.3529411764705882
380,0.5147058823529412
381,-0.10588235294117647
382,0.7058823529411764
383,-0.4147058823529412
384,0.31764705882352945
385,0.6205882352941177
386,0.5676470588235295
387,0.4205882352941176
388,0.9235294117647058
389,0.1764705882352941
390,-0.2647058823529412
391,0.07058823529411765
392,-0.6823529411764706
393,0.5970588235294118
394,0.6176470588235293
395,0.6911764705882353
396,0.2441176470588235
397,0.6705882352941177
398,-0.2852941176470589
399,0.30882352941176466
400,0.4
401,-0.17352941176470588
402,-0.023529411764705882
403,0.5117647058823529
404,0.6323529411764706
405,0.38235294117647056
406,0.8352941176470589
407,0.5764705882352941
408,0.7264705882352941
409,0.6911764705882353
410,0.7382352941176471
411,0.5911764705882353
412,0.6205882352941177
413,0.4911764705882353
414,-0.5470588235294118
415,0.5735294117647058
416,0.7205882352941175
417,0.12058823529411765
418,0.011764705882352941
419,0.7852941176470588
420,0.6323529411764706
421,0.611764705882353
422,-0.3647058823529412
423,0.6
424,0.02941176470588235
425,0.4
426,0.18823529411764706
427,0.4382352941176471
428,0.9529411764705882
429,0.1264705882352941
430,-0.2323529411764706
431,-0.4205882352941176
432,0.6
433,0.18529411764705886
434,0.30882352941176466
435,0.7764705882352941
436,0.8823529411764707
437,0.31764705882352945
438,0.5941176470588235
439,0.7323529411764707
440,0.6058823529411764
441,0.6470588235294118
442,0.12352941176470587
443,0.7676470588235293
444,0.6852941176470588
445,0.8470588235294119
446,0.5617647058823529
447,0.8794117647058824
448,0.9058823529411764
449,0.28823529411764703
450,-0.3764705882352941
451,-0.09117647058823528
452,0.7176470588235294
453,0.12058823529411765
454,0.5264705882352941
455,0.65
456,0.4264705882352941
457,0.5352941176470588
458,0.09705882352941177
459,0.6411764705882352
460,-0.03823529411764706
461,0.23823529411764705
462,-0.2617647058823529
463,0.19411764705882356
464,0.5705882352941177
465,0.65
466,0.18235294117647055
467,0.44117647058823534
468,0.6435942178619328
469,0.8441176470588234
470,0.18529411764705886
471,0.7029411764705883
472,0.8117647058823528
473,0.1764705882352941
474,0.09411764705882353
475,0.05588235294117647
476,0.2794117647058824
477,0.75
478,-0.023529411764705882
479,0.7676470588235293
480,0.2
481,-0.18823529411764706
482,0.6794117647058824
483,0.7176470588235294
484,0.8117647058823528
485,0.6
486,0.6029411764705882
487,0.3411764705882353
488,0.15882352941176472
489,-0.2470588235294117
490,0.65
491,0.5794117647058823
492,-0.3558823529411765
493,-0.0588235294117647
494,0.7147058823529412
495,0.36764705882352944
496,0.4441176470588235
497,0.18823529411764706
498,0.4235294117647059
499,0.8558823529411764
500,0.2029411764705882
501,0.2029411764705882
502,0.7617647058823529
503,0.6294117647058822
504,0.6852941176470588
505,0.6970588235294117
506,0.15294117647058825
507,0.8176470588235294
508,0.4735294117647058
509,0.8323529411764706
510,0.5147058823529412
511,0.7294117647058823
512,0.34411764705882353
513,0.5735294117647058
514,0.28823529411764703
515,0.36764705882352944
516,0.55
517,0.3294117647058824
518,-0.03823529411764706
519,0.4617647058823529
520,0.6029411764705882
521,-0.4823529411764706
522,0.25
523,-0.2529411764705882
524,0.4264705882352941
525,0.2588235294117647
526,0.65
527,0.7852941176470588
528,0.15294117647058825
529,0.2147058823529412
530,0.10882352941176472
531,-0.28823529411764703
532,0.7294117647058823
533,0.6264705882352941
534,0.8441176470588234
535,0.27058823529411763
536,-0.1
537,0.3147058823529411
538,0.5441176470588236
539,0.6764705882352942
540,-0.07647058823529412
541,0.3529411764705882
542,0.8088235294117646
543,0.5911764705882353
544,0.2411764705882353
545,0.7852941176470588
546,-0.18529411764705886
547,0.7088235294117646
548,0.8264705882352942
549,0.888235294117647
550,0.19705882352941176
551,0.2147058823529412
552,0.6764705882352942
553,-0.4794117647058824
554,0.888235294117647
555,0.6088235294117647
556,-0.2676470588235294
557,0.13823529411764704
558,0.19411764705882356
559,0.85
560,0.5647058823529412
561,-0.15882352941176472
562,0.3970588235294118
563,0.9617647058823531
564,0.6882352941176471
565,0.5852941176470587
566,0.3205882352941176
567,-0.5029411764705883
568,0.4705882352941176
569,-0.11176470588235292
570,0.25
571,0.6441176470588235
572,0.2823529411764706
573,0.4558823529411765
574,0.85
575,0.4352941176470588
576,0.5352941176470588
577,0.6411764705882352
578,0.3764705882352941
579,0.7441176470588236
580,0.34411764705882353
581,0.6558823529411765
582,0.3588235294117647
583,0.40294117647058825
584,-0.5264705882352941
585,0.4529411764705882
586,0.9205882352941176
587,0.2264705882352941
588,0.5441176470588236
589,-0.6441176470588235
590,0.2823529411764706
591,0.7205882352941175
592,-0.2147058823529412
593,-0.3264705882352941
594,0.44117647058823534
595,0.3794117647058824
596,0.2323529411764706
597,0.19705882352941176
598,0.8058823529411765
599,-0.17352941176470588
600,0.7176470588235294
601,0.4176470588235294
602,0.044117647058823525
603,-0.13823529411764704
604,0.7352941176470589
605,-0.3794117647058824
606,-0.13823529411764704
607,0.29705882352941176
608,0.0029411764705882357
609,0.40294117647058825
610,0.5029411764705883
611,0.4676470588235294
612,-0.18823529411764706
613,0.3147058823529411
614,0.5588235294117647
615,0.6058823529411764
616,0.3735294117647059
617,0.6941176470588235
618,0.6088235294117647
619,0.7029411764705883
620,0.6147058823529412
621,0.6676470588235294
622,0.4970588235294117
623,0.538235294117647
624,0.3264705882352941
625,0.4705882352941176
626,0.5
627,0.5852941176470587
628,-0.032352941176470584
629,0.6
630,0.0411764705882353
631,0.2
632,0.25
633,0.7794117647058825
634,0.03823529411764706
635,0.017647058823529408
636,0.6382352941176471
637,-0.4823529411764706
638,-0.1411764705882353
639,-0.06470588235294117
640,0.8176470588235294
641,0.07941176470588236
642,-0.052941176470588235
643,0.30882352941176466
644,-0.07352941176470587
645,0.22352941176470587
646,0.3882352941176471
647,0.3264705882352941
648,0.7264705882352941
649,0.3264705882352941
650,-0.08823529411764705
651,-0.21176470588235294
652,0.5941176470588235
653,0.4941176470588235
654,-0.10588235294117647
655,0.7529411764705882
656,-0.017647058823529408
657,0.5941176470588235
658,0.45
659,0.3970588235294118
660,0.2588235294117647
661,0.7294117647058823
662,0.7794117647058825
663,0.2911764705882353
664,0.3882352941176471
665,-0.09411764705882353
666,-0.7441176470588236
667,0.2852941176470589
668,0.25
669,-0.3264705882352941
670,0.15882352941176472
671,0.7323529411764707
672,0.1323529411764706
673,-0.3147058823529411
674,0.3529411764705882
675,0.4323529411764706
676,-0.09117647058823528
677,0.6823529411764706
678,0.017647058823529408
679,0.011764705882352941
680,0.4470588235294117
681,-0.2029411764705882
682,-0.2088235294117647
683,-0.2852941176470589
684,-0.2823529411764706
685,0.4147058823529412
686,0.3852941176470588
687,-0.4147058823529412
688,-0.40294117647058825
689,0.27058823529411763
690,0.7588235294117647
691,0.5941176470588235
692,0.7147058823529412
693,0.7647058823529411
694,0.2794117647058824
695,-0.07352941176470587
696,0.8323529411764706
697,0.3558823529411765
698,0.4176470588235294
699,0.5264705882352941
700,-0.3941176470588235
701,-0.2352941176470588
702,0.6029411764705882
703,0.3117647058823529
704,0.4235294117647059
705,0.35000000000000003
706,-0.02058823529411765
707,0.12058823529411765
708,0.28823529411764703
709,0.5911764705882353
710,0.6352941176470589
711,-0.011764705882352941
712,0.2911764705882353
713,-0.12058823529411765
714,-0.19705882352941176
715,0.5882352941176471
716,0.5970588235294118
717,-0.10588235294117647
718,-0.33529411764705885
719,0.5264705882352941
720,-0.1
721,0.09705882352941177
722,-0.09411764705882353
723,-0.6088235294117647
724,0.4470588235294117
725,-0.7235294117647059
726,0.15294117647058825
727,0.538235294117647
728,0.5264705882352941
729,0.25
730,0.3147058823529411
731,0.19705882352941176
732,0.3941176470588235
733,0.2058823529411765
734,0.02941176470588235
735,-0.008823529411764706
736,-0.11470588235294114
737,0.40294117647058825
738,0.2911764705882353
739,0.6088235294117647
740,0.12058823529411765
741,0.017647058823529408
742,0.5470588235294118
743,0.06176470588235294
744,-0.19117647058823528
745,0.30882352941176466
746,0.15
747,0.44117647058823534
748,0.1250920132623678
749,0.05588235294117647
750,0.7352941176470589
751,0.2147058823529412
752,-0.06176470588235294
753,0.8147058823529412
754,-0.2588235294117647
755,0.7117647058823531
756,-0.12352941176470587
757,-0.005882352941176471
758,0.3705882352941177
759,-0.5588235294117647
760,0.6588235294117648
761,0.3382352941176471
762,-0.22352941176470587
763,0.07352941176470587
764,0.5224431142134185
765,0.4823529411764706
766,0.21176470588235294
767,-0.2352941176470588
768,0.7411764705882353
769,0.25588235294117645
770,0.4294117647058823
771,0.411764705882353
772,0.5823529411764706
773,0.6235294117647059
774,0.3617647058823529
775,0.5617647058823529
776,0.2411764705882353
777,0.10882352941176472
778,0.5911764705882353
779,0.4764705882352941
780,0.14705882352941174
781,0.1176470588235294
782,0.1647058823529412
783,-0.07941176470588236
784,0.6764705882352942
785,0.6264705882352941
786,0.23823529411764705
787,0.2735294117647059
788,0.3735294117647059
789,0.5852941176470587
790,0.30882352941176466
791,0.4911764705882353
792,0.5147058823529412
793,0.11176470588235292
794,-0.5
795,0.4382352941176471
796,0.3647058823529412
797,0.5323529411764706
798,-0.07058823529411765
799,0.7588235294117647
800,0.7264705882352941
801,0.45
802,0.34411764705882353
803,0.3205882352941176
804,0.2852941176470589
805,0.5176470588235293
806,0.5823529411764706
807,0.5735294117647058
808,0.17058823529411765
809,-0.15294117647058825
810,0.3558823529411765
811,0.6470588235294118
812,-0.2676470588235294
813,0.09705882352941177
814,0.21764705882352944
815,0.5029411764705883
816,0.16176470588235295
817,0.5941176470588235
818,0.15294117647058825
819,0.31764705882352945
820,-0.3117647058823529
821,0.06470588235294117
822,0.3558823529411765
823,0.6882352941176471
824,0.17941176470588235
825,-0.16764705882352945
826,0.3411764705882353
827,0.6205882352941177
828,-0.09705882352941177
829,-0.06764705882352941
830,0.5529411764705882
831,-0.7794117647058825
832,0.3058823529411765
833,0.2441176470588235
834,0.5764705882352941
835,-0.014705882352941175
836,-0.5205882352941177
837,0.3058823529411765
838,0.7176470588235294
839,0.008823529411764706
840,-0.1647058823529412
841,0.6235294117647059
842,0.6176470588235293
843,0.07058823529411765
844,-0.18823529411764706
845,-0.15588235294117647
846,0.4352941176470588
847,0.4235294117647059
848,0.5705882352941177
849,0.07352941176470587
850,0.4264705882352941
851,0.4294117647058823
852,0.17058823529411765
853,0.4529411764705882
854,0.18529411764705886
855,0.3147058823529411
856,0.05588235294117647
857,0.6205882352941177
858,0.34411764705882353
859,-0.3794117647058824
860,0.5735294117647058
861,0.032352941176470584
862,0.5558823529411765
863,-0.07058823529411765
864,0.19117647058823528
865,-0.6254600663118389
866,0.0
867,0.45
868,0.6147058823529412
869,0.5970588235294118
870,-0.05588235294117647
871,0.5676470588235295
872,0.8352941176470589
873,0.011764705882352941
874,0.7117647058823531
875,-0.21176470588235294
876,0.18529411764705886
877,0.4529411764705882
878,0.44117647058823534
879,0.6205882352941177
880,0.25
881,0.09411764705882353
882,0.035294117647058816
883,0.23823529411764705
884,0.15294117647058825
885,-0.4205882352941176
886,0.3117647058823529
887,0.6411764705882352
888,0.5941176470588235
889,0.023529411764705882
890,-0.05588235294117647
891,0.8352941176470589
892,-0.0411764705882353
893,0.19117647058823528
894,-0.5088235294117647
895,0.2911764705882353
896,0.18823529411764706
897,0.38235294117647056
898,-0.15588235294117647
899,0.014705882352941175
900,-0.05
901,0.15882352941176472
902,0.4176470588235294
903,0.2588235294117647
904,0.3558823529411765
905,0.6411764705882352
906,0.3411764705882353
907,0.4823529411764706
908,-0.17352941176470588
909,0.6352941176470589
910,-0.005882352941176471
911,0.0
912,0.005882352941176471
913,0.3970588235294118
914,0.5058823529411764
915,0.29411764705882354
916,0.4794117647058824
917,0.4470588235294117
918,0.6235294117647059
919,-0.3
920,0.5911764705882353
921,0.6558823529411765
922,0.2617647058823529
923,-0.4558823529411765
924,-0.16176470588235295
925,0.2264705882352941
926,0.0411764705882353
927,0.0411764705882353
928,0.3117647058823529
929,0.3970588235294118
930,0.06176470588235294
931,-0.6647058823529411
932,0.7970588235294117
933,0.40294117647058825
934,0.45
935,0.2911764705882353
936,0.5058823529411764
937,0.6941176470588235
938,0.09705882352941177
939,0.7882352941176469
940,-0.3294117647058824
941,0.6764705882352942
942,0.2911764705882353
943,0.45
944,-0.2529411764705882
945,-0.07941176470588236
946,0.31764705882352945
947,0.1264705882352941
948,0.15882352941176472
949,0.2323529411764706
950,0.07647058823529412
951,0.6764705882352942
952,0.5176470588235293
953,0.35000000000000003
954,-0.4264705882352941
955,0.9
956,0.17058823529411765
957,0.2588235294117647
958,0.3529411764705882
959,0.3294117647058824
960,0.6294117647058822
961,0.7794117647058825
962,0.40294117647058825
963,0.4205882352941176
964,0.22352941176470587
965,0.25588235294117645
966,0.4058823529411764
967,0.3764705882352941
968,0.25588235294117645
969,-0.2735294117647059
970,0.09411764705882353
971,0.22941176470588234
972,0.3794117647058824
973,0.08823529411764705
974,0.25588235294117645
975,0.4970588235294117
976,0.17058823529411765
977,0.5147058823529412
978,-0.1176470588235294
979,0.38235294117647056
980,0.005882352941176471
981,0.2411764705882353
982,0.3764705882352941
983,-0.4382352941176471
984,-0.611764705882353
985,0.30882352941176466
986,0.5518765290986815
987,0.3617647058823529
988,-0.3323529411764706
989,-0.09705882352941177
990,0.3294117647058824
991,0.9323529411764706
992,0.4176470588235294
993,0.4705882352941176
994,0.2647058823529412
995,0.2264705882352941
996,-0.02941176470588235
997,0.2647058823529412
998,0.3735294117647059
999,-0.3588235294117647
1000,0.1264705882352941
1001,0.2617647058823529
1002,-0.026470588235294117
1003,0.45
1004,-0.34411764705882353
1005,0.4911764705882353
1006,0.4352941176470588
1007,0.19705882352941176
1008,-0.02941176470588235
1009,0.2264705882352941
1010,0.703458615757786
1011,-0.5117647058823529
1012,0.6176470588235293
1013,0.45
1014,0.6441176470588235
1015,-0.09705882352941177
1016,0.35000000000000003
1017,-0.45
1018,0.8970588235294116
1019,0.16176470588235295
1020,-0.044117647058823525
1021,-0.032352941176470584
1022,0.7617647058823529
1023,0.2
1024,0.5852941176470587
1025,-0.12058823529411765
1026,0.21764705882352944
1027,0.6294117647058822
1028,0.4647058823529412
1029,0.6676470588235294
1030,0.3411764705882353
1031,-0.3117647058823529
1032,0.5588235294117647
1033,0.6264705882352941
1034,0.6205882352941177
1035,0.5970588235294118
1036,0.2147058823529412
1037,0.0
1038,-0.3705882352941177
1039,0.3029411764705882
1040,-0.05
1041,0.2647058823529412
1042,0.4205882352941176
1043,0.15882352941176472
1044,0.29705882352941176
1045,0.19411764705882356
1046,-0.035294117647058816
1047,0.538235294117647
1048,0.5970588235294118
1049,0.9264705882352942
1050,0.4235294117647059
1051,0.5764705882352941
1052,-0.2735294117647059
1053,0.31764705882352945
1054,0.4147058823529412
1055,0.12941176470588234
1056,0.15294117647058825
1057,-0.2411764705882353
1058,0.6794117647058824
1059,0.035294117647058816
1060,0.6529411764705881
1061,0.5205882352941177
1062,0.047058823529411764
1063,-0.16764705882352945
1064,-0.03823529411764706
1065,0.19117647058823528
1066,0.7058823529411764
1067,0.4823529411764706
1068,0.411764705882353
1069,-0.2852941176470589
1070,0.10882352941176472
1071,0.1
1072,0.6029411764705882
1073,0.6382352941176471
1074,0.5647058823529412
1075,0.2323529411764706
1076,0.8294117647058824
1077,0.7970588235294117
1078,0.5882352941176471
1079,0.5558823529411765
1080,-0.14411764705882352
1081,0.4470588235294117
1082,0.11470588235294114
1083,0.8588235294117647
1084,0.4529411764705882
1085,0.5058823529411764
1086,0.8794117647058824
1087,-0.2529411764705882
1088,0.16764705882352945
1089,0.18529411764705886
1090,-0.2470588235294117
1091,-0.008823529411764706
1092,0.008823529411764706
1093,0.17941176470588235
1094,0.27058823529411763
1095,0.1176470588235294
1096,0.5676470588235295
1097,0.21764705882352944
1098,0.2058823529411765
1099,-0.02058823529411765
1100,-0.17941176470588235
1101,-0.25588235294117645
1102,0.8382352941176471
1103,0.7647058823529411
1104,0.3529411764705882
1105,0.7264705882352941
1106,0.15294117647058825
1107,0.33529411764705885
1108,0.07647058823529412
1109,0.19411764705882356
1110,0.5235294117647059
1111,0.611764705882353
1112,0.4705882352941176
1113,0.10588235294117647
1114,0.3411764705882353
1115,0.5294117647058824
1116,-0.044117647058823525
1117,0.19411764705882356
1118,-0.2529411764705882
1119,0.8088235294117646
1120,0.8029411764705883
1121,0.7205882352941175
1122,0.5558823529411765
1123,0.6470588235294118
1124,0.4470588235294117
1125,-0.026470588235294117
1126,0.2147058823529412
1127,0.4470588235294117
1128,-0.08823529411764705
1129,-0.03823529411764706
1130,0.5911764705882353
1131,0.03823529411764706
1132,0.8323529411764706
1133,0.3029411764705882
1134,0.4617647058823529
1135,0.1176470588235294
1136,-0.03823529411764706
1137,0.17352941176470588
1138,-0.044117647058823525
1139,-0.1176470588235294
1140,-0.14411764705882352
1141,0.6823529411764706
1142,0.16764705882352945
1143,0.3382352941176471
1144,0.7705882352941176
1145,0.3735294117647059
1146,-0.3764705882352941
1147,-0.09117647058823528
1148,0.17352941176470588
1149,-0.03823529411764706
1150,0.2911764705882353
1151,0.7088235294117646
1152,0.7352941176470589
1153,0.4794117647058824
1154,0.06470588235294117
1155,0.48823529411764705
1156,0.8117647058823528
1157,0.6205882352941177
1158,0.3029411764705882
1159,0.4352941176470588
1160,0.0029411764705882357
1161,0.18235294117647055
1162,0.6764705882352942
1163,0.2058823529411765
1164,0.3294117647058824
1165,0.5088235294117647
1166,0.7029411764705883
1167,-0.44117647058823534
1168,0.1
1169,0.18529411764705886
1170,0.38235294117647056
1171,0.2029411764705882
1172,0.4617647058823529
1173,0.2264705882352941
1174,-0.2323529411764706
1175,0.3411764705882353
1176,0.4558823529411765
1177,0.6382352941176471
1178,-0.03823529411764706
1179,0.1764705882352941
1180,0.4676470588235294
1181,0.6764705882352942
1182,-0.21176470588235294
1183,0.6823529411764706
1184,0.22058823529411767
1185,0.6411764705882352
1186,0.11176470588235292
1187,0.3852941176470588
1188,-0.16176470588235295
1189,0.34411764705882353
1190,0.2352941176470588
1191,0.7323529411764707
1192,0.6323529411764706
1193,0.5882352941176471
1194,0.8617647058823529
1195,-0.5794117647058823
1196,0.6558823529411765
1197,-0.6764705882352942
1198,-0.18823529411764706
1199,-0.19117647058823528
1200,0.21764705882352944
1201,0.6088235294117647
1202,-0.05588235294117647
1203,0.21764705882352944
1204,-0.2147058823529412
1205,0.19411764705882356
1206,0.5794117647058823
1207,-0.032352941176470584
1208,-0.15
1209,0.5294117647058824
1210,-0.5911764705882353
1211,0.36764705882352944
1212,-0.4323529411764706
1213,0.6470588235294118
1214,0.6588235294117648
1215,0.8147058823529412
1216,0.2
1217,0.017647058823529408
1218,0.6088235294117647
1219,0.12058823529411765
1220,-0.5147058823529412
1221,0.27058823529411763
1222,0.8411764705882352
1223,0.8647058823529412
1224,0.4323529411764706
1225,0.7117647058823531
1226,-0.09411764705882353
1227,0.6294117647058822
1228,-0.3382352941176471
1229,-0.4852941176470588
1230,0.2735294117647059
1231,-0.6970588235294117
1232,0.3941176470588235
1233,0.44117647058823534
1234,0.6882352941176471
1235,0.27373075843294603
1236,0.34411764705882353
1237,0.7294117647058823
1238,-0.0411764705882353
1239,-0.23823529411764705
1240,0.40294117647058825
1241,0.7352941176470589
1242,0.5941176470588235
1243,0.4294117647058823
1244,0.44117647058823534
1245,0.7000000000000001
1246,0.12352941176470587
1247,0.4264705882352941
1248,0.8852941176470588
1249,0.2147058823529412
1250,0.3117647058823529
1251,0.22352941176470587
1252,0.3058823529411765
1253,0.6029411764705882
1254,0.4970588235294117
1255,0.6323529411764706
1256,0.5411764705882353
1257,-0.09411764705882353
1258,-0.31764705882352945
1259,0.15882352941176472
1260,0.6705882352941177
1261,-0.4176470588235294
1262,0.13823529411764704
1263,-0.6205882352941177
1264,0.3058823529411765
1265,0.6441176470588235
1266,0.2617647058823529
1267,0.5147058823529412
1268,0.29705882352941176
1269,0.4323529411764706
1270,0.1647058823529412
1271,0.3
1272,0.3617647058823529
1273,-0.6794117647058824
1274,0.06176470588235294
1275,0.7205882352941175
1276,0.5941176470588235
1277,0.8470588235294119
1278,0.3735294117647059
1279,-0.2411764705882353
1280,0.7058823529411764
1281,0.6147058823529412
1282,-0.2735294117647059
1283,0.3
1284,0.2058823529411765
1285,0.21764705882352944
1286,0.15882352941176472
1287,-0.2470588235294117
1288,-0.09705882352941177
1289,0.7823529411764706
1290,-0.15294117647058825
1291,0.4264705882352941
1292,0.14705882352941174
1293,0.15
1294,0.2852941176470589
1295,0.12058823529411765
1296,0.3117647058823529
1297,0.6558823529411765
1298,0.2
1299,0.7382352941176471
1300,-0.2029411764705882
1301,0.4617647058823529
1302,0.09117647058823528
1303,0.08823529411764705
1304,0.6617647058823529
1305,-0.4
1306,0.7411764705882353
1307,0.6029411764705882
1308,0.2058823529411765
1309,0.25
1310,0.36764705882352944
1311,-0.3029411764705882
1312,0.6705882352941177
1313,0.2647058823529412
1314,0.611764705882353
1315,0.17352941176470588
1316,0.3705882352941177
1317,0.19705882352941176
1318,0.1323529411764706
1319,-0.05588235294117647
1320,0.5882352941176471
1321,0.008823529411764706
1322,-0.44117647058823534
1323,0.22352941176470587
1324,-0.3205882352941176
1325,-0.005882352941176471
1326,-0.03823529411764706
1327,-0.2147058823529412
1328,0.4294117647058823
1329,0.8117647058823528
1330,0.3411764705882353
1331,0.8852941176470588
1332,0.15588235294117647
1333,0.014705882352941175
1334,0.35000000000000003
1335,-0.15
1336,0.6529411764705881
1337,0.11176470588235292
1338,0.6205882352941177
1339,0.29705882352941176
1340,0.6205882352941177
1341,-0.30882352941176466
1342,0.6941176470588235
1343,-0.15588235294117647
1344,0.40294117647058825
1345,0.5911764705882353
1346,0.09705882352941177
1347,0.6970588235294117
1348,0.25
1349,-0.011764705882352941
1350,0.13686537921647302
1351,0.6352941176470589
1352,0.5294117647058824
1353,0.5794117647058823
1354,-0.09411764705882353
1355,0.4970588235294117
1356,-0.22058823529411767
1357,-0.3
1358,0.2852941176470589
1359,-0.19117647058823528
1360,0.5529411764705882
1361,-0.5264705882352941
1362,0.6
1363,0.05
1364,0.4647058823529412
1365,-0.6235294117647059
1366,0.5647058823529412
1367,-0.5029411764705883
1368,0.21764705882352944
1369,-0.22058823529411767
1370,0.6264705882352941
1371,-0.6647058823529411
1372,-0.023529411764705882
1373,0.3941176470588235
1374,0.4088235294117647
1375,0.4529411764705882
1376,0.10882352941176472
1377,0.3147058823529411
1378,0.15
1379,0.2852941176470589
1380,0.6529411764705881
1381,0.22352941176470587
1382,0.4676470588235294
1383,0.2147058823529412
1384,0.6705882352941177
1385,0.9323529411764706
1386,0.6794117647058824
1387,0.6794117647058824
1388,-0.4852941176470588
1389,0.5735294117647058
1390,0.4970588235294117
1391,0.7029411764705883
1392,0.0
1393,0.22352941176470587
1394,-0.10588235294117647
1395,0.7000000000000001
1396,0.611764705882353
1397,0.28823529411764703
1398,0.5529411764705882
1399,0.38235294117647056
1400,0.4588235294117647
1401,-0.023529411764705882
1402,0.4176470588235294
1403,0.611764705882353
1404,0.6441176470588235
1405,0.4
1406,0.4970588235294117
1407,0.05588235294117647
1408,0.6029411764705882
1409,-0.17058823529411765
1410,0.15294117647058825
1411,0.34411764705882353
1412,0.48823529411764705
1413,-0.3529411764705882
1414,0.5617647058823529
1415,0.2264705882352941
1416,0.4147058823529412
1417,0.2735294117647059
1418,0.8735294117647058
1419,0.2
1420,0.2411764705882353
1421,-0.1411764705882353
1422,-0.07941176470588236
1423,0.07647058823529412
1424,0.6294117647058822
1425,0.4941176470588235
1426,-0.023529411764705882
1427,-0.06176470588235294
1428,0.23823529411764705
1429,-0.02058823529411765
1430,-0.2147058823529412
1431,0.11176470588235292
1432,-0.15882352941176472
1433,0.035294117647058816
1434,0.06176470588235294
1435,0.4735294117647058
1436,0.017647058823529408
1437,0.7205882352941175
1438,0.5470588235294118
1439,0.5705882352941177
1440,-0.0588235294117647
1441,0.48823529411764705
1442,0.3647058823529412
1443,0.85
1444,0.0588235294117647
1445,-0.31764705882352945
1446,0.12352941176470587
1447,-0.07647058823529412
1448,0.4970588235294117
1449,0.5088235294117647
1450,0.5176470588235293
1451,0.2058823529411765
1452,-0.4970588235294117
1453,0.19411764705882356
1454,0.047058823529411764
1455,0.10294117647058824
1456,0.5117647058823529
1457,0.047058823529411764
1458,0.7000000000000001
1459,-0.23823529411764705
1460,0.08529411764705883
1461,0.8411764705882352
1462,0.5617647058823529
1463,0.4852941176470588
1464,0.3970588235294118
1465,0.4352941176470588
1466,0.5441176470588236
1467,0.5970588235294118
1468,-0.2088235294117647
1469,0.7999999999999999
1470,0.14411764705882352
1471,0.3117647058823529
1472,0.411764705882353
1473,0.5529411764705882
1474,0.3882352941176471
1475,0.6882352941176471
1476,0.21176470588235294
1477,-0.023529411764705882
1478,0.2352941176470588
1479,0.7970588235294117
1480,0.6441176470588235
1481,0.411764705882353
1482,0.7352941176470589
1483,0.4205882352941176
1484,0.7352941176470589
1485,0.052941176470588235
1486,-0.3647058823529412
1487,0.2411764705882353
1488,0.6823529411764706
1489,0.5176470588235293
1490,-0.06470588235294117
1491,0.1176470588235294
1492,0.1176470588235294
1493,0.6088235294117647
1494,0.5794117647058823
1495,0.5352941176470588
1496,-0.06176470588235294
1497,0.15294117647058825
1498,0.5411764705882353
1499,-0.16176470588235295
1500,0.7882352941176469
1501,-0.14411764705882352
1502,0.9205882352941176
1503,0.538235294117647
1504,0.7676470588235293
1505,0.5264705882352941
1506,0.3911764705882353
1507,0.7117647058823531
1508,0.3294117647058824
1509,0.2029411764705882
1510,0.5264705882352941
1511,0.48823529411764705
1512,0.4617647058823529
1513,0.6470588235294118
1514,0.3970588235294118
1515,0.05588235294117647
1516,0.6529411764705881
1517,0.2147058823529412
1518,-0.1323529411764706
1519,0.5088235294117647
1520,0.7029411764705883
1521,0.14411764705882352
1522,0.6294117647058822
1523,0.6088235294117647
1524,0.5470588235294118
1525,0.6176470588235293
1526,0.8117647058823528
1527,0.9088235294117648
1528,0.3235294117647059
1529,0.8294117647058824
1530,-0.1264705882352941
1531,0.2029411764705882
1532,0.6088235294117647
1533,0.1411764705882353
1534,0.5882352941176471
1535,0.0
1536,0.5852941176470587
1537,0.30882352941176466
1538,0.7205882352941175
1539,0.4764705882352941
1540,-0.19117647058823528
1541,0.4647058823529412
1542,0.1647058823529412
1543,0.28823529411764703
1544,0.36764705882352944
1545,0.19411764705882356
1546,0.6823529411764706
1547,0.30882352941176466
1548,-0.10588235294117647
1549,0.3794117647058824
1550,0.5911764705882353
1551,0.411764705882353
1552,0.8176470588235294
1553,0.22941176470588234
1554,0.2529411764705882
1555,0.15588235294117647
1556,0.4470588235294117
1557,-0.22352941176470587
1558,0.5647058823529412
1559,0.5647058823529412
1560,0.7764705882352941
1561,0.5205882352941177
1562,0.052941176470588235
1563,0.4264705882352941
1564,0.4558823529411765
1565,0.48823529411764705
1566,0.38235294117647056
1567,0.7088235294117646
1568,0.40294117647058825
1569,-0.5529411764705882
1570,0.17058823529411765
1571,0.19705882352941176
1572,0.5705882352941177
1573,0.4735294117647058
1574,-0.22352941176470587
1575,-0.08529411764705883
1576,0.017647058823529408
1577,0.4617647058823529
1578,0.5852941176470587
1579,0.5
1580,0.6176470588235293
1581,-0.052941176470588235
1582,0.8029411764705883
1583,0.5852941176470587
1584,0.21176470588235294
1585,0.014705882352941175
1586,0.22352941176470587
1587,0.7323529411764707
1588,0.06470588235294117
1589,0.40294117647058825
1590,0.4794117647058824
1591,-0.12941176470588234
1592,0.4735294117647058
1593,0.18235294117647055
1594,0.2764705882352941
1595,0.6264705882352941
1596,0.21176470588235294
1597,-0.07058823529411765
1598,0.6294117647058822
1599,0.22352941176470587
1600,-0.15
1601,0.3647058823529412
1602,-0.0029411764705882357
1603,0.3735294117647059
1604,0.4205882352941176
1605,0.411764705882353
1606,0.4058823529411764
1607,0.5794117647058823
1608,0.7176470588235294
1609,0.7617647058823529
1610,0.7323529411764707
1611,-0.02058823529411765
1612,0.17352941176470588
1613,-0.8823529411764707
1614,0.4264705882352941
1615,0.6176470588235293
1616,0.4794117647058824
1617,0.5558823529411765
1618,-0.2058823529411765
1619,0.8088235294117646
1620,-0.15294117647058825
1621,-0.5764705882352941
1622,-0.3
1623,0.6294117647058822
1624,0.28823529411764703
1625,0.6441176470588235
1626,0.3558823529411765
1627,0.5676470588235295
1628,-0.07647058823529412
1629,0.3532009786231561
1630,0.2088235294117647
1631,-0.17941176470588235
1632,0.25
1633,-0.08529411764705883
1634,0.7441176470588236
1635,0.7117647058823531
1636,0.7147058823529412
1637,0.3705882352941177
1638,0.6382352941176471
1639,0.19705882352941176
1640,0.9147058823529411
1641,0.5882352941176471
1642,0.5852941176470587
1643,0.12941176470588234
1644,0.85
1645,-0.29411764705882354
1646,0.823529411764706
1647,-0.0411764705882353
1648,-0.3911764705882353
1649,-0.6735294117647058
1650,0.17941176470588235
1651,0.5588235294117647
1652,0.6147058823529412
1653,0.5470588235294118
1654,0.16764705882352945
1655,0.31764705882352945
1656,-0.5147058823529412
1657,-0.4147058823529412
1658,0.3
1659,-0.1352941176470588
1660,-0.3882352941176471
1661,0.3794117647058824
1662,0.3411764705882353
1663,0.16764705882352945
1664,0.5735294117647058
1665,0.3852941176470588
1666,0.3323529411764706
1667,-0.4058823529411764
1668,0.4764705882352941
1669,0.5970588235294118
1670,0.07647058823529412
1671,0.3264705882352941
1672,0.3147058823529411
1673,0.5
1674,-0.1411764705882353
1675,-0.36764705882352944
1676,0.5294117647058824
1677,0.4647058823529412
1678,0.5411764705882353
1679,0.6882352941176471
1680,0.0588235294117647
1681,-0.22941176470588234
1682,0.7176470588235294
1683,0.3970588235294118
1684,0.7764705882352941
1685,0.2647058823529412
1686,0.29411764705882354
1687,0.6470588235294118
1688,-0.035294117647058816
1689,0.5617647058823529
1690,-0.5176470588235293
1691,0.38235294117647056
1692,-0.40294117647058825
1693,0.2470588235294117
1694,0.2323529411764706
1695,0.4205882352941176
1696,0.008823529411764706
1697,0.7000000000000001
1698,0.4058823529411764
1699,0.34411764705882353
1700,0.6823529411764706
1701,0.2352941176470588
1702,0.2823529411764706
1703,0.17058823529411765
1704,0.6430706444951029
1705,0.6911764705882353
1706,0.4352941176470588
1707,0.36764705882352944
1708,0.8205882352941177
1709,0.5676470588235295
1710,-0.052941176470588235
1711,0.35000000000000003
1712,0.6352941176470589
1713,0.09411764705882353
1714,-0.3617647058823529
1715,-0.18235294117647055
1716,-0.06764705882352941
1717,0.7000000000000001
1718,0.10588235294117647
1719,-0.2470588235294117
1720,0.2647058823529412
1721,0.5529411764705882
1722,-0.03823529411764706
1723,0.1176470588235294
1724,0.026470588235294117
1725,0.0588235294117647
1726,0.4529411764705882
1727,0.5
1728,0.3235294117647059
1729,0.7294117647058823
1730,0.5529411764705882
1731,0.6647058823529411
1732,0.3970588235294118
1733,0.5941176470588235
1734,-0.21176470588235294
1735,0.22058823529411767
1736,0.3882352941176471
1737,-0.035294117647058816
1738,-0.18823529411764706
1739,0.36764705882352944
1740,-0.18235294117647055
1741,0.6411764705882352
1742,0.16176470588235295
1743,0.5176470588235293
1744,0.25
1745,0.3911764705882353
1746,0.4794117647058824
1747,0.4794117647058824
1748,0.2147058823529412
1749,-0.03823529411764706
1750,-0.06470588235294117
1751,0.8079472386004697
1752,0.8147058823529412
1753,-0.0823529411764706
1754,0.2264705882352941
1755,0.5264705882352941
1756,0.014705882352941175
1757,0.12058823529411765
1758,0.09411764705882353
1759,0.22941176470588234
1760,-0.005882352941176471
1761,0.2264705882352941
1762,0.1647058823529412
1763,0.33529411764705885
1764,0.6823529411764706
1765,0.5147058823529412
1766,0.9058823529411764
1767,0.2088235294117647
1768,0.7000000000000001
1769,0.3588235294117647
1770,0.4
1771,0.8029411764705883
1772,-0.07941176470588236
1773,0.22352941176470587
1774,0.5970588235294118
1775,0.35000000000000003
1776,0.3941176470588235
1777,0.5264705882352941
1778,0.35000000000000003
1779,0.2
1780,0.40294117647058825
1781,0.19411764705882356
1782,0.5882352941176471
1783,0.8821806327215052
1784,-0.08529411764705883
1785,0.5294117647058824
1786,0.65
1787,0.3529411764705882
1788,0.06470588235294117
1789,0.5970588235294118
1790,-0.05588235294117647
1791,0.7294117647058823
1792,0.4676470588235294
1793,0.5558823529411765
1794,0.7852941176470588
1795,0.2617647058823529
1796,0.4382352941176471
1797,0.16764705882352945
1798,0.6617647058823529
1799,-0.18823529411764706
1800,0.005882352941176471
1801,0.4
1802,0.4470588235294117
1803,0.31764705882352945
1804,0.09117647058823528
1805,0.1176470588235294
1806,0.4705882352941176
1807,0.22352941176470587
1808,0.2411764705882353
1809,0.3911764705882353
1810,0.4911764705882353
1811,0.11176470588235292
1812,-0.023529411764705882
1813,0.02058823529411765
1814,0.5117647058823529
1815,0.7029411764705883
1816,0.5205882352941177
1817,0.4382352941176471
1818,0.06470588235294117
1819,0.026470588235294117
1820,0.5058823529411764
1821,-0.008823529411764706
1822,0.08823529411764705
1823,0.2617647058823529
1824,0.7941176470588236
1825,0.6294117647058822
1826,0.6205882352941177
1827,-0.2470588235294117
1828,0.8352941176470589
1829,0.22352941176470587
1830,-0.2264705882352941
1831,-0.4147058823529412
1832,0.5352941176470588
1833,-0.13823529411764704
1834,0.5441176470588236
1835,0.9
1836,0.7323529411764707
1837,0.7264705882352941
1838,0.2676470588235294
1839,0.7882352941176469
1840,-0.4647058823529412
1841,0.5647058823529412
1842,0.1
1843,0.05
1844,0.17941176470588235
1845,0.6294117647058822
1846,0.36764705882352944
1847,0.8588235294117647
1848,0.5617647058823529
1849,0.4147058823529412
1850,0.5823529411764706
1851,0.17941176470588235
1852,0.5617647058823529
1853,0.12352941176470587
1854,0.4617647058823529
1855,0.6058823529411764
1856,0.611764705882353
1857,0.05
1858,0.5058823529411764
1859,0.17352941176470588
1860,-0.23823529411764705
1861,0.3588235294117647
1862,0.15294117647058825
1863,0.4235294117647059
1864,0.5705882352941177
1865,0.19705882352941176
1866,0.7294117647058823
1867,0.026470588235294117
1868,0.1176470588235294
1869,0.411764705882353
1870,0.1
1871,0.4323529411764706
1872,0.5352941176470588
1873,-0.02058823529411765
1874,0.0823529411764706
1875,-0.1764705882352941
1876,-0.2764705882352941
1877,-0.2823529411764706
1878,-0.03823529411764706
1879,0.5176470588235293
1880,0.16764705882352945
1881,-0.08529411764705883
1882,0.4088235294117647
1883,-0.29705882352941176
1884,0.6411764705882352
1885,0.33529411764705885
1886,0.7294117647058823
1887,0.7029411764705883
1888,0.3617647058823529
1889,0.22352941176470587
1890,0.02058823529411765
1891,0.8529411764705882
1892,0.18823529411764706
1893,0.4470588235294117
1894,-0.008823529411764706
1895,0.7470588235294118
1896,0.38235294117647056
1897,0.17058823529411765
1898,0.8117647058823528
1899,-0.5588235294117647
1900,0.15588235294117647
1901,-0.0823529411764706
1902,0.7294117647058823
1903,0.4235294117647059
1904,-0.06470588235294117
1905,0.538235294117647
1906,0.6411764705882352
1907,0.16176470588235295
1908,0.3529411764705882
1909,0.3588235294117647
1910,0.3117647058823529
1911,-0.09117647058823528
1912,0.2470588235294117
1913,0.1411764705882353
1914,0.25588235294117645
1915,0.6029411764705882
1916,-0.4382352941176471
1917,0.5411764705882353
1918,0.7176470588235294
1919,0.3562241992721141
1920,0.4764705882352941
1921,-0.030905085629526163
1922,0.10294117647058824
1923,0.08823529411764705
1924,-0.22352941176470587
1925,0.29705882352941176
1926,0.6911764705882353
1927,0.4205882352941176
1928,0.0823529411764706
1929,-0.2
1930,0.5029411764705883
1931,0.3852941176470588
1932,0.2676470588235294
1933,0.0411764705882353
1934,0.5764705882352941
1935,-0.0588235294117647
1936,-0.15882352941176472
1937,0.5882352941176471
1938,0.06470588235294117
1939,0.2529411764705882
1940,0.7382352941176471
1941,-0.4147058823529412
1942,0.5235294117647059
1943,0.4529411764705882
1944,0.18823529411764706
1945,0.3970588235294118
1946,0.8176470588235294
1947,0.2264705882352941
1948,0.4823529411764706
1949,-0.33529411764705885
1950,0.2058823529411765
1951,0.6058823529411764
1952,-0.07058823529411765
1953,0.17941176470588235
1954,0.3
1955,-0.15588235294117647
1956,0.3058823529411765
1957,0.7588235294117647
1958,0.4852941176470588
1959,-0.06176470588235294
1960,0.21176470588235294
1961,-0.2852941176470589
1962,0.4852941176470588
1963,-0.3470588235294117
1964,0.4941176470588235
1965,-0.21764705882352944
1966,0.30882352941176466
1967,0.31764705882352945
1968,0.7794117647058825
1969,0.6264705882352941
1970,-0.538235294117647
1971,0.34411764705882353
1972,0.3617647058823529
1973,0.7617647058823529
1974,0.34411764705882353
1975,0.6294117647058822
1976,0.17058823529411765
1977,0.0
1978,0.38235294117647056
1979,0.6088235294117647
1980,0.8352941176470589
1981,0.10882352941176472
1982,0.36764705882352944
1983,0.7558823529411764
1984,0.4558823529411765
1985,-0.15882352941176472
1986,0.6941176470588235
1987,0.06176470588235294
1988,0.7441176470588236
1989,-0.411764705882353
1990,-0.4764705882352941
1991,0.4058823529411764
1992,0.3941176470588235
1993,0.023529411764705882
1994,0.4970588235294117
1995,0.3029411764705882
1996,0.3323529411764706
1997,0.11176470588235292
1998,0.6676470588235294
1999,0.2029411764705882
