,value_per_image
0,-50016
1,-50001
2,-50070
3,-49997
4,-49971
5,-50079
6,-49989
7,-50131
8,-49853
9,-49578
10,-50136
11,-50124
12,-49781
13,-50133
14,-49903
15,-50091
16,-50143
17,-50150
18,-48851
19,-49902
20,-50068
21,-49024
22,-49980
23,-48985
24,-50131
25,-50029
26,-50106
27,-49647
28,-50129
29,-49935
30,-50076
31,-50080
32,-50122
33,-49961
34,-50068
35,-50139
36,-50114
37,-49785
38,-50127
39,-50070
40,-49632
41,-50074
42,-49605
43,-50119
44,-50088
45,-49958
46,-50139
47,-50150
48,-50086
49,-50102
50,-50092
51,-50098
52,-50126
53,-50099
54,-50055
55,-49974
56,-50052
57,-49976
58,-50004
59,-48909
60,-50057
61,-50118
62,-50096
63,-50025
64,-49877
65,-50136
66,-50079
67,-50096
68,-50065
69,-50086
70,-50071
71,-49811
72,-50132
73,-49922
74,-50148
75,-49983
76,-50153
77,-50093
78,-48605
79,-50082
80,-50031
81,-50055
82,-49911
83,-48929
84,-49991
85,-50094
86,-49087
87,-50144
88,-49953
89,-49636
90,-50102
91,-50130
92,-50017
93,-50119
94,-49691
95,-50047
96,-49815
97,-50163
98,-50142
99,-49970
100,-50091
101,-50131
102,-49967
103,-50056
104,-49862
105,-49894
106,-49968
107,-50076
108,-50137
109,-50119
110,-50102
111,-50148
112,-50095
113,-50006
114,-50047
115,-49697
116,-50114
117,-50110
118,-50143
119,-49955
120,-49985
121,-50124
122,-49732
123,-50091
124,-50113
125,-50142
126,-49707
127,-50069
128,-49942
129,-50140
130,-49771
131,-49816
132,-49947
133,-50027
134,-50080
135,-49199
136,-50056
137,-49221
138,-50084
139,-50057
140,-49061
141,-50088
142,-50005
143,-50059
144,-49336
145,-49765
146,-50090
147,-49979
148,-49940
149,-49997
150,-50050
151,-49847
152,-49718
153,-50117
154,-49616
155,-50082
156,-49244
157,-49946
158,-46963
159,-50030
160,-49623
161,-49948
162,-50089
163,-50104
164,-50149
165,-50039
166,-49753
167,-50071
168,-50144
169,-50124
170,-50093
171,-49947
172,-50116
173,-50066
174,-50121
175,-50136
176,-49956
177,-50079
178,-50010
179,-50068
180,-50020
181,-49880
182,-50021
183,-50093
184,-49922
185,-49962
186,-50000
187,-50043
188,-49546
189,-49700
190,-50140
191,-50066
192,-49921
193,-50133
194,-49997
195,-50009
196,-49899
197,-46793
198,-50127
199,-49946
200,-49876
201,-50092
202,-50104
203,-50040
204,-49571
205,-50093
206,-49970
207,-49872
208,-50121
209,-47626
210,-50148
211,-50050
212,-50141
213,-48981
214,-50057
215,-49657
216,-49986
217,-49852
218,-49776
219,-50097
220,-49985
221,-50000
222,-49847
223,-50024
224,-50107
225,-49896
226,-50089
227,-50089
228,-50142
229,-50152
230,-49948
231,-50116
232,-50088
233,-49496
234,-50095
235,-47113
236,-50120
237,-50037
238,-49878
239,-50112
240,-49957
241,-50105
242,-49884
243,-50158
244,-50118
245,-50109
246,-49844
247,-50151
248,-49674
249,-50077
250,-49921
251,-49954
252,-49411
253,-50077
254,-50102
255,-50141
256,-49988
257,-50056
258,-49061
259,-50119
260,-49987
261,-49620
262,-50075
263,-50095
264,-49727
265,-50040
266,-50110
267,-49745
268,-50124
269,-50110
270,-50054
271,-50082
272,-49986
273,-49964
274,-50063
275,-49844
276,-50064
277,-50146
278,-50109
279,-50047
280,-49912
281,-50056
282,-49788
283,-48989
284,-48327
285,-50111
286,-48323
287,-50047
288,-50140
289,-50070
290,-50120
291,-50050
292,-50045
293,-49954
294,-49754
295,-50152
296,-49982
297,-50112
298,-49602
299,-49024
300,-50104
301,-49970
302,-50081
303,-49963
304,-50044
305,-49867
306,-50146
307,-50073
308,-46572
309,-50111
310,-49915
311,-50098
312,-50139
313,-50135
314,-50150
315,-50049
316,-49795
317,-49734
318,-49755
319,-49970
320,-49549
321,-48338
322,-49042
323,-49940
324,-49980
325,-50101
326,-49721
327,-50128
328,-49840
329,-50065
330,-50076
331,-50022
332,-50071
333,-50046
334,-50053
335,-49402
336,-50155
337,-49973
338,-49962
339,-49798
340,-50037
341,-49534
342,-49944
343,-50107
344,-50113
345,-49466
346,-50094
347,-50037
348,-50090
349,-50075
350,-50088
351,-50096
352,-50101
353,-49904
354,-50146
355,-49846
356,-49863
357,-50066
358,-49997
359,-50134
360,-49480
361,-49822
362,-50133
363,-49631
364,-50108
365,-50094
366,-50045
367,-50129
368,-50079
369,-50054
370,-50093
371,-49908
372,-50126
373,-48977
374,-50097
375,-50057
376,-50122
377,-50121
378,-49934
379,-49551
380,-49557
381,-50144
382,-50122
383,-49846
384,-50102
385,-50119
386,-49828
387,-50094
388,-50009
389,-50003
390,-50019
391,-50062
392,-50020
393,-50117
394,-50041
395,-50024
396,-49567
397,-49842
398,-50083
399,-50040
400,-50081
401,-50162
402,-50097
403,-49978
404,-49765
405,-49956
406,-50041
407,-50037
408,-49940
409,-49812
410,-50084
411,-49988
412,-50035
413,-50053
414,-50127
415,-50032
416,-50097
417,-49584
418,-50133
419,-49997
420,-49978
421,-49869
422,-50112
423,-48177
424,-50081
425,-50052
426,-49910
427,-50096
428,-50022
429,-50041
430,-50155
431,-50100
432,-49843
433,-50133
434,-50139
435,-49725
436,-49801
437,-49883
438,-49780
439,-50019
440,-50084
441,-50040
442,-50143
443,-49408
444,-49922
445,-50035
446,-50055
447,-50138
448,-48696
449,-50099
450,-48994
451,-50072
452,-49979
453,-49813
454,-49944
455,-50094
456,-50160
457,-49801
458,-48662
459,-49831
460,-50043
461,-50116
462,-50108
463,-49974
464,-50135
465,-49849
466,-49973
467,-49958
468,-50140
469,-50084
470,-49894
471,-49566
472,-49767
473,-50014
474,-50031
475,-50011
476,-50168
477,-48416
478,-50161
479,-50144
480,-49773
481,-50016
482,-49453
483,-49226
484,-49967
485,-50107
486,-50055
487,-50148
488,-50143
489,-50135
490,-49980
491,-49861
492,-49981
493,-50045
494,-50090
495,-49855
496,-50001
497,-50027
498,-50099
499,-50039
500,-50074
501,-50007
502,-49653
503,-50127
504,-50137
505,-49712
506,-50131
507,-46614
508,-49943
509,-50091
510,-49949
511,-49934
512,-50109
513,-50154
514,-49918
515,-50031
516,-50137
517,-50128
518,-50105
519,-50018
520,-50064
521,-50094
522,-49934
523,-50122
524,-50036
525,-50119
526,-50065
527,-49943
528,-50033
529,-50120
530,-49987
531,-50099
532,-49901
533,-50005
534,-49761
535,-50141
536,-49942
537,-49910
538,-50165
539,-50037
540,-50156
541,-49476
542,-49557
543,-50065
544,-49903
545,-50140
546,-50024
547,-50081
548,-49682
549,-49925
550,-49745
551,-50136
552,-50055
553,-50109
554,-47596
555,-49805
556,-50126
557,-50144
558,-49942
559,-49964
560,-49949
561,-50092
562,-50054
563,-49890
564,-49053
565,-49817
566,-50052
567,-50154
568,-50121
569,-49726
570,-49931
571,-50031
572,-50102
573,-49912
574,-49342
575,-49967
576,-49593
577,-50058
578,-49645
579,-49895
580,-50080
581,-50138
582,-49507
583,-50093
584,-49430
585,-49878
586,-50111
587,-50164
588,-50084
589,-44257
590,-50039
591,-50018
592,-50104
593,-50050
594,-49963
595,-49579
596,-49852
597,-49550
598,-50001
599,-50076
600,-49994
601,-50132
602,-50033
603,-49577
604,-49960
605,-50131
606,-50069
607,-49457
608,-49825
609,-49047
610,-49868
611,-50140
612,-50124
613,-50059
614,-49828
615,-50087
616,-50130
617,-50138
618,-49945
619,-49919
620,-49794
621,-50105
622,-49868
623,-50011
624,-50138
625,-49906
626,-50102
627,-48671
628,-49966
629,-49659
630,-49886
631,-50005
632,-49865
633,-50056
634,-49986
635,-50147
636,-49701
637,-50064
638,-50151
639,-50125
640,-49993
641,-49937
642,-49441
643,-49945
644,-49984
645,-50151
646,-50035
647,-49982
648,-49799
649,-49949
650,-50096
651,-49580
652,-49847
653,-50035
654,-50031
655,-50155
656,-50116
657,-49992
658,-49990
659,-50143
660,-49958
661,-50058
662,-50103
663,-49888
664,-50145
665,-50100
666,-50143
667,-50103
668,-50102
669,-49935
670,-50070
671,-50153
672,-50104
673,-50062
674,-49943
675,-49482
676,-49223
677,-49846
678,-50039
679,-50131
680,-50149
681,-49807
682,-50103
683,-49978
684,-50106
685,-50077
686,-50057
687,-50130
688,-49816
689,-50155
690,-50101
691,-50093
692,-50091
693,-49657
694,-49822
695,-50126
696,-50042
697,-48858
698,-49726
699,-50077
700,-50083
701,-50133
702,-49191
703,-49925
704,-50091
705,-49829
706,-50046
707,-49901
708,-50079
709,-50037
710,-50145
711,-50152
712,-50107
713,-50148
714,-50056
715,-49980
716,-47659
717,-49970
718,-50121
719,-50149
720,-49930
721,-50095
722,-49938
723,-50100
724,-50031
725,-49922
726,-49965
727,-50015
728,-49676
729,-50026
730,-50098
731,-50090
732,-50083
733,-50098
734,-50019
735,-50046
736,-50081
737,-49732
738,-49846
739,-50127
740,-50128
741,-48783
742,-50121
743,-50098
744,-48687
745,-50126
746,-49837
747,-49893
748,-48676
749,-50130
750,-49928
751,-49972
752,-50151
753,-50112
754,-50126
755,-47900
756,-49962
757,-50029
758,-49866
759,-49729
760,-50097
761,-49934
762,-49806
763,-50047
764,-48545
765,-49448
766,-49948
767,-50152
768,-50048
769,-50111
770,-49115
771,-49947
772,-50078
773,-49955
774,-50065
775,-50063
776,-49838
777,-49751
778,-50112
779,-50154
780,-49932
781,-49962
782,-49443
783,-50164
784,-50058
785,-49985
786,-50138
787,-50016
788,-49979
789,-48509
790,-49774
791,-49929
792,-50075
793,-49984
794,-50091
795,-49963
796,-50022
797,-50133
798,-50077
799,-50070
800,-50128
801,-49806
802,-50065
803,-50097
804,-50023
805,-50014
806,-50142
807,-50161
808,-46542
809,-50057
810,-50094
811,-50110
812,-50087
813,-49805
814,-49028
815,-49321
816,-49994
817,-49948
818,-50056
819,-49659
820,-49975
821,-49367
822,-49863
823,-49978
824,-49264
825,-50146
826,-50066
827,-50144
828,-49822
829,-50073
830,-50147
831,-49722
832,-49969
833,-50015
834,-50142
835,-50157
836,-50068
837,-49187
838,-49897
839,-50138
840,-50098
841,-50106
842,-50053
843,-50081
844,-50095
845,-50006
846,-50114
847,-49465
848,-49990
849,-49474
850,-49956
851,-50022
852,-50150
853,-49877
854,-50151
855,-49862
856,-49799
857,-50029
858,-48702
859,-50091
860,-50112
861,-49107
862,-49994
863,-50154
864,-50137
865,-50069
866,-50089
867,-50147
868,-50005
869,-50081
870,-50115
871,-48929
872,-50114
873,-50024
874,-50134
875,-49980
876,-50132
877,-50093
878,-49829
879,-50096
880,-50144
881,-49883
882,-50109
883,-50034
884,-50046
885,-50055
886,-49973
887,-49665
888,-49805
889,-50063
890,-50088
891,-49414
892,-50160
893,-50112
894,-50148
895,-50055
896,-50138
897,-50140
898,-50103
899,-49802
900,-50098
901,-49725
902,-49998
903,-49353
904,-50082
905,-49681
906,-50121
907,-48825
908,-50125
909,-49752
910,-50023
911,-50107
912,-50135
913,-50136
914,-49867
915,-49948
916,-49690
917,-49580
918,-50113
919,-50109
920,-49838
921,-50141
922,-49251
923,-50051
924,-49549
925,-49161
926,-49677
927,-49839
928,-49762
929,-49678
930,-50023
931,-50061
932,-47652
933,-49906
934,-50074
935,-49989
936,-50145
937,-49325
938,-50151
939,-50059
940,-49332
941,-50021
942,-50150
943,-49985
944,-50081
945,-50074
946,-49792
947,-49781
948,-50091
949,-50126
950,-50097
951,-49977
952,-50133
953,-50057
954,-50010
955,-50106
956,-49755
957,-49879
958,-49660
959,-49654
960,-50129
961,-50017
962,-49972
963,-50110
964,-50000
965,-50152
966,-49708
967,-49997
968,-50003
969,-50062
970,-49890
971,-50139
972,-48568
973,-50068
974,-50094
975,-49984
976,-50156
977,-50025
978,-50071
979,-50104
980,-50091
981,-50053
982,-50112
983,-50046
984,-49999
985,-50040
986,-49682
987,-50105
988,-49991
989,-49999
990,-50049
991,-49742
992,-50086
993,-49518
994,-50061
995,-49894
996,-50011
997,-49930
998,-50044
999,-50024
1000,-50130
1001,-49439
1002,-49974
1003,-50144
1004,-50138
1005,-50018
1006,-49974
1007,-49710
1008,-50088
1009,-48074
1010,-49910
1011,-50134
1012,-50023
1013,-49496
1014,-49385
1015,-50008
1016,-50147
1017,-49899
1018,-47408
1019,-49985
1020,-49997
1021,-50102
1022,-49538
1023,-50049
1024,-50126
1025,-50071
1026,-47176
1027,-50062
1028,-50031
1029,-49896
1030,-49572
1031,-50111
1032,-49461
1033,-49812
1034,-49303
1035,-50036
1036,-50116
1037,-50089
1038,-50064
1039,-49677
1040,-49748
1041,-49833
1042,-49818
1043,-50123
1044,-49996
1045,-50063
1046,-50028
1047,-50048
1048,-49663
1049,-50136
1050,-50075
1051,-49985
1052,-49952
1053,-49913
1054,-49980
1055,-50132
1056,-50027
1057,-50151
1058,-50124
1059,-49852
1060,-49744
1061,-50106
1062,-50095
1063,-50113
1064,-50012
1065,-50077
1066,-49990
1067,-50091
1068,-49680
1069,-50136
1070,-49954
1071,-50088
1072,-50143
1073,-50110
1074,-50125
1075,-50021
1076,-48508
1077,-50008
1078,-49629
1079,-50108
1080,-50075
1081,-49850
1082,-50058
1083,-50018
1084,-50124
1085,-50059
1086,-49799
1087,-49969
1088,-49860
1089,-50111
1090,-50080
1091,-50083
1092,-50084
1093,-50089
1094,-49816
1095,-50125
1096,-49906
1097,-50019
1098,-50057
1099,-50145
1100,-50136
1101,-49747
1102,-50066
1103,-45512
1104,-50078
1105,-49966
1106,-49971
1107,-50049
1108,-49371
1109,-48950
1110,-50097
1111,-50122
1112,-50111
1113,-50142
1114,-50019
1115,-50079
1116,-50082
1117,-49991
1118,-50032
1119,-49917
1120,-50125
1121,-50130
1122,-50108
1123,-50072
1124,-49909
1125,-49528
1126,-50100
1127,-50042
1128,-50092
1129,-50071
1130,-50079
1131,-50126
1132,-49786
1133,-50085
1134,-50098
1135,-50012
1136,-50163
1137,-49864
1138,-50109
1139,-50128
1140,-50006
1141,-49954
1142,-49984
1143,-49959
1144,-50055
1145,-50125
1146,-49921
1147,-50131
1148,-50061
1149,-50111
1150,-50078
1151,-49980
1152,-50073
1153,-50052
1154,-49966
1155,-50042
1156,-49826
1157,-50143
1158,-50126
1159,-50054
1160,-49046
1161,-50098
1162,-50110
1163,-50113
1164,-49685
1165,-49871
1166,-50105
1167,-50139
1168,-50067
1169,-50077
1170,-49953
1171,-50149
1172,-50027
1173,-50145
1174,-50135
1175,-50029
1176,-50100
1177,-49533
1178,-50114
1179,-50090
1180,-49378
1181,-50018
1182,-49961
1183,-49803
1184,-49948
1185,-50069
1186,-49732
1187,-49920
1188,-50152
1189,-50154
1190,-50122
1191,-50011
1192,-50154
1193,-49984
1194,-49615
1195,-49861
1196,-50063
1197,-50138
1198,-50139
1199,-49825
1200,-49917
1201,-49861
1202,-50157
1203,-50081
1204,-50087
1205,-49961
1206,-50011
1207,-50142
1208,-50101
1209,-50119
1210,-50132
1211,-50117
1212,-50067
1213,-49807
1214,-50042
1215,-49992
1216,-50028
1217,-50111
1218,-49470
1219,-50019
1220,-50109
1221,-50088
1222,-49945
1223,-49863
1224,-50085
1225,-49608
1226,-49159
1227,-50062
1228,-50022
1229,-50065
1230,-49772
1231,-50164
1232,-50109
1233,-49335
1234,-50023
1235,-50009
1236,-50009
1237,-50100
1238,-50119
1239,-50058
1240,-49594
1241,-50017
1242,-50113
1243,-50104
1244,-49584
1245,-50135
1246,-49998
1247,-49376
1248,-48820
1249,-50159
1250,-49729
1251,-50069
1252,-49888
1253,-49723
1254,-50140
1255,-49698
1256,-49934
1257,-49596
1258,-49940
1259,-49698
1260,-49855
1261,-49306
1262,-49662
1263,-50152
1264,-50118
1265,-49842
1266,-50118
1267,-50140
1268,-50022
1269,-49730
1270,-50060
1271,-49917
1272,-50122
1273,-49593
1274,-49891
1275,-50127
1276,-49855
1277,-50052
1278,-49959
1279,-49988
1280,-49683
1281,-50072
1282,-50154
1283,-50066
1284,-49783
1285,-50157
1286,-50145
1287,-50138
1288,-50008
1289,-49847
1290,-49869
1291,-50014
1292,-49534
1293,-50101
1294,-49754
1295,-49939
1296,-50155
1297,-49995
1298,-48171
1299,-50060
1300,-50124
1301,-50149
1302,-50073
1303,-49952
1304,-50097
1305,-50078
1306,-49975
1307,-50124
1308,-49725
1309,-50070
1310,-50107
1311,-50118
1312,-49762
1313,-50124
1314,-49974
1315,-49041
1316,-49881
1317,-50146
1318,-50058
1319,-50127
1320,-49569
1321,-50133
1322,-49875
1323,-50081
1324,-49906
1325,-49897
1326,-50116
1327,-49216
1328,-49969
1329,-49919
1330,-50134
1331,-50154
1332,-50005
1333,-48930
1334,-50142
1335,-50116
1336,-49229
1337,-49989
1338,-49931
1339,-50146
1340,-50099
1341,-49844
1342,-49812
1343,-50127
1344,-49499
1345,-49668
1346,-49987
1347,-49663
1348,-49743
1349,-49251
1350,-49982
1351,-49574
1352,-49123
1353,-49964
1354,-50081
1355,-49910
1356,-49940
1357,-50149
1358,-50090
1359,-50163
1360,-49867
1361,-49825
1362,-49765
1363,-49928
1364,-46257
1365,-50124
1366,-50109
1367,-49519
1368,-50157
1369,-49874
1370,-50008
1371,-50052
1372,-50087
1373,-50117
1374,-49924
1375,-49925
1376,-50159
1377,-49649
1378,-49219
1379,-50093
1380,-49879
1381,-50032
1382,-50138
1383,-50077
1384,-49906
1385,-49965
1386,-49781
1387,-50148
1388,-50151
1389,-50051
1390,-50015
1391,-49345
1392,-50030
1393,-49946
1394,-50083
1395,-49969
1396,-49836
1397,-50163
1398,-49850
1399,-49961
1400,-50113
1401,-49624
1402,-50094
1403,-48656
1404,-49999
1405,-50140
1406,-50081
1407,-49819
1408,-50020
1409,-50121
1410,-49926
1411,-49914
1412,-50112
1413,-50130
1414,-49921
1415,-50120
1416,-50049
1417,-50083
1418,-49751
1419,-50133
1420,-50131
1421,-49960
1422,-50087
1423,-49985
1424,-50133
1425,-50065
1426,-49677
1427,-50050
1428,-48973
1429,-49850
1430,-49731
1431,-50107
1432,-50150
1433,-49989
1434,-50002
1435,-49954
1436,-49808
1437,-50033
1438,-50138
1439,-50068
1440,-50160
1441,-50144
1442,-50084
1443,-50121
1444,-50075
1445,-48464
1446,-50129
1447,-50162
1448,-49963
1449,-49852
1450,-49884
1451,-50090
1452,-49471
1453,-49859
1454,-50061
1455,-50114
1456,-49995
1457,-49980
1458,-49911
1459,-50059
1460,-50136
1461,-49547
1462,-50076
1463,-49903
1464,-49992
1465,-49857
1466,-50161
1467,-50084
1468,-49882
1469,-50010
1470,-49647
1471,-50089
1472,-49653
1473,-50053
1474,-49891
1475,-49930
1476,-50041
1477,-50159
1478,-49727
1479,-50139
1480,-50104
1481,-49840
1482,-50118
1483,-50053
1484,-49918
1485,-50095
1486,-50060
1487,-50071
1488,-50120
1489,-50127
1490,-49501
1491,-49429
1492,-50130
1493,-50059
1494,-49916
1495,-50095
1496,-50133
1497,-50017
1498,-49899
1499,-50120
1500,-50065
1501,-50134
1502,-49986
1503,-50111
1504,-49628
1505,-50065
1506,-50139
1507,-50065
1508,-50051
1509,-50098
1510,-50017
1511,-49805
1512,-50050
1513,-50131
1514,-50126
1515,-49823
1516,-50008
1517,-50016
1518,-50137
1519,-50114
1520,-50090
1521,-49985
1522,-50087
1523,-50065
1524,-50138
1525,-49792
1526,-49582
1527,-49681
1528,-49493
1529,-50103
1530,-49996
1531,-49742
1532,-49672
1533,-50146
1534,-50083
1535,-50074
1536,-50036
1537,-50005
1538,-49454
1539,-50067
1540,-50147
1541,-50073
1542,-50039
1543,-50102
1544,-50156
1545,-50124
1546,-50099
1547,-49976
1548,-50133
1549,-49824
1550,-50059
1551,-50127
1552,-49960
1553,-49890
1554,-50077
1555,-50036
1556,-49704
1557,-49825
1558,-49686
1559,-49745
1560,-49927
1561,-49244
1562,-49778
1563,-50051
1564,-49774
1565,-50117
1566,-50134
1567,-50111
1568,-48483
1569,-50072
1570,-49714
1571,-50085
1572,-50051
1573,-49990
1574,-50165
1575,-49352
1576,-50075
1577,-50098
1578,-50040
1579,-50044
1580,-49765
1581,-50017
1582,-49831
1583,-50091
1584,-50104
1585,-50071
1586,-50129
1587,-50069
1588,-49804
1589,-49920
1590,-50092
1591,-50153
1592,-49989
1593,-50120
1594,-50052
1595,-50125
1596,-49969
1597,-50060
1598,-50125
1599,-50063
1600,-49888
1601,-50152
1602,-50164
1603,-50119
1604,-50070
1605,-49987
1606,-50012
1607,-50098
1608,-49770
1609,-49866
1610,-49916
1611,-49992
1612,-50119
1613,-50114
1614,-50144
1615,-50038
1616,-50092
1617,-50122
1618,-50061
1619,-50050
1620,-50125
1621,-50078
1622,-49942
1623,-49928
1624,-49803
1625,-50108
1626,-50118
1627,-49764
1628,-50135
1629,-50165
1630,-49945
1631,-50019
1632,-49873
1633,-49924
1634,-49975
1635,-49842
1636,-49874
1637,-50095
1638,-49854
1639,-50137
1640,-49982
1641,-50073
1642,-50079
1643,-50049
1644,-46154
1645,-50053
1646,-50059
1647,-50140
1648,-50005
1649,-50099
1650,-50111
1651,-50135
1652,-49921
1653,-49353
1654,-50036
1655,-50132
1656,-50142
1657,-50022
1658,-50098
1659,-50064
1660,-50123
1661,-50137
1662,-50115
1663,-50086
1664,-49674
1665,-49983
1666,-49701
1667,-50072
1668,-49988
1669,-49751
1670,-50031
1671,-50098
1672,-50014
1673,-50012
1674,-50121
1675,-50127
1676,-50076
1677,-49641
1678,-49717
1679,-49767
1680,-48472
1681,-50002
1682,-48586
1683,-50167
1684,-50093
1685,-50136
1686,-49384
1687,-50019
1688,-50039
1689,-50109
1690,-50168
1691,-50001
1692,-50126
1693,-50131
1694,-49264
1695,-50087
1696,-50090
1697,-49959
1698,-50091
1699,-49293
1700,-49601
1701,-50042
1702,-50099
1703,-50090
1704,-49924
1705,-50090
1706,-49828
1707,-48330
1708,-49699
1709,-50061
1710,-50122
1711,-50078
1712,-50151
1713,-49970
1714,-50116
1715,-50036
1716,-49682
1717,-50127
1718,-50051
1719,-50142
1720,-49703
1721,-49641
1722,-50070
1723,-50017
1724,-50151
1725,-49929
1726,-50092
1727,-49882
1728,-50088
1729,-50094
1730,-50082
1731,-49610
1732,-50155
1733,-49293
1734,-50014
1735,-49672
1736,-50105
1737,-50001
1738,-50089
1739,-50054
1740,-50086
1741,-49719
1742,-50039
1743,-49537
1744,-49335
1745,-50101
1746,-49901
1747,-50016
1748,-49907
1749,-50125
1750,-49882
1751,-49394
1752,-50112
1753,-50048
1754,-50053
1755,-49648
1756,-50053
1757,-50146
1758,-50073
1759,-49232
1760,-50067
1761,-50025
1762,-50042
1763,-49919
1764,-49961
1765,-50085
1766,-50034
1767,-49970
1768,-50095
1769,-49811
1770,-50145
1771,-49949
1772,-50046
1773,-50158
1774,-50159
1775,-49983
1776,-50149
1777,-49980
1778,-49838
1779,-49413
1780,-49931
1781,-49921
1782,-49215
1783,-49919
1784,-50078
1785,-49093
1786,-50049
1787,-49073
1788,-49840
1789,-49856
1790,-49951
1791,-49937
1792,-50143
1793,-49929
1794,-50021
1795,-49753
1796,-50113
1797,-50133
1798,-49092
1799,-49429
1800,-50115
1801,-49895
1802,-50115
1803,-50046
1804,-50103
1805,-49546
1806,-50138
1807,-49832
1808,-50153
1809,-49927
1810,-50129
1811,-50163
1812,-49973
1813,-50137
1814,-49820
1815,-49864
1816,-50001
1817,-50047
1818,-50089
1819,-50035
1820,-49530
1821,-49932
1822,-50001
1823,-49231
1824,-49680
1825,-50083
1826,-49674
1827,-50131
1828,-50080
1829,-50089
1830,-50121
1831,-50032
1832,-49894
1833,-50009
1834,-50033
1835,-50028
1836,-50082
1837,-49759
1838,-50134
1839,-50030
1840,-50131
1841,-49804
1842,-50065
1843,-49970
1844,-49758
1845,-50059
1846,-50031
1847,-49985
1848,-49911
1849,-49907
1850,-50032
1851,-50128
1852,-49917
1853,-50026
1854,-49843
1855,-49708
1856,-50146
1857,-50100
1858,-50107
1859,-50010
1860,-49505
1861,-50122
1862,-49972
1863,-49461
1864,-50131
1865,-50149
1866,-49948
1867,-50097
1868,-49905
1869,-50040
1870,-49960
1871,-50067
1872,-49868
1873,-50138
1874,-49980
1875,-50078
1876,-50064
1877,-49998
1878,-49931
1879,-50048
1880,-50048
1881,-50040
1882,-50109
1883,-50103
1884,-50069
1885,-49718
1886,-50027
1887,-49863
1888,-50127
1889,-50037
1890,-50136
1891,-47663
1892,-50082
1893,-49894
1894,-49991
1895,-50053
1896,-49433
1897,-50079
1898,-49950
1899,-50131
1900,-49963
1901,-50064
1902,-49190
1903,-47688
1904,-49883
1905,-50011
1906,-50018
1907,-50139
1908,-50060
1909,-49731
1910,-50138
1911,-48618
1912,-50028
1913,-49863
1914,-49762
1915,-50083
1916,-50071
1917,-49801
1918,-49757
1919,-50098
1920,-50102
1921,-49940
1922,-49631
1923,-49762
1924,-50052
1925,-50151
1926,-49731
1927,-50150
1928,-50133
1929,-50159
1930,-49989
1931,-50055
1932,-49628
1933,-50141
1934,-50001
1935,-49997
1936,-49797
1937,-50104
1938,-49507
1939,-50046
1940,-50082
1941,-50151
1942,-50100
1943,-50150
1944,-50117
1945,-50107
1946,-49978
1947,-49759
1948,-50067
1949,-50144
1950,-49533
1951,-49327
1952,-50122
1953,-50095
1954,-50089
1955,-49880
1956,-49593
1957,-50071
1958,-49883
1959,-50009
1960,-49479
1961,-50048
1962,-50039
1963,-50114
1964,-50069
1965,-50096
1966,-49497
1967,-49631
1968,-50049
1969,-50051
1970,-50122
1971,-50123
1972,-50039
1973,-50055
1974,-50143
1975,-50145
1976,-49956
1977,-50088
1978,-50113
1979,-49906
1980,-49847
1981,-50148
1982,-50111
1983,-49917
1984,-49927
1985,-49565
1986,-50086
1987,-49956
1988,-50122
1989,-50163
1990,-50063
1991,-49843
1992,-49719
1993,-48883
1994,-46958
1995,-50000
1996,-50053
1997,-49900
1998,-49836
1999,-50082
