,value_per_image
0,-1206.6228670626879
1,-706.3217954859138
2,-1092.5564349405468
3,-1614.7639731168747
4,-476.51398096675985
5,-730.5476264650933
6,-28.544898001942784
7,-572.4550767298788
8,-278.88406694470905
9,-1790.8682642579079
10,-509.09758382150903
11,-1640.9774768054485
12,-7.312985211632622
13,-1.091144664184867
14,-466.56564055848867
15,-56.05954556399956
16,-1737.8877270817757
17,-100.52956407688907
18,-1663.7029668688774
19,-136.70457099284977
20,-276.2651203945279
21,-0.7240738604732542
22,-18.921316442399984
23,-149.66729547269642
24,-1482.998215958476
25,-1763.812276661396
26,-1790.987492263317
27,-0.2788640484723146
28,-1640.5069955512881
29,-1058.7246642559767
30,-748.3955966830254
31,-927.9059174880385
32,-1.3773364645639958
33,-482.01759368693456
34,-1550.571382701397
35,-7.2358265660877805
36,-750.0255085378885
37,-60.48400993070527
38,-1410.0630887001753
39,-1640.613629579544
40,-123.46998443827033
41,-688.8494304965716
42,-914.2991740554571
43,-3.419428905734094
44,-524.5138969067484
45,-14.60923876950983
46,-2.693508200666656
47,-508.18978044809774
48,-663.3143411204219
49,-533.8731459323317
50,-164.9769722491037
51,-25.502349091344513
52,-1171.5956063829362
53,-236.26044836826622
54,-1130.1948885023594
55,-73.93111152690835
56,-178.07685824017972
57,-1096.394491687417
58,-62.75537735642865
59,-1.0184983563331116
60,-1727.8562492132187
61,-1506.0917968004942
62,-1560.492456227541
63,-1234.1908207833767
64,-105.06550393998623
65,-916.6672175526619
66,-1528.7250745594501
67,-1790.6410741209984
68,-1010.7297511547804
69,-33.703611449571326
70,-675.6075395420194
71,-1600.6280112564564
72,-1127.7206896394491
73,-307.3582635745406
74,-1450.765570051968
75,-316.3370098742538
76,-585.8238336089998
77,-1010.1147846728563
78,-1765.5826024413109
79,-1282.9286011122167
80,-660.0712008625269
81,-92.99793664272875
82,-599.6614560251619
83,-1674.6334229707718
84,-1710.658003538847
85,-1256.5769812762737
86,-1504.5378365591168
87,-146.32161211036146
88,-1108.372280150652
89,-685.1860535591841
90,-477.4910679422319
91,-1622.5897554457188
92,-403.68712768075056
93,-889.2387040257454
94,-1738.081691801548
95,-1777.4204638004303
96,-1676.600193053484
97,-983.5005858205259
98,-11.82146205578465
99,-21.72561178728938
100,-142.4888494363986
101,-118.74337905723951
102,-572.9127004221082
103,-1426.500874221325
104,-33.517058848403394
105,-313.30755876237527
106,-30.731906814123022
107,-253.33896473795176
108,-342.3855061205104
109,-1775.8539125323296
110,-1205.8310095071793
111,-1332.4019575715065
112,-353.04629659838974
113,-829.9397361129522
114,-1015.0673547536135
115,-407.40281987190247
116,-291.0018427707255
117,-861.8837331682444
118,-1641.818150639534
119,-146.60995341092348
120,-282.8595352927223
121,-1679.9390392005444
122,-1322.1043210215867
123,-3.0610235131480295
124,-368.35995954764076
125,-1129.9079558098456
126,-1790.0301299095154
127,-0.1269728706938622
128,-43.09905997838359
129,-62.23749634064734
130,-1773.8208965957165
131,-1783.447842180729
132,-1512.1208982467651
133,-1628.329273790121
134,-404.3046940304339
135,-1789.2280456721783
136,-198.05889433436096
137,-205.65994732175022
138,-1263.580949474126
139,-267.86033138795756
140,-132.88915858323162
141,-104.0623935971089
142,-201.5031485762447
143,-0.7574802065360018
144,-115.64247204829007
145,-986.3110720813274
146,-1098.1635421216488
147,-1397.2345231547952
148,-50.40819627651945
149,-1790.9927353262901
150,-1778.067554652691
151,-1196.4747332371771
152,-6.389427006797632
153,-383.7574358297279
154,-1716.6084967851639
155,-90.21665266947821
156,-1601.7314294576645
157,-2.554847237865488
158,-1318.9081321656704
159,-1610.6909690201283
160,-237.1573816545715
161,-264.4377627838403
162,-53.59769954998046
163,-122.40564098954201
164,-2.152998641769159
165,-1208.4288284555078
166,-1029.3088592009153
167,-1746.2603459656239
168,-63.27786834281869
169,-88.83923232301288
170,-1696.3309987187386
171,-129.75576260490197
172,-1662.9594751000404
173,-1.234856440014994
174,-654.2036515772343
175,-82.07079721102491
176,-28.9433601150522
177,-912.887384608388
178,-517.374192148447
179,-25.444371294509438
180,-1192.477162314579
181,-742.871915682219
182,-707.8121525608003
183,-1101.8928185403347
184,-268.86974468594417
185,-178.03868084354326
186,-1631.893724143505
187,-1712.2287054806948
188,-515.4939888617955
189,-6.543920019190409
190,-234.9719549601432
191,-185.36944910209058
192,-301.3233636524528
193,-398.4570578476414
194,-1022.733353883028
195,-872.1042799502611
196,-68.29444437823258
197,-1785.8506569862366
198,-424.77399691333994
199,-0.7288221513335884
200,-281.32417918462306
201,-93.74515818525106
202,-364.29730234853923
203,-1470.332883477211
204,-1169.2819495797157
205,-640.6151598598808
206,-259.7168838661164
207,-1025.184242637828
208,-65.92332838382572
209,-1666.4088170528412
210,-4.83519096323289
211,-666.9893129100965
212,-1766.5797288119793
213,-1082.1273528635502
214,-241.78043780103326
215,-742.1185038909316
216,-19.63165267696604
217,-1783.9335078597069
218,-917.1894052326679
219,-0.059532641903160766
220,-392.78720905724913
221,-771.341703094542
222,-153.54835264664143
223,-987.8422908037901
224,-10.018914842206868
225,-1767.257076382637
226,-560.0373478159308
227,-1579.575522184372
228,-4.2036233025064575
229,-1790.3213416337967
230,-11.513652643261594
231,-7.634825480865061
232,-1785.9438492655754
233,-1676.2218345403671
234,-45.58231793617597
235,-451.7650419585407
236,-1670.0429216325283
237,-905.371783643961
238,-20.770575486571033
239,-1674.9562398195267
240,-1276.9915632009506
241,-607.1992298774421
242,-63.07972881448586
243,-36.66224482888356
244,-456.33705089986324
245,-647.0998787768185
246,-490.90221358370036
247,-461.92064790427685
248,-1790.9997825026512
249,-181.47074771579355
250,-1683.240558296442
251,-1449.8961709737778
252,-726.2488461686298
253,-1259.9825703427196
254,-1479.934472411871
255,-1092.2407329180278
256,-223.16343707591295
257,-59.803553863894194
258,-924.0126756847603
259,-379.9785317033529
260,-36.61278500437038
261,-0.11605343945529967
262,-998.0291190370917
263,-126.7359544953797
264,-219.63445868878625
265,-1118.968498586677
266,-1770.2116754353046
267,-209.14534622676365
268,-111.56941589812104
269,-77.39442303869873
270,-1056.1706357300282
271,-6.6225902622172725
272,-1429.219435095787
273,-6.2990319849632215
274,-786.4753241473809
275,-644.5316784293391
276,-37.96973757822525
277,-965.5305533334613
278,-903.8494933852926
279,-742.595432497561
280,-1760.74951466918
281,-51.05302261095494
282,-1262.9876790059352
283,-709.9260650817305
284,-1162.6335685253143
285,-159.96683295843832
286,-754.2129107835499
287,-1737.1447201669216
288,-130.53557388216723
289,-0.08713894426500701
290,-2.066994724674487
291,-24.107396989653353
292,-995.8361743505811
293,-375.6726923075621
294,-1187.366148531437
295,-0.17685770235829068
296,-333.61078204214573
297,-108.96033619018272
298,-52.48847115289118
299,-335.19091192499036
300,-1378.2007485926151
301,-1423.808963149786
302,-3.0097779196075862
303,-229.97036386001855
304,-20.285656539872434
305,-1779.6882836222649
306,-1149.4919731467962
307,-1697.887844324112
308,-764.644329810515
309,-1586.7654461562634
310,-14.467100146284793
311,-33.917227351717884
312,-738.0831642523408
313,-5.763017779058941
314,-51.36297310702503
315,-0.37867044985705434
316,-309.68785429606214
317,-804.3387895759661
318,-14.242773902980844
319,-5.932231421757024
320,-303.69541568077693
321,-90.65035442565568
322,-1579.3064894378185
323,-1289.0883273482323
324,-54.977730160113424
325,-1272.8479708582163
326,-1653.667770653963
327,-1152.4837545752525
328,-1777.9346534907818
329,-1351.3245562314987
330,-1784.114922374487
331,-1384.5880037248135
332,-273.2265539513901
333,-487.1542211547494
334,-1038.1078711152077
335,-315.4079614178627
336,-1217.4417596906424
337,-435.5301909931004
338,-1101.3734954581596
339,-1148.2896352559328
340,-221.72357414127328
341,-1110.251298442483
342,-0.06612593422834934
343,-1454.341877758503
344,-13.718136152252555
345,-26.713580493582413
346,-310.33879557065666
347,-33.92882243019994
348,-649.9107017219067
349,-1592.557653605938
350,-48.439367674291134
351,-1501.3979815617204
352,-1769.5934655666351
353,-38.30267501977505
354,-1740.8433974087238
355,-845.4038670957088
356,-1739.2701334357262
357,-1690.9315766096115
358,-1026.547448426485
359,-81.10663286413865
360,-1.5195024549648224
361,-297.14362073503435
362,-0.5499598101046104
363,-15.305963516351767
364,-251.58265573097924
365,-1790.8631964325905
366,-1588.5883439779282
367,-1149.2948738336563
368,-61.15553439571522
369,-1320.8784262090921
370,-216.61871001895634
371,-1487.0150259435177
372,-0.819059864574001
373,-262.1957610012032
374,-519.0325570343994
375,-1669.0168734192848
376,-687.0872269123793
377,-110.62545772361045
378,-1345.8581506065093
379,-364.8188750189729
380,-72.33995883452008
381,-0.7974904669954412
382,-9.707188908651005
383,-991.0002869516611
384,-594.6003058943897
385,-620.5531298578717
386,-46.72228866943624
387,-1779.769621938467
388,-71.52165041002445
389,-0.10500239208494122
390,-1649.290128171444
391,-533.5877076098695
392,-0.1871928463651784
393,-674.0276418997782
394,-618.2663834250998
395,-1666.9147948399186
396,-845.485049188137
397,-1552.7988527715206
398,-1374.6235373020172
399,-314.84574080631137
400,-1566.9265345335007
401,-114.91054184455425
402,-649.1774162054062
403,-1354.038361787796
404,-612.6676120012999
405,-79.97644250141457
406,-1756.8726191818714
407,-419.881026789546
408,-1782.906937301159
409,-213.61199260689318
410,-250.1613315143877
411,-1196.3784793019295
412,-459.81166219711304
413,-0.0535821835784418
414,-7.778410579885531
415,-285.7072509210557
416,-1368.5311665534973
417,-6.157904816820519
418,-1652.090980142355
419,-497.16492027044296
420,-255.36991506395862
421,-1632.4796823263168
422,-548.2353933556005
423,-1585.231561511755
424,-271.637918272987
425,-269.4292632881552
426,-543.3668523558881
427,-219.51450281689176
428,-420.5910689216107
429,-5.170714939275058
430,-471.23020919412374
431,-476.086168914102
432,-927.7666766678449
433,-925.859244287014
434,-1582.6831859648228
435,-1768.3995662033558
436,-1613.0739617198706
437,-1234.2748984768987
438,-1033.4079015292227
439,-580.2092160955071
440,-375.7951765055768
441,-318.0833931490779
442,-1282.4953684657812
443,-16.540339651779504
444,-171.47604735940695
445,-533.455698845908
446,-1666.1242373287678
447,-28.27812189271208
448,-1755.5448894798756
449,-317.2457493878901
450,-1698.4636067450047
451,-365.92375272512436
452,-159.59182257857174
453,-1570.415971621871
454,-1202.266714811325
455,-0.18995690892370476
456,-429.4276200644672
457,-678.6086088232696
458,-1570.9190500378609
459,-408.50354567565955
460,-253.28770590946078
461,-1197.842106406577
462,-1665.447439700365
463,-141.09759997576475
464,-912.2710580900311
465,-1293.4773987233639
466,-593.9590558018535
467,-564.9306992329657
468,-1729.2455467283726
469,-305.81596729159355
470,-1311.1458692252636
471,-390.6432170365006
472,-1661.2722513377666
473,-7.6727913498471025
474,-0.7100135242435499
475,-80.66911579295993
476,-1568.8841325640678
477,-301.31740195769817
478,-1780.5462077856064
479,-1665.1968941092491
480,-1669.5060740411282
481,-210.68882181262597
482,-334.6277726665139
483,-378.55043948814273
484,-519.642917778343
485,-449.19162156106904
486,-1402.8134585022926
487,-70.24345368961804
488,-757.5695623531938
489,-4.898748029540002
490,-990.2682597860694
491,-308.1283277980983
492,-799.634283174295
493,-29.49569677002728
494,-1692.7860872745514
495,-1745.8931163549423
496,-1753.7404113411903
497,-1710.2255351543427
498,-805.7522053718567
499,-1760.3515175879002
500,-79.13273488543928
501,-1431.8815011680126
502,-263.91215244308114
503,-226.6107402286143
504,-41.127220874186605
505,-1693.8698664605618
506,-3.400621218701417
507,-1449.023122549057
508,-394.9379551950842
509,-843.6564504951239
510,-725.069445643574
511,-1501.6481727659702
512,-1199.418758392334
513,-1716.2340649962425
514,-312.22434158661054
515,-1386.1298651769757
516,-1015.718628173694
517,-1767.0095502138138
518,-1665.5691717863083
519,-294.5828276928514
520,-272.2074433375383
521,-36.15854611177929
522,-126.05781073856633
523,-1785.5999746918678
524,-181.82371339946985
525,-1698.6415156126022
526,-514.3747986033559
527,-50.44835759548005
528,-847.3108984287828
529,-1.7163882140384885
530,-1557.610199764371
531,-985.2393546104431
532,-1574.9024259448051
533,-786.875385902822
534,-789.450397156179
535,-1623.8659366965294
536,-1662.5150596499443
537,-308.96810322394595
538,-244.06881510652602
539,-382.75691712321714
540,-156.07828108103422
541,-62.37157262835353
542,-1767.810401558876
543,-1.6777940157917328
544,-1786.221770375967
545,-1741.1872638761997
546,-1259.5961052924395
547,-45.852009182970505
548,-1768.8302227556705
549,-1602.0021813511848
550,-623.2375158090144
551,-0.09710139434452003
552,-1536.889990746975
553,-1737.04745516181
554,-16.57864804767496
555,-1334.7582340985537
556,-33.18488792817516
557,-0.7653971262434709
558,-70.91058556747157
559,-97.75397524755681
560,-40.687881884150556
561,-1122.669780522585
562,-1739.280470430851
563,-947.9053661860526
564,-1777.5773829817772
565,-1023.6296694278717
566,-1411.071706622839
567,-1789.1064346432686
568,-72.94112607697025
569,-111.70336943957955
570,-6.311066409936757
571,-1668.0158551931381
572,-12.85668592422735
573,-60.48710526563809
574,-34.65623713482637
575,-671.3569092679572
576,-1316.3834325522184
577,-1497.164400368929
578,-304.98078863527553
579,-130.79635851923376
580,-418.7662040987052
581,-259.26867123181
582,-1411.1518321707845
583,-365.29013807699084
584,-28.346657425721787
585,-71.59817083831877
586,-1032.8620691746473
587,-1782.7904062867165
588,-10.801235366445098
589,-1292.9385870844126
590,-668.1989888809621
591,-1616.1506887674332
592,-578.9359704327071
593,-33.49449756989634
594,-1738.6372945010662
595,-46.615461389534175
596,-1765.1910797059536
597,-475.36980705708265
598,-0.15678083255716047
599,-3.1895838893287873
600,-1697.7522526085377
601,-1652.9262126684189
602,-1679.5456140637398
603,-3.624716732154411
604,-297.86933833541116
605,-0.02040576949025308
606,-495.7766369719702
607,-758.303229868412
608,-1764.0873133540154
609,-1107.2665717229247
610,-589.7917800806463
611,-296.1643987391144
612,-5.419354744488373
613,-261.1986216939986
614,-1760.7907221913338
615,-1758.7092307209969
616,-1790.8145658373833
617,-1587.0960263311863
618,-2.1657246470222162
619,-87.64798550214618
620,-86.12016570428386
621,-55.32239538749491
622,-527.889068887569
623,-1235.8457972165197
624,-1563.2844141423702
625,-602.6786454533576
626,-697.05987560004
627,-448.67385129537433
628,-370.4898542808369
629,-476.4115646108985
630,-312.25541517231613
631,-1607.7311017513275
632,-8.277823373427964
633,-1775.7403191328049
634,-1489.0017918720841
635,-1722.3774383366108
636,-1287.229879308492
637,-116.04482367867604
638,-1421.0536417365074
639,-1158.2181870937347
640,-598.928788350895
641,-0.1729402822566044
642,-1392.891050901264
643,-237.7581369157415
644,-683.0611656662077
645,-1453.1658146381378
646,-18.82780004083179
647,-777.8093132525682
648,-1328.7906959056854
649,-155.83274404676922
650,-836.4599196277559
651,-366.01175774179865
652,-337.8113652970642
653,-0.12174039628803257
654,-81.09506644587964
655,-0.19611128509086484
656,-1373.6722277402878
657,-2.455832842671043
658,-1128.6997612267733
659,-100.54433776038422
660,-1783.59583106637
661,-1058.6318097934127
662,-6.606611279697972
663,-0.32697470128925943
664,-15.49892358458601
665,-1776.3774518668652
666,-2.6562997262735735
667,-1668.501344382763
668,-34.4021594771184
669,-370.08045218512416
670,-184.5402274467051
671,-572.9131876118481
672,-590.5274418722838
673,-1047.0736416466534
674,-62.08213086449541
675,-766.0841850154102
676,-28.38099103793502
677,-1383.2119317650795
678,-810.7067480012774
679,-261.37080575944856
680,-1468.1515759974718
681,-1035.1402937611565
682,-440.4637025317643
683,-342.5126224095002
684,-63.774352300330065
685,-1322.1552534196526
686,-1663.7690645754337
687,-260.044146460481
688,-261.2902657012455
689,-1505.9493875801563
690,-520.2200893238187
691,-1615.2377082407475
692,-1457.0297213196754
693,-1385.6213438808918
694,-810.0603584051132
695,-1790.6736259758472
696,-513.8072281323839
697,-535.8320313955192
698,-83.02507046796381
699,-1.5232698665179214
700,-0.5269482066723867
701,-240.08515224326402
702,-1730.7542716860771
703,-35.87034697947092
704,-87.19957937393337
705,-866.1093968749046
706,-46.399516109144315
707,-463.64392686262727
708,-260.78146617952734
709,-1341.0781585723162
710,-10.005292056448525
711,-923.9086614735425
712,-1718.4560157358646
713,-1574.4283645153046
714,-1723.280805438757
715,-1516.4581502377987
716,-1790.3160949349403
717,-1777.8975386619568
718,-53.790951625211164
719,-10.449799833178986
720,-884.9114756323397
721,-324.20902859419584
722,-337.44816640391946
723,-45.945108575047925
724,-10.37622788673616
725,-1141.4479656852782
726,-1518.1405532062054
727,-1788.5891234874725
728,-243.78018782287836
729,-174.64858582546003
730,-45.24388916417956
731,-1637.307091191411
732,-1472.2280355095863
733,-66.4062854743097
734,-375.7916215211153
735,-1441.233108639717
736,-38.114727281965315
737,-1453.4627580344677
738,-1070.0514624906937
739,-591.5130195617676
740,-1.1384393989355885
741,-2.4801710547471885
742,-917.4308257987723
743,-1051.4352140128613
744,-1519.540249377489
745,-1642.964459836483
746,-162.24312478979118
747,-1787.337245464325
748,-1756.1932682693005
749,-77.17110942862928
750,-3.701878541498445
751,-105.83734660688788
752,-1648.8476168215275
753,-178.57074131816626
754,-934.6411582529545
755,-574.4711736957543
756,-62.42318186850753
757,-440.52550070919096
758,-0.33317505004060877
759,-1.2899151896381227
760,-801.4504993930459
761,-4.752528347977204
762,-423.95195845514536
763,-60.32141319883522
764,-1579.9246688783169
765,-921.9961538910866
766,-89.46144390944391
767,-708.53987210989
768,-479.23550138477003
769,-101.91720557585359
770,-5.8085159977999865
771,-1551.7432469576597
772,-88.49381667561829
773,-1649.100930660963
774,-481.51430556736887
775,-1765.6440795361996
776,-1489.4217852056026
777,-167.387033094652
778,-212.56571292877197
779,-1066.6865627616644
780,-1442.613413453102
781,-1764.947865664959
782,-11.02322621345229
783,-47.34700596262701
784,-1662.5482936799526
785,-360.03695353865623
786,-1171.101999759674
787,-1387.616600304842
788,-4.59179224754098
789,-225.327701719488
790,-789.6426997948438
791,-1111.6515863835812
792,-1465.944030314684
793,-183.65422822907567
794,-1141.6760505884886
795,-1222.210668772459
796,-35.30340072459876
797,-43.489289490971714
798,-1572.5633510649204
799,-1787.2564615905285
800,-41.22479476121953
801,-406.8227302120067
802,-1656.8653729259968
803,-1746.3407339453697
804,-508.4272028361447
805,-7.650036683100552
806,-1450.8309223800898
807,-266.15350313733506
808,-1734.4499427080154
809,-1293.4941681027412
810,-46.22862313105725
811,-1022.2202595323324
812,-545.5634949859232
813,-726.2034236781765
814,-544.9159456188354
815,-45.2681620484218
816,-24.439940920332447
817,-1090.7912890166044
818,-1540.3017970770597
819,-955.740797072649
820,-729.4152041189373
821,-3.858799359059958
822,-1735.1496561467648
823,-1691.4940902888775
824,-764.2912383973598
825,-1787.0081630647182
826,-450.6697250120342
827,-1036.5860165506601
828,-8.480411388358334
829,-1609.176908671856
830,-1543.1288156211376
831,-770.1296193692833
832,-28.693264693487436
833,-1054.5786281377077
834,-27.548927749157883
835,-1192.1180539820343
836,-10.135550135048106
837,-1783.0279399454594
838,-300.5930084334541
839,-18.399329732095794
840,-1499.442326337099
841,-1744.0322635173798
842,-771.6328078752849
843,-1695.4277743697166
844,-229.1749195177108
845,-25.85154160505317
846,-502.116990827024
847,-941.9533865004778
848,-0.6117702478393312
849,-74.72392305545509
850,-1670.3585655987263
851,-0.02479651513351655
852,-1067.6550787240267
853,-47.29350510339509
854,-1447.6004664301872
855,-216.9657804602757
856,-13.538222322169531
857,-1.2004881923203357
858,-610.9618783826008
859,-143.3437243681401
860,-934.7069886252284
861,-1607.8829147219658
862,-1773.213130891323
863,-12.025209744620952
864,-131.8247696030885
865,-1790.9613982439041
866,-705.4103041887283
867,-523.533619120717
868,-1743.0998384058475
869,-654.1382516250014
870,-3.6913132892514113
871,-1781.0843472778797
872,-393.4053438026458
873,-511.8910542037338
874,-0.02582204254338194
875,-708.600649215281
876,-326.8739946791902
877,-74.21341778046735
878,-1750.6879897415638
879,-43.243394143879414
880,-275.3159513315186
881,-1691.5238332748413
882,-1476.7820887863636
883,-1140.2600016444921
884,-28.272317880677292
885,-438.3524085097015
886,-86.83196394040715
887,-25.728193745482713
888,-1605.4207746684551
889,-1541.4049127697945
890,-178.01192789297056
891,-1084.00565174222
892,-0.19897949625374167
893,-1468.2109784185886
894,-1210.5980486869812
895,-4.559330206451705
896,-2.2890737491361506
897,-1384.1089564859867
898,-0.3875698656889881
899,-814.6698314547539
900,-429.3437142409384
901,-369.47210308373906
902,-378.2264398932457
903,-41.161417971830815
904,-1787.9800127744675
905,-1542.9574626684189
906,-9.333502056775615
907,-650.9599550571293
908,-886.9819790907204
909,-75.38848729233723
910,-27.48102423339151
911,-2.8841380213052616
912,-0.07064835398909963
913,-482.7453205808997
914,-1435.8831138312817
915,-619.1395048052073
916,-40.14077460102271
917,-46.473663818556815
918,-1104.4062096476555
919,-1245.8125783558935
920,-48.73302848637104
921,-374.02453745435923
922,-17.89057602304092
923,-1176.7378455549479
924,-818.2668152265251
925,-263.2814496573992
926,-672.7216285541654
927,-610.7902561631054
928,-1685.3578047454357
929,-290.88264362793416
930,-596.9346909970045
931,-1359.1727761626244
932,-753.3150834431872
933,-1115.582252368331
934,-645.6825112365186
935,-543.0322436280549
936,-1765.7085295915604
937,-129.1190577364323
938,-1186.1689953953028
939,-233.94750267337076
940,-29.72293289832305
941,-41.66423549014144
942,-220.87608653005736
943,-83.99533715132566
944,-725.93966515176
945,-36.929362865164876
946,-4.11447054747623
947,-451.73286011070013
948,-1756.4869539141655
949,-54.20675095543265
950,-0.041533603636707994
951,-3.6390476229862543
952,-3.1181821778445737
953,-1299.0392860923894
954,-153.22992973797955
955,-84.64552668007673
956,-1107.2200863426551
957,-1443.9761196374893
958,-1119.2402243614197
959,-963.7020214796066
960,-1592.797570258379
961,-1238.054386973381
962,-1378.1944557726383
963,-25.595403698032897
964,-1301.509469293058
965,-878.1276062950492
966,-1628.0564295649529
967,-0.7922899036257149
968,-2.691405447312718
969,-1322.7298291027546
970,-771.9916269145906
971,-1782.765431046486
972,-1737.88420265913
973,-1155.8163877427578
974,-3.579120309004793
975,-1496.100965976715
976,-41.04645216499921
977,-0.6885293848899892
978,-1711.796165049076
979,-719.2778106480837
980,-1751.9736535549164
981,-1252.6837279498577
982,-1613.7852827906609
983,-143.80964885279536
984,-20.87857938464731
985,-225.67849242308876
986,-1341.443083256483
987,-126.3543795190053
988,-287.539551056223
989,-193.8344598421827
990,-176.45961152669042
991,-1427.0523543059826
992,-716.3674308788031
993,-329.4469118978741
994,-1134.3191028013825
995,-48.80315306549892
996,-517.6185406274162
997,-500.1693932786584
998,-344.8192917344859
999,-999.1805103514344
1000,-114.0270417767606
1001,-1770.3335841596127
1002,-850.3346923664212
1003,-7.691209288299433
1004,-1.3066743023664458
1005,-361.35785216093063
1006,-65.41038386372384
1007,-250.19700309928157
1008,-1777.811425358057
1009,-1768.4055267572403
1010,-1670.831485658884
1011,-1593.40762257576
1012,-447.9361491575837
1013,-1756.0964829027653
1014,-554.3904346451163
1015,-44.834534335066564
1016,-211.3722911598452
1017,-84.19953345088288
1018,-181.994810146879
1019,-1109.403741800692
1020,-66.06804965646006
1021,-91.46173035330139
1022,-1759.841427564621
1023,-682.078780438751
1024,-706.038414566312
1025,-1440.5966550707817
1026,-3.3246373707952444
1027,-6.249279319657944
1028,-1187.4737307727337
1029,-145.087054263131
1030,-1450.5670658946037
1031,-1759.523474097252
1032,-968.0721326246858
1033,-1789.5235535800457
1034,-1594.568080201745
1035,-1510.3006326556206
1036,-23.67194922582712
1037,-1138.1091383844614
1038,-997.903534501791
1039,-89.94075561291538
1040,-39.9889296554029
1041,-17.30348503363257
1042,-1031.5398013144732
1043,-867.0470024496317
1044,-546.1967946253717
1045,-1687.0498572289944
1046,-301.1297635594383
1047,-539.1436941269785
1048,-8.406008494395792
1049,-667.3426534294849
1050,-48.173920896602795
1051,-669.1861610775813
1052,-1761.1402855813503
1053,-1790.9573783874512
1054,-18.072539707718533
1055,-85.62958679161966
1056,-14.258438811577435
1057,-867.9100737422705
1058,-4.370423012180254
1059,-1188.298862427473
1060,-635.3292430341244
1061,-951.1558796002064
1062,-3.7519860925676767
1063,-1536.7507160604
1064,-35.52524559397716
1065,-1771.1493889391422
1066,-1753.4174749553204
1067,-1788.3271346390247
1068,-1315.3185465931892
1069,-124.1346997837536
1070,-1759.7199435532093
1071,-1203.8998436629772
1072,-319.1766759096572
1073,-1668.7455729842186
1074,-389.01907340524485
1075,-28.584441762883216
1076,-63.678026207882795
1077,-914.3168783783913
1078,-1679.7638310492039
1079,-634.7995652141981
1080,-1459.893872588873
1081,-3.952458469866542
1082,-110.84488044120371
1083,-36.14530151696181
1084,-6.203980996389873
1085,-339.2431299369782
1086,-1437.7558727841824
1087,-96.436798438197
1088,-531.4144399305806
1089,-850.536657743156
1090,-261.23198316944763
1091,-1676.621024042368
1092,-1715.0409937500954
1093,-690.447735875845
1094,-1047.3849715739489
1095,-1683.8033211529255
1096,-6.219784488726873
1097,-621.94174939394
1098,-576.2063529082807
1099,-1642.28418263793
1100,-273.82914670882747
1101,-69.68141153175384
1102,-1711.4666008651257
1103,-1772.4020856618881
1104,-0.5479896312772325
1105,-1646.1158498227596
1106,-530.6160902634729
1107,-881.2217580601573
1108,-24.046975482342532
1109,-1572.4460098743439
1110,-1775.5340985953808
1111,-204.92888132482767
1112,-85.70335881086066
1113,-438.46200241521
1114,-416.2605204336578
1115,-103.75307094911113
1116,-1522.534961014986
1117,-235.67478907387704
1118,-12.819032773113577
1119,-122.92499118098931
1120,-353.29422191809863
1121,-0.014053269509588517
1122,-50.63335996028036
1123,-13.464981666125823
1124,-1359.9827978610992
1125,-1561.5028791725636
1126,-1284.368226647377
1127,-115.2780399924959
1128,-727.2123319475213
1129,-23.68211944308132
1130,-1206.7416970580816
1131,-468.6867197109823
1132,-23.357453978271224
1133,-1098.6205637454987
1134,-52.36430635722354
1135,-1583.2924132049084
1136,-5.883249436796177
1137,-62.80129866069183
1138,-39.62475626956439
1139,-144.95405738276895
1140,-0.14023904278403165
1141,-625.0160463601351
1142,-1318.703653872013
1143,-811.9529861100018
1144,-1564.3710492551327
1145,-665.3499053325504
1146,-1331.5222231447697
1147,-697.0893165259622
1148,-77.03557014651597
1149,-4.5736375614372875
1150,-430.06055453885347
1151,-455.57631999533623
1152,-306.22510406933725
1153,-303.782946517691
1154,-1382.741389989853
1155,-1122.384232647717
1156,-11.780584361986257
1157,-1709.4004985392094
1158,-98.25223932508379
1159,-4.247256205911981
1160,-47.25584589433856
1161,-0.35126374174251396
1162,-75.50033545214683
1163,-293.04083407483995
1164,-43.45885959127918
1165,-454.49830949834893
1166,-1259.727586850524
1167,-1731.7910542190075
1168,-1541.120949178934
1169,-8.93266939878231
1170,-1183.4097730070353
1171,-141.29639004543424
1172,-463.08455258444883
1173,-44.322647287743166
1174,-1736.9868977367878
1175,-547.5432657822967
1176,-17.866103867913353
1177,-1171.4676810503006
1178,-1713.4893873929977
1179,-4.719844411272788
1180,-519.6680458784103
1181,-1185.4246454238892
1182,-353.30008340254426
1183,-444.6987050632015
1184,-540.0137790385634
1185,-1669.021878540516
1186,-1106.1745496690273
1187,-387.0671842414886
1188,-1734.0321167111397
1189,-440.42547503858805
1190,-113.95748298149556
1191,-539.140223313123
1192,-1125.063239991665
1193,-334.13028398156166
1194,-427.21566206775606
1195,-0.1044627707624386
1196,-1783.7440739870071
1197,-11.585861534491869
1198,-890.3073025755584
1199,-7.213202902777994
1200,-880.6701311955694
1201,-29.80145496003388
1202,-840.5040868073702
1203,-953.0013021212071
1204,-1692.932182520628
1205,-1317.388212531805
1206,-1475.4309102892876
1207,-1163.5419820919633
1208,-1384.3432533740997
1209,-837.5955423042178
1210,-6.621789589262335
1211,-1169.6638319315389
1212,-1787.2531643211842
1213,-223.8853196093114
1214,-401.0961689684773
1215,-856.1733711188426
1216,-0.39992708260251675
1217,-8.707066793518607
1218,-1146.5334179997444
1219,-574.526767924428
1220,-353.1194099858403
1221,-409.27575335348956
1222,-1240.6571765299886
1223,-82.69955208571628
1224,-1708.6052033007145
1225,-435.54118521511555
1226,-55.46484621454147
1227,-27.645248072367394
1228,-508.6520417695865
1229,-0.5348114802145574
1230,-1005.8394827097654
1231,-462.838297739625
1232,-252.6213590875268
1233,-389.2213413603604
1234,-543.378051567357
1235,-1790.1427147984505
1236,-58.691381430020556
1237,-1222.7345406049863
1238,-728.1599163133651
1239,-1772.687661856413
1240,-1614.5866785943508
1241,-458.266041582101
1242,-6.2113958753761835
1243,-250.01530810445547
1244,-291.0260176206939
1245,-1772.5193631649017
1246,-876.2456615120173
1247,-1231.5990010499954
1248,-619.3781192838214
1249,-1075.020118907094
1250,-1099.8885838372953
1251,-0.027194649332091814
1252,-806.0417259149253
1253,-14.791031450331502
1254,-1789.7207722067833
1255,-116.58167856256478
1256,-179.22738506644964
1257,-306.96983837522566
1258,-1044.764988079667
1259,-546.5325007340871
1260,-1188.4405878186226
1261,-1.01975102307415
1262,-18.772473660093965
1263,-1605.678067266941
1264,-7.139826208469458
1265,-437.7408319953829
1266,-1264.8436926603317
1267,-673.7616995461285
1268,-1.141510409978423
1269,-1782.5890434980392
1270,-36.95730706455652
1271,-44.05185787542723
1272,-1760.2633700072765
1273,-151.1372585213394
1274,-1392.8403356671333
1275,-197.26935413031606
1276,-238.20875095343217
1277,-1524.5658869296312
1278,-1732.4346967339516
1279,-0.5662783104235132
1280,-142.63299164862838
1281,-68.04527777992189
1282,-322.8939232621342
1283,-652.2098704725504
1284,-161.38677029067185
1285,-1139.8183186501265
1286,-21.34969160098281
1287,-6.688824269629549
1288,-64.7470327350311
1289,-1757.8315087258816
1290,-1299.1834845244884
1291,-508.23154536634684
1292,-333.03764014234184
1293,-776.7942441850901
1294,-482.50904342439026
1295,-1540.1823046207428
1296,-531.4722315756662
1297,-806.1474816426635
1298,-8.272261137055466
1299,-1780.2642630636692
1300,-17.02204505749978
1301,-0.6389870055700158
1302,-430.7670323839411
1303,-1187.2906479239464
1304,-1763.4167813658714
1305,-1377.7142578363419
1306,-595.9369608387351
1307,-1318.705168634653
1308,-878.8969923718832
1309,-1523.166835039854
1310,-206.66582226147875
1311,-1574.7033241689205
1312,-1470.7810284048319
1313,-0.26000930170960146
1314,-616.3958514016122
1315,-1742.3572384268045
1316,-397.256110788538
1317,-348.53234174475074
1318,-1.270533880117
1319,-1094.5829073935747
1320,-706.9737991392612
1321,-379.09918440296315
1322,-84.75938988305279
1323,-730.8621438294649
1324,-1786.0979178249836
1325,-253.31260624027345
1326,-1310.2111955955625
1327,-1586.671468347311
1328,-1539.7091482877731
1329,-488.94511523097754
1330,-58.847229646497
1331,-1728.6704961061478
1332,-1196.5419483706355
1333,-297.83431327412836
1334,-795.6568970307708
1335,-1384.8612032830715
1336,-115.9673773876857
1337,-1.8889432894502534
1338,-476.9024164378643
1339,-105.54469788237475
1340,-1701.0334514975548
1341,-34.966257639287505
1342,-1722.4366210997105
1343,-360.3154809400439
1344,-122.09258642315399
1345,-581.82877604838
1346,-1225.927412301302
1347,-1364.1959166452289
1348,-1411.0975986719131
1349,-1545.3299655616283
1350,-1248.559576464817
1351,-1737.7524353563786
1352,-1790.3786810338497
1353,-1138.7112126499414
1354,-246.30373261123896
1355,-1590.0790562033653
1356,-12.26311629707925
1357,-145.05166035704315
1358,-211.7323868701933
1359,-1762.729831635952
1360,-70.87909180194401
1361,-1598.50081294775
1362,-1769.9673304259777
1363,-1268.9274621605873
1364,-1532.183263093233
1365,-1771.6505101323128
1366,-30.55805444472935
1367,-16.02864645065347
1368,-1433.2126219272614
1369,-45.17295331216883
1370,-1727.138564169407
1371,-27.564185701601673
1372,-1662.366992622614
1373,-0.11131342640055664
1374,-330.79009851813316
1375,-214.70459471689537
1376,-413.2045355439186
1377,-1603.1609445214272
1378,-90.72651769639924
1379,-283.8633109985385
1380,-82.60097992514056
1381,-10.557186833000742
1382,-181.80298000387847
1383,-536.3098708763719
1384,-681.3510507196188
1385,-1357.0579945743084
1386,-510.09117567911744
1387,-126.14152521815413
1388,-312.7635254636407
1389,-2.1512023747918647
1390,-1710.7965352535248
1391,-1644.4898926764727
1392,-1254.700729817152
1393,-571.1160268187523
1394,-157.12544883671217
1395,-593.803554981947
1396,-49.23053859046195
1397,-1.6180188278156038
1398,-469.47756305197254
1399,-640.3972964659333
1400,-1756.7415756881237
1401,-254.47734185960144
1402,-0.16928303741678974
1403,-556.1686095781624
1404,-34.46813573362306
1405,-900.6654186546803
1406,-120.27372883807402
1407,-248.6044332496822
1408,-1026.5407858602703
1409,-121.6208830284304
1410,-1245.9466715604067
1411,-45.36375506374475
1412,-22.629460177617148
1413,-1.3613466854949365
1414,-12.769639246078441
1415,-1.1427810382883763
1416,-38.57736742007546
1417,-1295.540660738945
1418,-609.7117566019297
1419,-214.68458517082036
1420,-470.12371657043695
1421,-1604.5202776491642
1422,-325.96967473533005
1423,-1506.1823901832104
1424,-1205.4025702178478
1425,-949.2597447931767
1426,-329.4618603475392
1427,-707.2697441671044
1428,-1136.9570229605888
1429,-1783.4470217823982
1430,-473.01140534877777
1431,-335.0766827054322
1432,-253.73245741054416
1433,-0.2878091583997957
1434,-844.2459179311991
1435,-0.14112610005702209
1436,-1125.41201017797
1437,-598.7574253305793
1438,-411.5966737358831
1439,-56.23604769792291
1440,-541.5219231434166
1441,-879.6260189563036
1442,-115.84018488845322
1443,-0.04880991189145334
1444,-1665.1857808232307
1445,-412.20427318802103
1446,-1713.3037947714329
1447,-463.18616903945804
1448,-1480.1079522669315
1449,-575.7952975183725
1450,-142.00047591887414
1451,-282.17846653051674
1452,-830.4494123067707
1453,-328.457637286745
1454,-1352.3421873524785
1455,-739.4992765858769
1456,-1066.7054564868422
1457,-157.2311122722167
1458,-618.7002127841115
1459,-10.034522205765825
1460,-1325.0083183050156
1461,-1789.2679938077927
1462,-1087.2771872729063
1463,-866.6282114469213
1464,-1305.3762728571892
1465,-654.5481624323875
1466,-3.280772906036873
1467,-1758.8628689944744
1468,-275.18186680600047
1469,-277.35197329934454
1470,-1148.8912590872496
1471,-1485.5427038371563
1472,-792.7762888297439
1473,-1716.6053093075752
1474,-731.0987198641451
1475,-1628.1992143690586
1476,-14.609425826813094
1477,-4.264783194521442
1478,-595.8060493899975
1479,-359.76537109416677
1480,-33.86664581793593
1481,-1435.776433840394
1482,-47.260386977694
1483,-228.6118453638628
1484,-112.24451402295381
1485,-1086.0880817845464
1486,-617.1475849011913
1487,-92.41012779995799
1488,-1434.0867520272732
1489,-287.7961710486561
1490,-208.90364997275174
1491,-612.9421732362825
1492,-72.99157034605742
1493,-400.28443459328264
1494,-392.24718353524804
1495,-1312.123531088233
1496,-0.6554887478932869
1497,-18.232587571255863
1498,-1276.0233667194843
1499,-326.275576563552
1500,-1017.7093962281942
1501,-88.68814402457792
1502,-1786.8612575232983
1503,-86.10184910614043
1504,-789.7187728155404
1505,-107.66443337826058
1506,-1508.6283508092165
1507,-475.64577616611496
1508,-554.4962094482034
1509,-459.68245144188404
1510,-968.7825051024556
1511,-75.42295813257806
1512,-403.47828817367554
1513,-221.2276045102626
1514,-0.008870102820722536
1515,-668.5744866095483
1516,-684.6999375149608
1517,-953.5445609986782
1518,-1737.6908943355083
1519,-576.6180853180704
1520,-35.432209510414395
1521,-1500.7335642278194
1522,-22.91529921712936
1523,-425.6106450408697
1524,-632.2951192110777
1525,-1043.0996469045058
1526,-1394.6356665194035
1527,-15.767208243603818
1528,-18.088932953658514
1529,-155.67258930485696
1530,-675.5161846652627
1531,-75.53279085503891
1532,-87.42720381675463
1533,-1790.4289663136005
1534,-1140.5133565217257
1535,-23.966087639448233
1536,-1736.2171792984009
1537,-936.0380641072989
1538,-665.4980534417555
1539,-233.90841350902338
1540,-11.25727162923431
1541,-720.0066432654858
1542,-162.06829069182277
1543,-380.75378280319273
1544,-0.2832622051444105
1545,-291.4844598527998
1546,-236.3172524208203
1547,-434.97861288813874
1548,-464.32660932838917
1549,-180.98461812455207
1550,-1133.260520517826
1551,-1432.313410460949
1552,-938.8446532078087
1553,-497.674084816128
1554,-84.16818148791208
1555,-250.68890618432124
1556,-3.502048948110314
1557,-1235.6373420655727
1558,-27.846754555022926
1559,-71.02840813598596
1560,-909.9484298770403
1561,-457.88529280154034
1562,-35.78193044569343
1563,-1239.7322161793709
1564,-101.98316891817376
1565,-130.2600610278314
1566,-1298.1788297891617
1567,-159.83660172182135
1568,-1021.4599524736404
1569,-1587.2314193844795
1570,-1736.0878982245922
1571,-1075.1653434038162
1572,-716.467170191805
1573,-554.7561239041388
1574,-1637.7301831841469
1575,-286.5406857552007
1576,-5.359248638531426
1577,-560.3618825124577
1578,-1562.2311019599438
1579,-189.6582712904783
1580,-1750.6129578351974
1581,-1178.8536375313997
1582,-1310.0413471013308
1583,-29.60106029317103
1584,-246.3098063217476
1585,-956.5298824086785
1586,-61.35128446435556
1587,-51.68743954938691
1588,-762.332484960556
1589,-1064.0854729355779
1590,-329.7316915951669
1591,-428.9148648753762
1592,-39.158899011581525
1593,-12.683453397943929
1594,-71.01635968816117
1595,-434.00889921421185
1596,-493.36421184754
1597,-64.82548893921967
1598,-1473.7139660716057
1599,-1419.9293870925903
1600,-922.7275608442724
1601,-1667.5427278876305
1602,-340.5764775945322
1603,-566.2857902441174
1604,-31.006119884259533
1605,-84.33655624988023
1606,-13.630650503037032
1607,-1757.1987615525723
1608,-21.299916169256903
1609,-139.45883318502456
1610,-1540.5826670899987
1611,-328.4552262276411
1612,-1528.9706069529057
1613,-91.97469544952037
1614,-1667.7287223935127
1615,-121.32768373563886
1616,-1774.8617747426033
1617,-44.63152833271306
1618,-303.8863708199933
1619,-1174.1404266804457
1620,-1790.5259480178356
1621,-124.00226488476619
1622,-785.7623404636979
1623,-398.84712780080736
1624,-279.00181232613977
1625,-1695.4670692384243
1626,-895.0439632385969
1627,-1538.091474428773
1628,-111.37780838902108
1629,-863.9307528999634
1630,-1455.5269534438848
1631,-43.47884347656509
1632,-197.63964516296983
1633,-3.8232565655343933
1634,-19.355067728552967
1635,-956.9718892648816
1636,-79.6745516245719
1637,-17.49724437756231
1638,-437.940558841452
1639,-1218.1113737225533
1640,-278.2838123878464
1641,-1011.4688100814819
1642,-1147.720618121326
1643,-1047.5493501722813
1644,-122.65108386846259
1645,-6.8353517110444955
1646,-1419.8943186346442
1647,-478.49073715973645
1648,-458.90057019516826
1649,-1295.9189059436321
1650,-1412.5085079967976
1651,-1019.5828381329775
1652,-59.594136223429814
1653,-1487.2539973099483
1654,-755.5315326079726
1655,-183.09691489860415
1656,-1.0483236421459878
1657,-1788.6971422433853
1658,-712.9930685758591
1659,-1256.349552422762
1660,-121.81466550054029
1661,-21.39937644964084
1662,-1198.3764736950397
1663,-1362.7741660028696
1664,-95.60938925959636
1665,-336.10901862196624
1666,-745.4370552096516
1667,-20.91859042388387
1668,-4.200791067956175
1669,-476.01283253356814
1670,-1695.9268418550491
1671,-1738.645189076662
1672,-274.3948845965788
1673,-39.241985762142576
1674,-626.8847169588553
1675,-14.797248555027181
1676,-45.99775875144405
1677,-558.4095755461603
1678,-1052.060507745482
1679,-314.42003160715103
1680,-1170.0024746656418
1681,-122.83218340901658
1682,-1583.2493867874146
1683,-1790.7001782357693
1684,-15.490544649306685
1685,-1532.077088572085
1686,-1230.9718532683328
1687,-1716.6562027335167
1688,-1456.3457276821136
1689,-20.01237618882442
1690,-1765.1262222528458
1691,-1413.4494916200638
1692,-1163.1661422103643
1693,-12.503678014036268
1694,-1298.4761408567429
1695,-1326.9019365757704
1696,-128.55119494174141
1697,-418.87699613906443
1698,-0.7516488433648192
1699,-574.3721729964018
1700,-1345.5894238203764
1701,-0.0001297368716418612
1702,-1695.2599552571774
1703,-1650.2782399952412
1704,-1665.7685387581587
1705,-630.4011107292026
1706,-1356.2050844728947
1707,-178.80124670546502
1708,-942.4371307166293
1709,-1774.7297848463058
1710,-1582.966364622116
1711,-923.9646593742073
1712,-222.09429793502204
1713,-1510.6637985408306
1714,-477.63293373957276
1715,-1790.3154392242432
1716,-1453.483958184719
1717,-1779.4477230012417
1718,-615.1933119297028
1719,-1543.4698371887207
1720,-530.4823967069387
1721,-1260.8608297258615
1722,-1786.587661266327
1723,-1769.453940629959
1724,-1356.0583657622337
1725,-892.5478878207505
1726,-388.8778224494308
1727,-1371.4637811481953
1728,-1747.0636577904224
1729,-43.549975454225205
1730,-1534.76733648777
1731,-1776.7671952843666
1732,-372.1125433295965
1733,-1748.3770594894886
1734,-1213.5793784856796
1735,-399.01935748697724
1736,-63.87750003708061
1737,-142.5556238796562
1738,-7.524430334786302
1739,-572.6232153624296
1740,-353.792439450277
1741,-46.01333083317877
1742,-1662.1154776513577
1743,-1575.0598712265491
1744,-1608.6626025438309
1745,-1663.0214448273182
1746,-11.248970473534428
1747,-1304.3456818312407
1748,-1372.2646723762155
1749,-1118.9596206247807
1750,-1318.695663318038
1751,-1709.0026859864593
1752,-614.5945597961545
1753,-74.76808432448888
1754,-1067.7612533271313
1755,-1102.2461515516043
1756,-1262.8252909183502
1757,-297.044820940122
1758,-772.2815934494138
1759,-487.238222181797
1760,-1078.3110084421933
1761,-1445.1789583861828
1762,-1713.5088828504086
1763,-0.4948909998402087
1764,-1752.8553722798824
1765,-175.25093197077513
1766,-491.2742684073746
1767,-1097.2663911283016
1768,-1171.0051264315844
1769,-1654.785455018282
1770,-216.01061029941775
1771,-38.23617424246913
1772,-1149.6528028547764
1773,-178.35827845241874
1774,-368.706207796582
1775,-85.6003591408953
1776,-521.2915624976158
1777,-1363.9028079658747
1778,-1439.4390992224216
1779,-1734.8515174686909
1780,-1382.540817603469
1781,-1569.5316305160522
1782,-1410.059867799282
1783,-1032.2986615328118
1784,-382.1684751866269
1785,-38.205583908595145
1786,-81.12272824189131
1787,-196.02591452357592
1788,-1586.8841389417648
1789,-58.76824067508278
1790,-164.0972453467548
1791,-1427.0571810081601
1792,-14.162657254724763
1793,-1780.5124830305576
1794,-230.45415940729436
1795,-289.5571161786793
1796,-1410.8353791236877
1797,-1480.3884875625372
1798,-47.11585694219684
1799,-1597.7080726623535
1800,-518.5292594395578
1801,-1114.47963792854
1802,-66.57020324480254
1803,-694.8745859637856
1804,-1530.117097824812
1805,-1165.5115724727511
1806,-514.3872121404856
1807,-23.969910410913144
1808,-1.4675882084447949
1809,-1784.7305976450443
1810,-610.3108907863498
1811,-1733.3990709781647
1812,-2.3374280289863236
1813,-34.232309115934186
1814,-309.40690897777677
1815,-203.19146892614663
1816,-1664.528775781393
1817,-947.6770716868341
1818,-784.8522314578295
1819,-549.7542087361217
1820,-758.4324044138193
1821,-208.70318593449315
1822,-84.94444736232981
1823,-1667.274817764759
1824,-1260.9183509498835
1825,-616.0148425661027
1826,-18.839482711657183
1827,-1182.271469682455
1828,-1790.7144997417927
1829,-824.2438852987252
1830,-150.66933080926538
1831,-344.65339442912955
1832,-987.8879745677114
1833,-1549.7837635576725
1834,-1453.537476375699
1835,-1082.9849034249783
1836,-470.37905257195234
1837,-1146.4267322421074
1838,-23.689385524674435
1839,-1247.8798716664314
1840,-994.0297350061592
1841,-1774.4442667663097
1842,-940.4521155804396
1843,-1771.7238783240318
1844,-941.5538974814117
1845,-1493.5857631266117
1846,-603.0566310435534
1847,-128.2384030802932
1848,-1755.3763764500618
1849,-1774.7277288734913
1850,-330.2498077657074
1851,-992.7130064964294
1852,-1681.1082434654236
1853,-1435.7152472734451
1854,-649.7410105963063
1855,-741.4095176309347
1856,-338.8828294510022
1857,-0.29299729069316527
1858,-309.89594783075154
1859,-458.21601837250637
1860,-1760.8346861600876
1861,-1790.6080554127693
1862,-1785.629791945219
1863,-422.8901427173987
1864,-102.2424541276705
1865,-1095.9451720416546
1866,-111.8101533385925
1867,-48.59198855678551
1868,-1139.039309233427
1869,-1589.2127695679665
1870,-1313.86584828794
1871,-0.5810653191729216
1872,-1586.6677555143833
1873,-315.7429387681186
1874,-871.6146395510295
1875,-748.8822419755161
1876,-858.4227973893285
1877,-76.35047185065923
1878,-13.288807099343103
1879,-1587.2952428162098
1880,-1242.5817829370499
1881,-1777.9432717859745
1882,-123.84088353207335
1883,-1422.0027664005756
1884,-240.59651833213866
1885,-1170.818352073431
1886,-37.86916089220904
1887,-85.54211910656886
1888,-91.04834005748853
1889,-1.749569048115518
1890,-143.55469140782952
1891,-1037.0091231316328
1892,-53.48734536846496
1893,-904.9065325260162
1894,-87.4464340407867
1895,-1717.2858903110027
1896,-97.61499776504934
1897,-1271.7389400824904
1898,-120.16142847393348
1899,-580.5472192317247
1900,-1090.1375627666712
1901,-1623.9450644552708
1902,-457.0970849348232
1903,-1787.3673957884312
1904,-1388.9551767036319
1905,-3.5215733865334187
1906,-749.5998683422804
1907,-1787.6474281549454
1908,-763.3181125819683
1909,-599.7844706140459
1910,-1517.73047965765
1911,-2.0258323857360665
1912,-959.938388183713
1913,-1554.6761464178562
1914,-1716.014783412218
1915,-1718.8699210882187
1916,-1193.823745071888
1917,-1394.6349440099439
1918,-505.45197115652263
1919,-1790.8930930495262
1920,-255.82759890332818
1921,-1790.4052355885506
1922,-169.99772450514138
1923,-34.528818608727306
1924,-227.2970202518627
1925,-180.24125563519192
1926,-1310.437148064375
1927,-169.49771291998331
1928,-23.816626944753807
1929,-940.0234622657299
1930,-1034.7967795729637
1931,-20.190572572198107
1932,-1166.499156653881
1933,-1530.5321383476257
1934,-25.82260706683155
1935,-69.64454300526995
1936,-1646.078588873148
1937,-172.05305139422126
1938,-927.3738020956516
1939,-1663.1698188185692
1940,-1.980748445239442
1941,-9.553626900014933
1942,-76.78263149689883
1943,-558.6935982620344
1944,-1407.381606578827
1945,-1267.6277611255646
1946,-5.993604962452082
1947,-14.789017255167892
1948,-355.2081898213364
1949,-1033.617768845521
1950,-1560.1552172601223
1951,-463.3753560036421
1952,-215.15207539091352
1953,-10.165480307055986
1954,-193.0777353802696
1955,-1584.8756942152977
1956,-844.8718935698271
1957,-1788.3116722106934
1958,-1788.013214290142
1959,-1779.1993902027607
1960,-358.3254472850822
1961,-1657.023121625185
1962,-295.02961935289204
1963,-2.583794963758919
1964,-111.9479855587997
1965,-917.9702893719077
1966,-1581.148553043604
1967,-1279.6043564230204
1968,-1712.1185573637486
1969,-1790.4215264618397
1970,-164.41145153519756
1971,-1548.3586546182632
1972,-32.35127015225589
1973,-1411.2342973053455
1974,-1778.0833892822266
1975,-1763.1074903905392
1976,-395.40397918983945
1977,-1790.960110604763
1978,-5.235137155152188
1979,-1115.088425964117
1980,-1684.8038087785244
1981,-33.55365896620788
1982,-1786.7343518733978
1983,-421.162319452269
1984,-1265.2889467468485
1985,-205.04323964193463
1986,-237.09655573032796
1987,-1069.193075582385
1988,-1656.6096958518028
1989,-0.8166784318018472
1990,-32.96284573563025
1991,-974.5303571373224
1992,-785.1715009510517
1993,-1786.030776232481
1994,-548.1947610117495
1995,-523.7801976948977
1996,-1734.3771387636662
1997,-173.71350331045687
1998,-762.7381255030632
1999,-138.91814255714417
