,value_per_image
0,-50176
1,-50176
2,-49920
3,-50176
4,-50176
5,-49920
6,-49920
7,-49920
8,-50176
9,-50176
10,-50160
11,-49920
12,-50176
13,-49920
14,-50176
15,-50176
16,-49920
17,-50176
18,-50176
19,-50176
20,-50176
21,-50176
22,-50176
23,-49920
24,-50176
25,-49920
26,-49920
27,-49920
28,-50176
29,-49920
30,-50176
31,-50176
32,-50176
33,-50176
34,-49920
35,-49920
36,-49920
37,-50176
38,-49920
39,-50176
40,-50176
41,-50160
42,-50176
43,-49920
44,-50176
45,-50176
46,-50176
47,-49920
48,-50176
49,-50176
50,-50176
51,-50176
52,-49920
53,-49920
54,-50176
55,-50176
56,-50176
57,-49920
58,-49920
59,-50176
60,-49920
61,-49920
62,-50176
63,-50176
64,-50176
65,-50176
66,-49920
67,-49920
68,-50176
69,-50176
70,-49920
71,-50176
72,-49920
73,-49920
74,-49920
75,-50176
76,-49920
77,-49920
78,-49920
79,-50176
80,-50176
81,-49920
82,-50176
83,-50176
84,-50176
85,-50176
86,-50176
87,-50176
88,-49920
89,-49920
90,-50176
91,-50176
92,-49920
93,-50176
94,-49920
95,-50176
96,-49920
97,-50176
98,-50176
99,-50176
100,-49920
101,-49920
102,-50176
103,-49920
104,-50176
105,-50176
106,-50176
107,-49920
108,-49920
109,-49408
110,-50176
111,-50176
112,-50176
113,-50176
114,-50176
115,-50176
116,-49920
117,-49920
118,-49920
119,-50176
120,-49920
121,-50176
122,-50176
123,-50176
124,-50176
125,-50176
126,-49920
127,-50176
128,-50176
129,-50176
130,-49920
131,-50176
132,-49920
133,-50176
134,-50176
135,-50176
136,-50176
137,-50176
138,-49920
139,-50176
140,-50176
141,-49920
142,-50176
143,-50176
144,-50176
145,-50176
146,-50176
147,-49920
148,-49920
149,-50176
150,-49920
151,-50176
152,-50176
153,-50176
154,-50176
155,-50176
156,-50176
157,-50176
158,-50176
159,-50176
160,-50176
161,-49920
162,-49920
163,-49920
164,-50176
165,-49920
166,-50176
167,-49920
168,-50176
169,-49920
170,-49920
171,-50176
172,-50176
173,-50176
174,-50176
175,-50176
176,-49920
177,-49920
178,-50176
179,-49920
180,-50176
181,-50176
182,-50176
183,-49920
184,-49920
185,-50176
186,-49920
187,-50176
188,-49920
189,-50176
190,-50176
191,-50176
192,-49920
193,-49920
194,-50176
195,-49920
196,-50176
197,-50176
198,-50176
199,-50176
200,-49920
201,-50176
202,-50176
203,-49920
204,-50176
205,-49920
206,-50176
207,-49920
208,-49920
209,-50176
210,-50176
211,-50176
212,-49920
213,-49920
214,-49920
215,-50176
216,-50176
217,-50176
218,-49920
219,-50176
220,-50176
221,-50176
222,-50176
223,-50176
224,-49920
225,-50176
226,-49920
227,-50176
228,-49920
229,-50176
230,-50176
231,-50176
232,-49920
233,-50176
234,-49920
235,-49920
236,-50176
237,-50176
238,-49920
239,-50176
240,-49920
241,-49920
242,-50176
243,-49920
244,-50176
245,-50176
246,-50176
247,-49920
248,-49920
249,-50176
250,-50176
251,-50176
252,-50176
253,-50176
254,-50176
255,-50176
256,-49920
257,-49920
258,-50176
259,-50176
260,-49920
261,-50176
262,-49920
263,-50176
264,-50176
265,-50176
266,-49920
267,-49920
268,-50176
269,-50176
270,-50176
271,-50176
272,-49920
273,-50176
274,-49920
275,-49920
276,-49920
277,-49920
278,-50176
279,-49920
280,-50176
281,-49920
282,-50176
283,-50176
284,-50176
285,-50176
286,-49920
287,-49920
288,-49920
289,-50176
290,-50176
291,-49920
292,-50176
293,-50176
294,-50176
295,-50176
296,-50176
297,-50176
298,-49920
299,-50176
300,-49920
301,-49920
302,-49920
303,-49920
304,-50176
305,-50176
306,-50176
307,-49920
308,-49920
309,-50176
310,-50176
311,-49920
312,-49920
313,-50176
314,-50176
315,-50176
316,-50176
317,-50176
318,-50176
319,-50176
320,-49920
321,-50176
322,-50176
323,-50176
324,-50176
325,-50176
326,-50176
327,-50176
328,-49920
329,-50176
330,-50176
331,-50176
332,-49920
333,-50176
334,-49920
335,-50176
336,-49920
337,-50176
338,-49920
339,-49920
340,-49920
341,-50176
342,-50176
343,-49920
344,-50176
345,-50176
346,-49920
347,-50176
348,-50176
349,-50176
350,-49920
351,-49920
352,-49920
353,-50176
354,-49920
355,-49920
356,-50176
357,-50176
358,-50176
359,-49920
360,-50176
361,-49920
362,-49920
363,-50176
364,-50176
365,-49920
366,-50176
367,-49920
368,-49920
369,-49920
370,-49920
371,-50176
372,-50176
373,-49920
374,-50176
375,-50176
376,-50176
377,-49920
378,-49920
379,-50176
380,-49920
381,-50176
382,-50176
383,-50112
384,-49920
385,-49920
386,-50176
387,-50176
388,-50176
389,-50176
390,-50176
391,-50176
392,-50176
393,-50176
394,-49920
395,-50176
396,-50160
397,-50176
398,-49920
399,-49920
400,-49920
401,-50176
402,-49920
403,-49920
404,-50176
405,-50176
406,-50176
407,-49920
408,-49920
409,-49920
410,-50176
411,-50176
412,-50176
413,-49920
414,-50176
415,-50176
416,-50176
417,-50176
418,-50176
419,-49920
420,-49920
421,-50176
422,-50176
423,-50176
424,-49920
425,-49920
426,-49920
427,-50176
428,-50176
429,-50176
430,-50176
431,-50176
432,-50176
433,-49920
434,-49920
435,-50176
436,-50176
437,-50176
438,-50176
439,-50176
440,-50176
441,-50176
442,-50176
443,-50176
444,-50176
445,-50176
446,-49920
447,-50176
448,-49920
449,-49920
450,-50176
451,-50176
452,-49920
453,-50176
454,-50176
455,-50176
456,-49920
457,-50176
458,-49920
459,-50176
460,-49920
461,-49920
462,-49920
463,-50176
464,-50176
465,-49920
466,-50176
467,-50176
468,-49920
469,-50176
470,-49920
471,-50176
472,-49920
473,-50176
474,-50176
475,-49920
476,-49920
477,-50176
478,-49920
479,-49920
480,-50176
481,-50176
482,-49920
483,-50176
484,-49920
485,-49920
486,-49920
487,-49920
488,-50176
489,-50176
490,-50176
491,-49920
492,-49920
493,-50176
494,-50176
495,-49920
496,-49920
497,-50176
498,-50176
499,-49920
500,-50176
501,-50176
502,-50176
503,-49920
504,-50176
505,-50176
506,-50176
507,-49920
508,-50176
509,-50176
510,-50176
511,-50176
512,-50176
513,-50176
514,-50176
515,-50176
516,-50176
517,-49920
518,-50176
519,-50176
520,-50176
521,-49920
522,-50176
523,-49920
524,-49920
525,-50176
526,-50176
527,-50176
528,-50176
529,-50176
530,-50176
531,-50176
532,-50176
533,-50176
534,-50176
535,-49920
536,-50176
537,-49920
538,-50176
539,-49920
540,-49920
541,-50176
542,-50176
543,-50176
544,-49920
545,-50176
546,-49920
547,-50176
548,-49920
549,-49920
550,-49920
551,-50176
552,-50176
553,-49920
554,-50112
555,-50176
556,-50176
557,-50176
558,-50176
559,-50176
560,-50176
561,-49920
562,-49904
563,-49920
564,-49920
565,-50176
566,-49920
567,-49920
568,-49920
569,-50176
570,-50176
571,-49920
572,-49920
573,-50176
574,-50176
575,-49920
576,-50176
577,-50176
578,-50176
579,-49920
580,-50176
581,-49920
582,-50176
583,-49920
584,-50176
585,-50176
586,-50176
587,-50176
588,-50176
589,-50176
590,-50176
591,-50176
592,-49920
593,-49920
594,-49920
595,-50176
596,-50176
597,-50176
598,-50176
599,-50176
600,-49808
601,-49920
602,-50176
603,-50176
604,-50176
605,-50176
606,-49920
607,-50176
608,-50176
609,-49920
610,-49920
611,-50176
612,-49920
613,-50176
614,-50176
615,-50176
616,-50176
617,-50176
618,-50176
619,-50176
620,-49920
621,-50176
622,-50176
623,-50176
624,-50176
625,-50176
626,-50176
627,-50176
628,-50176
629,-49920
630,-49920
631,-50176
632,-50176
633,-50176
634,-49920
635,-49920
636,-50176
637,-50176
638,-50176
639,-50176
640,-49920
641,-49920
642,-50176
643,-49920
644,-49920
645,-50176
646,-50176
647,-49920
648,-50176
649,-49920
650,-49920
651,-50176
652,-49920
653,-50176
654,-50176
655,-49920
656,-49920
657,-50176
658,-49920
659,-50176
660,-50176
661,-49920
662,-50176
663,-50176
664,-50176
665,-50176
666,-49920
667,-50176
668,-50176
669,-50176
670,-49920
671,-49920
672,-50176
673,-49920
674,-50080
675,-50176
676,-49920
677,-50176
678,-49920
679,-50176
680,-50176
681,-50176
682,-49920
683,-50160
684,-50176
685,-49920
686,-50176
687,-50176
688,-50176
689,-50176
690,-49920
691,-49920
692,-50176
693,-49920
694,-50176
695,-50176
696,-49920
697,-50160
698,-50176
699,-50176
700,-50176
701,-49920
702,-50176
703,-50176
704,-50176
705,-50176
706,-50176
707,-50176
708,-49984
709,-50176
710,-49920
711,-50176
712,-49920
713,-50176
714,-50176
715,-50160
716,-50176
717,-50176
718,-50160
719,-50176
720,-49920
721,-49920
722,-50176
723,-49920
724,-49920
725,-50176
726,-50176
727,-50176
728,-50176
729,-49920
730,-49920
731,-50176
732,-49920
733,-50176
734,-50176
735,-49920
736,-50176
737,-49920
738,-50176
739,-49920
740,-50176
741,-50176
742,-50176
743,-49920
744,-49920
745,-49920
746,-50176
747,-49920
748,-50176
749,-49920
750,-49920
751,-49920
752,-50176
753,-50176
754,-50176
755,-49920
756,-49920
757,-50176
758,-50176
759,-50176
760,-50176
761,-50176
762,-49920
763,-50176
764,-50176
765,-49920
766,-50176
767,-49920
768,-50176
769,-50176
770,-50160
771,-50176
772,-50176
773,-50176
774,-49920
775,-50176
776,-50176
777,-49920
778,-49856
779,-50176
780,-49920
781,-50176
782,-49920
783,-50176
784,-50176
785,-49920
786,-50176
787,-49920
788,-50176
789,-50176
790,-50176
791,-50176
792,-50176
793,-50176
794,-50176
795,-50176
796,-50176
797,-49920
798,-50176
799,-50176
800,-49920
801,-50176
802,-49920
803,-49920
804,-50176
805,-50176
806,-50176
807,-50176
808,-50176
809,-49920
810,-50176
811,-49920
812,-49920
813,-49920
814,-49920
815,-50176
816,-49920
817,-50176
818,-49920
819,-49904
820,-50176
821,-50176
822,-50176
823,-49920
824,-50176
825,-49920
826,-50176
827,-50176
828,-50176
829,-50176
830,-50176
831,-50176
832,-50176
833,-50176
834,-50176
835,-50176
836,-50176
837,-50176
838,-50176
839,-50176
840,-49920
841,-50176
842,-49920
843,-50176
844,-50176
845,-50176
846,-50176
847,-50176
848,-50176
849,-50176
850,-50176
851,-50176
852,-50176
853,-50160
854,-49920
855,-50176
856,-50176
857,-50176
858,-50176
859,-49920
860,-49920
861,-49920
862,-49920
863,-50176
864,-50176
865,-49920
866,-50176
867,-49920
868,-50176
869,-49920
870,-50176
871,-50176
872,-49920
873,-49920
874,-50176
875,-50176
876,-50176
877,-49920
878,-50160
879,-50176
880,-50176
881,-49920
882,-50176
883,-50176
884,-50096
885,-50176
886,-49920
887,-50176
888,-50176
889,-50176
890,-50176
891,-49920
892,-49920
893,-49920
894,-50176
895,-50176
896,-50176
897,-50176
898,-50176
899,-49920
900,-50176
901,-50176
902,-49920
903,-50176
904,-49920
905,-50176
906,-50176
907,-50176
908,-50176
909,-50176
910,-50176
911,-50176
912,-50176
913,-50176
914,-50176
915,-50176
916,-49920
917,-50176
918,-49920
919,-49920
920,-50176
921,-49920
922,-50176
923,-50176
924,-50176
925,-49920
926,-50160
927,-50176
928,-50176
929,-50176
930,-50176
931,-50176
932,-49920
933,-50176
934,-50176
935,-50176
936,-49920
937,-50176
938,-50176
939,-50176
940,-49920
941,-49920
942,-49920
943,-50176
944,-49920
945,-50176
946,-50176
947,-50176
948,-49920
949,-50176
950,-50176
951,-50176
952,-50176
953,-50176
954,-49920
955,-49920
956,-50176
957,-50176
958,-50176
959,-50176
960,-50176
961,-49920
962,-49920
963,-50176
964,-50176
965,-50176
966,-50176
967,-50176
968,-50176
969,-49920
970,-50176
971,-50176
972,-50176
973,-50176
974,-50176
975,-50176
976,-50176
977,-49920
978,-50176
979,-50176
980,-50176
981,-50176
982,-50176
983,-50176
984,-50176
985,-50176
986,-50176
987,-50176
988,-50176
989,-50176
990,-50176
991,-50176
992,-50176
993,-49920
994,-50160
995,-49920
996,-50176
997,-49920
998,-49920
999,-50160
1000,-49920
1001,-50176
1002,-50176
1003,-50176
1004,-50176
1005,-49920
1006,-50176
1007,-50176
1008,-50176
1009,-50176
1010,-50176
1011,-49920
1012,-50176
1013,-50176
1014,-50176
1015,-50176
1016,-50176
1017,-50176
1018,-50176
1019,-49920
1020,-50176
1021,-50176
1022,-50176
1023,-50176
1024,-50176
1025,-49920
1026,-50176
1027,-50176
1028,-50176
1029,-49920
1030,-49920
1031,-49920
1032,-50176
1033,-50176
1034,-49920
1035,-50176
1036,-49920
1037,-50176
1038,-50176
1039,-49920
1040,-50176
1041,-50176
1042,-50048
1043,-49920
1044,-50176
1045,-50176
1046,-49920
1047,-50176
1048,-50176
1049,-49920
1050,-50176
1051,-50176
1052,-50176
1053,-49920
1054,-50176
1055,-49920
1056,-50176
1057,-49920
1058,-50176
1059,-50176
1060,-49920
1061,-50176
1062,-49920
1063,-49920
1064,-49920
1065,-49920
1066,-50176
1067,-50176
1068,-50176
1069,-50176
1070,-50176
1071,-50176
1072,-49920
1073,-49920
1074,-50176
1075,-49920
1076,-50176
1077,-50176
1078,-50176
1079,-49920
1080,-49920
1081,-50176
1082,-50176
1083,-50176
1084,-50176
1085,-50176
1086,-50176
1087,-50176
1088,-50176
1089,-50176
1090,-50176
1091,-49920
1092,-50176
1093,-50176
1094,-49920
1095,-49920
1096,-50176
1097,-49920
1098,-49920
1099,-49920
1100,-49920
1101,-50176
1102,-50176
1103,-50176
1104,-50176
1105,-50176
1106,-50176
1107,-50176
1108,-50176
1109,-50176
1110,-49920
1111,-49920
1112,-50176
1113,-50176
1114,-50176
1115,-50176
1116,-49920
1117,-49920
1118,-50176
1119,-49920
1120,-50176
1121,-50176
1122,-50176
1123,-49920
1124,-49920
1125,-50128
1126,-50176
1127,-50176
1128,-50176
1129,-50176
1130,-50176
1131,-49920
1132,-50176
1133,-49920
1134,-50176
1135,-50176
1136,-49920
1137,-50176
1138,-50176
1139,-49920
1140,-50176
1141,-50176
1142,-50176
1143,-50176
1144,-49920
1145,-50176
1146,-49920
1147,-49920
1148,-49920
1149,-50176
1150,-50176
1151,-50176
1152,-49920
1153,-50176
1154,-49920
1155,-50176
1156,-50176
1157,-49920
1158,-49920
1159,-50176
1160,-50176
1161,-49920
1162,-50176
1163,-50176
1164,-49920
1165,-49920
1166,-50176
1167,-49920
1168,-49920
1169,-50176
1170,-50176
1171,-49920
1172,-49920
1173,-49920
1174,-49920
1175,-50176
1176,-50176
1177,-50176
1178,-50176
1179,-49920
1180,-49920
1181,-50176
1182,-49920
1183,-49920
1184,-49920
1185,-49920
1186,-50176
1187,-50176
1188,-50176
1189,-50176
1190,-49920
1191,-49920
1192,-49920
1193,-50176
1194,-50176
1195,-50176
1196,-49920
1197,-50176
1198,-49920
1199,-50176
1200,-50176
1201,-49904
1202,-50176
1203,-50176
1204,-50176
1205,-50176
1206,-50176
1207,-49920
1208,-50176
1209,-49920
1210,-49920
1211,-49920
1212,-49920
1213,-50176
1214,-50176
1215,-49920
1216,-50144
1217,-50176
1218,-50176
1219,-50176
1220,-50176
1221,-49920
1222,-49920
1223,-50176
1224,-50176
1225,-50176
1226,-50176
1227,-50176
1228,-50176
1229,-50176
1230,-50176
1231,-49920
1232,-50176
1233,-50176
1234,-50176
1235,-50176
1236,-50176
1237,-50176
1238,-49920
1239,-49920
1240,-50176
1241,-50176
1242,-50176
1243,-50176
1244,-50176
1245,-49920
1246,-49920
1247,-49920
1248,-49920
1249,-49920
1250,-50176
1251,-50176
1252,-49920
1253,-50176
1254,-49920
1255,-50160
1256,-50176
1257,-50176
1258,-50176
1259,-50176
1260,-50176
1261,-50176
1262,-50176
1263,-49920
1264,-49920
1265,-50176
1266,-50176
1267,-49920
1268,-50176
1269,-49920
1270,-49920
1271,-49920
1272,-49920
1273,-50176
1274,-49920
1275,-49920
1276,-50176
1277,-50176
1278,-49920
1279,-50176
1280,-49920
1281,-50176
1282,-49920
1283,-50176
1284,-50176
1285,-50176
1286,-49920
1287,-49920
1288,-50176
1289,-50176
1290,-50176
1291,-50176
1292,-50176
1293,-50176
1294,-50176
1295,-50176
1296,-49920
1297,-50176
1298,-50176
1299,-50176
1300,-50176
1301,-50176
1302,-50176
1303,-50176
1304,-49920
1305,-50176
1306,-50176
1307,-50176
1308,-50176
1309,-50176
1310,-49920
1311,-50176
1312,-50176
1313,-50176
1314,-50176
1315,-50176
1316,-50176
1317,-49920
1318,-50176
1319,-50176
1320,-49920
1321,-50176
1322,-50176
1323,-49920
1324,-49920
1325,-50176
1326,-50176
1327,-50176
1328,-49920
1329,-50176
1330,-50176
1331,-49920
1332,-50176
1333,-50176
1334,-49920
1335,-50176
1336,-50176
1337,-49920
1338,-50176
1339,-50176
1340,-50176
1341,-50176
1342,-50176
1343,-50176
1344,-49920
1345,-49920
1346,-49920
1347,-50176
1348,-49920
1349,-49920
1350,-50176
1351,-50176
1352,-49920
1353,-49920
1354,-49920
1355,-49920
1356,-50176
1357,-50176
1358,-49920
1359,-49920
1360,-50176
1361,-50176
1362,-50176
1363,-50176
1364,-50176
1365,-49920
1366,-49920
1367,-50176
1368,-49920
1369,-50176
1370,-49920
1371,-50176
1372,-50176
1373,-50176
1374,-49920
1375,-50176
1376,-49920
1377,-50176
1378,-49840
1379,-50176
1380,-49920
1381,-50176
1382,-50176
1383,-49920
1384,-50176
1385,-49920
1386,-50176
1387,-50176
1388,-50160
1389,-49920
1390,-50176
1391,-49920
1392,-49920
1393,-50176
1394,-50176
1395,-50176
1396,-50176
1397,-50176
1398,-50176
1399,-50176
1400,-50176
1401,-50176
1402,-50176
1403,-50176
1404,-49920
1405,-50176
1406,-50176
1407,-50176
1408,-49920
1409,-50176
1410,-50176
1411,-50176
1412,-49920
1413,-50176
1414,-50176
1415,-49920
1416,-50176
1417,-49920
1418,-49920
1419,-50176
1420,-49920
1421,-50176
1422,-49920
1423,-50176
1424,-49920
1425,-49920
1426,-50176
1427,-50176
1428,-50176
1429,-50176
1430,-50176
1431,-49920
1432,-49920
1433,-50176
1434,-49920
1435,-50176
1436,-50176
1437,-49920
1438,-50176
1439,-50176
1440,-50176
1441,-49920
1442,-49920
1443,-49920
1444,-49920
1445,-50176
1446,-50176
1447,-49920
1448,-49920
1449,-50176
1450,-50176
1451,-49920
1452,-49920
1453,-50176
1454,-50176
1455,-49920
1456,-50176
1457,-50176
1458,-50176
1459,-49920
1460,-49920
1461,-50176
1462,-50176
1463,-50176
1464,-50176
1465,-50176
1466,-50176
1467,-50176
1468,-49920
1469,-50160
1470,-50176
1471,-49920
1472,-50176
1473,-50176
1474,-50160
1475,-50176
1476,-50176
1477,-50176
1478,-50176
1479,-50176
1480,-50176
1481,-49920
1482,-49920
1483,-50176
1484,-50176
1485,-49920
1486,-50176
1487,-50176
1488,-49920
1489,-50176
1490,-50176
1491,-50176
1492,-49920
1493,-49920
1494,-50176
1495,-50176
1496,-50176
1497,-50176
1498,-50176
1499,-49920
1500,-50176
1501,-50176
1502,-50176
1503,-49920
1504,-50176
1505,-50176
1506,-49920
1507,-50176
1508,-50176
1509,-50176
1510,-50176
1511,-50176
1512,-50176
1513,-50176
1514,-50176
1515,-50176
1516,-50176
1517,-50176
1518,-49920
1519,-49920
1520,-49920
1521,-49920
1522,-49920
1523,-50176
1524,-50176
1525,-50176
1526,-50176
1527,-50176
1528,-50176
1529,-50176
1530,-50176
1531,-49920
1532,-50176
1533,-49920
1534,-49920
1535,-49920
1536,-49920
1537,-49920
1538,-50176
1539,-50176
1540,-49920
1541,-50176
1542,-50176
1543,-50176
1544,-50128
1545,-50176
1546,-50176
1547,-50176
1548,-50176
1549,-50176
1550,-49920
1551,-49920
1552,-49920
1553,-50176
1554,-50176
1555,-50176
1556,-50176
1557,-50176
1558,-50176
1559,-50176
1560,-50176
1561,-50176
1562,-50176
1563,-49920
1564,-50176
1565,-50176
1566,-50176
1567,-49920
1568,-50176
1569,-49920
1570,-50176
1571,-49920
1572,-50176
1573,-50160
1574,-50176
1575,-49920
1576,-49920
1577,-50176
1578,-50176
1579,-50176
1580,-50176
1581,-49920
1582,-50176
1583,-49872
1584,-50144
1585,-49920
1586,-50176
1587,-50176
1588,-50176
1589,-50176
1590,-50176
1591,-49920
1592,-50176
1593,-49920
1594,-49904
1595,-49920
1596,-49920
1597,-50176
1598,-50176
1599,-49920
1600,-50144
1601,-50176
1602,-50176
1603,-50176
1604,-49920
1605,-49920
1606,-50176
1607,-50176
1608,-50176
1609,-49920
1610,-50176
1611,-49920
1612,-49920
1613,-50176
1614,-49920
1615,-49920
1616,-50176
1617,-50176
1618,-50176
1619,-50176
1620,-49920
1621,-50176
1622,-50176
1623,-50176
1624,-50176
1625,-49920
1626,-50176
1627,-50176
1628,-49920
1629,-50176
1630,-50176
1631,-49920
1632,-50176
1633,-49920
1634,-49920
1635,-49920
1636,-50176
1637,-49920
1638,-49920
1639,-50176
1640,-49920
1641,-50160
1642,-50176
1643,-49920
1644,-50176
1645,-50176
1646,-50176
1647,-49920
1648,-50176
1649,-49920
1650,-50176
1651,-50176
1652,-50176
1653,-50176
1654,-50176
1655,-50176
1656,-50176
1657,-49920
1658,-50176
1659,-50176
1660,-49920
1661,-50176
1662,-49920
1663,-50176
1664,-50176
1665,-50176
1666,-50176
1667,-50176
1668,-50176
1669,-50176
1670,-49920
1671,-49920
1672,-49920
1673,-50176
1674,-50176
1675,-50176
1676,-50176
1677,-49920
1678,-49920
1679,-50176
1680,-50176
1681,-50176
1682,-50176
1683,-50176
1684,-50176
1685,-50176
1686,-50176
1687,-49920
1688,-50176
1689,-49920
1690,-49920
1691,-50176
1692,-49920
1693,-49920
1694,-49920
1695,-49920
1696,-50160
1697,-50176
1698,-49920
1699,-50176
1700,-50176
1701,-50176
1702,-49920
1703,-50176
1704,-50176
1705,-49920
1706,-50176
1707,-50176
1708,-50176
1709,-50176
1710,-50176
1711,-50176
1712,-49920
1713,-50176
1714,-50176
1715,-50176
1716,-50176
1717,-50176
1718,-50176
1719,-50176
1720,-49920
1721,-50176
1722,-49920
1723,-49920
1724,-49920
1725,-50176
1726,-49920
1727,-49920
1728,-49920
1729,-49920
1730,-49920
1731,-50176
1732,-49920
1733,-49920
1734,-50176
1735,-50176
1736,-50176
1737,-50176
1738,-49920
1739,-49920
1740,-49920
1741,-50176
1742,-50176
1743,-50176
1744,-50176
1745,-49920
1746,-50176
1747,-50176
1748,-49920
1749,-49920
1750,-50176
1751,-50176
1752,-50176
1753,-50176
1754,-50176
1755,-49920
1756,-50176
1757,-49920
1758,-49920
1759,-50176
1760,-50176
1761,-50176
1762,-50176
1763,-50176
1764,-49920
1765,-50176
1766,-50176
1767,-50176
1768,-49920
1769,-50176
1770,-50176
1771,-50176
1772,-50176
1773,-49920
1774,-49920
1775,-49920
1776,-50176
1777,-49920
1778,-50176
1779,-50176
1780,-50176
1781,-50176
1782,-50176
1783,-49920
1784,-50176
1785,-50176
1786,-49920
1787,-50176
1788,-50176
1789,-50176
1790,-50176
1791,-50176
1792,-50176
1793,-50176
1794,-49920
1795,-50176
1796,-50176
1797,-50176
1798,-50176
1799,-49920
1800,-49920
1801,-50176
1802,-50176
1803,-49920
1804,-50176
1805,-50176
1806,-50176
1807,-50176
1808,-50176
1809,-50176
1810,-50176
1811,-49920
1812,-49920
1813,-50176
1814,-50176
1815,-50176
1816,-50176
1817,-49920
1818,-50176
1819,-50176
1820,-49920
1821,-50176
1822,-49920
1823,-50160
1824,-50176
1825,-50176
1826,-49920
1827,-50176
1828,-50176
1829,-49920
1830,-50176
1831,-50176
1832,-49920
1833,-49920
1834,-50176
1835,-50176
1836,-49920
1837,-50176
1838,-49920
1839,-50176
1840,-50176
1841,-49920
1842,-50176
1843,-50176
1844,-50176
1845,-50176
1846,-49920
1847,-50176
1848,-50176
1849,-50176
1850,-50176
1851,-49920
1852,-50176
1853,-50176
1854,-50176
1855,-50176
1856,-50176
1857,-50176
1858,-50176
1859,-50176
1860,-50176
1861,-49920
1862,-50176
1863,-49920
1864,-49920
1865,-49920
1866,-50176
1867,-49920
1868,-49920
1869,-49920
1870,-49920
1871,-50176
1872,-49920
1873,-49920
1874,-50176
1875,-50176
1876,-50176
1877,-49920
1878,-50176
1879,-50176
1880,-50176
1881,-50176
1882,-50176
1883,-50176
1884,-49920
1885,-50176
1886,-50160
1887,-50176
1888,-50176
1889,-49920
1890,-50176
1891,-50160
1892,-50176
1893,-49920
1894,-50176
1895,-49920
1896,-50160
1897,-49920
1898,-50176
1899,-49920
1900,-49920
1901,-50176
1902,-50176
1903,-50176
1904,-50176
1905,-50176
1906,-50176
1907,-49920
1908,-50176
1909,-50176
1910,-49920
1911,-50176
1912,-50176
1913,-50176
1914,-49920
1915,-50176
1916,-50176
1917,-50176
1918,-50176
1919,-49920
1920,-50176
1921,-50176
1922,-50176
1923,-49920
1924,-50176
1925,-50176
1926,-49904
1927,-49920
1928,-50176
1929,-50176
1930,-49920
1931,-49920
1932,-50176
1933,-50176
1934,-50176
1935,-49920
1936,-49920
1937,-50176
1938,-49920
1939,-50176
1940,-50176
1941,-49920
1942,-49920
1943,-49920
1944,-49920
1945,-50176
1946,-49920
1947,-50176
1948,-50176
1949,-49920
1950,-50176
1951,-50176
1952,-50176
1953,-50176
1954,-49920
1955,-50176
1956,-49920
1957,-49920
1958,-50176
1959,-49920
1960,-49920
1961,-49920
1962,-49920
1963,-49920
1964,-50176
1965,-49920
1966,-50176
1967,-49920
1968,-50176
1969,-49920
1970,-49920
1971,-50176
1972,-50176
1973,-50176
1974,-50176
1975,-49920
1976,-50176
1977,-50176
1978,-50176
1979,-49920
1980,-49920
1981,-49920
1982,-50176
1983,-49920
1984,-50176
1985,-49920
1986,-50176
1987,-50176
1988,-49920
1989,-49920
1990,-49920
1991,-50176
1992,-50176
1993,-50176
1994,-50176
1995,-49920
1996,-50176
1997,-49920
1998,-49920
1999,-50176
