,value_per_image
0,-0.4687773287296295
1,-0.2430029362440109
2,-0.3301103115081787
3,-0.278848797082901
4,-0.3418866991996765
5,-0.19042305648326874
6,-0.22595934569835666
7,-0.2992229759693146
8,-0.21828266978263852
9,-0.21110165119171145
10,-0.24314042925834656
11,-0.2546267509460449
12,-0.2592272162437439
13,-0.3563668131828308
14,-0.339144766330719
15,-0.2579760551452637
16,-0.36990562081336975
17,-0.2122194766998291
18,-0.3120298683643341
19,-0.330864816904068
20,-0.2153755724430084
21,-0.16618533432483673
22,-0.209050327539444
23,-0.24540431797504425
24,-0.1747921109199524
25,-0.3029578328132629
26,-0.276398241519928
27,-0.312125027179718
28,-0.4919700026512146
29,-0.338734894990921
30,-0.3964419066905975
31,-0.33146581053733826
32,-0.224166601896286
33,-0.27348360419273376
34,-0.19454538822174072
35,-0.2373356521129608
36,-0.2842023968696594
37,-0.2666264176368713
38,-0.5240201950073242
39,-0.2407217472791672
40,-0.24213090538978574
41,-0.3080374598503113
42,-0.398504376411438
43,-0.2916339933872223
44,-0.29041045904159546
45,-0.3007463812828064
46,-0.3752914965152741
47,-0.3082975745201111
48,-0.30613285303115845
49,-0.2732891142368317
50,-0.4437398314476013
51,-0.2961919903755188
52,-0.2448140382766724
53,-0.3649688363075256
54,-0.18533557653427124
55,-0.2694151997566223
56,-0.2622857689857483
57,-0.21254877746105194
58,-0.3265925347805023
59,-0.14953240752220154
60,-0.20281323790550232
61,-0.4181787073612213
62,-0.260994017124176
63,-0.36792808771133423
64,-0.3084072172641754
65,-0.2531496584415436
66,-0.3582935929298401
67,-0.2764705717563629
68,-0.23947858810424805
69,-0.19626742601394653
70,-0.22693443298339844
71,-0.2510201334953308
72,-0.26427581906318665
73,-0.21396391093730927
74,-0.40142273902893066
75,-0.3213559091091156
76,-0.5729939341545105
77,-0.33178627490997314
78,-0.2734100222587585
79,-0.3016209602355957
80,-0.2958264350891113
81,-0.27156320214271545
82,-0.4365147054195404
83,-0.25115859508514404
84,-0.3440705239772797
85,-0.16684898734092712
86,-0.2740381360054016
87,-0.24525141716003415
88,-0.3478212356567383
89,-0.43459028005599976
90,-0.3109458684921265
91,-0.4039144515991211
92,-0.3464471995830536
93,-0.2615852952003479
94,-0.2702212929725647
95,-0.1388445943593979
96,-0.3189762234687805
97,-0.3026721477508545
98,-0.3030852973461151
99,-0.22378461062908173
100,-0.3012727499008179
101,-0.26945024728775024
102,-0.19251438975334167
103,-0.2808131575584412
104,-0.2214724570512772
105,-0.27262502908706665
106,-0.2380957156419754
107,-0.3801234364509583
108,-0.26624399423599243
109,-0.2827137112617493
110,-0.5346452593803406
111,-0.19980250298976895
112,-0.29515454173088074
113,-0.16854505240917206
114,-0.20340459048748016
115,-0.3022904098033905
116,-0.413830429315567
117,-0.2436646670103073
118,-0.2641213834285736
119,-0.3518804907798767
120,-0.385696142911911
121,-0.298931896686554
122,-0.2477329969406128
123,-0.3704871535301209
124,-0.3851154744625092
125,-0.3195333182811737
126,-0.3642289340496063
127,-0.2365405559539795
128,-0.1926020383834839
129,-0.3382511138916016
130,-0.3621113002300263
131,-0.3231101632118225
132,-0.18077675998210907
133,-0.2813306450843811
134,-0.32456743717193604
135,-0.345810741186142
136,-0.2875346839427948
137,-0.27971094846725464
138,-0.417849600315094
139,-0.36301520466804493
140,-0.2291316092014313
141,-0.2374691963195801
142,-0.3686608374118805
143,-0.3037603199481964
144,-0.24491126835346225
145,-0.2832678258419037
146,-0.2373739778995514
147,-0.3184718489646912
148,-0.1823526918888092
149,-0.25804251432418823
150,-0.3092651963233948
151,-0.4275174140930176
152,-0.25519561767578125
153,-0.3928966224193573
154,-0.2642028629779816
155,-0.27247390151023865
156,-0.22680428624153134
157,-0.26636120676994324
158,-0.17886096239089966
159,-0.3547030985355377
160,-0.4119811952114105
161,-0.2690318524837494
162,-0.3025260269641876
163,-0.2894703447818756
164,-0.3142815828323364
165,-0.3889736533164978
166,-0.29535675048828125
167,-0.3193663954734802
168,-0.22536614537239075
169,-0.2805123925209045
170,-0.4890825152397156
171,-0.29331982135772705
172,-0.2287764251232147
173,-0.26309850811958313
174,-0.2639257907867432
175,-0.3340131640434265
176,-0.27442896366119385
177,-0.2674700617790222
178,-0.44305458664894093
179,-0.2935613989830017
180,-0.16832461953163147
181,-0.2988408207893372
182,-0.20511162281036374
183,-0.36001843214035034
184,-0.29897767305374146
185,-0.4068118631839752
186,-0.5188168883323669
187,-0.3075041174888611
188,-0.4512836039066314
189,-0.25677061080932617
190,-0.3268715441226959
191,-0.1910322606563568
192,-0.32842859625816345
193,-0.36023759841918945
194,-0.4433731138706207
195,-0.2594863474369049
196,-0.19918251037597656
197,-0.17009237408638
198,-0.3353528082370758
199,-0.3032822906970978
200,-0.2709480822086334
201,-0.18260999023914334
202,-0.3882991373538971
203,-0.35630679130554205
204,-0.3759233951568604
205,-0.2834968566894531
206,-0.1952134668827057
207,-0.22055646777153012
208,-0.474006325006485
209,-0.17745387554168698
210,-0.30681341886520386
211,-0.17524555325508118
212,-0.3515313267707825
213,-0.22294621169567108
214,-0.3580591678619385
215,-0.33387210965156555
216,-0.21703867614269254
217,-0.26017361879348755
218,-0.3093715310096741
219,-0.2906578481197357
220,-0.16543303430080414
221,-0.40147519111633295
222,-0.3231838047504425
223,-0.240768700838089
224,-0.3020862340927124
225,-0.2347353398799896
226,-0.25010672211647034
227,-0.5122602581977844
228,-0.24242579936981198
229,-0.2478046417236328
230,-0.41504254937171936
231,-0.28982746601104736
232,-0.26616552472114563
233,-0.3138554394245148
234,-0.2957146763801575
235,-0.3733764588832855
236,-0.29220181703567505
237,-0.24626123905181885
238,-0.19397832453250885
239,-0.4408138692378998
240,-0.3124643564224243
241,-0.2594854831695557
242,-0.4880194664001465
243,-0.3766494393348694
244,-0.2721560001373291
245,-0.2617877721786499
246,-0.2381015121936798
247,-0.2672860026359558
248,-0.15847760438919067
249,-0.2582336068153381
250,-0.383772075176239
251,-0.3247545659542084
252,-0.3025839328765869
253,-0.33170607686042786
254,-0.2437804192304611
255,-0.2302236258983612
256,-0.2190408706665039
257,-0.28758028149604803
258,-0.36530929803848267
259,-0.4563612341880798
260,-0.3739354610443115
261,-0.3085733652114868
262,-0.2715844213962555
263,-0.3331439793109894
264,-0.2665640115737915
265,-0.18496331572532654
266,-0.3001677989959717
267,-0.3167230784893036
268,-0.2001778334379196
269,-0.33241507411003113
270,-0.4398690164089203
271,-0.3070855140686035
272,-0.22312144935131076
273,-0.16580671072006226
274,-0.4019366204738617
275,-0.2615688741207123
276,-0.3618596792221069
277,-0.3380280137062073
278,-0.22627615928649905
279,-0.43701520562171936
280,-0.2097217291593552
281,-0.21133919060230252
282,-0.4842604696750641
283,-0.202365443110466
284,-0.40343713760375977
285,-0.2860859930515289
286,-0.4379798471927643
287,-0.4368565082550049
288,-0.33149996399879456
289,-0.3394400775432587
290,-0.2866389751434326
291,-0.2241663485765457
292,-0.3405638337135315
293,-0.21613776683807373
294,-0.3343997895717621
295,-0.3876974284648895
296,-0.2068062126636505
297,-0.334037184715271
298,-0.3786641061306
299,-0.18660412728786469
300,-0.2724819779396057
301,-0.348720908164978
302,-0.1975734531879425
303,-0.4952145516872406
304,-0.23604094982147214
305,-0.2708132565021515
306,-0.30704206228256226
307,-0.2746213376522064
308,-0.1783057451248169
309,-0.3213556408882141
310,-0.3132779598236084
311,-0.3692060112953186
312,-0.3350965976715088
313,-0.2972244918346405
314,-0.2544585466384888
315,-0.3708991408348084
316,-0.21671278774738312
317,-0.5451880693435669
318,-0.3797913193702698
319,-0.2036856859922409
320,-0.3649990260601044
321,-0.5098541975021362
322,-0.5751485228538513
323,-0.2412875443696976
324,-0.18886524438858032
325,-0.2935270071029663
326,-0.32549017667770386
327,-0.3035081326961517
328,-0.29607975482940674
329,-0.2326172888278961
330,-0.3018673360347748
331,-0.2504824101924896
332,-0.35470086336135864
333,-0.25135093927383423
334,-0.2720719575881958
335,-0.24615469574928284
336,-0.27780526876449585
337,-0.3819839358329773
338,-0.2329797297716141
339,-0.25676149129867554
340,-0.3312422633171081
341,-0.3182123601436615
342,-0.3750939071178436
343,-0.2874193787574768
344,-0.2633101940155029
345,-0.3307917714118957
346,-0.4097137451171875
347,-0.2695681154727936
348,-0.2547726035118103
349,-0.3025556206703186
350,-0.2411690205335617
351,-0.4947324693202973
352,-0.3566086888313293
353,-0.18652577698230746
354,-0.6821725964546204
355,-0.4123702645301819
356,-0.17412570118904114
357,-0.2668461203575134
358,-0.2251189649105072
359,-0.2377854585647583
360,-0.24009141325950625
361,-0.27368950843811035
362,-0.2821149230003357
363,-0.2430533468723297
364,-0.4179932475090027
365,-0.3231961727142334
366,-0.3011587262153625
367,-0.3035502135753632
368,-0.28156810998916626
369,-0.436250388622284
370,-0.29631829261779785
371,-0.3215579390525818
372,-0.1830698400735855
373,-0.350240021944046
374,-0.3040412962436676
375,-0.2548213601112366
376,-0.3498411774635315
377,-0.2861239016056061
378,-0.3728647828102112
379,-0.17208971083164215
380,-0.2670021951198578
381,-0.2832264006137848
382,-0.3110666871070862
383,-0.33358925580978394
384,-0.3787574172019959
385,-0.2566444277763367
386,-0.4324038922786713
387,-0.2364174425601959
388,-0.2015177011489868
389,-0.26843443512916565
390,-0.3473529517650604
391,-0.4205078482627869
392,-0.25306588411331177
393,-0.29484492540359497
394,-0.2874781489372253
395,-0.4316039979457855
396,-0.3968800902366638
397,-0.1504342555999756
398,-0.26946672797203064
399,-0.367611825466156
400,-0.24803268909454346
401,-0.4073392450809479
402,-0.30126580595970154
403,-0.1995968073606491
404,-0.17677350342273712
405,-0.28221097588539124
406,-0.32627418637275696
407,-0.22237011790275574
408,-0.4212211072444916
409,-0.2594701945781708
410,-0.2898307740688324
411,-0.4907101690769196
412,-0.2166147232055664
413,-0.3100190758705139
414,-0.31159311532974243
415,-0.3291553556919098
416,-0.3369091749191284
417,-0.1616063416004181
418,-0.3970240950584412
419,-0.2908095717430115
420,-0.3619873523712158
421,-0.3542146682739258
422,-0.3337353765964508
423,-0.21818538010120392
424,-0.41602969169616705
425,-0.34535330533981323
426,-0.3174912631511688
427,-0.4157779812812805
428,-0.16940268874168396
429,-0.273316890001297
430,-0.4287051558494568
431,-0.2657927870750427
432,-0.3700963258743286
433,-0.3727348446846008
434,-0.30030858516693115
435,-0.3918851613998413
436,-0.33818888664245605
437,-0.2438962757587433
438,-0.2513798773288727
439,-0.2392181903123856
440,-0.2547674775123596
441,-0.4564438760280609
442,-0.3344845473766327
443,-0.2925020158290863
444,-0.2671835124492645
445,-0.3456065654754639
446,-0.2759130597114563
447,-0.362154096364975
448,-0.27273014187812805
449,-0.2962360084056854
450,-0.2773582935333252
451,-0.31548330187797546
452,-0.2268311083316803
453,-0.1378796398639679
454,-0.19357825815677646
455,-0.3475337624549866
456,-0.3619751632213593
457,-0.3024212419986725
458,-0.2891351878643036
459,-0.3300147950649261
460,-0.2826811671257019
461,-0.2628908455371857
462,-0.4175926744937897
463,-0.15900561213493347
464,-0.3292223811149597
465,-0.2594687044620514
466,-0.29550349712371826
467,-0.39199915528297424
468,-0.377905011177063
469,-0.3062665164470673
470,-0.1860894709825516
471,-0.25760841369628906
472,-0.3297335505485535
473,-0.4345037341117859
474,-0.2723761796951294
475,-0.2365065813064575
476,-0.32659828662872314
477,-0.19521769881248474
478,-0.3405663371086121
479,-0.2706467807292938
480,-0.26846981048583984
481,-0.5851655006408691
482,-0.27207455039024353
483,-0.2355802804231644
484,-0.19535726308822632
485,-0.3757454752922058
486,-0.20865371823310846
487,-0.2351888716220856
488,-0.3318965435028076
489,-0.3134341835975647
490,-0.3194611966609955
491,-0.34313568472862244
492,-0.26657533645629883
493,-0.2456041872501373
494,-0.2428281754255295
495,-0.2470017373561859
496,-0.31565389037132263
497,-0.31669649481773376
498,-0.3434252440929413
499,-0.3420426845550537
500,-0.2840285301208496
501,-0.18674032390117645
502,-0.2032269537448883
503,-0.3333168029785156
504,-0.2973317503929138
505,-0.2598004937171936
506,-0.36548593640327454
507,-0.3173389434814453
508,-0.3857089579105377
509,-0.44497305154800415
510,-0.3017739951610565
511,-0.26905119419097895
512,-0.27941757440567017
513,-0.2570967376232147
514,-0.2527568638324737
515,-0.19746577739715576
516,-0.35050496459007263
517,-0.3089016377925873
518,-0.21423502266407013
519,-0.3116839826107025
520,-0.3767947554588318
521,-0.33841079473495483
522,-0.3290548920631409
523,-0.4031157493591309
524,-0.2863859832286835
525,-0.2823180854320526
526,-0.3547597825527191
527,-0.3104729950428009
528,-0.4976951479911804
529,-0.2658238112926483
530,-0.3378093242645264
531,-0.2616938054561615
532,-0.2842482030391693
533,-0.23313482105731964
534,-0.3201829791069031
535,-0.3713113069534302
536,-0.14558568596839905
537,-0.2309840023517609
538,-0.3389696180820465
539,-0.3910928368568421
540,-0.455352634191513
541,-0.589110255241394
542,-0.307412326335907
543,-0.3387783467769623
544,-0.3950068950653076
545,-0.3640584647655487
546,-0.22258833050727844
547,-0.3174241185188293
548,-0.24277666211128235
549,-0.305733859539032
550,-0.4016705453395844
551,-0.4165055751800537
552,-0.25729474425315857
553,-0.4546028077602386
554,-0.13005977869033813
555,-0.230572372674942
556,-0.29697394371032715
557,-0.2736783623695373
558,-0.2345103472471237
559,-0.3647717833518982
560,-0.32864874601364136
561,-0.3525156378746033
562,-0.19690176844596866
563,-0.35250115394592285
564,-0.3645009100437164
565,-0.27501821517944336
566,-0.3277186155319214
567,-0.41934770345687866
568,-0.21589796245098114
569,-0.2393814623355865
570,-0.25427865982055664
571,-0.3851511776447296
572,-0.2491708993911743
573,-0.2985771596431732
574,-0.3315185904502869
575,-0.3619171977043152
576,-0.37129005789756775
577,-0.3133717179298401
578,-0.2727008461952209
579,-0.3483122289180756
580,-0.316709041595459
581,-0.30847257375717163
582,-0.27065524458885193
583,-0.3612814843654633
584,-0.27065929770469666
585,-0.3482789397239685
586,-0.3218558728694916
587,-0.3608991503715515
588,-0.4996810853481293
589,-0.34340333938598633
590,-0.3480306565761566
591,-0.34065890312194824
592,-0.3888236582279205
593,-0.37519571185112
594,-0.2999497056007385
595,-0.2179686576128006
596,-0.24024200439453125
597,-0.2810934782028198
598,-0.24069733917713165
599,-0.327179491519928
600,-0.18704096972942352
601,-0.4054350256919861
602,-0.2551934421062469
603,-0.7021349668502808
604,-0.3285931944847107
605,-0.34595009684562683
606,-0.2966895997524261
607,-0.3158265948295593
608,-0.25362628698349
609,-0.24803128838539126
610,-0.4211661815643311
611,-0.34554579854011536
612,-0.2945025861263275
613,-0.3652205169200897
614,-0.2516903877258301
615,-0.2878782451152801
616,-0.31262388825416565
617,-0.27475446462631226
618,-0.29055148363113403
619,-0.3674371838569641
620,-0.22444948554039
621,-0.28942710161209106
622,-0.2629935443401337
623,-0.3153698146343231
624,-0.30852141976356506
625,-0.17592766880989075
626,-0.4038749635219574
627,-0.19250237941741946
628,-0.24165579676628116
629,-0.259419709444046
630,-0.2519292235374451
631,-0.2560216784477234
632,-0.34754592180252075
633,-0.31417545676231384
634,-0.1715746372938156
635,-0.3607441782951355
636,-0.3607178330421448
637,-0.38751551508903503
638,-0.5069243311882019
639,-0.2420090436935425
640,-0.24195727705955505
641,-0.36125123500823975
642,-0.17035749554634094
643,-0.34921616315841675
644,-0.3888797461986542
645,-0.3167744278907776
646,-0.23713418841362
647,-0.2915649116039276
648,-0.3873283863067627
649,-0.2610092759132385
650,-0.30797189474105835
651,-0.2807009816169739
652,-0.3685504794120789
653,-0.2638228237628937
654,-0.3367703557014465
655,-0.4616053998470306
656,-0.37292057275772095
657,-0.2921192944049835
658,-0.2457120418548584
659,-0.3058440089225769
660,-0.32443398237228394
661,-0.2800161838531494
662,-0.33169424533843994
663,-0.2174061983823776
664,-0.3149028420448303
665,-0.388956218957901
666,-0.3194878101348877
667,-0.3174909949302673
668,-0.20912012457847595
669,-0.2433522492647171
670,-0.28897374868392944
671,-0.40053072571754456
672,-0.2348913699388504
673,-0.2445828914642334
674,-0.39896219968795776
675,-0.23175959289073944
676,-0.3564492464065552
677,-0.2612328827381134
678,-0.2980431020259857
679,-0.2712816298007965
680,-0.2694888412952423
681,-0.2363247126340866
682,-0.33598729968070984
683,-0.18053199350833893
684,-0.32897746562957764
685,-0.29843321442604065
686,-0.3311489224433899
687,-0.2652927935123444
688,-0.2670038640499115
689,-0.23777413368225095
690,-0.6462231278419495
691,-0.31405508518218994
692,-0.2657480239868164
693,-0.6030015349388123
694,-0.21730229258537287
695,-0.25112730264663696
696,-0.3271675705909729
697,-0.19679686427116394
698,-0.2468079626560211
699,-0.20098428428173065
700,-0.26602667570114136
701,-0.3007035851478577
702,-0.3177192509174347
703,-0.2208009511232376
704,-0.4026889801025391
705,-0.2526490390300751
706,-0.2761297821998596
707,-0.2764936685562134
708,-0.2326800525188446
709,-0.2622963786125183
710,-0.27158141136169434
711,-0.34412726759910583
712,-0.39933305978775024
713,-0.311817467212677
714,-0.3403046429157257
715,-0.2484881430864334
716,-0.1964157521724701
717,-0.4099593162536621
718,-0.3008411526679993
719,-0.3467686176300049
720,-0.34216752648353577
721,-0.3172069191932678
722,-0.2835100293159485
723,-0.3430314660072327
724,-0.2956547141075134
725,-0.2236633598804474
726,-0.23394909501075745
727,-0.283762663602829
728,-0.24450042843818665
729,-0.2464825659990311
730,-0.2699327766895294
731,-0.4187981486320496
732,-0.3835795521736145
733,-0.24489423632621765
734,-0.1716066598892212
735,-0.3120307922363281
736,-0.32121366262435913
737,-0.3410390615463257
738,-0.3336484134197235
739,-0.2883762419223785
740,-0.2319317162036896
741,-0.28081923723220825
742,-0.324940949678421
743,-0.3658250272274017
744,-0.3356010019779205
745,-0.2871910035610199
746,-0.2542315721511841
747,-0.30891284346580505
748,-0.43656125664711
749,-0.2889710068702698
750,-0.2701641917228699
751,-0.2765306234359741
752,-0.3263742923736572
753,-0.2742050588130951
754,-0.3507847785949707
755,-0.2806893587112427
756,-0.3258455991744995
757,-0.2520686984062195
758,-0.274315744638443
759,-0.279061496257782
760,-0.4138541221618652
761,-0.3203751444816589
762,-0.14388516545295715
763,-0.2293610572814941
764,-0.4286177158355713
765,-0.2697397768497467
766,-0.3428988754749298
767,-0.22460155189037326
768,-0.4035901129245758
769,-0.31187620759010315
770,-0.17437689006328586
771,-0.3064010441303253
772,-0.2688799500465393
773,-0.3040119707584381
774,-0.32682380080223083
775,-0.3898859024047852
776,-0.2854679822921753
777,-0.5072311758995056
778,-0.22617971897125244
779,-0.225589781999588
780,-0.309162437915802
781,-0.22178462147712708
782,-0.3589174747467041
783,-0.2979435324668884
784,-0.2953393757343292
785,-0.3024937808513641
786,-0.2382462024688721
787,-0.3434416651725769
788,-0.3715042471885681
789,-0.18809647858142853
790,-0.31146857142448425
791,-0.2658266127109528
792,-0.2837839722633362
793,-0.2908300757408142
794,-0.2823541164398193
795,-0.2988552451133728
796,-0.2766720652580261
797,-0.2876349091529846
798,-0.2642520368099213
799,-0.2717094123363495
800,-0.2967669367790222
801,-0.25833386182785034
802,-0.43351784348487854
803,-0.2626297175884247
804,-0.26390767097473145
805,-0.388448178768158
806,-0.3128214478492737
807,-0.3712080121040344
808,-0.358771413564682
809,-0.2582106292247772
810,-0.2262788563966751
811,-0.3143873512744904
812,-0.3206726014614105
813,-0.265697181224823
814,-0.3419473469257355
815,-0.2346102297306061
816,-0.18977707624435425
817,-0.2112892866134644
818,-0.3017130196094513
819,-0.3304166793823242
820,-0.21361657977104187
821,-0.2224016636610031
822,-0.4243996739387512
823,-0.2281610071659088
824,-0.5609347820281982
825,-0.27442866563797
826,-0.2504652738571167
827,-0.3973677754402161
828,-0.16004997491836548
829,-0.1440042406320572
830,-0.4059873521327973
831,-0.25230687856674194
832,-0.20029595494270325
833,-0.1850672960281372
834,-0.2599605917930603
835,-0.3501015305519104
836,-0.24349436163902285
837,-0.2236383855342865
838,-0.3726712465286255
839,-0.3363988995552063
840,-0.4135190546512604
841,-0.3116376996040344
842,-0.3337741494178772
843,-0.3370272219181061
844,-0.296663761138916
845,-0.2707737982273102
846,-0.2735050320625305
847,-0.4635033011436462
848,-0.24747641384601596
849,-0.2183081805706024
850,-0.3395087718963623
851,-0.3834116458892822
852,-0.3732136189937592
853,-0.4584395289421082
854,-0.3720608055591583
855,-0.13927790522575378
856,-0.26832371950149536
857,-0.28142496943473816
858,-0.2581055760383606
859,-0.2124933898448944
860,-0.3462790548801422
861,-0.17824174463748932
862,-0.3761081099510193
863,-0.4587652087211609
864,-0.3260874152183533
865,-0.16612134873867035
866,-0.31761589646339417
867,-0.3947045803070069
868,-0.24754929542541504
869,-0.3074827790260315
870,-0.3547874093055725
871,-0.2873857617378235
872,-0.22378869354724884
873,-0.4261117577552795
874,-0.2998872399330139
875,-0.2432561814785004
876,-0.4505558013916016
877,-0.2849511206150055
878,-0.2334901988506317
879,-0.2941540479660034
880,-0.4851226806640625
881,-0.20565727353096008
882,-0.2343524396419525
883,-0.3479021787643433
884,-0.2898405492305756
885,-0.3823979198932648
886,-0.3754425346851349
887,-0.25657588243484497
888,-0.2979820072650909
889,-0.28872472047805786
890,-0.31369274854660034
891,-0.2584882378578186
892,-0.3129265606403351
893,-0.2843083739280701
894,-0.3299590051174164
895,-0.4144852757453919
896,-0.3596372902393341
897,-0.3660378158092499
898,-0.2957284152507782
899,-0.3606090545654297
900,-0.38787025213241577
901,-0.2385482788085937
902,-0.18104073405265808
903,-0.3019292950630188
904,-0.32878318428993225
905,-0.2421301901340485
906,-0.30057772994041443
907,-0.3873186111450195
908,-0.2794625163078308
909,-0.2881890833377838
910,-0.4523119032382965
911,-0.3267958760261536
912,-0.3239595890045166
913,-0.3537692427635193
914,-0.4756712317466736
915,-0.3911600112915039
916,-0.13144376873970032
917,-0.3148127496242523
918,-0.2702334523200989
919,-0.4217805862426758
920,-0.22138550877571106
921,-0.23615558445453644
922,-0.3338560163974762
923,-0.35785239934921265
924,-0.29911094903945923
925,-0.2605262100696564
926,-0.17802169919013974
927,-0.2349328249692917
928,-0.2612414360046387
929,-0.4610785841941834
930,-0.3885139524936676
931,-0.29552826285362244
932,-0.450886070728302
933,-0.3649772107601166
934,-0.24096694588661194
935,-0.2621953785419464
936,-0.3983349800109863
937,-0.1853277087211609
938,-0.6113526225090027
939,-0.34549278020858765
940,-0.31104829907417303
941,-0.296285480260849
942,-0.3349799513816833
943,-0.2632303535938263
944,-0.2918011546134949
945,-0.2152925282716751
946,-0.16908852756023407
947,-0.3363004624843597
948,-0.2826582789421081
949,-0.2770688533782959
950,-0.2140144556760788
951,-0.2202798426151276
952,-0.3408426642417908
953,-0.22123193740844727
954,-0.20759527385234836
955,-0.2488398551940918
956,-0.3090112507343292
957,-0.2451740056276321
958,-0.21980459988117215
959,-0.3501727879047394
960,-0.2909369170665741
961,-0.3502286374568939
962,-0.19080142676830286
963,-0.1903550326824188
964,-0.2825072407722473
965,-0.26008686423301697
966,-0.26033490896224976
967,-0.20626923441886905
968,-0.19986625015735626
969,-0.35389047861099243
970,-0.35501721501350403
971,-0.3565499782562256
972,-0.2987988293170929
973,-0.295091450214386
974,-0.32461923360824585
975,-0.3420822024345398
976,-0.4363297522068024
977,-0.2621603906154633
978,-0.2829335033893585
979,-0.2810063362121582
980,-0.2659418880939484
981,-0.2820373177528381
982,-0.30096742510795593
983,-0.201738640666008
984,-0.17700131237506864
985,-0.7264000177383423
986,-0.21117934584617612
987,-0.28645291924476624
988,-0.29744774103164673
989,-0.23022890090942386
990,-0.2521778345108032
991,-0.1637798547744751
992,-0.23907470703125
993,-0.4184202253818512
994,-0.3130602538585663
995,-0.2649436593055725
996,-0.18908818066120148
997,-0.2604197859764099
998,-0.2816797792911529
999,-0.20370960235595706
1000,-0.2989487051963806
1001,-0.2836686670780182
1002,-0.2206633538007736
1003,-0.2333343476057053
1004,-0.33804792165756226
1005,-0.4891201555728912
1006,-0.3602263629436493
1007,-0.1968839913606644
1008,-0.17718477547168732
1009,-0.2443492412567139
1010,-0.1995096057653427
1011,-0.278903603553772
1012,-0.19806836545467374
1013,-0.30979079008102417
1014,-0.2218749076128006
1015,-0.24038222432136536
1016,-0.3327652812004089
1017,-0.15507860481739044
1018,-0.2650330364704132
1019,-0.2667689621448517
1020,-0.19485929608345032
1021,-0.2655830979347229
1022,-0.3625848591327667
1023,-0.3374324440956116
1024,-0.28693729639053345
1025,-0.3479977548122406
1026,-0.19821785390377045
1027,-0.2154429405927658
1028,-0.31767338514328003
1029,-0.18540145456790924
1030,-0.3602632284164429
1031,-0.2984695136547089
1032,-0.213502049446106
1033,-0.3362400829792023
1034,-0.2128786593675613
1035,-0.22649578750133514
1036,-0.2887990772724152
1037,-0.21802973747253415
1038,-0.2782641351222992
1039,-0.1778426617383957
1040,-0.6160112023353577
1041,-0.3037262558937073
1042,-0.23116524517536166
1043,-0.2697594165802002
1044,-0.3095692992210388
1045,-0.23790717124938965
1046,-0.26870042085647583
1047,-0.364726722240448
1048,-0.3004378080368042
1049,-0.3956478238105774
1050,-0.32864910364151
1051,-0.1827615946531296
1052,-0.2513978183269501
1053,-0.2377852946519852
1054,-0.3545644283294678
1055,-0.4440507888793945
1056,-0.23419812321662906
1057,-0.3257559239864349
1058,-0.29843470454216003
1059,-0.2164713889360428
1060,-0.2642940878868103
1061,-0.18803322315216064
1062,-0.2214469164609909
1063,-0.4679871201515198
1064,-0.1849257200956345
1065,-0.2830529808998108
1066,-0.20148703455924988
1067,-0.3709883689880371
1068,-0.2465628832578659
1069,-0.2372785061597824
1070,-0.2860241532325745
1071,-0.31855931878089905
1072,-0.26061367988586426
1073,-0.23508796095848086
1074,-0.29468923807144165
1075,-0.22076141834259036
1076,-0.1541391760110855
1077,-0.35221797227859497
1078,-0.2897382378578186
1079,-0.3498132526874542
1080,-0.3061502277851105
1081,-0.3838784098625183
1082,-0.3323991000652313
1083,-0.2670122981071472
1084,-0.2554362714290619
1085,-0.3688565492630005
1086,-0.20629897713661194
1087,-0.16378037631511688
1088,-0.1419222056865692
1089,-0.3920864760875702
1090,-0.4051743149757385
1091,-0.2505890429019928
1092,-0.4817357957363129
1093,-0.4269729256629944
1094,-0.3005196452140808
1095,-0.3474847972393036
1096,-0.3288997113704681
1097,-0.34576141834259033
1098,-0.32420673966407776
1099,-0.5757445096969604
1100,-0.4145686626434326
1101,-0.23566365242004395
1102,-0.3237042725086212
1103,-0.298482358455658
1104,-0.2819191813468933
1105,-0.2479788511991501
1106,-0.2300968170166016
1107,-0.2811051905155182
1108,-0.17920175194740295
1109,-0.1794733703136444
1110,-0.21435043215751648
1111,-0.2928018867969513
1112,-0.4599577784538269
1113,-0.3368091583251953
1114,-0.3249665200710297
1115,-0.5137649774551392
1116,-0.2133972942829132
1117,-0.2865777313709259
1118,-0.22754338383674624
1119,-0.28809383511543274
1120,-0.1925292015075684
1121,-0.3957492411136627
1122,-0.40824824571609497
1123,-0.18524828553199768
1124,-0.3279378116130829
1125,-0.20672161877155304
1126,-0.22798368334770205
1127,-0.2264120131731033
1128,-0.4472761750221253
1129,-0.33482253551483154
1130,-0.3328644633293152
1131,-0.2985529601573944
1132,-0.1980349123477936
1133,-0.20397286117076874
1134,-0.27299875020980835
1135,-0.19337502121925354
1136,-0.3196534514427185
1137,-0.4683176577091217
1138,-0.4275573790073395
1139,-0.2660799920558929
1140,-0.26431068778038025
1141,-0.3097220957279205
1142,-0.30051761865615845
1143,-0.17730309069156647
1144,-0.19319257140159607
1145,-0.5148724317550659
1146,-0.37057799100875854
1147,-0.2896348237991333
1148,-0.2290204018354416
1149,-0.24799902737140656
1150,-0.2957255244255066
1151,-0.4265144765377045
1152,-0.2400246560573578
1153,-0.4629363417625427
1154,-0.3971899151802063
1155,-0.3885105550289154
1156,-0.4029552042484283
1157,-0.2949090003967285
1158,-0.3436170518398285
1159,-0.37838637828826893
1160,-0.4067336618900299
1161,-0.4223499298095703
1162,-0.3203325867652893
1163,-0.29365164041519165
1164,-0.2434936463832855
1165,-0.29588326811790466
1166,-0.2660513520240784
1167,-0.2770099639892578
1168,-0.2402859181165695
1169,-0.30821916460990906
1170,-0.32435011863708496
1171,-0.29163891077041626
1172,-0.1912599056959152
1173,-0.2975224852561951
1174,-0.355832040309906
1175,-0.3098509907722473
1176,-0.30091047286987305
1177,-0.3038572669029236
1178,-0.4695975184440613
1179,-0.25589519739151
1180,-0.2521287202835083
1181,-0.277352511882782
1182,-0.2443199157714844
1183,-0.2741580605506897
1184,-0.32319408655166626
1185,-0.3875032067298889
1186,-0.3602736890316009
1187,-0.22529196739196775
1188,-0.36883744597435
1189,-0.39188486337661743
1190,-0.3213437795639038
1191,-0.42819032073020935
1192,-0.26507139205932617
1193,-0.256506621837616
1194,-0.3656107783317566
1195,-0.24859146773815155
1196,-0.28402137756347656
1197,-0.3174512386322021
1198,-0.3700380921363831
1199,-0.4071318507194519
1200,-0.2148071825504303
1201,-0.28788045048713684
1202,-0.25007501244544983
1203,-0.25232216715812683
1204,-0.22204938530921936
1205,-0.3328214585781097
1206,-0.2725487351417541
1207,-0.3098191618919373
1208,-0.2602662742137909
1209,-0.3208400309085846
1210,-0.2597968876361847
1211,-0.26152440905570984
1212,-0.3448527157306671
1213,-0.2764134705066681
1214,-0.2455965727567673
1215,-0.2838819324970245
1216,-0.2736632525920868
1217,-0.3025110363960266
1218,-0.5785931348800659
1219,-0.2328263521194458
1220,-0.25759294629096985
1221,-0.34971261024475103
1222,-0.19680801033973694
1223,-0.196909561753273
1224,-0.2327152043581009
1225,-0.3223223090171814
1226,-0.2641074657440185
1227,-0.24345389008522034
1228,-0.28535595536231995
1229,-0.3603138029575348
1230,-0.3201515078544617
1231,-0.2894424796104431
1232,-0.2865291237831116
1233,-0.2227523773908615
1234,-0.2706495821475983
1235,-0.3641872704029083
1236,-0.2900572717189789
1237,-0.2404181212186813
1238,-0.211529940366745
1239,-0.2312755882740021
1240,-0.3829745650291443
1241,-0.2334313690662384
1242,-0.2589563131332397
1243,-0.4623239040374756
1244,-0.12176015228033064
1245,-0.3355225622653961
1246,-0.2945089936256409
1247,-0.3722741901874542
1248,-0.27047866582870483
1249,-0.2671295404434204
1250,-0.25211820006370544
1251,-0.2787857949733734
1252,-0.2960902452468872
1253,-0.18714997172355646
1254,-0.3161400854587555
1255,-0.22977618873119354
1256,-0.26834726333618164
1257,-0.25627344846725464
1258,-0.2401772290468216
1259,-0.14017169177532196
1260,-0.18282896280288696
1261,-0.3844053447246552
1262,-0.1981773674488068
1263,-0.4900018572807312
1264,-0.22870178520679474
1265,-0.3209381699562073
1266,-0.2631012499332428
1267,-0.43914827704429626
1268,-0.2723561227321625
1269,-0.2591075003147125
1270,-0.2559298872947693
1271,-0.4556684494018554
1272,-0.34504425525665283
1273,-0.27704286575317383
1274,-0.35229775309562683
1275,-0.3785302340984345
1276,-0.4480184614658356
1277,-0.3180709779262543
1278,-0.3142099976539612
1279,-0.2990224063396454
1280,-0.2694305777549744
1281,-0.3484359681606293
1282,-0.3381979763507843
1283,-0.26340365409851074
1284,-0.2555113434791565
1285,-0.3790295124053955
1286,-0.3028937578201294
1287,-0.3158511519432068
1288,-0.28093236684799194
1289,-0.4417364597320557
1290,-0.2763148248195648
1291,-0.2468124628067017
1292,-0.4249848425388336
1293,-0.3803980648517609
1294,-0.3633213639259337
1295,-0.22890813648700714
1296,-0.3213054835796356
1297,-0.507474422454834
1298,-0.272028386592865
1299,-0.2570549547672272
1300,-0.2968751788139343
1301,-0.3379625380039215
1302,-0.3936409056186676
1303,-0.3999985158443451
1304,-0.285952091217041
1305,-0.3193824887275696
1306,-0.3175598680973053
1307,-0.2713379263877869
1308,-0.22219181060791016
1309,-0.3677345514297485
1310,-0.34127771854400635
1311,-0.3681301176548004
1312,-0.2311320304870605
1313,-0.2766515612602234
1314,-0.2272045612335205
1315,-0.2574571967124939
1316,-0.3518359959125519
1317,-0.3560936152935028
1318,-0.24804189801216125
1319,-0.3473047614097595
1320,-0.3062090575695038
1321,-0.3517541289329529
1322,-0.2703903317451477
1323,-0.3125579953193665
1324,-0.2698436379432678
1325,-0.23910585045814514
1326,-0.35608047246932983
1327,-0.3140005171298981
1328,-0.3192243576049805
1329,-0.2259262502193451
1330,-0.21983659267425534
1331,-0.31810611486434937
1332,-0.18854567408561707
1333,-0.2702714204788208
1334,-0.2910089492797852
1335,-0.35195866227149963
1336,-0.4292503893375397
1337,-0.3452558219432831
1338,-0.2662497162818909
1339,-0.4307945668697357
1340,-0.2679060399532318
1341,-0.3360094428062439
1342,-0.29958418011665344
1343,-0.3281091451644897
1344,-0.18524891138076785
1345,-0.2719179093837738
1346,-0.2536244094371796
1347,-0.4605414271354675
1348,-0.474825918674469
1349,-0.3006651997566223
1350,-0.1984293907880783
1351,-0.18010734021663666
1352,-0.5203367471694946
1353,-0.2752073407173157
1354,-0.42225581407547
1355,-0.3161783814430237
1356,-0.3982144594192505
1357,-0.35950711369514465
1358,-0.4441626667976379
1359,-0.2675265371799469
1360,-0.2794090509414673
1361,-0.2071336954832077
1362,-0.2134813517332077
1363,-0.33278125524520874
1364,-0.5652609467506409
1365,-0.3849872946739197
1366,-0.3619064688682556
1367,-0.2781898379325867
1368,-0.4852743148803711
1369,-0.3894654810428619
1370,-0.245199590921402
1371,-0.21032533049583435
1372,-0.3781128823757172
1373,-0.3075750470161438
1374,-0.2469294965267181
1375,-0.3428177237510681
1376,-0.4753146767616272
1377,-0.26827675104141235
1378,-0.2464266568422317
1379,-0.2192193567752838
1380,-0.20006966590881348
1381,-0.28452378511428833
1382,-0.28024569153785706
1383,-0.2209463566541672
1384,-0.334977924823761
1385,-0.2354229241609573
1386,-0.32809069752693176
1387,-0.3727482259273529
1388,-0.22304728627204892
1389,-0.2810688018798828
1390,-0.314121812582016
1391,-0.1985292285680771
1392,-0.2711396813392639
1393,-0.3272911608219147
1394,-0.1838480532169342
1395,-0.3152889013290405
1396,-0.23823420703411105
1397,-0.4877564013004303
1398,-0.3611665368080139
1399,-0.20280024409294128
1400,-0.3199671804904938
1401,-0.2601601481437683
1402,-0.24542966485023496
1403,-0.13069269061088562
1404,-0.3328261971473694
1405,-0.29145076870918274
1406,-0.2398407459259033
1407,-0.3145599365234375
1408,-0.2618069052696228
1409,-0.3286265134811401
1410,-0.39723554253578186
1411,-0.2359054833650589
1412,-0.283596932888031
1413,-0.25517886877059937
1414,-0.2227586060762405
1415,-0.2817777693271637
1416,-0.3758582770824432
1417,-0.4789052605628967
1418,-0.3420558571815491
1419,-0.29863375425338745
1420,-0.2643423080444336
1421,-0.3941018879413605
1422,-0.3536919057369232
1423,-0.33418601751327515
1424,-0.24012491106987
1425,-0.4127739369869232
1426,-0.24583467841148374
1427,-0.3197115659713745
1428,-0.23992350697517395
1429,-0.35220497846603394
1430,-0.20377545058727264
1431,-0.28652119636535645
1432,-0.3083823323249817
1433,-0.3950689435005188
1434,-0.250967800617218
1435,-0.3269278109073639
1436,-0.1673082858324051
1437,-0.4748101830482483
1438,-0.36917591094970703
1439,-0.27415627241134644
1440,-0.4423426687717438
1441,-0.3340181410312653
1442,-0.5171005129814148
1443,-0.31556156277656555
1444,-0.24933882057666776
1445,-0.426241934299469
1446,-0.29800423979759216
1447,-0.4012938141822815
1448,-0.2604085505008697
1449,-0.3964221477508545
1450,-0.3446016609668732
1451,-0.35565823316574097
1452,-0.2896602749824524
1453,-0.2469916045665741
1454,-0.1993834376335144
1455,-0.3742767870426178
1456,-0.255025327205658
1457,-0.2313012331724167
1458,-0.3375815749168396
1459,-0.2704349756240845
1460,-0.3791601061820984
1461,-0.18354113399982447
1462,-0.3026190996170044
1463,-0.3262902796268463
1464,-0.2869783937931061
1465,-0.35305288434028625
1466,-0.4095925390720368
1467,-0.3186134696006775
1468,-0.35778629779815674
1469,-0.2710265517234802
1470,-0.2222011834383011
1471,-0.20084519684314728
1472,-0.3573562502861023
1473,-0.3655348122119904
1474,-0.18901774287223816
1475,-0.2553406357765198
1476,-0.2554597556591034
1477,-0.29800209403038025
1478,-0.2313898801803589
1479,-0.28046467900276184
1480,-0.2641492486000061
1481,-0.3362402617931366
1482,-0.2540076971054077
1483,-0.21343111991882324
1484,-0.3061281144618988
1485,-0.3742156028747559
1486,-0.27143439650535583
1487,-0.3535323143005371
1488,-0.3125971555709839
1489,-0.4558302462100983
1490,-0.31459274888038635
1491,-0.4565468430519104
1492,-0.36343294382095337
1493,-0.2588648498058319
1494,-0.33657971024513245
1495,-0.3349360227584839
1496,-0.19044457376003265
1497,-0.36751443147659296
1498,-0.2680717408657074
1499,-0.3604020476341248
1500,-0.2747918963432312
1501,-0.18981599807739255
1502,-0.1629893183708191
1503,-0.36820730566978455
1504,-0.18158714473247528
1505,-0.2356817275285721
1506,-0.33682313561439514
1507,-0.2005096673965454
1508,-0.29606014490127563
1509,-0.3955453038215637
1510,-0.4045040607452393
1511,-0.3699241876602173
1512,-0.26359385251998896
1513,-0.3871389031410217
1514,-0.2727842926979065
1515,-0.1286812275648117
1516,-0.3166864514350891
1517,-0.29685616493225103
1518,-0.33943840861320496
1519,-0.3527347445487976
1520,-0.3738752901554108
1521,-0.4459021985530853
1522,-0.2195095717906952
1523,-0.20473702251911166
1524,-0.3257359564304352
1525,-0.335542768239975
1526,-0.4743184447288513
1527,-0.2928465306758881
1528,-0.16790905594825745
1529,-0.2908777296543121
1530,-0.35371634364128113
1531,-0.4288621544837952
1532,-0.2298674285411835
1533,-0.2874607741832733
1534,-0.29929450154304504
1535,-0.2621282339096069
1536,-0.35442134737968445
1537,-0.2248398065567017
1538,-0.3709554076194763
1539,-0.2190583199262619
1540,-0.4142800271511078
1541,-0.23103594779968264
1542,-0.3098706603050232
1543,-0.24520091712474826
1544,-0.27664515376091003
1545,-0.2603859305381775
1546,-0.2421291172504425
1547,-0.2779620587825775
1548,-0.2783270478248596
1549,-0.30016741156578064
1550,-0.5603116154670715
1551,-0.2581235766410828
1552,-0.4361701011657715
1553,-0.3950404226779938
1554,-0.3593783676624298
1555,-0.3020241856575012
1556,-0.34273797273635864
1557,-0.3616384565830231
1558,-0.32949644327163696
1559,-0.4300570487976074
1560,-0.29027268290519714
1561,-0.2531464993953705
1562,-0.19419491291046145
1563,-0.4255482256412506
1564,-0.25300902128219604
1565,-0.5406323671340942
1566,-0.2374076843261719
1567,-0.24639852344989774
1568,-0.3164379000663757
1569,-0.55699622631073
1570,-0.22665444016456604
1571,-0.282151997089386
1572,-0.2499605864286423
1573,-0.27518194913864136
1574,-0.4408329427242279
1575,-0.2620985507965088
1576,-0.2893373370170593
1577,-0.3638379871845245
1578,-0.3106590211391449
1579,-0.20843751728534696
1580,-0.226024866104126
1581,-0.2594062387943268
1582,-0.2883985042572021
1583,-0.2728635370731354
1584,-0.2295369356870651
1585,-0.28054529428482056
1586,-0.2895084619522095
1587,-0.2508321702480316
1588,-0.3431704640388489
1589,-0.3815874755382538
1590,-0.31405359506607056
1591,-0.3594356179237366
1592,-0.21106860041618347
1593,-0.3255505263805389
1594,-0.4872539639472962
1595,-0.2528140842914581
1596,-0.27248477935791016
1597,-0.29356980323791504
1598,-0.2713804244995117
1599,-0.3767953813076019
1600,-0.2941223680973053
1601,-0.3117460906505585
1602,-0.4236114621162415
1603,-0.3266501426696777
1604,-0.3403218686580658
1605,-0.22369439899921414
1606,-0.3367874026298523
1607,-0.35452449321746826
1608,-0.2463504523038864
1609,-0.3275212049484253
1610,-0.3310187757015228
1611,-0.31389063596725464
1612,-0.2664533257484436
1613,-0.4243547022342682
1614,-0.2870834171772003
1615,-0.19096294045448306
1616,-0.3600934147834778
1617,-0.2889241576194763
1618,-0.6456049680709839
1619,-0.15877649188041687
1620,-0.3733909130096436
1621,-0.2952154576778412
1622,-0.13914455473423004
1623,-0.3541991114616394
1624,-0.2351698875427246
1625,-0.2712808847427368
1626,-0.5382169485092163
1627,-0.18080125749111176
1628,-0.3174165785312653
1629,-0.3905203938484192
1630,-0.457251489162445
1631,-0.3222272992134094
1632,-0.4257732033729553
1633,-0.38287582993507385
1634,-0.4138177931308745
1635,-0.25291889905929565
1636,-0.3651053011417389
1637,-0.2944203019142151
1638,-0.3660391271114349
1639,-0.38364240527153015
1640,-0.43860116600990295
1641,-0.3421509265899658
1642,-0.2925187051296234
1643,-0.3146510720252991
1644,-0.3404902219772339
1645,-0.5191448926925659
1646,-0.24583134055137634
1647,-0.3109775185585022
1648,-0.3128390610218048
1649,-0.2904368042945862
1650,-0.4287612438201904
1651,-0.2821528911590576
1652,-0.32534992694854736
1653,-0.18149255216121676
1654,-0.3362530767917633
1655,-0.26205116510391235
1656,-0.436138778924942
1657,-0.2743939459323883
1658,-0.32428285479545593
1659,-0.2836466431617737
1660,-0.2962348163127899
1661,-0.3583289980888367
1662,-0.2864281237125397
1663,-0.3495677411556244
1664,-0.2326800376176834
1665,-0.29819780588150024
1666,-0.27239635586738586
1667,-0.2537563443183899
1668,-0.2472737282514572
1669,-0.2540608048439026
1670,-0.3818730413913727
1671,-0.4291133880615233
1672,-0.3711840212345123
1673,-0.2559182643890381
1674,-0.3198259472846985
1675,-0.34567707777023315
1676,-0.21894879639148712
1677,-0.2698391377925873
1678,-0.33406803011894226
1679,-0.2375107258558273
1680,-0.5007232427597046
1681,-0.37516045570373535
1682,-0.29801857471466064
1683,-0.3251524567604065
1684,-0.3440926969051361
1685,-0.2867315709590912
1686,-0.2744323015213013
1687,-0.18569739162921906
1688,-0.3761143982410431
1689,-0.3746745884418488
1690,-0.3163557052612305
1691,-0.3412671387195587
1692,-0.3294953405857086
1693,-0.3533186316490173
1694,-0.3373516499996185
1695,-0.23134954273700714
1696,-0.4113215506076813
1697,-0.384869396686554
1698,-0.3173431754112244
1699,-0.4180634915828705
1700,-0.28159505128860474
1701,-0.2049315869808197
1702,-0.2357825487852097
1703,-0.2787404656410217
1704,-0.3007121682167053
1705,-0.2714003920555115
1706,-0.23634958267211914
1707,-0.3674992918968201
1708,-0.2708825469017029
1709,-0.2286989986896515
1710,-0.26723420619964605
1711,-0.2698433101177216
1712,-0.3866705000400543
1713,-0.2759470343589783
1714,-0.3795503973960877
1715,-0.1938774287700653
1716,-0.2815001606941223
1717,-0.319070428609848
1718,-0.22428646683692927
1719,-0.29620665311813354
1720,-0.4158582091331482
1721,-0.2509815096855164
1722,-0.3077244162559509
1723,-0.2813384532928467
1724,-0.3276633620262146
1725,-0.2908219397068024
1726,-0.34009426832199097
1727,-0.19764290750026706
1728,-0.25643184781074524
1729,-0.25859665870666504
1730,-0.3451150953769684
1731,-0.183483362197876
1732,-0.3844674527645111
1733,-0.32623210549354553
1734,-0.18507012724876404
1735,-0.17715094983577728
1736,-0.2077140510082245
1737,-0.275793731212616
1738,-0.3110906183719635
1739,-0.22970673441886905
1740,-0.24329774081707
1741,-0.2502437233924866
1742,-0.19472721219062805
1743,-0.30698639154434204
1744,-0.4991115927696228
1745,-0.36056134104728704
1746,-0.34331101179122925
1747,-0.19890525937080386
1748,-0.2776989340782165
1749,-0.3033312559127808
1750,-0.2361108958721161
1751,-0.35834765434265137
1752,-0.2818736433982849
1753,-0.3057701587677002
1754,-0.3538009524345398
1755,-0.2320080101490021
1756,-0.2961980104446411
1757,-0.3664940595626831
1758,-0.3290829360485077
1759,-0.2329185307025909
1760,-0.25649970769882197
1761,-0.2724999487400055
1762,-0.3271256387233734
1763,-0.2886374890804291
1764,-0.21242931485176086
1765,-0.4085255265235901
1766,-0.34697800874710083
1767,-0.31716325879096985
1768,-0.3152837157249451
1769,-0.1417957842350006
1770,-0.22654840350151065
1771,-0.314499706029892
1772,-0.24243798851966855
1773,-0.3872497379779816
1774,-0.5659930109977722
1775,-0.3295000493526459
1776,-0.339144229888916
1777,-0.19640874862670896
1778,-0.16262923181056976
1779,-0.2793659865856171
1780,-0.22824423015117645
1781,-0.3063109517097473
1782,-0.21288084983825686
1783,-0.3081340193748474
1784,-0.390347957611084
1785,-0.15534187853336334
1786,-0.3304896056652069
1787,-0.4624472260475159
1788,-0.19810232520103452
1789,-0.30268388986587524
1790,-0.3109792768955231
1791,-0.3354189991950989
1792,-0.2518605887889862
1793,-0.3484095335006714
1794,-0.18201133608818051
1795,-0.2580251097679138
1796,-0.27902716398239136
1797,-0.23839452862739566
1798,-0.2570506930351257
1799,-0.2923399806022644
1800,-0.31479549407958984
1801,-0.2989816963672638
1802,-0.4029080271720886
1803,-0.3404210209846497
1804,-0.4023598730564117
1805,-0.22151944041252136
1806,-0.3538360595703125
1807,-0.269111692905426
1808,-0.29188114404678345
1809,-0.3245834708213806
1810,-0.2869702875614166
1811,-0.39675116539001465
1812,-0.3396603167057037
1813,-0.2807025909423828
1814,-0.2222038954496384
1815,-0.20924551784992215
1816,-0.31880804896354675
1817,-0.3691065609455109
1818,-0.3786484897136688
1819,-0.2010536938905716
1820,-0.29806703329086304
1821,-0.2516649067401886
1822,-0.3926255404949188
1823,-0.2500987648963928
1824,-0.2595052719116211
1825,-0.2109934091567993
1826,-0.434781014919281
1827,-0.25023093819618225
1828,-0.2612380385398865
1829,-0.37242040038108826
1830,-0.3576836585998535
1831,-0.19552254676818848
1832,-0.3735697865486145
1833,-0.33311837911605835
1834,-0.33981314301490784
1835,-0.26659685373306274
1836,-0.2687157392501831
1837,-0.2999820113182068
1838,-0.2951611578464508
1839,-0.2339445352554321
1840,-0.3053968846797943
1841,-0.3855805099010468
1842,-0.3613473474979401
1843,-0.2394561022520065
1844,-0.2660151720046997
1845,-0.3375714123249054
1846,-0.2398328334093094
1847,-0.2591724693775177
1848,-0.29860764741897583
1849,-0.3001978099346161
1850,-0.3611348271369934
1851,-0.2277802973985672
1852,-0.28325408697128296
1853,-0.1986132115125656
1854,-0.31895822286605835
1855,-0.2819533944129944
1856,-0.24947431683540344
1857,-0.3646689057350159
1858,-0.2595456540584564
1859,-0.581253707408905
1860,-0.36993792653083796
1861,-0.3105860948562622
1862,-0.18670298159122467
1863,-0.22150087356567386
1864,-0.3383508622646332
1865,-0.3458850383758545
1866,-0.19225847721099854
1867,-0.38288286328315735
1868,-0.31264472007751465
1869,-0.3160278797149658
1870,-0.18572500348091125
1871,-0.2473800480365753
1872,-0.45308279991149897
1873,-0.3112877905368805
1874,-0.3282760977745056
1875,-0.32531440258026123
1876,-0.23208141326904294
1877,-0.26786157488822937
1878,-0.13506531715393064
1879,-0.33147603273391724
1880,-0.27609291672706604
1881,-0.2438351362943649
1882,-0.5329433679580688
1883,-0.3150901794433594
1884,-0.2537449896335602
1885,-0.2183111608028412
1886,-0.2451470792293549
1887,-0.22794635593891144
1888,-0.338573157787323
1889,-0.2962782382965088
1890,-0.3412070870399475
1891,-0.2686280608177185
1892,-0.2672687470912933
1893,-0.29777267575263977
1894,-0.3505370318889618
1895,-0.271434485912323
1896,-0.2883323132991791
1897,-0.3324483036994934
1898,-0.2874936461448669
1899,-0.2681836783885956
1900,-0.4369657039642334
1901,-0.3677191138267517
1902,-0.2837424278259277
1903,-0.2622600793838501
1904,-0.18895095586776733
1905,-0.2275417149066925
1906,-0.2812132239341736
1907,-0.2522372901439667
1908,-0.34974780678749084
1909,-0.3421085774898529
1910,-0.3295295536518097
1911,-0.17042392492294312
1912,-0.2476641684770584
1913,-0.16934117674827576
1914,-0.31407132744789124
1915,-0.28029531240463257
1916,-0.31370478868484497
1917,-0.2568390965461731
1918,-0.2938615083694458
1919,-0.18416352570056915
1920,-0.34322524070739746
1921,-0.30387771129608154
1922,-0.3497320413589477
1923,-0.41923588514328
1924,-0.17113783955574036
1925,-0.3634336590766907
1926,-0.30941808223724365
1927,-0.2279450446367264
1928,-0.32928016781806946
1929,-0.5452007055282593
1930,-0.2529904246330261
1931,-0.2275053560733795
1932,-0.3032271265983581
1933,-0.22513873875141144
1934,-0.4132920205593109
1935,-0.20374560356140134
1936,-0.3042418360710144
1937,-0.362019956111908
1938,-0.2004704922437668
1939,-0.3233732581138611
1940,-0.30812153220176697
1941,-0.4851078987121582
1942,-0.2753186225891113
1943,-0.29533088207244873
1944,-0.4150320589542389
1945,-0.3495141565799713
1946,-0.37344154715538025
1947,-0.3861561417579651
1948,-0.3350485861301422
1949,-0.30695754289627075
1950,-0.28258830308914185
1951,-0.4882253706455231
1952,-0.3147931694984436
1953,-0.2806366086006165
1954,-0.2428692132234573
1955,-0.2368383407592773
1956,-0.3851776123046875
1957,-0.2766299247741699
1958,-0.15140891075134275
1959,-0.2647246718406677
1960,-0.2928652763366699
1961,-0.25339236855506897
1962,-0.3130623698234558
1963,-0.2956921458244324
1964,-0.4718765318393707
1965,-0.37293648719787603
1966,-0.1541152447462082
1967,-0.4010232985019684
1968,-0.3479146361351013
1969,-0.27650219202041626
1970,-0.3569779992103577
1971,-0.2071932554244995
1972,-0.25064367055892944
1973,-0.20195257663726807
1974,-0.2552356421947479
1975,-0.4011878073215485
1976,-0.3449810743331909
1977,-0.258311927318573
1978,-0.3825503587722778
1979,-0.2203768789768219
1980,-0.2964615523815155
1981,-0.28381872177124023
1982,-0.43384504318237305
1983,-0.3743930459022522
1984,-0.2427866905927658
1985,-0.26109012961387634
1986,-0.27988043427467346
1987,-0.30157893896102905
1988,-0.416045755147934
1989,-0.4405596852302551
1990,-0.3571539521217346
1991,-0.520673394203186
1992,-0.32333555817604065
1993,-0.33347007632255554
1994,-0.24419045448303225
1995,-0.2585286498069763
1996,-0.4675131440162658
1997,-0.24268893897533414
1998,-0.439073383808136
1999,-0.20254409313201904
