,value_per_image
0,0.8530998877052952
1,0.093213400555855
2,0.6616261405692057
3,0.3207016703762874
4,0.8238668428497838
5,0.23805950458289665
6,0.7663985709078216
7,0.6198288507508034
8,0.4692227713863062
9,0.1643105875152046
10,0.8004423141353202
11,0.4429986135293149
12,0.5189551163230604
13,0.60959341047371
14,0.3246054716953091
15,0.1874076587053592
16,0.7394673998684855
17,0.20176017771521584
18,0.3317877568983052
19,0.5581874103533525
20,0.2504387585973098
21,0.5237101378159162
22,0.4254601544306416
23,0.01903385803909029
24,0.30186565218876504
25,0.6967716992336405
26,0.7447839905434247
27,0.4000013727667056
28,0.1136129649397819
29,0.05464449993253506
30,0.5910882020006989
31,0.5493647568986819
32,0.2303123100146799
33,0.25416549959674994
34,0.5538242396764325
35,0.3457247688580351
36,0.3475858941435539
37,0.8666648661535215
38,0.4737375723789736
39,0.37761054848122
40,0.6937178126367329
41,0.5282840407596547
42,0.3089030169126189
43,0.524880828777135
44,0.023794903445335115
45,0.2619414631559225
46,0.2325212217863691
47,0.06369994388529163
48,0.90124018854429
49,0.3610340623281364
50,0.3397690387101484
51,0.5766669736947907
52,0.18360361725621085
53,0.8269081799184117
54,0.2479563900593864
55,0.25966918032987857
56,0.2945286216111271
57,0.5027917756708788
58,0.7004145321877833
59,0.2579965663203733
60,0.5043312787433742
61,0.11089805090780784
62,0.8441982416612838
63,0.2393599667912052
64,0.5902975698871652
65,0.2713126007268107
66,0.5572131316327487
67,0.261577770177902
68,0.2695038416527397
69,0.7238658962405127
70,0.3143721715701048
71,0.374878858246655
72,0.1806810862592393
73,0.5860540651002656
74,0.14438395980607951
75,0.8762025087724576
76,0.2812507374506127
77,0.26079563606310224
78,0.8954354956470463
79,0.01620285298692383
80,0.3230706056267484
81,0.580660665099776
82,0.3352937616810372
83,0.02964110397444467
84,0.020074402711278087
85,0.2273209691154948
86,0.3084157738884514
87,0.05735748664895594
88,0.07481601231304515
89,0.07004199518068925
90,0.5727030512149608
91,0.214599152031598
92,0.15222020922899038
93,0.23137699067182474
94,0.6198271311229677
95,0.17388509925789875
96,0.1812525542997045
97,0.022965101664195974
98,0.4194380311945428
99,0.5386942875426479
100,0.10050883154687183
101,0.5887035920343904
102,0.5900785800550894
103,0.022247929600957755
104,0.4744160549078827
105,0.6741239958326701
106,0.7527841968937533
107,0.6099883855051489
108,0.11156499161053884
109,0.7463454622160695
110,0.1252474187942323
111,0.7731734084992804
112,0.3215698377338668
113,0.16300020343785107
114,0.2490942296315377
115,0.1797157730981884
116,0.1480087560735068
117,0.7391477882438242
118,0.4592828342591457
119,0.05727528777313815
120,0.6711831272660791
121,0.30946355887722304
122,0.6688098818165034
123,0.3614506453829104
124,0.4468005951473912
125,0.7137405689377456
126,0.2825178293717669
127,0.6366864041855793
128,0.6736207227964013
129,0.2351489858328325
130,0.629959346933672
131,0.17518539706973568
132,0.8228804264115428
133,0.1722136425896602
134,0.04769434356107752
135,0.5066717373664389
136,0.7869710711029521
137,0.5802383463283702
138,0.5008011715845972
139,0.4835058832389623
140,0.3595537341809957
141,0.35086123232540056
142,0.12700616773399642
143,0.6845080583352346
144,0.5880852020749083
145,0.33932728713395194
146,0.34905816306067866
147,0.6806635760218851
148,0.14042819183486693
149,0.8217825835535888
150,0.32538320155307343
151,0.4405880530150332
152,0.0815202319669329
153,0.6085292488326083
154,0.6733606473718464
155,0.5804009140934878
156,0.2098146288913203
157,0.7516498329348814
158,0.14293397497330676
159,0.2581718845609943
160,0.24945769317182345
161,0.03255512977736292
162,0.1177449323966824
163,0.7193277931638635
164,0.10728437372255528
165,0.17495264660391946
166,0.7685482153147156
167,0.5004500108872671
168,0.5815301030800948
169,0.12584589555859102
170,0.00811654197803302
171,0.772158117967013
172,0.0031695368856602467
173,0.2938925590134745
174,0.08314700901088043
175,0.7719071227755224
176,0.37099648979639693
177,0.6384061832888857
178,0.6339129668011096
179,0.8962595216387872
180,0.2653070633990094
181,0.5938129350231238
182,0.4906242271652918
183,0.17209198087903682
184,0.7769849003735716
185,0.7698779139594369
186,0.4215495422664612
187,0.8483414456751136
188,0.8812344924767587
189,0.6907344475912219
190,0.6338092186553366
191,0.5382800415633736
192,0.4758781328729216
193,0.13769095842347107
194,0.4864621557117687
195,0.6669963362223259
196,0.8781833627103497
197,0.2273736363958968
198,0.17405809447270207
199,0.2265815020718821
200,0.4522412802850922
201,0.17079702310912262
202,0.480614582805573
203,0.21485565216745992
204,0.08278528243152264
205,0.4656612478164691
206,0.7202829516425048
207,0.7883359289044984
208,0.3504580609000761
209,0.3004279513493189
210,0.051067550630038185
211,0.011881216189983706
212,0.2335987004389085
213,0.009138592123069552
214,0.6796498404291365
215,0.2287553538903911
216,0.34867005761235914
217,0.4841000071743534
218,0.8768295065330151
219,0.24661321186349525
220,0.7393332134163867
221,0.5349523538310714
222,0.7831513721836552
223,0.22398238366048112
224,0.03239474462434376
225,0.21900064843757225
226,0.4940552982796107
227,0.4453817727103815
228,0.14083913702431095
229,0.5104261323865653
230,0.11612792021378172
231,0.3256152285730501
232,0.4845487601752441
233,0.6172459706930724
234,0.7551354677820711
235,0.5851479703981178
236,0.043464269471439776
237,0.1895174941041362
238,0.7817151676061707
239,0.11803597503911376
240,0.5013869596944964
241,0.5578098114771359
242,0.7952125808709205
243,0.4719352801029563
244,0.19196735850506724
245,0.630915339425702
246,0.43024845511283183
247,0.4772821100977127
248,0.374511490135091
249,0.33209372565455064
250,0.410890541315649
251,0.7453821968726455
252,0.30293064849822426
253,0.4723325553403258
254,0.6906675587984774
255,0.4712930830531625
256,0.20963670407528406
257,0.2084586833495148
258,0.7237503888101571
259,0.2874535505180197
260,0.2170515146604705
261,0.4231446642266508
262,0.25323961514842
263,0.40614056734941256
264,0.5120987116636684
265,0.5072537777355377
266,0.03864564442172678
267,0.7182585885600156
268,0.5289071646879875
269,0.5162274852986423
270,0.5962169185058547
271,0.07672860371660382
272,0.3396205782948877
273,0.06974922323305255
274,0.05535649551943368
275,0.5459758822285788
276,0.5859345736612047
277,0.09324569804832857
278,0.22193367992865606
279,0.12867550735182134
280,0.1102822566710369
281,0.16221200879978312
282,0.6672056944237645
283,0.21238055290828295
284,0.08946434305451875
285,0.07008905007458584
286,0.7317586467230938
287,0.08110871897190428
288,0.11112594595305322
289,0.0433659170855122
290,0.2834768976653225
291,0.7567184035283739
292,0.6701686691790745
293,0.5633440868565642
294,0.2036517284818404
295,0.6719545518991155
296,0.5475799342105129
297,0.20864081441210025
298,0.2100560882345905
299,0.6381010391622991
300,0.04574637396669398
301,0.5201770671235819
302,0.8224665194072007
303,0.29602160234871344
304,0.20992658698944133
305,0.7330806736244025
306,0.8063404410484769
307,0.08009893439102307
308,0.5524247451180246
309,0.8569703983410071
310,0.7276493694503463
311,0.16281893642341688
312,0.033537930662106474
313,0.6208233753458932
314,0.012712340233184648
315,0.5671110946211766
316,0.2190270070329694
317,0.6743409060157904
318,0.14119701741937518
319,0.7779080245953747
320,0.6685497905380229
321,0.02497507447601336
322,0.5706465129101248
323,0.11805265057697187
324,0.5689367170107347
325,0.7376451971027709
326,0.2908060185036091
327,0.40017631759591105
328,0.1100915431796126
329,0.2702038730064589
330,0.012807079078079106
331,0.13785727702372996
332,0.6454212306686952
333,0.7837600490154026
334,0.6741546483507685
335,0.7708521035547264
336,0.3778945677990648
337,0.794002487535851
338,0.6184721014294167
339,0.7313799020565254
340,0.11336197321911284
341,0.3431619729957621
342,0.7814643174584075
343,0.31913204115177674
344,0.2505355267223564
345,0.6442370554069237
346,0.2983876851215821
347,0.09173962783443164
348,0.6258117913214359
349,0.08038997411300157
350,0.14517339900324705
351,0.7526740109399928
352,0.09770713968003662
353,0.8019853393675345
354,0.3358895985051612
355,0.778850241900284
356,0.15228229665681303
357,0.24430844046285294
358,0.2690023375204115
359,0.5993891869491037
360,0.7869689942514299
361,0.061805251819870524
362,0.5017282364071347
363,0.3156283938905976
364,0.3317369656127053
365,0.24021981601795625
366,0.13554046745126969
367,0.1045309656653235
368,0.0870821489172498
369,0.2807092777451241
370,0.002473595094162177
371,0.4235479187890441
372,0.7837615640799542
373,0.13451984933889874
374,0.0514275900748829
375,0.4680725714797762
376,0.061578140238720866
377,0.2528045739247134
378,0.0616229468834984
379,0.08142813471834717
380,0.4235769826998848
381,0.27634084209757204
382,0.4227794804504662
383,0.18489953128383912
384,0.3646226773368854
385,0.3566806655714749
386,0.6920568864675359
387,0.5587788897685471
388,0.4273921493947793
389,0.27409690956858457
390,0.12209027616157556
391,0.6146592348925584
392,0.5397477607307555
393,0.5700270234059092
394,0.7459399726464498
395,0.08754947936507981
396,0.3164488661629127
397,0.18411906756392696
398,0.3864120737315417
399,0.3416435484064423
400,0.43937072092223056
401,0.5324481624443083
402,0.2849058199559497
403,0.19085331841050693
404,0.8070396465246608
405,0.11353023496344483
406,0.383346700529845
407,0.2337426832217213
408,0.0022106205291680587
409,0.3255292353018199
410,0.5658924178761885
411,0.5448151859255113
412,0.2884088057811598
413,0.039571692619198066
414,0.3549551113716293
415,0.2444620216887132
416,0.3753099670978637
417,0.7571774897627992
418,0.42268219841268095
419,0.3341490571364733
420,0.8742609630548689
421,0.2615505099914711
422,0.6559398724568068
423,0.263550520510794
424,0.19417326762408127
425,0.7817359878530691
426,0.5871957776043879
427,0.4793354953954295
428,0.8859654489072123
429,0.2550690127454941
430,0.3428348762721576
431,0.5381975501489843
432,0.4537066345681941
433,0.6674230688570197
434,0.04478468240308813
435,0.6320345384334858
436,0.7683645043191714
437,0.3760592703954969
438,0.3968093122698442
439,0.7155880028119228
440,0.4753144288064552
441,0.3918953411345414
442,0.15730887614337186
443,0.8356530667618274
444,0.5750323595092726
445,0.31899265560324297
446,0.3720597192114918
447,0.27524616489117193
448,0.5887069951942845
449,0.6040611464141192
450,0.1380214472725081
451,0.1676504419979009
452,0.5147370203108156
453,0.32443102131460444
454,0.16330904706585314
455,0.3662885103595331
456,0.1807553720306728
457,0.570477672872973
458,0.46379499899178994
459,0.1402977743138529
460,0.016363700801982788
461,0.6650369800966238
462,0.5707449659831456
463,0.6410603725046455
464,0.39340572830924897
465,0.8020060001115966
466,0.6818503506592047
467,0.2002496897028717
468,0.1857190509844476
469,0.7961898036417084
470,0.3858332950374245
471,0.3140009286344818
472,0.046075103235395966
473,0.1477307803811936
474,0.11441726323152095
475,0.5837374827663842
476,0.5870904390847445
477,0.016790879046977694
478,0.017387451385601733
479,0.3519583077248345
480,0.5429439894265016
481,0.16141013921060154
482,0.7056495378173189
483,0.7209221239150645
484,0.40349486004789786
485,0.537427798732381
486,0.28012746121644705
487,0.4070056507984974
488,0.3918525147831465
489,0.4616915825264745
490,0.23366700594359785
491,0.8358607566784291
492,0.3768743578071712
493,0.0022932216836858144
494,0.4378567890255246
495,0.6765805738607145
496,0.26262913962608136
497,0.12416883868139696
498,0.7388540082814543
499,0.05581639510971078
500,0.4844805431194028
501,0.5639174157270732
502,0.5649004144346859
503,0.18558213893989686
504,0.014943378908414332
505,0.5140634415121071
506,0.1820927251186368
507,0.08519235582700513
508,0.6450264562052167
509,0.3603214890070932
510,0.06442555500558532
511,0.1218812731712183
512,0.1862582478878592
513,0.3636548738232016
514,0.5686049101344133
515,0.18886306746840095
516,0.8370953019940003
517,0.2706851331780491
518,0.05985304317033215
519,0.5026490502677297
520,0.633463100716497
521,0.6401321567465641
522,0.21750828143630752
523,0.6899098450155265
524,0.5314236255758114
525,0.12913325210430665
526,0.6874921938367469
527,0.8427065473341963
528,0.5632216792981688
529,0.5500854521007184
530,0.13607277043750193
531,0.29132964788600124
532,0.23367309235254044
533,0.22110672992997354
534,0.6217795333535907
535,0.4696066350675995
536,0.2363733914344008
537,0.9225073920233238
538,0.4117601056937324
539,0.4575741745537622
540,0.2218028432812516
541,0.17997654657957576
542,0.6660794718290157
543,0.4270832722300044
544,0.08096891342789847
545,0.4549505221820421
546,0.4719403956091723
547,0.8029835241660552
548,0.3853988120038888
549,0.725182071736822
550,0.0004012181977460505
551,0.15007470590113858
552,0.669892269978807
553,0.59596945641105
554,0.3586235312350665
555,0.436407645091317
556,0.16699425848628324
557,0.8739106439083176
558,0.7866243976639302
559,0.5648035295852882
560,0.6578473721449125
561,0.10034148685628833
562,0.6057494236423713
563,0.08940699407213641
564,0.8694271506568106
565,0.5412946677029465
566,0.6618054817006238
567,0.058312058444337275
568,0.6715107375859201
569,0.6608534684002509
570,0.7142976778626278
571,0.7404376921826745
572,0.3863846406056823
573,0.2697880186444025
574,0.3488847447678728
575,0.131645991040001
576,0.29072610052723835
577,0.7203571130538482
578,0.7183951293864441
579,0.5868860263996227
580,0.5573799409285388
581,0.2526704834541213
582,0.5734532988568408
583,0.5639313974270499
584,0.03782384080536076
585,0.13702909825701398
586,0.17076157955291402
587,0.12925623647162018
588,0.2349867492497841
589,0.22431080686015825
590,0.4061300425160938
591,0.7817888716539496
592,0.7454927296887547
593,0.1327894206200494
594,0.5597376413988323
595,0.5531897901323104
596,0.3367629963493584
597,0.25783074807082695
598,0.17635984958837145
599,0.4850775245626244
600,0.5254411024022232
601,0.2554094191044598
602,0.1669969937518191
603,0.7009322303707475
604,0.28495034849145395
605,0.3254540015307624
606,0.6269648649432777
607,0.5613780147487921
608,0.4443690793440703
609,0.6989494225374928
610,0.6758227776570094
611,0.446737296156546
612,0.32657590193186675
613,0.7503986840663825
614,0.1278815774767292
615,0.2341303538441545
616,0.7330133085894974
617,0.4954950004183146
618,0.7081044205731887
619,0.15998224918337015
620,0.8880281245647497
621,0.02444204446469149
622,0.28060885270053804
623,0.707956531854703
624,0.5729783838869974
625,0.8385591003539893
626,0.3617156291711433
627,0.4014363250948416
628,0.4321600276314016
629,0.19954488721593205
630,0.632821150324354
631,0.4845090687695858
632,0.5113262400372853
633,0.3123149291378268
634,0.4620131997665882
635,0.1625309544680711
636,0.2258630167138596
637,0.14904415889197042
638,0.4731348451825355
639,0.19887959332163488
640,0.4085060493303629
641,0.1315008472713446
642,0.392850465964833
643,0.5847695328338285
644,0.2773384662669626
645,0.44579131366226177
646,0.1364382329316695
647,0.13218750481931354
648,0.4406811659732683
649,0.7542086781695214
650,0.8002182896318792
651,0.16203482848133693
652,0.8356245265164306
653,0.7684098930085026
654,0.7786816859020406
655,0.7669461042844057
656,0.7345699516164514
657,0.9131402900885016
658,0.4746008844926589
659,0.3332435925637357
660,0.013576291813468791
661,0.46530731618753
662,0.5285758132936427
663,0.1869791529316608
664,0.35270842131378294
665,0.3223008234435447
666,0.35813254047879306
667,0.08833077997580588
668,0.7584019580975491
669,0.14364897079819194
670,0.4170309226458919
671,0.31249792933213466
672,0.036541436036410115
673,0.3870608658470183
674,0.1763847280387779
675,0.6944265127414759
676,0.6761768395356489
677,0.011797359150491007
678,0.34316985379046017
679,0.27320846768631524
680,0.41487102723501545
681,0.0905013674181897
682,0.03533044822798179
683,0.2469009337511495
684,0.07930662085055938
685,0.18651081933955652
686,0.10184520317659164
687,0.11204746852691633
688,0.4760813213416229
689,0.26261063080877545
690,0.4919426276712604
691,0.30107878536369104
692,0.5205310333218689
693,0.0023359032814532985
694,0.021213502397771464
695,0.6896325912889752
696,0.2999532652160715
697,0.4911505583393964
698,0.6062784325022131
699,0.14274442395964518
700,0.39372739533169976
701,0.5651206795595548
702,0.5955091310374699
703,0.635317238284431
704,0.2600519475797333
705,0.07781067512854127
706,0.2584047376085382
707,0.1699872647653995
708,0.4310306999978749
709,0.6030100661918992
710,0.11928634967047895
711,0.06304346516564405
712,0.10167163439224372
713,0.04481286533713904
714,0.35900201315977165
715,0.4827575855321771
716,0.535368158955521
717,0.11257195424318514
718,0.06340230522608772
719,0.06548658623703824
720,0.7635094106182589
721,0.18526938284639674
722,0.08552676504346553
723,0.2783009387814916
724,0.09125140168926092
725,0.5383626278920681
726,0.05717143160105258
727,0.08132754577894445
728,0.5653611378490464
729,0.19162040710945188
730,0.6286026079892415
731,0.5448099105982256
732,0.27334197081853834
733,0.5079705701620676
734,0.23716284157021256
735,0.020203974970800058
736,0.4911955353429348
737,0.4320000623778137
738,0.3822851416153768
739,0.5303613644808449
740,0.06796081748492297
741,0.017917871613514342
742,0.6998921535680455
743,0.15471607733222248
744,0.32462286729864265
745,0.5490130126994367
746,0.5646033655744763
747,0.3929156994054449
748,0.4572632911143321
749,0.07514242487611622
750,0.7415173482379684
751,0.13313121364034358
752,0.08305190610570712
753,0.8008065981587092
754,0.1470458621064455
755,0.5137426180858324
756,0.6885432972488366
757,0.5616315205930963
758,0.4053588365423938
759,0.462899955071839
760,0.5915970316019025
761,0.09020245910653507
762,0.6949172380426607
763,0.050294948705536184
764,0.7755216068501736
765,0.7011275410769233
766,0.10803852587666048
767,0.3503847005392245
768,0.4716368253591903
769,0.5609237293992455
770,0.6300406894642692
771,0.4746975578249125
772,0.05846263999352842
773,0.3128120355079086
774,0.5864161533236039
775,0.6318704134079436
776,0.41303826671827104
777,0.0710129267914021
778,0.02778680368811051
779,0.045147862118019716
780,0.7983422678501252
781,0.3511504248261311
782,0.6914749765932429
783,0.3796155110515108
784,0.5640629564069053
785,0.6329887100472434
786,0.04365512896165803
787,0.4960004085121329
788,0.8740101889690164
789,0.7278995147246763
790,0.5208547977483476
791,0.07134012439919585
792,0.1020801575738441
793,0.5738540140359721
794,0.3749728078778468
795,0.143608014093406
796,0.7081534380512263
797,0.4615454749406776
798,0.10507502428943953
799,0.6808799539475212
800,0.2857383229814642
801,0.04170032741933236
802,0.07327692854984579
803,0.6637647516255707
804,0.7334753555803206
805,0.5616212138969563
806,0.4458267156965709
807,0.6900554997690704
808,0.008161920746872504
809,0.8008299127008331
810,0.8091307518883197
811,0.2937297175810393
812,0.5093291006031277
813,0.01188713328641677
814,0.7140444940705366
815,0.46741156229350395
816,0.04235854012945696
817,0.5912304392553777
818,0.8147122509284086
819,0.5274211352554514
820,0.6239429497923006
821,0.4827478094307537
822,0.4867655819951769
823,0.2665472970136134
824,0.12662061629208146
825,0.10015160630321872
826,0.4232759546291752
827,0.1959072975522057
828,0.0258616302946005
829,0.4929487321860215
830,0.2984325586458506
831,0.11497518539901933
832,0.301504382821727
833,0.07284651788780855
834,0.16283070518397544
835,0.15941286428927687
836,0.05047426130417455
837,0.5271962968873197
838,0.5416441594936181
839,0.06874147762356546
840,0.4304425771903674
841,0.4031436502993273
842,0.6707093314000016
843,0.10663469806379083
844,0.2144244848648708
845,0.28198957055380025
846,0.3867138510773392
847,0.7621346249377419
848,0.6849749981978749
849,0.33119771936370057
850,0.5242140596433658
851,0.17344022439298967
852,0.4761352356179085
853,0.1000673549959865
854,0.3432938013050219
855,0.8003672296344726
856,0.3865530008961871
857,0.7976175668613432
858,0.7331927865925685
859,0.0618755949637807
860,0.22587801885895498
861,0.1779291490719462
862,0.6815551265256301
863,0.08589446883690821
864,0.38841507745686654
865,0.1720864325959205
866,0.357916482545524
867,0.2222464812656777
868,0.7702192527183724
869,0.7089933217656534
870,0.4447543204291758
871,0.061132332116104186
872,0.029808551147674375
873,0.7528183871517304
874,0.3903825968850583
875,0.2560727118072822
876,0.4812996576280485
877,0.7841960616037723
878,0.484205683520103
879,0.2110471660598406
880,0.6801239051397076
881,0.2378832990380125
882,0.5462078347995107
883,0.07080114008781388
884,0.03634849317719994
885,0.16649928129378516
886,0.5029306493833406
887,0.5092359462587069
888,0.6850115914557473
889,0.19086719579081596
890,0.3142567715640984
891,0.29794370601478165
892,0.5375381970139905
893,0.5422416242740622
894,0.4852861677639304
895,0.3861296892496121
896,0.28618986605466223
897,0.27509738709881804
898,0.13382162221900912
899,0.02500274814933653
900,0.05675034938046005
901,0.6948873156513893
902,0.3339755479013511
903,0.574630002528222
904,0.36865434888837867
905,0.1018044941022858
906,0.15680684577938853
907,0.029762198540585268
908,0.4072145821275012
909,0.08505236022393561
910,0.5448770514489654
911,0.1872762165608788
912,0.22545485361954265
913,0.11928641976026065
914,0.35866421755392563
915,0.11271045451598595
916,0.36877636806871705
917,0.5906812055393844
918,0.4802774692891404
919,0.2623275268354933
920,0.05282901795729345
921,0.04497557412741605
922,0.7924297361992324
923,0.6500499717248658
924,0.20446171378690364
925,0.08683033660590779
926,0.4018213801460388
927,0.6765647498681178
928,0.4104543787832262
929,0.3237733050716396
930,0.4611878685739619
931,0.03622791929595909
932,0.5771187837322773
933,0.4622605997456854
934,0.07022621422387737
935,0.36213216724114056
936,0.21716827773823244
937,0.6895302827994769
938,0.4763556657315716
939,0.2131955700220345
940,0.4857986034045552
941,0.15309817325746605
942,0.4268275727326717
943,0.31831044401066233
944,0.6549357857138547
945,0.7981484323112411
946,0.0893927753701996
947,0.2879357122656377
948,0.7329622643447941
949,0.7383077499109534
950,0.3368827837166685
951,0.5472396207816155
952,0.14911236081793805
953,0.27159714139871216
954,0.22586157704936974
955,0.5806944024597256
956,0.8806602988709549
957,0.2504247965924882
958,0.3738319052116383
959,0.7899805021857929
960,0.5112192965961015
961,0.6370899722703236
962,0.6826982162697179
963,0.197144216603157
964,0.6316224844979519
965,0.10927391065612332
966,0.1019912623131233
967,0.6234075840544663
968,0.5155688884727194
969,0.6179644692944459
970,0.8061874474923749
971,0.4705374896667994
972,0.5654279396262905
973,0.4492447852767637
974,0.0616209176792331
975,0.4441310176357044
976,0.014560279302930263
977,0.1560653618721269
978,0.41674737630572617
979,0.5486684609098653
980,0.5279428700047317
981,0.054413133645760864
982,0.21420277292883694
983,0.03663863086833494
984,0.5118761310484718
985,0.07127680493994802
986,0.5712705912415363
987,0.2450503923275363
988,0.21451384823041364
989,0.7775132260985479
990,0.7186839951629318
991,0.07118954709097552
992,0.6818416548218176
993,0.4792042046159074
994,0.653549998836216
995,0.6491051121937983
996,0.4292800291562372
997,0.8207345180997841
998,0.6036164464920835
999,0.2386712171837971
1000,0.7413966865208016
1001,0.37368863656842666
1002,0.4039709366307905
1003,0.24493364798425685
1004,0.433666742474246
1005,0.4504349428466802
1006,0.5252250777797927
1007,0.7029231989793838
1008,0.08801883762929041
1009,0.5170972929892818
1010,0.7979449518239986
1011,0.5126810413520635
1012,0.08327593931338913
1013,0.5168402282850302
1014,0.6123845720719021
1015,0.02123453804357485
1016,0.7994100313398841
1017,0.6409568182704184
1018,0.6934469837414616
1019,0.15767261325720305
1020,0.2620648464899009
1021,0.0475940655523716
1022,0.525462274315114
1023,0.3375092290823185
1024,0.18276760011854706
1025,0.5543478625236173
1026,0.8229085503956163
1027,0.29888427112848964
1028,0.3350333725066075
1029,0.21893248591127587
1030,0.5312601148093695
1031,0.5734832611312966
1032,0.6288113725940838
1033,0.2523044663425085
1034,0.906827930552121
1035,0.07788050397556913
1036,0.4085322534979955
1037,0.04376666520715364
1038,0.25325779162641343
1039,0.2971864667818485
1040,0.3798171592267219
1041,0.6676959127910435
1042,0.10425054933794824
1043,0.3642222348531083
1044,0.5696545388639708
1045,0.16710825697524748
1046,0.10189766568456056
1047,0.6756030208418916
1048,0.6728703070112639
1049,0.3303892991324837
1050,0.667379291248565
1051,0.5741144076106023
1052,0.634133399218378
1053,0.5487871903897036
1054,0.3791843347856927
1055,0.6075544947457899
1056,0.16914272514083398
1057,0.7840531935553062
1058,0.1822607509008019
1059,0.6573920624071672
1060,0.4389452337736756
1061,0.791960845253647
1062,0.41161574865547584
1063,0.454344542160801
1064,0.2656694115936469
1065,0.5768549723686589
1066,0.505818439953005
1067,0.4622130531806592
1068,0.7353591092399698
1069,0.20611266868735875
1070,0.1283884611590106
1071,0.035459233665095014
1072,0.8561626751459639
1073,0.2581271323172553
1074,0.031017284516349764
1075,0.6694986626014386
1076,0.7611795470522029
1077,0.6600713216289533
1078,0.14080294120999648
1079,0.13585604878843338
1080,0.32481747632317903
1081,0.8603386319624119
1082,0.3495490122089647
1083,0.3850535773416533
1084,0.38546357422027855
1085,0.0876838888135475
1086,0.7627597271378557
1087,0.6155129350677567
1088,0.5292653068670307
1089,0.4141128182787504
1090,0.31498549948119725
1091,0.4667195083721784
1092,0.4584966227740877
1093,0.8443568785274416
1094,0.183029698672516
1095,0.3562555679705565
1096,0.5109055560743638
1097,0.4529254461256403
1098,0.5402818742609224
1099,0.3609307552552088
1100,0.1835931680045836
1101,0.5500329563511144
1102,0.7608825278905847
1103,0.21801071765156674
1104,0.15111328369570526
1105,0.65087935108851
1106,0.5717851981966027
1107,0.11435835435076233
1108,0.04650729798164671
1109,0.0437112085037908
1110,0.09819690763327274
1111,0.2836333292513076
1112,0.2666250099894404
1113,0.5581479957486923
1114,0.6990314082041678
1115,0.5824395285944945
1116,0.5971308715497111
1117,0.2844293025708467
1118,0.3872854961682935
1119,0.17083014171493272
1120,0.6043401957793145
1121,0.3144160106059616
1122,0.5067214856755871
1123,0.29430434161339114
1124,0.32592751909991113
1125,0.7057258128270222
1126,0.11095208257757364
1127,0.10676686394205397
1128,0.4173767502908512
1129,0.00946603895327115
1130,0.5799056953112726
1131,0.4969318374268296
1132,0.3313323232148502
1133,0.7064380285466867
1134,0.8583296904766549
1135,0.009042249691802387
1136,0.5632767344094218
1137,0.6274390682144245
1138,0.5004140188220898
1139,0.6782333526807212
1140,0.8305873820167713
1141,0.4305035107758677
1142,0.3393249205575221
1143,0.5700178576693486
1144,0.0023608779658222303
1145,0.4076643884638821
1146,0.4421156050770063
1147,0.5321570791057192
1148,0.5340938465274989
1149,0.421043631344124
1150,0.29130923759559274
1151,0.6765748297697786
1152,0.664288727731375
1153,0.16620631762494878
1154,0.2749881048278261
1155,0.8055551120188784
1156,0.4884187642662409
1157,0.6065879022828962
1158,0.2785132984062349
1159,0.2870619916656276
1160,0.4556715159972877
1161,0.5705470014741667
1162,0.4817212213421934
1163,0.17381667032795572
1164,0.6137197585261704
1165,0.9490413681424946
1166,0.16987730321603015
1167,0.6077670056715523
1168,0.6570371112790254
1169,0.04580229910149077
1170,0.7683202778941192
1171,0.6838749098714225
1172,0.06546916684918394
1173,0.12015309926041362
1174,0.3412896337340373
1175,0.4265912725542025
1176,0.2501685274329045
1177,0.24266760342967625
1178,0.10722220569212904
1179,0.3827444649699909
1180,0.455117570654031
1181,0.05627894440487994
1182,0.29795998636632104
1183,0.9269734705745132
1184,0.08652355807165713
1185,0.7917674835800493
1186,0.4753340871866309
1187,0.19491460367697666
1188,0.5350083137708288
1189,0.2385956313452756
1190,0.1565460421495794
1191,0.2893328126159937
1192,0.4792276591940159
1193,0.5547426188779412
1194,0.010445230956223643
1195,0.17429791639600611
1196,0.2050948116122251
1197,0.1216206290519892
1198,0.7688835807225187
1199,0.693586843625948
1200,0.8896271376357443
1201,0.30534474107748405
1202,0.015380799809312003
1203,0.4651377358704534
1204,0.6739087216817551
1205,0.0217908762184327
1206,0.7273090224558947
1207,0.4643244937767913
1208,0.4490602997748073
1209,0.7071167206492703
1210,0.08358524722164043
1211,0.051800760760638775
1212,0.07511125010728836
1213,0.045477517700445814
1214,0.5348435652172593
1215,0.7655926798423647
1216,0.057446415688616415
1217,0.7997327146655759
1218,0.5254041116131725
1219,0.22621177871213205
1220,0.0642749910719154
1221,0.302979029066796
1222,0.15953837318158876
1223,0.24459208072206634
1224,0.5604191812578594
1225,0.48857379593249606
1226,0.2851211029558407
1227,0.7235747700786703
1228,0.17049401308688167
1229,0.40966797180135095
1230,0.010304555338201736
1231,0.07472825411721923
1232,0.6017878276254538
1233,0.6212694722436751
1234,0.539511468557875
1235,0.5464213367233148
1236,0.4214526679745909
1237,0.6672624456640536
1238,0.34826460051452296
1239,0.2642142673146366
1240,0.047508259295279985
1241,0.3741783767600012
1242,0.5648870192090618
1243,0.8186477663529658
1244,0.4205034226008054
1245,0.428978612201004
1246,0.5991720012410555
1247,0.6201028040625179
1248,0.07522386530590403
1249,0.029492112382707256
1250,0.7167761224514113
1251,0.4533845080024008
1252,0.7627586446440979
1253,0.2265426162197625
1254,0.6536092655856338
1255,0.31152719511426635
1256,0.6079263761033132
1257,0.40500029731079995
1258,0.352099268855526
1259,0.7711816226407398
1260,0.35806712354665204
1261,0.6319503915739324
1262,0.7393104603526304
1263,0.4546273267809954
1264,0.1910004655011287
1265,0.3768839275159837
1266,0.371191806083988
1267,0.06336601720091688
1268,0.32821501933291225
1269,0.470625720567675
1270,0.6478410949817597
1271,0.7619314954395375
1272,0.17447582685633173
1273,0.4908482809770134
1274,0.5761744658924582
1275,0.564587339746572
1276,0.7419577322484454
1277,0.6308041785322116
1278,0.05058069069199825
1279,0.6411304453231976
1280,0.4373864948478625
1281,0.4798274517923954
1282,0.5938406452723546
1283,0.5956823828970053
1284,0.6101271920521825
1285,0.26196148432127103
1286,0.523875329188115
1287,0.4209501728383169
1288,0.09359359919979324
1289,0.3638926992349593
1290,0.7972808211221241
1291,0.7196040387991649
1292,0.2510632378980465
1293,0.7843767134292556
1294,0.4076685410682529
1295,0.5547401000762328
1296,0.25961841485518905
1297,0.3362511633232456
1298,0.012532176628150812
1299,0.0196178864216812
1300,0.1973284165923866
1301,0.11187383589242744
1302,0.3579346951431712
1303,0.5723051812172397
1304,0.03663518915229469
1305,0.4771570079500206
1306,0.43470639428043467
1307,0.019003667176859727
1308,0.1152506861137212
1309,0.6047693923419182
1310,0.04172277728189056
1311,0.5768164836412878
1312,0.6436312006985232
1313,0.58358009344375
1314,0.06883881350052844
1315,0.28325688513020497
1316,0.6205485721176984
1317,0.3926137942152667
1318,0.15191113502948494
1319,0.5866506761048168
1320,0.03402095508495826
1321,0.7594249687903237
1322,0.12390579513969766
1323,0.20473096810773614
1324,0.4905865813566997
1325,0.2557738850025976
1326,0.3438378945196416
1327,0.5587927590824739
1328,0.28199912027549784
1329,0.7332252299620237
1330,0.5141817113242968
1331,0.33060873447558137
1332,0.4709509887625562
1333,0.23924956225988564
1334,0.3286874130175473
1335,0.05927969587794321
1336,0.6151347780328055
1337,0.2871460936169607
1338,0.1653771557665148
1339,0.3541761930276989
1340,0.3979817291419329
1341,0.2484937267478045
1342,0.3921009168700131
1343,0.4748104184518547
1344,0.2858976767484951
1345,0.7895544091418988
1346,0.07134853521574826
1347,0.2726559274017729
1348,0.6268992908114346
1349,0.7374313123231214
1350,0.00813158979017773
1351,0.7091750376799499
1352,0.14910823164459208
1353,0.465213971783677
1354,0.5726584768988295
1355,0.0322782104658612
1356,0.6560880597782107
1357,0.07161114212914116
1358,0.6843372601726984
1359,0.3274574536524937
1360,0.628646014947595
1361,0.5019428305642063
1362,0.2927239881239241
1363,0.3242239588462712
1364,0.4979545987097188
1365,0.2396569050783515
1366,0.1933107957329033
1367,0.09920735839675836
1368,0.3588362487195688
1369,0.3333641228757753
1370,0.13010774331918254
1371,0.13055474422463936
1372,0.3747432768014896
1373,0.08725837359132424
1374,0.7480949064842612
1375,0.2118690857359537
1376,0.1283703508948606
1377,0.18821584021680127
1378,0.4471974356781823
1379,0.372847557853375
1380,0.6160430037307323
1381,0.5693327626571683
1382,0.4925236374576464
1383,0.6948254009244411
1384,0.25002428545833955
1385,0.12211143108873244
1386,0.16210495685792586
1387,0.27589766051843234
1388,0.25057462488771776
1389,0.06733081614794903
1390,0.654719797593615
1391,0.3159171929234458
1392,0.58154898011447
1393,0.025627814638874268
1394,0.3547162901731977
1395,0.08780463056327903
1396,0.18413711859748588
1397,0.15003546999099798
1398,0.4675495138252322
1399,0.8427234172255407
1400,0.10202436766745243
1401,0.5514488401703579
1402,0.1984125523592236
1403,0.3111486523734882
1404,0.011938873233586923
1405,0.23213252846993354
1406,0.3874178233821325
1407,0.6453180032378825
1408,0.1687783174595176
1409,0.12460071171436644
1410,0.6353755504217478
1411,0.4201287209942178
1412,0.20738154096513972
1413,0.1317658035502865
1414,0.3258595754144881
1415,0.1576256726480049
1416,0.4564305109372403
1417,0.4392745828354031
1418,0.6480319864575872
1419,0.6439150621528731
1420,0.4713208671422017
1421,0.05401910756232872
1422,0.036167576727264984
1423,0.5041757833242198
1424,0.3935071513046732
1425,0.12601932908727742
1426,0.455023491038069
1427,0.16508812128951686
1428,0.7447609761037481
1429,0.08727416412574511
1430,0.08013724563716257
1431,0.2591021460431676
1432,0.31316163993713103
1433,0.010644916649231909
1434,0.5967896349366706
1435,0.25448988479359524
1436,0.6390394887500217
1437,0.7460874619008695
1438,0.5692133115593094
1439,0.3365860433691089
1440,0.02168465031853805
1441,0.30630913140767835
1442,0.6554710895136695
1443,0.3862398226354787
1444,0.6991976623131719
1445,0.43500971759703055
1446,0.2185557196691343
1447,0.39687505388581296
1448,0.2406584044367795
1449,0.5767674291625141
1450,0.5370569713176341
1451,0.3981698642094662
1452,0.9033182178191166
1453,0.6603238374467186
1454,0.08679220311510401
1455,0.09018089672498776
1456,0.8430792540935628
1457,0.1388143065694342
1458,0.1407763151966677
1459,0.39186793850323104
1460,0.02347576430041317
1461,0.40940027011562574
1462,0.7159596771351904
1463,0.8823406922260981
1464,0.5661866940964307
1465,0.3127296328520465
1466,0.14484881674188615
1467,0.5024660448070445
1468,0.5847722838491782
1469,0.09827778352768456
1470,0.5991418197040681
1471,0.6909228525525557
1472,0.4505128566538647
1473,0.7001957933770864
1474,0.8480404413761881
1475,0.16660494449492402
1476,0.7318323184922615
1477,0.5365819712555686
1478,0.5952694495506365
1479,0.5252206125412588
1480,0.1149440768245813
1481,0.03287418192419557
1482,0.5281283069034542
1483,0.0030973765706828124
1484,0.6000580930264205
1485,0.2899636030664479
1486,0.16000976085928095
1487,0.5676300075978107
1488,0.4743326972811458
1489,0.19231745881390644
1490,0.38611060539738057
1491,0.6336614428837761
1492,0.12518021930005482
1493,0.5276171566137813
1494,0.8507236411976611
1495,0.29681945346489325
1496,0.19400534485965013
1497,0.07702052932120608
1498,0.02338010250129112
1499,0.24329954760481415
1500,0.6274370188741782
1501,0.8422540572833488
1502,0.7525566136751201
1503,0.739433970943843
1504,0.2500079491668422
1505,0.13382612059399093
1506,0.7362662707409771
1507,0.7647359725909001
1508,0.1429710459245737
1509,0.7792144024534917
1510,0.5781224647133016
1511,0.06809796358960385
1512,0.306110475569014
1513,0.4917359417456138
1514,0.3879724046594117
1515,0.24360369239076204
1516,0.7128712767795427
1517,0.15141591988765948
1518,0.4735726862223335
1519,0.7774762235736846
1520,0.33301987424871426
1521,0.5643230028533888
1522,0.21275534730292134
1523,0.4626141567792287
1524,0.7152987486687008
1525,0.7234274458209875
1526,0.6968124695642012
1527,0.18541892722389447
1528,0.03670961865558568
1529,0.10259393717529244
1530,0.5291323713116476
1531,0.33240717049479634
1532,0.18465505339984487
1533,0.1190598546381592
1534,0.18325064308448066
1535,0.007320568144015681
1536,0.578553768205784
1537,0.5018560161332435
1538,0.5049688716123217
1539,0.8584460958291658
1540,0.4457351366745262
1541,0.7416858445152429
1542,0.8241056900410075
1543,0.4564600139181759
1544,0.7306910362503489
1545,0.930245401179896
1546,0.4284545437045397
1547,0.39707867074249775
1548,0.2558493944553821
1549,0.1591456495444735
1550,0.5587000346302229
1551,0.4575263159744879
1552,0.8060320749874479
1553,0.6441552694528456
1554,0.23562613630477114
1555,0.6179198065619661
1556,0.5625739344310889
1557,0.16061975647905102
1558,0.12960706821388754
1559,0.3343376372526737
1560,0.6332458221319365
1561,0.5214144019284745
1562,0.7216004773393612
1563,0.4696100797393016
1564,0.7641822839591914
1565,0.6015443283687004
1566,0.3525737999928108
1567,0.6394257403749688
1568,0.40540032784684205
1569,0.589619660431666
1570,0.5697007036038197
1571,0.34651835044528245
1572,0.6917693180787176
1573,0.4858670981081873
1574,0.2698361688953152
1575,0.6478755735434307
1576,0.7312357987860196
1577,0.7713168353227267
1578,0.2107667341922912
1579,0.3937626758026378
1580,0.5144933770750555
1581,0.7088746848606604
1582,0.3319224918640712
1583,0.5416274205464414
1584,0.3766039273063872
1585,0.4201881577504271
1586,0.05994444999848132
1587,0.1623175046582584
1588,0.1639938594026098
1589,0.7174443833564423
1590,0.20458342572402996
1591,0.14714770215100392
1592,0.22027552116231724
1593,0.2277781924809373
1594,0.10799273801666973
1595,0.0244925495179134
1596,0.3715205252635352
1597,0.2562394036987037
1598,0.4857719759803757
1599,0.3905092054114132
1600,0.8104882720303483
1601,0.0067765608505645355
1602,0.7867690469879103
1603,0.7784514618796009
1604,0.3783287580231471
1605,0.8083247906795645
1606,0.35463668483933003
1607,0.14256993467319615
1608,0.6155607902772312
1609,0.40252780769265584
1610,0.8763690852220387
1611,0.15654893377192994
1612,0.7000921509310181
1613,0.6794866834274145
1614,0.3157765602545505
1615,0.8294233824241055
1616,0.06512846796029648
1617,0.5497638693620661
1618,0.16931376710322454
1619,0.8035061587643682
1620,0.5109063438476684
1621,0.06694629580846168
1622,0.4993551899548486
1623,0.12300313092437025
1624,0.6560800476503088
1625,0.18502481780489166
1626,0.3858927183873022
1627,0.4849709756970348
1628,0.4018954305830808
1629,0.2844561855999742
1630,0.013290076219381192
1631,0.373589351544634
1632,0.5555039932669095
1633,0.15375956688317005
1634,0.19078560766718544
1635,0.7646506946059899
1636,0.2652806966885796
1637,0.06009391583790405
1638,0.02227730873283391
1639,0.30371089368655657
1640,0.4044797497039782
1641,0.529703026875592
1642,0.24264707181577044
1643,0.2932481156150608
1644,0.3193421511025756
1645,0.5600570454983633
1646,0.7388550805339409
1647,0.4969819895182641
1648,0.3673575383573279
1649,0.06655836301496883
1650,0.5600409729354789
1651,0.026580283340403563
1652,0.4805037259094321
1653,0.7631390655130387
1654,0.0013854563376688757
1655,0.34774001483850125
1656,0.3952652110773975
1657,0.15977558224878774
1658,0.1452939856596365
1659,0.4792362262136096
1660,0.010337213542970534
1661,0.8523205131173824
1662,0.4118724267558929
1663,0.041538510644918515
1664,0.2594591518924231
1665,0.6398771251095173
1666,0.6910747240952517
1667,0.5874041578030531
1668,0.4036281222502738
1669,0.1581553910852837
1670,0.09115010407953797
1671,0.3018578041402976
1672,0.8065113865329633
1673,0.4157007653047959
1674,0.04410860205424312
1675,0.3502584660535801
1676,0.838625973885473
1677,0.0506858241207209
1678,0.3213488404086394
1679,0.06240224822429093
1680,0.3523135673144858
1681,0.15108637390280522
1682,0.046930286182787384
1683,0.2686905514606672
1684,0.4154801413134669
1685,0.2435549518205096
1686,0.8879513020621872
1687,0.570561076412224
1688,0.5379441449498128
1689,0.35632563521636185
1690,0.2166784350560586
1691,0.26071507373788205
1692,0.12946839476295732
1693,0.004136962576456887
1694,0.4429593965991199
1695,0.2413184926127142
1696,0.583093159795039
1697,0.4565083037672328
1698,0.185510133927277
1699,0.2324641099711415
1700,0.3835090259112789
1701,0.12429404679297272
1702,0.3595391371076896
1703,0.9040453699787744
1704,0.4978013429658684
1705,0.7322336623632726
1706,0.08040004287589332
1707,0.3154422224099327
1708,0.12767044947206072
1709,0.1592639047106822
1710,0.7034999167749441
1711,0.41888296697893374
1712,0.05390371437762263
1713,0.5005352961285333
1714,0.6158780400808096
1715,0.6722809731262374
1716,0.4741050467590771
1717,0.516876718808503
1718,0.19221133070105292
1719,0.3594473826858505
1720,0.5501489245099188
1721,0.6523867262453363
1722,0.431336116602541
1723,0.7043328731917097
1724,0.4888098658624047
1725,0.14862995549019506
1726,0.3075760587751725
1727,0.422043545547008
1728,0.6854746390133422
1729,0.18024577465773764
1730,0.1964728970894736
1731,0.7772041430411434
1732,0.4698592662691181
1733,0.5642776433291221
1734,0.6160087509697765
1735,0.16982443385389856
1736,0.34459023183053583
1737,0.4600544132096246
1738,0.16292486932606734
1739,0.5448777471402522
1740,0.3911295031718102
1741,0.6570229782773971
1742,0.24240013534124796
1743,0.8200238741996897
1744,0.426884311170864
1745,0.15221270377222798
1746,0.4781176331455122
1747,0.7214703461657891
1748,0.34464516497739034
1749,0.1148968264937781
1750,0.5049804103596718
1751,0.5578203366232996
1752,0.13834554354300138
1753,0.13121054260696688
1754,0.4266467179607425
1755,0.16262459054744952
1756,0.4529873107188324
1757,0.08315675554725037
1758,0.2727160730098099
1759,0.24969249573553254
1760,0.10300677095094048
1761,0.5229460669850847
1762,0.1825219855598449
1763,0.18104690876520765
1764,0.8035941948513987
1765,0.4767396345469172
1766,0.4024989857057588
1767,0.6869411994030004
1768,0.2638361912322768
1769,0.8817196939417438
1770,0.6342796535154974
1771,0.5504299298070873
1772,0.6428482157206719
1773,0.09950051917328867
1774,0.8487390644341272
1775,0.2070799269632716
1776,0.4106933823729784
1777,0.4401366667280936
1778,0.7460777084540378
1779,0.5938857713738093
1780,0.724384918378993
1781,0.3112712405901041
1782,0.12897114690719524
1783,0.7566401517529129
1784,0.2692599459358645
1785,0.32267059754819816
1786,0.43657075122328304
1787,0.6598839876538076
1788,0.4047323929191802
1789,0.5166757946819625
1790,0.3637101525397408
1791,0.32302088492055203
1792,0.7431730489611091
1793,0.5333601994130089
1794,0.6287709799373723
1795,0.6217002971973974
1796,0.15480575612111316
1797,0.10482007475533048
1798,0.35277916656841657
1799,0.19800901971073945
1800,0.5342625215939236
1801,0.3945949697649505
1802,0.13568934717190465
1803,0.6977273898061076
1804,0.4363247152096704
1805,0.3370496439706527
1806,0.5139061038021555
1807,0.3970016142177775
1808,0.6484829965501551
1809,0.2291572796564255
1810,0.2353064608506906
1811,0.3643816721129275
1812,0.573180036099439
1813,0.7362735669740841
1814,0.6934514187265678
1815,0.84789196101164
1816,0.3270070756494733
1817,0.2333189815005844
1818,0.302472581765352
1819,0.5908239124722083
1820,0.8717897583781853
1821,0.2936247160424404
1822,0.3468743540815104
1823,0.6591262825746455
1824,0.018867516899652728
1825,0.21171478864985266
1826,0.15892137493548664
1827,0.12380383821494376
1828,0.25927840719045264
1829,0.16208448553319327
1830,0.32966994494635643
1831,0.6958859470270702
1832,0.006645258462896559
1833,0.34821135459705505
1834,0.3452878980820732
1835,0.30047409839894723
1836,0.08150539802927834
1837,0.9216146271998518
1838,0.6498904832249051
1839,0.7361340831422003
1840,0.3603277338469991
1841,0.14113840975646047
1842,0.08892217990600887
1843,0.2312151826405569
1844,0.04889594904152558
1845,0.5681936195964421
1846,0.48721093904971
1847,0.8428058042256824
1848,0.8122812063328402
1849,0.236132952936848
1850,0.4665026385678119
1851,0.12992525655116385
1852,0.5034174061041693
1853,0.32300937600420804
1854,0.12413787178066307
1855,0.8615621488911669
1856,0.8226270158986559
1857,0.09920110743181113
1858,0.7130083254666046
1859,0.29189622160351364
1860,0.039619089332852776
1861,0.09146925087050883
1862,0.7632420387971027
1863,0.8231757670436528
1864,0.3792279948096623
1865,0.046870100750044205
1866,0.11267062648826999
1867,0.12432159167309627
1868,0.6118932887375296
1869,0.8655351778186956
1870,0.3468511610800562
1871,0.024377628748315304
1872,0.4586657791220744
1873,0.20807280989607355
1874,0.16036773173997015
1875,0.3370660802335997
1876,0.09471574772469712
1877,0.6856032856425607
1878,0.5766630741287191
1879,0.23642580061866314
1880,0.4537696648446876
1881,0.19727272978056712
1882,0.00528935025928276
1883,0.3276044392485674
1884,0.1356409156733665
1885,0.11093329984806063
1886,0.2464081542970287
1887,0.7785128098488558
1888,0.3921770867575135
1889,0.5298303150066168
1890,0.3969513399017031
1891,0.2711645702309232
1892,0.596212213651798
1893,0.2754994385928301
1894,0.1777435450348011
1895,0.6741363219528581
1896,0.12080858240231986
1897,0.1242345068467694
1898,0.4797526353326942
1899,0.3838725533038744
1900,0.7739123684898609
1901,0.6475666811783964
1902,0.6247263245421308
1903,0.5760918348038186
1904,0.616293693750736
1905,0.12787138396810727
1906,0.7026635825625662
1907,0.212217427116933
1908,0.6587480488257751
1909,0.4490468478468607
1910,0.08527024114795317
1911,0.49505216300446897
1912,0.33618780372061435
1913,0.3651834063666307
1914,0.5503830125930465
1915,0.5046272435429864
1916,0.862553527055451
1917,0.4812196592318133
1918,0.1553677976412643
1919,0.4812523570755473
1920,0.4054825838583721
1921,0.058334388427883486
1922,0.4142608539439056
1923,0.6158720144316191
1924,0.28853656524018884
1925,0.16413596480028436
1926,0.4775514408815276
1927,0.1888238322715957
1928,0.22044613719730632
1929,0.6514830618992579
1930,0.7288707779619018
1931,0.5606607675230602
1932,0.28504214295958724
1933,0.21596508323952898
1934,0.7369230148028968
1935,0.4054453138410696
1936,0.14310972882327386
1937,0.03161772327063664
1938,0.5218700309252389
1939,0.06505633044611657
1940,0.2449585111107517
1941,0.3305147653452717
1942,0.17178770125187448
1943,0.39754352156133865
1944,0.7628000372784616
1945,0.035331369703945265
1946,0.3815384401654014
1947,0.09284651131253843
1948,0.3514391080263937
1949,0.32743970385210514
1950,0.618501115565331
1951,0.7813989361553104
1952,0.2235126620831056
1953,0.3649482896373203
1954,0.5040009795196649
1955,0.7583125765745805
1956,0.7015733577359262
1957,0.4310653951293041
1958,0.056716336506159114
1959,0.3510804165217977
1960,0.14798026910817752
1961,0.8038465481546797
1962,0.2100369561289207
1963,0.13650974798797494
1964,0.6458625299977798
1965,0.4452245892894357
1966,0.7390921394981647
1967,0.04969675830905898
1968,0.6121366725587626
1969,0.6693532732084051
1970,0.3674739653216961
1971,0.2965431223588188
1972,0.6510694655175391
1973,0.7143632036105745
1974,0.18312118889385065
1975,0.34789853396343345
1976,0.7433167685732497
1977,0.07125357956011498
1978,0.2286493788856673
1979,0.4561746393108099
1980,0.140107283458559
1981,0.4819269354221766
1982,0.2090186024762544
1983,0.6568025768721224
1984,0.3799962099881308
1985,0.17017653585774675
1986,0.6322331941200547
1987,0.3463099225965777
1988,0.0017842955809274335
1989,0.3359810308317627
1990,0.014760436202132098
1991,0.15896337866050564
1992,0.3550738976395497
1993,0.3357480167984401
1994,0.4397096972092512
1995,0.4863681813142169
1996,0.5600161561222405
1997,0.3753183594388712
1998,0.7333756222271943
1999,0.07433015626062882
