,value_per_image
0,-0.5675700306892395
1,-0.2797148823738098
2,-0.387656569480896
3,-0.3161367774009705
4,-0.4241778254508972
5,-0.2549707889556885
6,-0.34842541813850403
7,-0.3096820414066315
8,-0.3743540048599243
9,-0.26512211561203003
10,-0.3813167810440064
11,-0.29229652881622314
12,-0.2905496954917908
13,-0.4534759521484375
14,-0.30195367336273193
15,-0.34378889203071594
16,-0.4629822671413422
17,-0.27521663904190063
18,-0.3409467935562134
19,-0.4070539474487305
20,-0.2539442181587219
21,-0.2873128652572632
22,-0.2968858480453491
23,-0.2812516987323761
24,-0.2539442181587219
25,-0.36895501613616943
26,-0.2927731275558472
27,-0.37773397564888
28,-0.5637125968933105
29,-0.4198656678199768
30,-0.4759381711483002
31,-0.420311838388443
32,-0.3135921657085419
33,-0.4507648944854736
34,-0.24846383929252625
35,-0.2784554958343506
36,-0.3658517599105835
37,-0.3250872492790222
38,-0.5293766260147095
39,-0.2738120853900909
40,-0.32072997093200684
41,-0.3844711780548096
42,-0.5127735137939453
43,-0.3710534274578095
44,-0.3112894892692566
45,-0.3659085929393768
46,-0.3662664294242859
47,-0.3514069616794586
48,-0.3559163212776184
49,-0.28775590658187866
50,-0.4541563987731934
51,-0.3557530343532562
52,-0.34335076808929443
53,-0.4656440317630768
54,-0.20747938752174375
55,-0.2818021774291992
56,-0.2966673374176025
57,-0.3055238127708435
58,-0.3441210389137268
59,-0.2221633642911911
60,-0.2185689210891724
61,-0.4365213811397553
62,-0.31884077191352844
63,-0.3590152263641357
64,-0.4634404182434082
65,-0.2744309902191162
66,-0.4004802107810974
67,-0.3347514271736145
68,-0.24496038258075714
69,-0.25538814067840576
70,-0.23879678547382355
71,-0.33553385734558105
72,-0.3184899687767029
73,-0.25480741262435913
74,-0.3924184143543243
75,-0.4193692207336426
76,-0.5541184544563293
77,-0.36522039771080017
78,-0.3442484736442566
79,-0.3446187674999237
80,-0.3618794083595276
81,-0.35577893257141113
82,-0.5372549295425415
83,-0.3497166335582733
84,-0.425543874502182
85,-0.2942546010017395
86,-0.3841694593429565
87,-0.2671666145324707
88,-0.4215161204338074
89,-0.4839919209480286
90,-0.33610332012176514
91,-0.4174010157585144
92,-0.3967919051647186
93,-0.29001736640930176
94,-0.3443106114864349
95,-0.20462997257709506
96,-0.348105251789093
97,-0.3115918934345245
98,-0.3269421756267548
99,-0.4058374762535095
100,-0.2884609699249268
101,-0.3610659837722778
102,-0.2405169755220413
103,-0.33079925179481506
104,-0.3241289556026459
105,-0.4061611294746399
106,-0.3821893930435181
107,-0.5759727954864502
108,-0.3139796257019043
109,-0.30547696352005005
110,-0.523915708065033
111,-0.2900063395500183
112,-0.4077663421630859
113,-0.21649353206157684
114,-0.2423671931028366
115,-0.3423305451869965
116,-0.4875830709934234
117,-0.28122732043266296
118,-0.27914881706237793
119,-0.40119218826293945
120,-0.4592292904853821
121,-0.33275800943374634
122,-0.27727100253105164
123,-0.3342753350734711
124,-0.3974112868309021
125,-0.389117568731308
126,-0.3626958429813385
127,-0.26846688985824585
128,-0.2348823845386505
129,-0.3577505648136139
130,-0.38971975445747375
131,-0.37431564927101135
132,-0.249967023730278
133,-0.3242552876472473
134,-0.4365083575248718
135,-0.4207425713539124
136,-0.38532689213752747
137,-0.30286282300949097
138,-0.5011361837387085
139,-0.378072202205658
140,-0.33507758378982544
141,-0.2707003057003021
142,-0.4628872275352478
143,-0.2947918772697449
144,-0.3431455194950104
145,-0.4168238639831543
146,-0.2362625598907471
147,-0.3787040114402771
148,-0.28548169136047363
149,-0.3018111884593964
150,-0.3796798586845398
151,-0.4828341901302338
152,-0.297846257686615
153,-0.3969597518444061
154,-0.4275236129760742
155,-0.2826797366142273
156,-0.2936766743659973
157,-0.4253866076469421
158,-0.2257927656173706
159,-0.3907931447029114
160,-0.5632513761520386
161,-0.3469259738922119
162,-0.3397873640060425
163,-0.3000766932964325
164,-0.33138352632522583
165,-0.4913697242736816
166,-0.3391355574131012
167,-0.30904078483581543
168,-0.2402085065841675
169,-0.34635162353515625
170,-0.4721914827823639
171,-0.5035268664360046
172,-0.2967521548271179
173,-0.39590734243392944
174,-0.32407334446907043
175,-0.4086164832115173
176,-0.28861114382743835
177,-0.3131683468818665
178,-0.582158088684082
179,-0.36236730217933655
180,-0.1937468945980072
181,-0.3484237492084503
182,-0.31227853894233704
183,-0.3968731462955475
184,-0.36322641372680653
185,-0.4556404054164887
186,-0.5452643632888794
187,-0.3839699923992157
188,-0.7568601369857788
189,-0.3379925787448883
190,-0.3792974054813385
191,-0.243842214345932
192,-0.3663884997367859
193,-0.3892140984535217
194,-0.4874521195888519
195,-0.31179279088974
196,-0.25662797689437866
197,-0.22570252418518064
198,-0.3759399950504303
199,-0.3531607985496521
200,-0.302662193775177
201,-0.235877588391304
202,-0.4246563315391541
203,-0.349202960729599
204,-0.4560333788394928
205,-0.3452412188053131
206,-0.2385680377483368
207,-0.2845683991909027
208,-0.5383733510971069
209,-0.2586086392402649
210,-0.4002793729305267
211,-0.2537968754768372
212,-0.4048989415168762
213,-0.3050310611724853
214,-0.4044086933135986
215,-0.436805784702301
216,-0.2669941782951355
217,-0.3063157498836517
218,-0.3753915429115296
219,-0.3441634774208069
220,-0.2565515637397766
221,-0.39344358444213867
222,-0.4431160092353821
223,-0.251058965921402
224,-0.4272910058498383
225,-0.2684234380722046
226,-0.2624940276145935
227,-0.4794413447380066
228,-0.2704713046550751
229,-0.32314783334732056
230,-0.44441694021224976
231,-0.3367118537425995
232,-0.34268349409103394
233,-0.32884714007377625
234,-0.2922621667385101
235,-0.5058429837226868
236,-0.3854594826698303
237,-0.280871719121933
238,-0.24352964758872986
239,-0.4402548670768738
240,-0.3455944061279297
241,-0.3129794001579285
242,-0.6646769046783447
243,-0.4457259774208069
244,-0.28055939078330994
245,-0.3230944275856018
246,-0.24709486961364746
247,-0.3197286128997803
248,-0.2363704442977905
249,-0.25851115584373474
250,-0.3533436954021454
251,-0.4184819161891937
252,-0.4401668608188629
253,-0.3781697154045105
254,-0.2854661047458649
255,-0.3125547766685486
256,-0.2856557965278625
257,-0.2833455502986908
258,-0.4860491752624512
259,-0.4873466491699219
260,-0.431407630443573
261,-0.3746665120124817
262,-0.34524428844451904
263,-0.3824014067649841
264,-0.304737389087677
265,-0.2158472239971161
266,-0.3007126450538635
267,-0.4505767822265625
268,-0.2749893069267273
269,-0.3449099063873291
270,-0.4444257318973541
271,-0.4050205647945404
272,-0.35035964846611023
273,-0.26595842838287354
274,-0.4266430735588074
275,-0.3346050977706909
276,-0.4410165846347809
277,-0.3209616541862488
278,-0.2632808983325958
279,-0.4879158437252045
280,-0.2485071122646332
281,-0.26291367411613464
282,-0.7265692949295044
283,-0.2636210322380066
284,-0.3862584829330444
285,-0.41188517212867737
286,-0.7096295356750488
287,-0.4466354250907898
288,-0.3509633541107178
289,-0.3324036002159119
290,-0.3107966780662537
291,-0.26729637384414673
292,-0.465548038482666
293,-0.2436611354351044
294,-0.3931972682476044
295,-0.3788982331752777
296,-0.24902915954589844
297,-0.4197805523872376
298,-0.46320495009422297
299,-0.3375760614871979
300,-0.2829305231571197
301,-0.3780079483985901
302,-0.2979133129119873
303,-0.5713436603546143
304,-0.3636643290519713
305,-0.325907438993454
306,-0.38973888754844666
307,-0.2971804738044739
308,-0.3179175853729248
309,-0.37969252467155457
310,-0.3901282548904419
311,-0.4104789197444916
312,-0.3670858144760132
313,-0.30581220984458923
314,-0.32861319184303284
315,-0.508902907371521
316,-0.22435803711414334
317,-0.6337489485740662
318,-0.4954403340816498
319,-0.2849337160587311
320,-0.4622007012367249
321,-0.5245543718338013
322,-0.6133752465248108
323,-0.3106082081794739
324,-0.2793056964874268
325,-0.3057514429092407
326,-0.3637242019176483
327,-0.34838175773620605
328,-0.3335095942020416
329,-0.2735497355461121
330,-0.292093962430954
331,-0.35063233971595764
332,-0.3794866502285004
333,-0.2859907150268555
334,-0.2860747575759888
335,-0.35853299498558044
336,-0.31325966119766235
337,-0.4834256768226624
338,-0.3869069516658783
339,-0.3025712966918945
340,-0.352770060300827
341,-0.4479929506778717
342,-0.4622336328029633
343,-0.31015700101852417
344,-0.30593061447143555
345,-0.3466596007347107
346,-0.4282966554164887
347,-0.3161724507808685
348,-0.30611005425453186
349,-0.31988710165023804
350,-0.2839702665805817
351,-0.492673397064209
352,-0.3497565686702728
353,-0.2544063925743103
354,-0.5940760970115662
355,-0.3960445523262024
356,-0.2289929836988449
357,-0.31442517042160034
358,-0.23452553153038025
359,-0.26127451658248896
360,-0.3323196172714233
361,-0.401278167963028
362,-0.3232504427433014
363,-0.2761155664920807
364,-0.5239578485488892
365,-0.3623562157154083
366,-0.3300679326057434
367,-0.3194100260734558
368,-0.3584613502025604
369,-0.5105783939361572
370,-0.3545466959476471
371,-0.3916914761066437
372,-0.26417118310928345
373,-0.4331056475639343
374,-0.34826603531837463
375,-0.35874083638191223
376,-0.34309321641922
377,-0.3618012368679047
378,-0.42821162939071655
379,-0.24024739861488345
380,-0.3929512798786163
381,-0.3743236660957336
382,-0.4003776907920837
383,-0.34872859716415405
384,-0.401865303516388
385,-0.2906886637210846
386,-0.4665080606937408
387,-0.2648076415061951
388,-0.32261916995048523
389,-0.43520203232765203
390,-0.3979230523109436
391,-0.497467041015625
392,-0.3166046142578125
393,-0.30061572790145874
394,-0.3288605213165283
395,-0.4992627501487732
396,-0.43799448013305664
397,-0.19292455911636355
398,-0.3096096813678741
399,-0.4247449338436127
400,-0.2920762300491333
401,-0.3904949426651001
402,-0.3055649101734161
403,-0.20769989490509036
404,-0.2481294423341751
405,-0.3602708876132965
406,-0.3699660301208496
407,-0.3279251158237457
408,-0.5057072639465332
409,-0.37104782462120056
410,-0.4104844927787781
411,-0.5823985934257507
412,-0.29639485478401184
413,-0.3784993290901184
414,-0.3633791506290436
415,-0.3762925565242767
416,-0.4150044322013855
417,-0.271331787109375
418,-0.4197477698326111
419,-0.3173702359199524
420,-0.4215990900993347
421,-0.4791256785392761
422,-0.3494627177715301
423,-0.2584252953529358
424,-0.4382858276367188
425,-0.4138266444206238
426,-0.34653908014297485
427,-0.5396100878715515
428,-0.26511436700820923
429,-0.30318889021873474
430,-0.4176863729953766
431,-0.33344709873199463
432,-0.4897266328334808
433,-0.4146807789802551
434,-0.3040645122528076
435,-0.4915513396263122
436,-0.4809989035129547
437,-0.26269662380218506
438,-0.30275171995162964
439,-0.24988698959350586
440,-0.32127949595451355
441,-0.4403086304664612
442,-0.3147487938404083
443,-0.4147718548774719
444,-0.33234408497810364
445,-0.4023963809013367
446,-0.2751033306121826
447,-0.3556951284408569
448,-0.3184582889080048
449,-0.31818795204162603
450,-0.3110402524471283
451,-0.31656745076179504
452,-0.302126944065094
453,-0.1933009922504425
454,-0.2234583795070648
455,-0.4045838415622711
456,-0.33753713965415955
457,-0.3870722651481629
458,-0.39071378111839294
459,-0.3629414141178131
460,-0.2802876830101013
461,-0.3043769299983978
462,-0.4250461161136627
463,-0.2025030553340912
464,-0.3640284240245819
465,-0.31121328473091125
466,-0.3871864676475525
467,-0.5033811926841736
468,-0.4036013185977936
469,-0.4205915331840515
470,-0.20370273292064667
471,-0.2945338189601898
472,-0.3815026879310608
473,-0.4818536639213562
474,-0.2789390087127685
475,-0.2428421527147293
476,-0.3488866686820984
477,-0.26194170117378235
478,-0.3410596251487732
479,-0.3547443449497223
480,-0.2762977480888367
481,-0.631486713886261
482,-0.3560807108879089
483,-0.2829739451408386
484,-0.2880474925041199
485,-0.4280686974525452
486,-0.2608368694782257
487,-0.2864892780780792
488,-0.3899652361869812
489,-0.3270208239555359
490,-0.3826614022254944
491,-0.4110080599784851
492,-0.27453726530075073
493,-0.29992231726646423
494,-0.2706403732299805
495,-0.3244710862636566
496,-0.42446303367614746
497,-0.35885655879974365
498,-0.3948432803153992
499,-0.4643712639808655
500,-0.3237738013267517
501,-0.2864835560321808
502,-0.30469998717308044
503,-0.337266206741333
504,-0.3832719922065735
505,-0.2974297702312469
506,-0.4616928994655609
507,-0.4463602006435394
508,-0.4207751154899597
509,-0.5099033713340759
510,-0.325078159570694
511,-0.3709902465343475
512,-0.4283381104469299
513,-0.3032802641391754
514,-0.3737956583499909
515,-0.2694168984889984
516,-0.4630070626735687
517,-0.32309913635253906
518,-0.24611738324165344
519,-0.3355768322944641
520,-0.4084476828575134
521,-0.4219194054603577
522,-0.4751552045345306
523,-0.4281423091888428
524,-0.3059544563293457
525,-0.29713112115859985
526,-0.4101127982139587
527,-0.4289472699165344
528,-0.5515885353088379
529,-0.2991849184036255
530,-0.35702189803123474
531,-0.3035246431827545
532,-0.2951308190822601
533,-0.29984238743782043
534,-0.39214256405830383
535,-0.3757431507110596
536,-0.2659956812858581
537,-0.35414379835128784
538,-0.4516292214393616
539,-0.4850285649299622
540,-0.4327891767024994
541,-0.703123927116394
542,-0.3489505350589752
543,-0.42277461290359497
544,-0.4327200949192047
545,-0.3953437805175781
546,-0.26268190145492554
547,-0.46208310127258295
548,-0.3309193551540375
549,-0.3452374339103699
550,-0.4264042377471924
551,-0.4727828502655029
552,-0.3258722424507141
553,-0.5919349789619446
554,-0.2325814068317413
555,-0.40278321504592896
556,-0.3539875149726868
557,-0.4135085642337799
558,-0.2811538279056549
559,-0.44387441873550415
560,-0.5030244588851929
561,-0.37711650133132935
562,-0.2876696288585663
563,-0.4165826439857483
564,-0.37205639481544495
565,-0.3042610585689545
566,-0.4317379891872406
567,-0.4088083803653717
568,-0.33826667070388794
569,-0.26754361391067505
570,-0.4152621328830719
571,-0.3595423996448517
572,-0.3684435486793518
573,-0.5114423036575317
574,-0.4512427747249603
575,-0.5286627411842346
576,-0.4685108065605164
577,-0.3191713392734528
578,-0.4307864606380463
579,-0.4316855370998383
580,-0.3260795772075653
581,-0.33186131715774536
582,-0.4267561435699463
583,-0.42995485663414
584,-0.40798035264015203
585,-0.41614794731140137
586,-0.3326895833015442
587,-0.37123948335647583
588,-0.6751934289932251
589,-0.4418954849243164
590,-0.4013778269290924
591,-0.38086944818496704
592,-0.43571025133132935
593,-0.3888646960258484
594,-0.33975809812545776
595,-0.26688092947006226
596,-0.3222958445549011
597,-0.301436185836792
598,-0.4330027997493744
599,-0.4560505747795105
600,-0.2298349589109421
601,-0.4433983266353607
602,-0.2601017355918884
603,-0.7791589498519897
604,-0.4601880013942719
605,-0.3748033046722412
606,-0.3643952608108521
607,-0.3940633535385132
608,-0.3082431256771088
609,-0.30413568019866943
610,-0.45320487022399897
611,-0.3882052004337311
612,-0.3243564963340759
613,-0.348207026720047
614,-0.3319211304187775
615,-0.3382919430732727
616,-0.3157578706741333
617,-0.3247783780097961
618,-0.4965251982212066
619,-0.3923207819461823
620,-0.2710091471672058
621,-0.4340476095676422
622,-0.3076119720935821
623,-0.366747111082077
624,-0.3969822824001312
625,-0.2783141434192657
626,-0.42700910568237305
627,-0.2537856101989746
628,-0.3065852224826813
629,-0.3369765877723694
630,-0.31754305958747864
631,-0.3265121877193451
632,-0.3763578534126282
633,-0.4460644721984863
634,-0.2352808713912964
635,-0.33293241262435913
636,-0.4401768743991852
637,-0.4034424722194672
638,-0.5479167699813843
639,-0.2439205348491669
640,-0.3231417536735535
641,-0.4032715857028961
642,-0.21855907142162326
643,-0.3550185263156891
644,-0.36972734332084656
645,-0.31105247139930725
646,-0.27584511041641235
647,-0.2898586690425873
648,-0.4601085782051086
649,-0.4471855163574219
650,-0.3096025288105011
651,-0.3339263498783112
652,-0.444872796535492
653,-0.4010486602783203
654,-0.3694557249546051
655,-0.5672574639320374
656,-0.3926715850830078
657,-0.505445122718811
658,-0.3273179233074188
659,-0.2978762686252594
660,-0.4027709364891052
661,-0.390017032623291
662,-0.3739617168903351
663,-0.3280386030673981
664,-0.3505958020687103
665,-0.3962620794773102
666,-0.3636172413825989
667,-0.342200368642807
668,-0.2329578101634979
669,-0.2646397650241852
670,-0.3129257261753082
671,-0.4140007495880127
672,-0.3225952982902527
673,-0.3113171458244324
674,-0.4828381538391113
675,-0.4046887457370758
676,-0.41755956411361694
677,-0.2780298590660095
678,-0.37863558530807495
679,-0.33943673968315125
680,-0.2906085550785065
681,-0.249511793255806
682,-0.3411170542240143
683,-0.22386610507965088
684,-0.4232689440250397
685,-0.3802898824214935
686,-0.31588152050971985
687,-0.3418934047222137
688,-0.3631536960601807
689,-0.26598209142684937
690,-0.6072264909744263
691,-0.3658507168292999
692,-0.3047073483467102
693,-0.6136596202850342
694,-0.2654986977577209
695,-0.2368656694889069
696,-0.3732238411903381
697,-0.2667195796966553
698,-0.32537931203842163
699,-0.3012478947639465
700,-0.2731457352638245
701,-0.2942233681678772
702,-0.3889933526515961
703,-0.3426440358161926
704,-0.4374707341194153
705,-0.3716278672218323
706,-0.3031365275382996
707,-0.28324854373931885
708,-0.24688580632209775
709,-0.3819786608219147
710,-0.3066602945327759
711,-0.3928603529930115
712,-0.4101507067680359
713,-0.33324068784713745
714,-0.4011369645595551
715,-0.30638253688812256
716,-0.23830874264240265
717,-0.42262738943099976
718,-0.30770543217659
719,-0.384129524230957
720,-0.5132535696029663
721,-0.4016520082950592
722,-0.3290310502052307
723,-0.38835740089416493
724,-0.43258577585220337
725,-0.2776108384132385
726,-0.26652878522872925
727,-0.476245254278183
728,-0.3027453422546387
729,-0.2853508293628693
730,-0.3622652590274811
731,-0.5067830085754395
732,-0.4487144351005554
733,-0.29008936882019043
734,-0.2127944529056549
735,-0.3857448101043701
736,-0.2993519902229309
737,-0.33844178915023804
738,-0.4780147671699524
739,-0.32609784603118896
740,-0.2946443259716034
741,-0.31290626525878906
742,-0.346619188785553
743,-0.4154796004295349
744,-0.3713672459125519
745,-0.3726972937583923
746,-0.3492453694343567
747,-0.3439512848854065
748,-0.5041177868843079
749,-0.29308781027793884
750,-0.3526855409145355
751,-0.3238183856010437
752,-0.3560117781162262
753,-0.3755326867103577
754,-0.3194106221199036
755,-0.3449664711952209
756,-0.3945970237255096
757,-0.2746616005897522
758,-0.3039981424808502
759,-0.4354351162910461
760,-0.4463976919651032
761,-0.3486442565917969
762,-0.2061295509338379
763,-0.2776192128658295
764,-0.491487592458725
765,-0.2777130901813507
766,-0.4944431781768799
767,-0.26676684617996216
768,-0.4380186200141907
769,-0.3296243548393249
770,-0.24489863216876984
771,-0.3584577143192291
772,-0.3537864685058594
773,-0.34555405378341675
774,-0.33121103048324585
775,-0.4611017107963562
776,-0.33809950947761536
777,-0.5514277219772339
778,-0.32962000370025635
779,-0.28580182790756226
780,-0.4380890727043152
781,-0.3040239214897156
782,-0.4854196608066559
783,-0.2910938560962677
784,-0.30581843852996826
785,-0.38751089572906494
786,-0.2751495838165283
787,-0.34769710898399353
788,-0.44285327196121216
789,-0.2481749802827835
790,-0.3135833144187927
791,-0.30552393198013306
792,-0.3783968985080719
793,-0.3345527052879333
794,-0.3330645263195038
795,-0.3792206645011902
796,-0.359634131193161
797,-0.3622078895568848
798,-0.31400850415229803
799,-0.2956452071666717
800,-0.2984346151351929
801,-0.3141099810600281
802,-0.4688169062137604
803,-0.2771869897842407
804,-0.3932323753833771
805,-0.5623794198036194
806,-0.3773797154426575
807,-0.36916622519493103
808,-0.4846889972686768
809,-0.2920115292072296
810,-0.3451672196388245
811,-0.3995022177696228
812,-0.4094839096069336
813,-0.3247436881065369
814,-0.4367085099220276
815,-0.29575422406196594
816,-0.24769124388694766
817,-0.32520806789398193
818,-0.35323911905288696
819,-0.39070871472358704
820,-0.2524440884590149
821,-0.34272438287734985
822,-0.4750396609306336
823,-0.27433452010154724
824,-0.8279600143432617
825,-0.30038875341415405
826,-0.3697401583194733
827,-0.4887876510620117
828,-0.1927082985639572
829,-0.20561254024505612
830,-0.3908272683620453
831,-0.2623337805271149
832,-0.2419337779283524
833,-0.21592144668102264
834,-0.2695539891719818
835,-0.3307444453239441
836,-0.34026023745536804
837,-0.26081109046936035
838,-0.4783068597316742
839,-0.3579941987991333
840,-0.4809359908103943
841,-0.3878571093082428
842,-0.32519686222076416
843,-0.4190652370452881
844,-0.3218895792961121
845,-0.3601655066013336
846,-0.2661673128604889
847,-0.6425611972808838
848,-0.29336652159690857
849,-0.3245760798454285
850,-0.4146764874458313
851,-0.3963553309440613
852,-0.3461485207080841
853,-0.5764283537864685
854,-0.4311030507087708
855,-0.18459686636924744
856,-0.3735691905021668
857,-0.3801267743110657
858,-0.35895565152168274
859,-0.2711280286312103
860,-0.3217256665229797
861,-0.225543349981308
862,-0.4054768681526184
863,-0.4645883142948151
864,-0.3322262167930603
865,-0.23162741959095
866,-0.3673974871635437
867,-0.37791553139686573
868,-0.2743778824806213
869,-0.3980627059936523
870,-0.35320034623146057
871,-0.3487943410873413
872,-0.31286850571632385
873,-0.4693838953971863
874,-0.4845294952392578
875,-0.30585819482803345
876,-0.5257404446601868
877,-0.2649016082286835
878,-0.2415553778409958
879,-0.3304615020751953
880,-0.4654082655906677
881,-0.274964451789856
882,-0.3426668047904968
883,-0.3661346733570099
884,-0.35239431262016296
885,-0.37650611996650696
886,-0.4051588475704193
887,-0.3740106821060181
888,-0.3438023626804352
889,-0.2790214419364929
890,-0.3471312522888184
891,-0.3297623991966248
892,-0.4110465943813324
893,-0.2719760537147522
894,-0.3323500752449036
895,-0.5800145268440247
896,-0.37399622797966
897,-0.4387843608856201
898,-0.30763593316078186
899,-0.4047703146934509
900,-0.42788997292518616
901,-0.30291157960891724
902,-0.25213053822517395
903,-0.3528520166873932
904,-0.3711555898189545
905,-0.3036472201347351
906,-0.3148098587989807
907,-0.4808143973350525
908,-0.3473680019378662
909,-0.3158256113529205
910,-0.4669876098632813
911,-0.3989003300666809
912,-0.38393986225128174
913,-0.4056614935398102
914,-0.5588127970695496
915,-0.4886853694915772
916,-0.21045923233032227
917,-0.40484485030174255
918,-0.332235187292099
919,-0.4493097364902496
920,-0.35722070932388306
921,-0.2724645435810089
922,-0.5021384358406067
923,-0.3960128426551819
924,-0.3365800976753235
925,-0.3275040984153748
926,-0.2077219933271408
927,-0.26208290457725525
928,-0.3638103008270264
929,-0.5436120629310608
930,-0.4086905419826508
931,-0.2937902510166168
932,-0.6000431776046753
933,-0.35817795991897583
934,-0.33358654379844666
935,-0.3332271873950958
936,-0.3943131566047669
937,-0.2629691958427429
938,-0.6519820094108582
939,-0.3767174780368805
940,-0.44709864258766174
941,-0.3399423956871033
942,-0.3725050389766693
943,-0.4370070397853851
944,-0.30895933508872986
945,-0.2703617811203003
946,-0.2294866144657135
947,-0.3616190552711487
948,-0.3035303056240082
949,-0.4288733899593353
950,-0.25451022386550903
951,-0.2855105996131897
952,-0.35852935910224915
953,-0.24576351046562195
954,-0.2157209813594818
955,-0.31100159883499146
956,-0.3579333424568176
957,-0.2645859718322754
958,-0.2853073477745056
959,-0.4349659085273743
960,-0.3409510850906372
961,-0.34367579221725464
962,-0.2879607975482941
963,-0.2951573133468628
964,-0.3999045789241791
965,-0.2983439564704895
966,-0.3173362910747528
967,-0.2651030421257019
968,-0.2645140290260315
969,-0.37384963035583496
970,-0.427024781703949
971,-0.3474794924259186
972,-0.3738214075565338
973,-0.34920623898506165
974,-0.41989246010780334
975,-0.3840819895267487
976,-0.4651698470115662
977,-0.3622476160526276
978,-0.33974120020866394
979,-0.3436342477798462
980,-0.2498876303434372
981,-0.3440467715263367
982,-0.29625052213668823
983,-0.22021913528442386
984,-0.2471182346343994
985,-0.7798097133636475
986,-0.2832816243171692
987,-0.3710045218467712
988,-0.3171704113483429
989,-0.2491637766361237
990,-0.2869346737861633
991,-0.18983402848243716
992,-0.30095750093460083
993,-0.6441045999526978
994,-0.4339143633842468
995,-0.3216545283794403
996,-0.25000864267349243
997,-0.30200833082199097
998,-0.2909063398838043
999,-0.3051596283912659
1000,-0.4379890561103821
1001,-0.3824713230133057
1002,-0.2678346335887909
1003,-0.2783145010471344
1004,-0.3873962163925171
1005,-0.5012425184249878
1006,-0.4140099883079529
1007,-0.31850022077560425
1008,-0.24107876420021054
1009,-0.3144160211086273
1010,-0.286215603351593
1011,-0.2953963875770569
1012,-0.2266596853733063
1013,-0.3398599028587341
1014,-0.2612231373786926
1015,-0.253944456577301
1016,-0.43965405225753773
1017,-0.19139672815799716
1018,-0.4587762355804443
1019,-0.3355425000190735
1020,-0.2884105145931244
1021,-0.3513250052928925
1022,-0.4353858530521393
1023,-0.3991333544254303
1024,-0.2973414957523346
1025,-0.3311625421047211
1026,-0.2768230736255646
1027,-0.2563425302505493
1028,-0.33850541710853577
1029,-0.2896946966648102
1030,-0.3576863408088684
1031,-0.3912671804428101
1032,-0.2919061779975891
1033,-0.3855411112308502
1034,-0.2964315116405487
1035,-0.24886354804039
1036,-0.35050585865974426
1037,-0.31125789880752563
1038,-0.3040851950645447
1039,-0.23771853744983676
1040,-0.7897555232048035
1041,-0.4624696671962738
1042,-0.2774463891983032
1043,-0.2686638236045837
1044,-0.3491177558898926
1045,-0.2540528476238251
1046,-0.34462210536003113
1047,-0.4271971583366394
1048,-0.3536342978477478
1049,-0.406865268945694
1050,-0.37085211277008057
1051,-0.22432789206504825
1052,-0.2708036005496979
1053,-0.2640529274940491
1054,-0.4058652818202973
1055,-0.5141692161560059
1056,-0.2505912184715271
1057,-0.3246041238307953
1058,-0.3994652628898621
1059,-0.3245526552200317
1060,-0.3562754392623901
1061,-0.27454909682273865
1062,-0.297095000743866
1063,-0.4202743172645569
1064,-0.2819193005561829
1065,-0.30001452565193176
1066,-0.27254951000213623
1067,-0.3510558307170868
1068,-0.33552223443984985
1069,-0.3077061176300049
1070,-0.3320379853248596
1071,-0.34387150406837463
1072,-0.3897747099399567
1073,-0.2699854075908661
1074,-0.35638803243637085
1075,-0.2822887897491455
1076,-0.24758800864219666
1077,-0.3543800711631775
1078,-0.33242449164390564
1079,-0.4041032791137695
1080,-0.30764040350914
1081,-0.6031156778335571
1082,-0.3968518078327179
1083,-0.4156805872917175
1084,-0.3317733108997345
1085,-0.3635422587394713
1086,-0.4010395407676697
1087,-0.20170040428638455
1088,-0.1912478655576706
1089,-0.3926292061805725
1090,-0.44618600606918335
1091,-0.3417705595493317
1092,-0.458317905664444
1093,-0.4929412305355072
1094,-0.3198942542076111
1095,-0.3701721727848053
1096,-0.3341563045978546
1097,-0.4103330671787262
1098,-0.3682540059089661
1099,-0.5579290390014648
1100,-0.4172694683074951
1101,-0.2787423729896545
1102,-0.3883985280990601
1103,-0.4556110501289368
1104,-0.3211144506931305
1105,-0.2775363922119141
1106,-0.2675624787807465
1107,-0.3013265430927277
1108,-0.2462545335292816
1109,-0.2088083028793335
1110,-0.2430330216884613
1111,-0.3057833015918732
1112,-0.4596517086029053
1113,-0.32468849420547485
1114,-0.39489126205444336
1115,-0.556928277015686
1116,-0.21472766995429995
1117,-0.2997229397296905
1118,-0.24553661048412326
1119,-0.4048580229282379
1120,-0.2622056007385254
1121,-0.4979200959205627
1122,-0.4913358688354492
1123,-0.254572868347168
1124,-0.3622545897960663
1125,-0.26631665229797363
1126,-0.2994583547115326
1127,-0.35176244378089905
1128,-0.5112057328224182
1129,-0.3613446354866028
1130,-0.3377188146114349
1131,-0.4220041334629059
1132,-0.2810668647289276
1133,-0.2486712485551834
1134,-0.4217539727687836
1135,-0.2672556042671204
1136,-0.3047155439853668
1137,-0.5512861609458923
1138,-0.4831842482089996
1139,-0.3261423408985138
1140,-0.4148227274417877
1141,-0.3384954333305359
1142,-0.3429558575153351
1143,-0.2594079375267029
1144,-0.2084757387638092
1145,-0.540712833404541
1146,-0.37475913763046265
1147,-0.3301355242729187
1148,-0.2885432243347168
1149,-0.29214486479759216
1150,-0.3673297166824341
1151,-0.6665870547294617
1152,-0.2845526933670044
1153,-0.4704529345035553
1154,-0.4374571740627289
1155,-0.4775749146938324
1156,-0.4912496209144592
1157,-0.2821137309074402
1158,-0.3756040334701538
1159,-0.4431804120540619
1160,-0.5380698442459106
1161,-0.4641745090484619
1162,-0.4170956611633301
1163,-0.35129648447036743
1164,-0.3373991549015045
1165,-0.4613549709320069
1166,-0.4009721279144287
1167,-0.2815833687782288
1168,-0.272638738155365
1169,-0.3888454437255859
1170,-0.3831655979156494
1171,-0.3342303931713104
1172,-0.2534201145172119
1173,-0.2681332230567932
1174,-0.3701900541782379
1175,-0.4131521582603455
1176,-0.4052131772041321
1177,-0.3330850303173065
1178,-0.4470860958099365
1179,-0.3701653480529785
1180,-0.3048235774040222
1181,-0.2767326831817627
1182,-0.27969452738761896
1183,-0.3519393801689148
1184,-0.35678380727767944
1185,-0.4238844811916351
1186,-0.4644341468811035
1187,-0.3423033654689789
1188,-0.3901125490665436
1189,-0.4456270337104797
1190,-0.3083132803440094
1191,-0.4719639718532562
1192,-0.2892950177192688
1193,-0.3687021732330322
1194,-0.41023629903793335
1195,-0.3675808310508728
1196,-0.3203369975090027
1197,-0.3522601127624512
1198,-0.3926582932472229
1199,-0.5848566293716431
1200,-0.23778608441352844
1201,-0.4267001748085022
1202,-0.31198740005493164
1203,-0.2950734794139862
1204,-0.3007596135139465
1205,-0.3954554200172424
1206,-0.3205842077732086
1207,-0.3475590646266937
1208,-0.283252626657486
1209,-0.3831928968429565
1210,-0.2727372944355011
1211,-0.3228873610496521
1212,-0.3812132179737091
1213,-0.3260615170001984
1214,-0.3057700991630554
1215,-0.349495142698288
1216,-0.3458656370639801
1217,-0.3993479609489441
1218,-0.7577733993530273
1219,-0.2546766996383667
1220,-0.303081214427948
1221,-0.4526183009147644
1222,-0.2196882963180542
1223,-0.2373282164335251
1224,-0.2481164038181305
1225,-0.4525530338287354
1226,-0.33995378017425537
1227,-0.4065737724304199
1228,-0.3749344348907471
1229,-0.3872290253639221
1230,-0.3354675769805908
1231,-0.3220233619213104
1232,-0.33823511004447937
1233,-0.25758004188537603
1234,-0.3010428547859192
1235,-0.4010489881038666
1236,-0.3305281400680542
1237,-0.2751480638980865
1238,-0.30007416009902954
1239,-0.2407293021678925
1240,-0.4104706645011902
1241,-0.3233214616775513
1242,-0.3280549347400665
1243,-0.5782099962234497
1244,-0.204582542181015
1245,-0.34437793493270874
1246,-0.3500087261199951
1247,-0.3926467895507813
1248,-0.3194441199302673
1249,-0.2784205973148346
1250,-0.40184250473976135
1251,-0.30263060331344604
1252,-0.3901062607765198
1253,-0.2600870728492737
1254,-0.3177928924560547
1255,-0.33585646748542786
1256,-0.4350090920925141
1257,-0.3654051423072815
1258,-0.3524042367935181
1259,-0.2081674337387085
1260,-0.23146025836467746
1261,-0.488264411687851
1262,-0.2384068220853805
1263,-0.4816482663154602
1264,-0.27808624505996704
1265,-0.42183041572570795
1266,-0.2647658586502075
1267,-0.4738132059574127
1268,-0.5117198228836061
1269,-0.31838706135749817
1270,-0.3387858271598816
1271,-0.6009717583656311
1272,-0.33001795411109924
1273,-0.4197027683258057
1274,-0.4781391024589538
1275,-0.5158538222312927
1276,-0.5307933092117311
1277,-0.3930889964103699
1278,-0.3851105272769928
1279,-0.349507749080658
1280,-0.3837059438228607
1281,-0.4293995499610901
1282,-0.340973436832428
1283,-0.3520204424858093
1284,-0.26981759071350103
1285,-0.3943309485912323
1286,-0.3977852463722229
1287,-0.3080766797065735
1288,-0.304709255695343
1289,-0.4597108364105225
1290,-0.3511188924312592
1291,-0.2768753170967102
1292,-0.7263896465301514
1293,-0.4504989683628082
1294,-0.3911976218223572
1295,-0.356801837682724
1296,-0.3936755657196045
1297,-0.5206215381622314
1298,-0.3926971554756165
1299,-0.25668278336524963
1300,-0.3294041454792023
1301,-0.4034694731235504
1302,-0.4283147752285004
1303,-0.3933802247047424
1304,-0.29907476902008057
1305,-0.3242519497871399
1306,-0.4140889644622803
1307,-0.3191523849964142
1308,-0.31101030111312866
1309,-0.4102678298950195
1310,-0.3386128544807434
1311,-0.3518527746200561
1312,-0.3574980497360229
1313,-0.3722756803035736
1314,-0.31571120023727417
1315,-0.458587259054184
1316,-0.5377964973449707
1317,-0.357430100440979
1318,-0.4330711364746094
1319,-0.454726368188858
1320,-0.4333319067955017
1321,-0.4164520800113678
1322,-0.3553885817527771
1323,-0.364428848028183
1324,-0.2949877381324768
1325,-0.3726082444190979
1326,-0.3709502220153809
1327,-0.3624503016471863
1328,-0.3371350169181824
1329,-0.27023765444755554
1330,-0.29869475960731506
1331,-0.3368820548057556
1332,-0.23756098747253415
1333,-0.3972075879573822
1334,-0.3152302205562592
1335,-0.42925113439559937
1336,-0.4946751594543457
1337,-0.35251569747924805
1338,-0.3016684949398041
1339,-0.4071337282657623
1340,-0.30837079882621765
1341,-0.3353380560874939
1342,-0.436434417963028
1343,-0.31700199842453003
1344,-0.24634945392608645
1345,-0.3279123902320862
1346,-0.35228222608566284
1347,-0.5900498032569885
1348,-0.5626623630523682
1349,-0.34126153588294983
1350,-0.3516387343406677
1351,-0.2144041806459427
1352,-0.5787495970726013
1353,-0.32044634222984314
1354,-0.5558577179908752
1355,-0.3183574676513672
1356,-0.4405549168586731
1357,-0.4304335713386536
1358,-0.4798851907253266
1359,-0.2993081212043762
1360,-0.3697299063205719
1361,-0.2256586849689484
1362,-0.26608860492706304
1363,-0.3610907196998596
1364,-0.5829364061355591
1365,-0.42256325483322144
1366,-0.35311079025268555
1367,-0.431922048330307
1368,-0.4633444845676422
1369,-0.4553889632225037
1370,-0.27528929710388184
1371,-0.2621588408946991
1372,-0.41131535172462463
1373,-0.34340816736221313
1374,-0.31611961126327515
1375,-0.3743943870067597
1376,-0.4510889947414398
1377,-0.3609955608844757
1378,-0.30952784419059753
1379,-0.27922341227531433
1380,-0.3014901280403137
1381,-0.4190714955329895
1382,-0.33299654722213745
1383,-0.2888752818107605
1384,-0.32846599817276
1385,-0.29016202688217163
1386,-0.4291190207004547
1387,-0.39824378490448
1388,-0.2677390277385712
1389,-0.3833985328674317
1390,-0.3905190825462341
1391,-0.3308561146259308
1392,-0.2800277769565582
1393,-0.3866091370582581
1394,-0.2357601225376129
1395,-0.3090476393699646
1396,-0.3437217175960541
1397,-0.4799248278141022
1398,-0.4255033433437347
1399,-0.2958452105522156
1400,-0.3123995661735535
1401,-0.3396052420139313
1402,-0.3617894947528839
1403,-0.17823494970798492
1404,-0.3882731795310974
1405,-0.3225823938846588
1406,-0.27848878502845764
1407,-0.4482044279575348
1408,-0.3045107424259186
1409,-0.38684818148612976
1410,-0.44956129789352417
1411,-0.3781741261482239
1412,-0.3403888642787933
1413,-0.36377185583114624
1414,-0.2722229361534119
1415,-0.3081126809120178
1416,-0.4500181078910828
1417,-0.4759193062782288
1418,-0.4217325150966644
1419,-0.3205961287021637
1420,-0.28471654653549194
1421,-0.4434986710548401
1422,-0.3611278533935547
1423,-0.410398542881012
1424,-0.293951153755188
1425,-0.3819763064384461
1426,-0.28934091329574585
1427,-0.3540021777153015
1428,-0.30226245522499084
1429,-0.4253290295600891
1430,-0.264409601688385
1431,-0.35459238290786743
1432,-0.3055095076560974
1433,-0.428901344537735
1434,-0.2890165448188782
1435,-0.4293020367622376
1436,-0.2029109448194504
1437,-0.5812202095985413
1438,-0.5448226928710938
1439,-0.3679191172122955
1440,-0.4486590027809143
1441,-0.3699948787689209
1442,-0.5614287257194519
1443,-0.4006946086883545
1444,-0.33063560724258423
1445,-0.5279436707496643
1446,-0.3226488530635834
1447,-0.3946207165718079
1448,-0.3174009919166565
1449,-0.4202751517295837
1450,-0.3783695101737976
1451,-0.3724342882633209
1452,-0.3973408639431
1453,-0.2807139754295349
1454,-0.3258508443832397
1455,-0.4285311698913574
1456,-0.38113510608673096
1457,-0.2881218791007996
1458,-0.42836180329322815
1459,-0.2769792079925537
1460,-0.393193781375885
1461,-0.2368302643299103
1462,-0.3684830069541931
1463,-0.41970348358154297
1464,-0.3064804673194885
1465,-0.3999269604682921
1466,-0.4218479096889496
1467,-0.3783065378665924
1468,-0.3778899013996124
1469,-0.3601022362709045
1470,-0.3113529086112976
1471,-0.2568357884883881
1472,-0.4120476841926575
1473,-0.4039644598960877
1474,-0.26676684617996216
1475,-0.2776575982570648
1476,-0.2495931386947632
1477,-0.3127402365207672
1478,-0.3283755779266357
1479,-0.3320656418800354
1480,-0.300157368183136
1481,-0.488565742969513
1482,-0.3398242294788361
1483,-0.2390451729297638
1484,-0.402351051568985
1485,-0.4246692657470703
1486,-0.3222726881504059
1487,-0.5070050358772278
1488,-0.3244461715221405
1489,-0.5008922815322876
1490,-0.4941001534461975
1491,-0.5024920701980591
1492,-0.4003848433494568
1493,-0.2921317517757416
1494,-0.4787530303001404
1495,-0.3682327270507813
1496,-0.2782240509986877
1497,-0.4032370448112488
1498,-0.3491615951061249
1499,-0.3433603346347809
1500,-0.3527839183807373
1501,-0.2919230461120605
1502,-0.2130550891160965
1503,-0.4095425605773926
1504,-0.20847830176353452
1505,-0.28993672132492065
1506,-0.33035576343536377
1507,-0.2922445237636566
1508,-0.3731223940849304
1509,-0.5678356289863586
1510,-0.4235413670539856
1511,-0.4426014423370361
1512,-0.3346725404262543
1513,-0.3834212422370911
1514,-0.2975022792816162
1515,-0.1980591863393784
1516,-0.3905540406703949
1517,-0.41391482949256897
1518,-0.30689769983291626
1519,-0.4076464772224426
1520,-0.4636524617671967
1521,-0.4490799307823181
1522,-0.278623640537262
1523,-0.22651343047618866
1524,-0.3780283331871033
1525,-0.4337893426418304
1526,-0.4832351803779602
1527,-0.30281519889831543
1528,-0.2680234313011169
1529,-0.3842078745365143
1530,-0.4574314653873444
1531,-0.4982873499393463
1532,-0.3254199326038361
1533,-0.3313809633255005
1534,-0.3614055514335632
1535,-0.302309513092041
1536,-0.41581183671951294
1537,-0.3032601177692413
1538,-0.4681218564510346
1539,-0.32398471236228943
1540,-0.4893165528774262
1541,-0.2949312329292297
1542,-0.3627106845378876
1543,-0.2831709682941437
1544,-0.3942870497703552
1545,-0.30561551451683044
1546,-0.3191402852535248
1547,-0.3014170527458191
1548,-0.3363840878009796
1549,-0.3681649565696716
1550,-0.5989481210708618
1551,-0.34173721075057983
1552,-0.4763793349266052
1553,-0.4641326367855072
1554,-0.44203653931617737
1555,-0.26544758677482605
1556,-0.34414926171302795
1557,-0.4745659232139587
1558,-0.3946787416934967
1559,-0.6734444499015808
1560,-0.4250320792198181
1561,-0.357951283454895
1562,-0.2472968101501465
1563,-0.4582725167274475
1564,-0.3441986441612244
1565,-0.5700922608375549
1566,-0.26656919717788696
1567,-0.2883493006229401
1568,-0.35416579246521
1569,-0.5795448422431946
1570,-0.3290237188339233
1571,-0.3176981508731842
1572,-0.4551818370819092
1573,-0.32109972834587097
1574,-0.4310038983821869
1575,-0.2931432127952576
1576,-0.3342673182487488
1577,-0.3951817154884337
1578,-0.3392075598239899
1579,-0.2866365313529968
1580,-0.24258169531822205
1581,-0.378671795129776
1582,-0.33516648411750793
1583,-0.4071549773216248
1584,-0.2908565402030945
1585,-0.4084637761116028
1586,-0.32713255286216736
1587,-0.2681015431880951
1588,-0.420067697763443
1589,-0.5677366256713867
1590,-0.3354350030422211
1591,-0.3487574458122253
1592,-0.2175198346376419
1593,-0.4295017123222351
1594,-0.5785824060440063
1595,-0.3304806351661682
1596,-0.4390869736671448
1597,-0.4331297874450684
1598,-0.2661118805408478
1599,-0.4004332423210144
1600,-0.33989664912223816
1601,-0.35650980472564703
1602,-0.428096204996109
1603,-0.3511290848255157
1604,-0.369613528251648
1605,-0.2832881510257721
1606,-0.4001493453979492
1607,-0.40980321168899536
1608,-0.30398041009902954
1609,-0.5260852575302124
1610,-0.5047897100448608
1611,-0.3329634368419647
1612,-0.3840751051902771
1613,-0.5359396934509277
1614,-0.3314076066017151
1615,-0.2394015043973923
1616,-0.4000020921230316
1617,-0.3317294418811798
1618,-0.768773078918457
1619,-0.2570374310016632
1620,-0.3462997078895569
1621,-0.288401335477829
1622,-0.18242397904396054
1623,-0.3523699641227722
1624,-0.2395143210887909
1625,-0.3121742606163025
1626,-0.6005874872207642
1627,-0.25778549909591675
1628,-0.3434063196182251
1629,-0.4079062044620514
1630,-0.6324580907821655
1631,-0.3058177828788757
1632,-0.5657036304473877
1633,-0.4232872426509857
1634,-0.4657033383846283
1635,-0.34442099928855896
1636,-0.3457865417003632
1637,-0.3074386715888977
1638,-0.4434495866298676
1639,-0.41304177045822144
1640,-0.5238881707191467
1641,-0.3709847629070282
1642,-0.29768839478492737
1643,-0.3658983111381531
1644,-0.4525531232357025
1645,-0.5859646797180176
1646,-0.3797724843025208
1647,-0.4017704427242279
1648,-0.3767198920249939
1649,-0.2953815758228302
1650,-0.493823379278183
1651,-0.31862664222717285
1652,-0.3588060438632965
1653,-0.2905898690223694
1654,-0.4027893543243408
1655,-0.3657280504703522
1656,-0.4968767762184143
1657,-0.34047073125839233
1658,-0.36247363686561584
1659,-0.2971979081630707
1660,-0.2984491288661957
1661,-0.3865809142589569
1662,-0.2777990400791168
1663,-0.4033889770507813
1664,-0.291727215051651
1665,-0.3058561682701111
1666,-0.2985140681266785
1667,-0.25032398104667664
1668,-0.3303166925907135
1669,-0.3182804584503174
1670,-0.4030355513095856
1671,-0.3961006999015808
1672,-0.4029034972190857
1673,-0.3105709552764893
1674,-0.2933826148509979
1675,-0.3693665862083435
1676,-0.3059069514274597
1677,-0.3503214418888092
1678,-0.4931935369968414
1679,-0.26657289266586304
1680,-0.5893047451972961
1681,-0.3936289548873901
1682,-0.42935577034950256
1683,-0.36959493160247797
1684,-0.3750725388526917
1685,-0.3221409320831299
1686,-0.3815578520298004
1687,-0.20674118399620056
1688,-0.4033864438533783
1689,-0.4021293520927429
1690,-0.2958928942680359
1691,-0.3790603280067444
1692,-0.3074744939804077
1693,-0.3336581587791443
1694,-0.3770420849323273
1695,-0.2905274033546448
1696,-0.4193678796291351
1697,-0.4023935794830322
1698,-0.3686087727546692
1699,-0.5428326129913329
1700,-0.3659277260303497
1701,-0.3104391098022461
1702,-0.2549823522567749
1703,-0.32543379068374634
1704,-0.3701674342155457
1705,-0.3558279275894165
1706,-0.4170204102993012
1707,-0.44935885071754456
1708,-0.31711456179618835
1709,-0.2232150137424469
1710,-0.31246668100357056
1711,-0.2732759118080139
1712,-0.4351540505886078
1713,-0.3779454827308655
1714,-0.4614662230014801
1715,-0.2628712058067322
1716,-0.374773770570755
1717,-0.3645397126674652
1718,-0.24981024861335754
1719,-0.28820425271987915
1720,-0.5415869355201721
1721,-0.3357128202915192
1722,-0.3315604031085968
1723,-0.30225127935409546
1724,-0.3409048914909363
1725,-0.31102508306503296
1726,-0.3708010315895081
1727,-0.2690017521381378
1728,-0.318045973777771
1729,-0.3488134443759918
1730,-0.35940495133399963
1731,-0.2553029656410217
1732,-0.4540355801582336
1733,-0.4088694453239441
1734,-0.20960287749767306
1735,-0.19481611251831052
1736,-0.3191052973270416
1737,-0.30292075872421265
1738,-0.3951440155506134
1739,-0.2291317731142044
1740,-0.27438408136367803
1741,-0.3397460877895355
1742,-0.292998731136322
1743,-0.4295188784599304
1744,-0.6238505840301514
1745,-0.39764079451560974
1746,-0.452964723110199
1747,-0.24900326132774356
1748,-0.35971540212631226
1749,-0.3509606719017029
1750,-0.2762851417064667
1751,-0.5132136344909668
1752,-0.3514866232872009
1753,-0.3509497046470642
1754,-0.3667010962963104
1755,-0.3237251043319702
1756,-0.37154561281204224
1757,-0.3995079100131989
1758,-0.35937145352363586
1759,-0.2770952582359314
1760,-0.3483336269855499
1761,-0.283541738986969
1762,-0.3725581765174866
1763,-0.34186941385269165
1764,-0.2782453596591949
1765,-0.41712361574172974
1766,-0.4394966661930084
1767,-0.3443409204483032
1768,-0.325920045375824
1769,-0.2017955780029297
1770,-0.2517375648021698
1771,-0.39984276890754705
1772,-0.31599193811416626
1773,-0.4584678709506989
1774,-0.5383734703063965
1775,-0.3426087200641632
1776,-0.3287917971611023
1777,-0.25975221395492554
1778,-0.19930067658424375
1779,-0.3690804243087769
1780,-0.26238423585891724
1781,-0.4118567407131195
1782,-0.3886008560657501
1783,-0.3769070506095886
1784,-0.499906599521637
1785,-0.2034721076488495
1786,-0.4327419400215149
1787,-0.7665486931800842
1788,-0.24612709879875186
1789,-0.4759554862976074
1790,-0.4330024719238281
1791,-0.4009937644004822
1792,-0.2883016467094421
1793,-0.3457498252391815
1794,-0.2687056660652161
1795,-0.3692364990711212
1796,-0.3483274579048157
1797,-0.2704436182975769
1798,-0.3637241125106812
1799,-0.3051291108131409
1800,-0.3944529891014099
1801,-0.4704732000827789
1802,-0.4534669518470764
1803,-0.3787882030010224
1804,-0.3955225348472595
1805,-0.21849362552165985
1806,-0.34651389718055725
1807,-0.3399489223957062
1808,-0.3911252617835999
1809,-0.3944414258003235
1810,-0.3631384968757629
1811,-0.40622058510780334
1812,-0.43286579847335815
1813,-0.3693277537822723
1814,-0.3144339621067047
1815,-0.2560846507549286
1816,-0.313157320022583
1817,-0.4748286604881287
1818,-0.4119213223457336
1819,-0.22487430274486545
1820,-0.34583503007888794
1821,-0.30019456148147583
1822,-0.4362947046756744
1823,-0.2950057983398437
1824,-0.3274309635162353
1825,-0.2266564667224884
1826,-0.4469951093196869
1827,-0.2833401560783386
1828,-0.32424020767211914
1829,-0.4490135312080383
1830,-0.4148591160774231
1831,-0.25235331058502203
1832,-0.3706091046333313
1833,-0.4058156907558441
1834,-0.3902888298034668
1835,-0.3631434738636017
1836,-0.2832637429237366
1837,-0.3448224365711212
1838,-0.3005193173885345
1839,-0.3603746294975281
1840,-0.3835964202880859
1841,-0.4378410279750824
1842,-0.3763260245323181
1843,-0.3218522071838379
1844,-0.3715738356113434
1845,-0.3772464692592621
1846,-0.2857227027416229
1847,-0.3888224959373474
1848,-0.3830460608005524
1849,-0.35823753476142883
1850,-0.3947880268096924
1851,-0.2921765148639679
1852,-0.31506845355033875
1853,-0.27319297194480896
1854,-0.3411798477172852
1855,-0.3204667270183563
1856,-0.3650855422019959
1857,-0.4175225198268889
1858,-0.3217275738716125
1859,-0.7267507314682007
1860,-0.4531984925270081
1861,-0.3634842038154602
1862,-0.21044060587883
1863,-0.3907839059829712
1864,-0.440278708934784
1865,-0.3352196216583252
1866,-0.3071202039718628
1867,-0.4193038940429688
1868,-0.3236915469169617
1869,-0.410858154296875
1870,-0.19449567794799805
1871,-0.30219799280166626
1872,-0.5845438241958618
1873,-0.38245251774787903
1874,-0.4960777759552002
1875,-0.42376765608787537
1876,-0.2635628581047058
1877,-0.3848520815372467
1878,-0.2402315437793732
1879,-0.498365581035614
1880,-0.2988413572311401
1881,-0.30172738432884216
1882,-0.5793633460998535
1883,-0.3690604865550995
1884,-0.2989572584629059
1885,-0.29355865716934204
1886,-0.3456558287143707
1887,-0.2980939745903015
1888,-0.3502996265888214
1889,-0.3098617494106293
1890,-0.3644751012325287
1891,-0.3540748059749603
1892,-0.4673874378204346
1893,-0.3212762773036957
1894,-0.4009465575218201
1895,-0.2895742356777191
1896,-0.3840122520923615
1897,-0.29731908440589905
1898,-0.359589159488678
1899,-0.3122228682041168
1900,-0.5013416409492493
1901,-0.38864606618881226
1902,-0.3672550618648529
1903,-0.3296027481555939
1904,-0.2037596255540848
1905,-0.28210657835006714
1906,-0.3708590865135193
1907,-0.2975876033306122
1908,-0.37420105934143066
1909,-0.4624775052070618
1910,-0.36204442381858826
1911,-0.2200433909893036
1912,-0.3177521824836731
1913,-0.2584515810012817
1914,-0.3412088453769684
1915,-0.28711438179016113
1916,-0.3810184299945831
1917,-0.3949640393257141
1918,-0.3887816071510315
1919,-0.2498689442873001
1920,-0.3723997473716736
1921,-0.3468044400215149
1922,-0.442021369934082
1923,-0.5075984597206116
1924,-0.2539023160934448
1925,-0.4361647665500641
1926,-0.2863894104957581
1927,-0.2682201862335205
1928,-0.3924126327037811
1929,-0.5433689355850221
1930,-0.28452515602111816
1931,-0.2824890613555908
1932,-0.3378733694553375
1933,-0.2570435702800751
1934,-0.5463696718215942
1935,-0.26891452074050903
1936,-0.2932146191596985
1937,-0.4332600235939026
1938,-0.2790599465370178
1939,-0.41200608015060425
1940,-0.3650097250938416
1941,-0.4846408367156982
1942,-0.2886242270469665
1943,-0.33528488874435425
1944,-0.429413378238678
1945,-0.3712153732776642
1946,-0.3867625594139099
1947,-0.5931478142738342
1948,-0.3758972585201264
1949,-0.3251532912254333
1950,-0.3664861619472504
1951,-0.5200751423835754
1952,-0.3634471297264099
1953,-0.3582724928855896
1954,-0.33026042580604553
1955,-0.2677508890628815
1956,-0.4423699378967285
1957,-0.3252101242542267
1958,-0.22999611496925354
1959,-0.2894461750984192
1960,-0.3902901411056519
1961,-0.26154717803001404
1962,-0.35794204473495483
1963,-0.3782894015312195
1964,-0.479440838098526
1965,-0.4199274182319641
1966,-0.2147647589445114
1967,-0.4042803347110748
1968,-0.3970097899436951
1969,-0.2926214337348938
1970,-0.4240844249725342
1971,-0.27349385619163513
1972,-0.2626035809516907
1973,-0.2189025580883026
1974,-0.2965778708457947
1975,-0.41561001539230347
1976,-0.4560691714286804
1977,-0.2870199382305145
1978,-0.4353675842285156
1979,-0.3040556609630585
1980,-0.3355798125267029
1981,-0.3066726326942444
1982,-0.5073254704475403
1983,-0.5637935400009155
1984,-0.33702149987220764
1985,-0.4075512886047363
1986,-0.3214301764965057
1987,-0.3500634729862213
1988,-0.4791851043701172
1989,-0.4593122899532318
1990,-0.3266420364379883
1991,-0.6406041383743286
1992,-0.4881252348423004
1993,-0.3814448714256287
1994,-0.4167093634605408
1995,-0.3294595181941986
1996,-0.5258690118789673
1997,-0.27126017212867737
1998,-0.5277572274208069
1999,-0.2295721024274826
