,value_per_image
0,-10.62512406050284
1,-10.558667981512023
2,-10.574059628747225
3,-10.468016774135718
4,-10.546174646371194
5,-10.524414370173094
6,-10.451916736914258
7,-10.749042361593693
8,-10.304067105206656
9,-10.589072630452767
10,-10.407304286721004
11,-10.668874436115212
12,-10.550150105814891
13,-10.643838647212878
14,-10.665194365188212
15,-10.541428073978649
16,-10.64799783422981
17,-10.674211629871003
18,-10.573141874990373
19,-10.5929248181433
20,-10.572699738576269
21,-10.410095910873757
22,-10.512639490001774
23,-10.603093501026054
24,-10.500974494376848
25,-10.564359046980073
26,-10.631204917209377
27,-10.556090947227624
28,-10.559958915500893
29,-10.609715246221725
30,-10.507973707559604
31,-10.483300552032617
32,-10.586962110895653
33,-10.368864381505698
34,-10.56470697192694
35,-10.668260277059504
36,-10.483161170744527
37,-10.529929871718835
38,-10.684913454426429
39,-10.615024924939043
40,-10.457959442738893
41,-10.523638102970386
42,-10.453477463909
43,-10.541163598866547
44,-10.622727831088127
45,-10.648245360694183
46,-10.573303926541708
47,-10.708285957500372
48,-10.62900735974616
49,-10.662153266687817
50,-10.66768636150934
51,-10.626224423418256
52,-10.554477418119005
53,-10.53388085181774
54,-10.699877881866666
55,-10.566534945158637
56,-10.621057300431234
57,-10.470517731007543
58,-10.618064967359016
59,-10.309456165130902
60,-10.636647090442167
61,-10.698441496774963
62,-10.597508597065412
63,-10.682466952773764
64,-10.298331857990368
65,-10.68159769484588
66,-10.579266240070512
67,-10.600550552727938
68,-10.641085636694305
69,-10.582920748376845
70,-10.650232211310078
71,-10.543794517198648
72,-10.533586445405204
73,-10.658483317160727
74,-10.705543707754721
75,-10.483751362282085
76,-10.65895244576341
77,-10.604429470624488
78,-10.525665221217873
79,-10.60475075612086
80,-10.541240291532278
81,-10.684417941044844
82,-10.533507803707279
83,-10.446781174264576
84,-10.475968032243859
85,-10.324250593217318
86,-10.468033387682356
87,-10.677477127971107
88,-10.589126311977738
89,-10.581051445141505
90,-10.623733597126957
91,-10.604411481579623
92,-10.626703610371473
93,-10.609374641675902
94,-10.631197948518082
95,-10.504363927356176
96,-10.658663651402586
97,-10.767239403532727
98,-10.653632998612236
99,-10.421960590668279
100,-10.694784683871939
101,-10.52981363450717
102,-10.550150526327268
103,-10.54623248493462
104,-10.492458047605929
105,-10.435818859354317
106,-10.407324997351498
107,-10.35702277702992
108,-10.622200176185954
109,-10.66564953593156
110,-10.637189598892807
111,-10.480991038115672
112,-10.683363386053694
113,-10.519318169677463
114,-10.565257406682434
115,-10.587207086346863
116,-10.699301431698824
117,-10.649834402213235
118,-10.695485754622547
119,-10.552051915234578
120,-10.514507528192016
121,-10.609870715456653
122,-10.606037092003712
123,-10.66784002095507
124,-10.728216775150603
125,-10.526746533289511
126,-10.677250872276577
127,-10.583517795871778
128,-10.477299866289579
129,-10.681077507239394
130,-10.63256143533721
131,-10.600115221212684
132,-10.444960307554565
133,-10.5921214428302
134,-10.535839399191243
135,-10.555314385933773
136,-10.523110244015728
137,-10.541936486114208
138,-10.59323900083904
139,-10.639952516985018
140,-10.3872815188957
141,-10.596214725927226
142,-10.415219757857043
143,-10.471917094481663
144,-10.498210005475825
145,-10.379740824050593
146,-10.683269896835276
147,-10.569399835260448
148,-10.46951197637873
149,-10.512582103134276
150,-10.61495572046468
151,-10.581516625561813
152,-10.369256825992462
153,-10.72832299151522
154,-10.32042849475031
155,-10.573976334296214
156,-10.470091858679664
157,-10.506600270152576
158,-10.460573233965883
159,-10.645637841644945
160,-10.393266794268802
161,-10.626313631951849
162,-10.57388876704224
163,-10.560565911275418
164,-10.583375589719813
165,-10.605675442002868
166,-10.60903373268919
167,-10.685683927480305
168,-10.719783788841783
169,-10.588218719296725
170,-10.707483843641997
171,-10.34551153577543
172,-10.556025515157168
173,-10.418451325528963
174,-10.564341689949648
175,-10.58671398225134
176,-10.682812173123343
177,-10.5736692750487
178,-10.37343781497561
179,-10.509379503308883
180,-10.558215212232737
181,-10.52905472167612
182,-10.343925037053207
183,-10.563226023222745
184,-10.566488530467279
185,-10.691055398344199
186,-10.695306113964962
187,-10.577902174479515
188,-10.231748572935343
189,-10.564154219512822
190,-10.7094471543134
191,-10.60893880036424
192,-10.59995183049112
193,-10.687092650893158
194,-10.557952243508973
195,-10.567860004719119
196,-10.600717564897415
197,-10.507596378242313
198,-10.723470700637991
199,-10.578211346342297
200,-10.658457561335508
201,-10.555319341349376
202,-10.615224939384234
203,-10.650479550279176
204,-10.612292871070933
205,-10.470295001016007
206,-10.557043934630668
207,-10.432197996842943
208,-10.5566977179781
209,-10.334604570683632
210,-10.405054151447873
211,-10.480781144406368
212,-10.590580659668792
213,-10.417050705461943
214,-10.58800804949758
215,-10.44395124076699
216,-10.561643514863976
217,-10.574755522436952
218,-10.522849039487893
219,-10.42352602084584
220,-10.378517222921488
221,-10.624123653160213
222,-10.495942862902098
223,-10.623940270764363
224,-10.609409635527037
225,-10.632326566397929
226,-10.659682030193697
227,-10.675424337265504
228,-10.671013021317917
229,-10.572056156193792
230,-10.650052389973872
231,-10.654425813994273
232,-10.587157059435848
233,-10.68343544980399
234,-10.706012241440707
235,-10.427347247369104
236,-10.581037661798053
237,-10.616115730751394
238,-10.58337415688512
239,-10.639669329708324
240,-10.639152454375626
241,-10.686039015361807
242,-10.433669465592999
243,-10.65742596743283
244,-10.632258946264997
245,-10.669125711327485
246,-10.622646922345616
247,-10.633711830694123
248,-10.501413886855255
249,-10.61660946734156
250,-10.747158421225384
251,-10.575502801695533
252,-10.450889391325248
253,-10.613491894683028
254,-10.568999668541435
255,-10.485383611720623
256,-10.53716088434718
257,-10.652909763295265
258,-10.51281720907134
259,-10.730416139098006
260,-10.686651521260066
261,-10.612466728642326
262,-10.510983402077995
263,-10.64234122490698
264,-10.51511862786432
265,-10.615270708531119
266,-10.687060325712627
267,-10.443504877897325
268,-10.466144526983397
269,-10.625516152113429
270,-10.677891122557284
271,-10.697446813785458
272,-10.488495587584712
273,-10.388037677429512
274,-10.597919015508703
275,-10.624243731565867
276,-10.673504490163676
277,-10.712674927593339
278,-10.589767525038669
279,-10.50895631451565
280,-10.607276994997717
281,-10.549778977624532
282,-10.415858739299363
283,-10.455533163543342
284,-10.659740284040456
285,-10.52350683224544
286,-10.367660390954768
287,-10.638222144575932
288,-10.570639245828234
289,-10.624999660281624
290,-10.641400161271823
291,-10.60004247802318
292,-10.38344814117216
293,-10.493231199575588
294,-10.575366712373727
295,-10.499737019161973
296,-10.583940959927984
297,-10.659326409599002
298,-10.521022989784663
299,-10.107189572579856
300,-10.62317743557464
301,-10.683302068629462
302,-10.524203390587378
303,-10.611061527416494
304,-10.29982928092969
305,-10.60686180587352
306,-10.554154967207102
307,-10.63522434546044
308,-10.31294257189859
309,-10.572108555650038
310,-10.49271886645904
311,-10.608810052426033
312,-10.66008550770937
313,-10.62843328068316
314,-10.624488400771684
315,-10.44133868965623
316,-10.618058098248099
317,-10.61289331384515
318,-10.55618381377281
319,-10.574966124167208
320,-10.433271436227177
321,-10.58378084214351
322,-10.618363836926477
323,-10.530389429522193
324,-10.173219610171572
325,-10.634533091597236
326,-10.584755147381848
327,-10.678016688964538
328,-10.668763400245673
329,-10.560081217973957
330,-10.706662863071653
331,-10.44247349993167
332,-10.569305951270897
333,-10.586752170494783
334,-10.67764279699373
335,-10.31418111523842
336,-10.70293541386964
337,-10.579888580611797
338,-10.364203565134657
339,-10.559147611392607
340,-10.741221694210472
341,-10.416528279552503
342,-10.479122235235302
343,-10.719285202123503
344,-10.628886942713855
345,-10.575985995336056
346,-10.674136563887552
347,-10.486961777493784
348,-10.579884599758028
349,-10.602443725375693
350,-10.638796383217416
351,-10.692479440639143
352,-10.669211158849693
353,-10.350339469319456
354,-10.740758917244728
355,-10.662079008832524
356,-10.30371734451572
357,-10.653811650014132
358,-10.618189185331655
359,-10.607272703673353
360,-10.366509574098432
361,-10.487958764505835
362,-10.588362629557363
363,-10.621889613501274
364,-10.514164500202444
365,-10.687666759711345
366,-10.653609508431868
367,-10.689017536536882
368,-10.61067477143118
369,-10.640859427594275
370,-10.497587255166938
371,-10.61335327331956
372,-10.455277836167973
373,-10.577913822885243
374,-10.597775731060151
375,-10.493939964878207
376,-10.710973142898423
377,-10.578071413470363
378,-10.532261642002492
379,-10.478949618273571
380,-10.445080396627104
381,-10.59990215990932
382,-10.574668869109557
383,-10.596564250189962
384,-10.633801876727892
385,-10.588985251316496
386,-10.646811953999253
387,-10.566778573947797
388,-10.3751744275606
389,-10.489468384471497
390,-10.602261745287306
391,-10.62054621523326
392,-10.534020874795056
393,-10.709050789181273
394,-10.640737012088
395,-10.570264388471152
396,-10.549176911614598
397,-10.514871575416759
398,-10.604091240120203
399,-10.636978831220086
400,-10.604791515629852
401,-10.691978076764745
402,-10.702104738955173
403,-10.629980405796994
404,-10.590196257703893
405,-10.445920832091943
406,-10.489977740513195
407,-10.46132002079126
408,-10.612308521663769
409,-10.537141803083543
410,-10.462993723700274
411,-10.50034778145997
412,-10.480228013663853
413,-10.533065763437152
414,-10.584769759426337
415,-10.564146924243914
416,-10.61318957955955
417,-10.448971367778023
418,-10.601539221277577
419,-10.582690683453492
420,-10.67135680066967
421,-10.393293856196944
422,-10.67695997977866
423,-10.491074153048995
424,-10.735273051172012
425,-10.498283169176998
426,-10.611708961689477
427,-10.516774128330232
428,-10.384060464444607
429,-10.567498479922744
430,-10.658369847147027
431,-10.642379725275546
432,-10.517278186627056
433,-10.618918793395775
434,-10.708702258187328
435,-10.518698542500626
436,-10.426780549721572
437,-10.578560415462093
438,-10.493441327671553
439,-10.518059272916581
440,-10.501900832423848
441,-10.701183797142708
442,-10.693038590075265
443,-10.332223265549008
444,-10.486966063464072
445,-10.593649499639405
446,-10.642312699289107
447,-10.662822449090411
448,-10.5588882875278
449,-10.684916428081722
450,-10.566640074904583
451,-10.559494787158446
452,-10.485632291342565
453,-10.493980171321553
454,-10.629526725444443
455,-10.644233142144184
456,-10.712187182845726
457,-10.504939573456918
458,-10.407700246488103
459,-10.590343527345688
460,-10.650969511564577
461,-10.562832537418217
462,-10.669988516318414
463,-10.474735181273743
464,-10.668250457680417
465,-10.449572298440085
466,-10.576461425591582
467,-10.451485593711663
468,-10.725975649908627
469,-10.445121548372633
470,-10.583008607664306
471,-10.550366659541645
472,-10.612745108402686
473,-10.664372940610734
474,-10.501334057315793
475,-10.584296725874351
476,-10.721054959519524
477,-10.407168872319287
478,-10.702028247201149
479,-10.557822029016844
480,-10.663794622295187
481,-10.553441584177426
482,-10.546633588620981
483,-10.560918149105733
484,-10.567474715838971
485,-10.570982047062449
486,-10.651716427903212
487,-10.619757762033107
488,-10.629996857510221
489,-10.584125381920446
490,-10.611199386514503
491,-10.567547128612867
492,-10.742706727200993
493,-10.68168059670862
494,-10.696803860917411
495,-10.467053936972716
496,-10.482040840494523
497,-10.619570828242741
498,-10.67863638779006
499,-10.466143142920142
500,-10.639279303939114
501,-10.506515428497641
502,-10.476445222345127
503,-10.607421538417789
504,-10.639135979868161
505,-10.610578334944698
506,-10.313261464383244
507,-10.456775747633626
508,-10.601920299144991
509,-10.531075424418367
510,-10.567997946356886
511,-10.514465955064344
512,-10.236781550889608
513,-10.703158880333083
514,-10.499469665418435
515,-10.59388466166211
516,-10.51541723112081
517,-10.682812667217457
518,-10.608243152673293
519,-10.659179760314826
520,-10.527671681608687
521,-10.51010901576158
522,-10.493267220164697
523,-10.721631729833216
524,-10.7355219663176
525,-10.634246971270489
526,-10.634808873461504
527,-10.298440018149527
528,-10.623363040833413
529,-10.592881313331
530,-10.62942782462779
531,-10.641236676199
532,-10.673439979709963
533,-10.498196816389523
534,-10.548028962533737
535,-10.673449144257804
536,-10.387340990033188
537,-10.411912073411226
538,-10.449377886475007
539,-10.612418731120917
540,-10.711650859611678
541,-10.67821132667956
542,-10.612573389095726
543,-10.594954157277307
544,-10.606738579531
545,-10.65518410487883
546,-10.629788719097144
547,-10.504672604374106
548,-10.52949595406146
549,-10.662138451286943
550,-10.6354841634101
551,-10.595475340439148
552,-10.541918250146574
553,-10.558436864475864
554,-10.08969517078363
555,-10.26668964822407
556,-10.553923391987123
557,-10.6572168788566
558,-10.506248473542843
559,-10.596707173933927
560,-10.395735965744333
561,-10.640909433876928
562,-10.502714554997858
563,-10.55984427121652
564,-10.627716256955768
565,-10.603349286389195
566,-10.478294789529103
567,-10.729880590304676
568,-10.538430728309713
569,-10.692637090399264
570,-10.275050330435237
571,-10.723729983984553
572,-10.495358560108905
573,-10.23673948318132
574,-10.508017797913467
575,-10.332559643171027
576,-10.568884671627286
577,-10.655105170083775
578,-10.356227481686917
579,-10.576284561272656
580,-10.700719617555947
581,-10.640218443780263
582,-10.348932934424427
583,-10.536941967673227
584,-10.36068767109581
585,-10.595551018698512
586,-10.614171433976242
587,-10.720444506090294
588,-10.38380075390211
589,-10.390312526417198
590,-10.602281697646543
591,-10.5277231718565
592,-10.627006543038123
593,-10.559368688251599
594,-10.64513187803998
595,-10.528176590504607
596,-10.346997918204538
597,-10.615061895682047
598,-10.259397404560618
599,-10.547455472691569
600,-10.54464882619464
601,-10.622437693581283
602,-10.6556348546614
603,-10.411090852083447
604,-10.542493068763312
605,-10.721008969547407
606,-10.676994495741722
607,-10.491985061540802
608,-10.537005698404982
609,-10.575274241384252
610,-10.636750882942849
611,-10.649400297288723
612,-10.657572103126585
613,-10.663906549898737
614,-10.469029020974238
615,-10.655295872786805
616,-10.693191391105003
617,-10.562193609377942
618,-10.394544278889821
619,-10.647400132592898
620,-10.5553762395285
621,-10.476022294162423
622,-10.480652459319804
623,-10.549338294389266
624,-10.53800994898574
625,-10.38500425848293
626,-10.643916660384189
627,-10.456626976841036
628,-10.337950177966476
629,-10.451396799425533
630,-10.600517054405023
631,-10.519567582811039
632,-10.593366725473057
633,-10.444402829664668
634,-10.445364451499273
635,-10.770100580268192
636,-10.465561672936618
637,-10.588890367519081
638,-10.631365976023346
639,-10.585505819300236
640,-10.501717357785566
641,-10.333582996329024
642,-10.4900771810184
643,-10.638260262944122
644,-10.73647381981406
645,-10.613111331822406
646,-10.504451222484695
647,-10.671024280611741
648,-10.591159779095477
649,-10.3582746553157
650,-10.717205090421324
651,-10.550647120920315
652,-10.570007397330224
653,-10.434821579693855
654,-10.647111867418607
655,-10.38014764517265
656,-10.735245838744854
657,-10.256646136949218
658,-10.589309518378355
659,-10.668873373334083
660,-10.582172503952153
661,-10.534667283720676
662,-10.628046519503584
663,-10.39203506486107
664,-10.692443776048766
665,-10.669002124683256
666,-10.381311523134487
667,-10.609709771608896
668,-10.370835070962881
669,-10.67040292760581
670,-10.617633144703179
671,-10.6535089685219
672,-10.606781997170057
673,-10.634374402537457
674,-10.456242255248805
675,-10.258338707721949
676,-10.598530574613775
677,-10.638321741428804
678,-10.510483151545642
679,-10.598036200812398
680,-10.734056382396972
681,-10.620728005368454
682,-10.597329127416735
683,-10.583690258907524
684,-10.523537554945301
685,-10.526270515925217
686,-10.67812353022654
687,-10.523594850910797
688,-10.60515597513402
689,-10.658869155845867
690,-10.783818215830646
691,-10.618529591774506
692,-10.65963689449023
693,-10.592402957047076
694,-10.397674524848153
695,-10.68598468319438
696,-10.590843699467626
697,-10.51114471178885
698,-10.44015540766276
699,-10.423866881452602
700,-10.657079225111675
701,-10.67298125751401
702,-10.527631453781801
703,-10.472699228435612
704,-10.612642359012352
705,-10.570412237376207
706,-10.57392736496552
707,-10.632647588122506
708,-10.494535886159351
709,-10.51601093392449
710,-10.668300387422212
711,-10.684828607942276
712,-10.658573034531232
713,-10.686659341451591
714,-10.591923534072501
715,-10.598574375439224
716,-10.53963890375496
717,-10.686452839301676
718,-10.65790899312008
719,-10.621585163333679
720,-10.379457443680275
721,-10.59618212361325
722,-10.532099057678023
723,-10.509331933149772
724,-10.574876591956423
725,-10.550439743945034
726,-10.551982531476018
727,-10.299325279636056
728,-10.509635323654608
729,-10.651242787914608
730,-10.459500847350098
731,-10.653059021113544
732,-10.624459013602396
733,-10.612433631411113
734,-10.548278017999348
735,-10.640832584795506
736,-10.592046341595797
737,-10.613275066920842
738,-10.443185234980488
739,-10.584835017821188
740,-10.593195011100903
741,-10.539632279625069
742,-10.63656316311234
743,-10.633451443237286
744,-10.599274217054921
745,-10.581793713259348
746,-10.398510315696477
747,-10.595156171973187
748,-10.521018380584325
749,-10.71532502135578
750,-10.491135697194439
751,-10.600721760847263
752,-10.669671880023964
753,-10.457367858157724
754,-10.70770297505005
755,-10.468916915655043
756,-10.638874382313023
757,-10.59822663965213
758,-10.466080483881775
759,-10.275917665568768
760,-10.66795781201744
761,-10.672926415591704
762,-10.459944204338461
763,-10.617264913520644
764,-10.527693265329694
765,-10.62314769435252
766,-10.395272915685974
767,-10.694315616482502
768,-10.597223994579446
769,-10.666658548584678
770,-10.450348832690084
771,-10.624682217012817
772,-10.523727381989568
773,-10.621392601359542
774,-10.70103219372224
775,-10.593179486854137
776,-10.536297179311381
777,-10.670950886503725
778,-10.428251805116911
779,-10.661359376861052
780,-10.495257534038037
781,-10.397613280543226
782,-10.477899404830325
783,-10.634264007019327
784,-10.633271846321565
785,-10.511321623289176
786,-10.719682871367056
787,-10.649370478630347
788,-10.573338162786207
789,-10.484517440220273
790,-10.615450033987047
791,-10.648500572541474
792,-10.481115623053023
793,-10.56027796290761
794,-10.551173990188818
795,-10.533584917730554
796,-10.522774336963202
797,-10.426679817737435
798,-10.588161188677484
799,-10.709218622500737
800,-10.689236829969893
801,-10.53064867422868
802,-10.644596968474008
803,-10.688693861263278
804,-10.353189670501113
805,-10.450942656032682
806,-10.577856654297925
807,-10.708572456258077
808,-10.4562792938685
809,-10.640570649067916
810,-10.395281553387647
811,-10.516674981315543
812,-10.559350619713369
813,-10.629841142371744
814,-10.480588056718023
815,-10.30780257242704
816,-10.61782006240304
817,-10.350152777827846
818,-10.568151656955946
819,-10.643539805691175
820,-10.506244062578167
821,-10.364296531087264
822,-10.566001573415438
823,-10.57297870895306
824,-10.305958317915843
825,-10.660459481721354
826,-10.461205684146202
827,-10.55053189134468
828,-10.473646272471221
829,-10.567780886878552
830,-10.721394169292171
831,-10.626243493833172
832,-10.554349709719508
833,-10.550751192599463
834,-10.589138085966368
835,-10.702887486649194
836,-10.648386038352902
837,-10.501826015618217
838,-10.524204972202392
839,-10.64402825424591
840,-10.598921222611557
841,-10.530907606535703
842,-10.71828210994057
843,-10.599924186512686
844,-10.659580483772077
845,-10.554555021625246
846,-10.637335968444157
847,-10.371678919486618
848,-10.65734042487435
849,-10.370432679298245
850,-10.6061715543444
851,-10.571014370765038
852,-10.732358413731717
853,-10.42238110160852
854,-10.598025235607388
855,-10.38881995152836
856,-10.405221548638233
857,-10.477105867767742
858,-10.402767604095411
859,-10.621024681521613
860,-10.719224100321174
861,-10.554430916858053
862,-10.651094365876382
863,-10.627878738514996
864,-10.675125289045694
865,-10.546568416037395
866,-10.549990466490831
867,-10.64736515548997
868,-10.564763597346914
869,-10.513748469026016
870,-10.671018121674024
871,-10.542494099540573
872,-10.53612694899666
873,-10.624587780536801
874,-10.431258216277085
875,-10.418251134968989
876,-10.652448187702367
877,-10.65663900575969
878,-10.615481632050182
879,-10.68498148609719
880,-10.718082600942171
881,-10.492328511896991
882,-10.378873736383603
883,-10.557401043719905
884,-10.565126045494138
885,-10.596718090195006
886,-10.581234731511207
887,-10.532740389693467
888,-10.517645133926603
889,-10.699761608184282
890,-10.583971787990652
891,-10.55746214575627
892,-10.614629576440496
893,-10.692172057008099
894,-10.702220342434073
895,-10.406155215483563
896,-10.539917388047916
897,-10.645753206031305
898,-10.524848027966144
899,-10.558498049884717
900,-10.59327456398291
901,-10.456681225429653
902,-10.59377105066274
903,-10.643803794294683
904,-10.7093743301006
905,-10.50712798549301
906,-10.645823146737627
907,-10.428109805154936
908,-10.571269560540268
909,-10.663978705317618
910,-10.669530013950707
911,-10.566669513396793
912,-10.398057276865314
913,-10.625146192048637
914,-10.634161527465086
915,-10.552734185993387
916,-10.524668726119977
917,-10.447233569095447
918,-10.562648616932986
919,-10.608749743664008
920,-10.302996825246334
921,-10.697509365321663
922,-10.21566300259866
923,-10.549647115331254
924,-10.54708880869303
925,-10.5017206368955
926,-10.464533762494304
927,-10.592359004655313
928,-10.363395830223512
929,-10.40788198380616
930,-10.726445799986498
931,-10.66465085752497
932,-10.502119852528574
933,-10.677911035249972
934,-10.492572170532467
935,-10.535078760065756
936,-10.715951670023832
937,-10.374744836139687
938,-10.677452948720148
939,-10.682719308998854
940,-10.322910816760258
941,-10.445201172000893
942,-10.643726318170014
943,-10.377982607801284
944,-10.631474490622006
945,-10.556321474451043
946,-10.360047719531748
947,-10.61817647876991
948,-10.704777717612805
949,-10.476223945963874
950,-10.456186403639766
951,-10.547931881845003
952,-10.655079600774917
953,-10.512193533714967
954,-10.657672152330909
955,-10.5918472202045
956,-10.557610167728868
957,-10.620655427590016
958,-10.603551540837048
959,-10.523159312969769
960,-10.614631609454058
961,-10.691040173851352
962,-10.472906592519463
963,-10.4124288366114
964,-10.413236922200324
965,-10.652180200496698
966,-10.518671049115648
967,-10.33507202046896
968,-10.32273430374332
969,-10.653429396805326
970,-10.487501908197977
971,-10.691542827834931
972,-10.57419816795473
973,-10.575923268114582
974,-10.726915490611722
975,-10.519475669254401
976,-10.66939191349574
977,-10.54121161337511
978,-10.512547239796037
979,-10.555994079641609
980,-10.700562225476821
981,-10.571450142484311
982,-10.64526153617602
983,-10.677358929159857
984,-10.3484640726264
985,-10.634203399597533
986,-10.552301167226712
987,-10.47516008542408
988,-10.655440130024962
989,-10.505447934914603
990,-10.571097209128617
991,-10.625976619832537
992,-10.513809805258298
993,-10.408516076972194
994,-10.414980671477572
995,-10.497010485589568
996,-10.64162580609786
997,-10.597674664926569
998,-10.649211320497184
999,-10.361666123653672
1000,-10.53482460758963
1001,-10.393992087954347
1002,-10.549635107595668
1003,-10.574405618291289
1004,-10.568252205040924
1005,-10.711237694928851
1006,-10.494286926732293
1007,-10.322890629571397
1008,-10.505591006317733
1009,-10.52706852595074
1010,-10.396387063622788
1011,-10.711283626970141
1012,-10.661870609903037
1013,-10.682095960999467
1014,-10.53687151451982
1015,-10.521537130984264
1016,-10.487203347105542
1017,-10.450990897372986
1018,-10.230565498658255
1019,-10.675010668845543
1020,-10.522993880633196
1021,-10.617004877777314
1022,-10.522837540263446
1023,-10.626774576461598
1024,-10.704582108223851
1025,-10.720991525508015
1026,-10.453203902247905
1027,-10.562428888407217
1028,-10.62420236839749
1029,-10.322081754631734
1030,-10.601361737946348
1031,-10.637024991431122
1032,-10.466096144655909
1033,-10.62022354075575
1034,-10.437043527097636
1035,-10.67544694854166
1036,-10.447683656947039
1037,-10.481478138876566
1038,-10.671082042036725
1039,-10.46688459267184
1040,-10.409602407133548
1041,-10.392426713243475
1042,-10.606682973391381
1043,-10.725368277274901
1044,-10.618238904216103
1045,-10.560690144296606
1046,-10.558671547258328
1047,-10.540644499916274
1048,-10.606859066734822
1049,-10.652673410901768
1050,-10.618941852787922
1051,-10.52740587316319
1052,-10.672270434279453
1053,-10.640077947622727
1054,-10.647608470799822
1055,-10.55699407600078
1056,-10.514102110364366
1057,-10.648757255178296
1058,-10.578600634628916
1059,-10.36011133621954
1060,-10.40076759253723
1061,-10.396424168974068
1062,-10.556083581100676
1063,-10.736644641074827
1064,-10.51089766189825
1065,-10.638174247763043
1066,-10.504909857102783
1067,-10.709850965788805
1068,-10.507466507684262
1069,-10.521315957593618
1070,-10.67077227918014
1071,-10.674791426461839
1072,-10.530540044878448
1073,-10.598631998430784
1074,-10.571236388858235
1075,-10.497577790517068
1076,-10.381625882441636
1077,-10.68578568031928
1078,-10.562295206785317
1079,-10.632423816331007
1080,-10.703705955105898
1081,-10.35759075279949
1082,-10.555567264502393
1083,-10.36294807195067
1084,-10.638347449407142
1085,-10.543626596843893
1086,-10.31284226801561
1087,-10.554004830617615
1088,-10.50538123496938
1089,-10.727390845197645
1090,-10.581966702203411
1091,-10.534278456867668
1092,-10.730010994039306
1093,-10.587664502282678
1094,-10.657159766373193
1095,-10.659528331751595
1096,-10.550124669985854
1097,-10.605656654596418
1098,-10.652372708809466
1099,-10.746334284513264
1100,-10.705037079665992
1101,-10.555079881031984
1102,-10.526845927988912
1103,-10.208403121562604
1104,-10.704557567055703
1105,-10.525743165749716
1106,-10.570327734879562
1107,-10.610404605945767
1108,-10.3443515312636
1109,-10.597835134465017
1110,-10.650693456349966
1111,-10.690696774578267
1112,-10.639338715114473
1113,-10.652679781761
1114,-10.510389466413669
1115,-10.727303436759966
1116,-10.713274644159144
1117,-10.57751577088032
1118,-10.485040178487713
1119,-10.450977145423368
1120,-10.486340883879683
1121,-10.587839711877514
1122,-10.514868979668156
1123,-10.619351381174008
1124,-10.55356134035312
1125,-10.42168008232923
1126,-10.547461538721972
1127,-10.380669194722095
1128,-10.577130555998346
1129,-10.577451929896874
1130,-10.650823211838603
1131,-10.423689103883836
1132,-10.52472330281922
1133,-10.585327143051751
1134,-10.325363881252876
1135,-10.408914658870351
1136,-10.722383243945716
1137,-10.662848443991605
1138,-10.514402233447434
1139,-10.5374193038739
1140,-10.276590854120652
1141,-10.615267749423543
1142,-10.581622268986942
1143,-10.504728138610126
1144,-10.628142591896856
1145,-10.637453455572103
1146,-10.583194727781141
1147,-10.69565515088939
1148,-10.543720979999085
1149,-10.561667375834835
1150,-10.624090615909367
1151,-10.216685317756204
1152,-10.619718132440378
1153,-10.625649120996096
1154,-10.561209303026887
1155,-10.556629992062067
1156,-10.54530143395244
1157,-10.714717846643874
1158,-10.706796694613509
1159,-10.518888180704117
1160,-10.618025997321547
1161,-10.535928738402443
1162,-10.611907844043651
1163,-10.619571561132751
1164,-10.448110209373528
1165,-10.34879309016547
1166,-10.594826241590695
1167,-10.638929599509492
1168,-10.535713648804332
1169,-10.472933214025254
1170,-10.597408590186783
1171,-10.549966748293723
1172,-10.557177022632068
1173,-10.740880593282776
1174,-10.710789426800307
1175,-10.590834876322972
1176,-10.473374540777332
1177,-10.51044697784718
1178,-10.726840248350344
1179,-10.549272716068062
1180,-10.577573222443911
1181,-10.65516779142924
1182,-10.652044001178027
1183,-10.469813291726224
1184,-10.619156545133354
1185,-10.652814729177607
1186,-10.532730368391954
1187,-10.396381421750633
1188,-10.667786520464684
1189,-10.731117454703632
1190,-10.587383541341564
1191,-10.657763485396778
1192,-10.71080787572443
1193,-10.421398515487693
1194,-10.567272685765268
1195,-10.313927706947338
1196,-10.667211622129567
1197,-10.704688594561773
1198,-10.651285553854342
1199,-10.379521240149831
1200,-10.598832383874818
1201,-10.686788704651313
1202,-10.65093316050202
1203,-10.568162645410457
1204,-10.667904031589352
1205,-10.605227872680107
1206,-10.653274461840976
1207,-10.628743089600533
1208,-10.570298755326732
1209,-10.613473325922914
1210,-10.44874225183485
1211,-10.647986755144963
1212,-10.590888958102711
1213,-10.392036729543175
1214,-10.608283793689225
1215,-10.559910124910974
1216,-10.355577774450852
1217,-10.449012956908584
1218,-10.497404700913288
1219,-10.63791344247015
1220,-10.57999980560243
1221,-10.520828826829954
1222,-10.555229400082675
1223,-10.643563562380171
1224,-10.645075776239631
1225,-10.625984030066695
1226,-10.437593459322342
1227,-10.39861418438366
1228,-10.533403965401591
1229,-10.58682355022218
1230,-10.634422904062458
1231,-10.675381925021666
1232,-10.594937744617344
1233,-10.604716886467942
1234,-10.598800968950675
1235,-10.583539441012208
1236,-10.510709801095636
1237,-10.611807765509973
1238,-10.592685811606296
1239,-10.678669448698756
1240,-10.593340950958352
1241,-10.51667577387382
1242,-10.499836669981649
1243,-10.498334689747974
1244,-10.128571534597418
1245,-10.692242218891804
1246,-10.6180909289837
1247,-10.692691261209283
1248,-10.510378709437619
1249,-10.655240201932477
1250,-10.372533432290536
1251,-10.560116277572119
1252,-10.577929132696838
1253,-10.387619895801901
1254,-10.65420672277418
1255,-10.362533520563256
1256,-10.343513085205442
1257,-10.45293281370517
1258,-10.471587846961958
1259,-10.417751014743931
1260,-10.467738906228403
1261,-10.5292797263713
1262,-10.582866983087854
1263,-10.687525692029869
1264,-10.551490848403796
1265,-10.43496446381054
1266,-10.674229858085523
1267,-10.723822774996544
1268,-10.647166928436574
1269,-10.579137109448661
1270,-10.583189691134377
1271,-10.464745367291373
1272,-10.715951273397495
1273,-10.405081789454472
1274,-10.407477910233656
1275,-10.523379699612446
1276,-10.578524411264585
1277,-10.480480044229678
1278,-10.574741867037568
1279,-10.71278425671576
1280,-10.460019291049273
1281,-10.43837566219842
1282,-10.70116529296871
1283,-10.433676672506914
1284,-10.589851123481113
1285,-10.673865168142386
1286,-10.45489395456602
1287,-10.637353969918266
1288,-10.572041144383897
1289,-10.624334555130288
1290,-10.53815421214988
1291,-10.576273064962097
1292,-10.28520412425678
1293,-10.646645043676896
1294,-10.637691938586034
1295,-10.248826506618114
1296,-10.687498623895099
1297,-10.656761929360012
1298,-10.462875422772257
1299,-10.67852376235575
1300,-10.59844453719116
1301,-10.565947744857716
1302,-10.560437693606572
1303,-10.667567968892175
1304,-10.722944725049881
1305,-10.67429904112363
1306,-10.49281605173955
1307,-10.586483074582832
1308,-10.410074247443015
1309,-10.46209856417929
1310,-10.713638135635414
1311,-10.67466565900352
1312,-10.47233038705161
1313,-10.320041250591228
1314,-10.517559207120042
1315,-10.288609388860976
1316,-10.313617701319293
1317,-10.685421257390637
1318,-10.476404096370164
1319,-10.595187938919151
1320,-10.436261441988883
1321,-10.609511805830497
1322,-10.539137096013997
1323,-10.670772118816732
1324,-10.729979208553978
1325,-10.478145707655749
1326,-10.654028095758267
1327,-10.559824828608887
1328,-10.622569846761714
1329,-10.525367575901894
1330,-10.473093449733929
1331,-10.673390914912675
1332,-10.436536445296133
1333,-10.489475309886151
1334,-10.643825451723382
1335,-10.623235436875062
1336,-10.559074442038238
1337,-10.681541330988242
1338,-10.630061109227409
1339,-10.7234963845656
1340,-10.640544439831011
1341,-10.671730803577713
1342,-10.39869813373833
1343,-10.65916247245026
1344,-10.605651014382993
1345,-10.572670843872443
1346,-10.47155026352292
1347,-10.457835067061843
1348,-10.605543882600127
1349,-10.56957718968276
1350,-10.401214768685193
1351,-10.578642843179477
1352,-10.654652513580851
1353,-10.613011761218557
1354,-10.489563892382806
1355,-10.626853940145082
1356,-10.533846673675605
1357,-10.725805715651678
1358,-10.612739872149769
1359,-10.66268236110844
1360,-10.400400635913881
1361,-10.689897239088854
1362,-10.648791943204397
1363,-10.651742250728212
1364,-10.660020084505078
1365,-10.689216870501113
1366,-10.540152984222546
1367,-10.46894846750714
1368,-10.700411850162986
1369,-10.461891363342843
1370,-10.608528293741672
1371,-10.46591386413086
1372,-10.636395499305193
1373,-10.453931489698263
1374,-10.487176485755317
1375,-10.63959905220049
1376,-10.732621854083805
1377,-10.464914139044511
1378,-10.5913681582788
1379,-10.504849225326664
1380,-10.348318122875261
1381,-10.382068840570023
1382,-10.488305366416196
1383,-10.590219499997637
1384,-10.695328881888011
1385,-10.540960472957913
1386,-10.462358150209797
1387,-10.636775793688132
1388,-10.631308626468561
1389,-10.515045935250257
1390,-10.504113837965928
1391,-10.315876007123316
1392,-10.632548077939935
1393,-10.563562851752046
1394,-10.462479214279474
1395,-10.700465022281591
1396,-10.395561070449645
1397,-10.636067901507744
1398,-10.458279136207606
1399,-10.510719557425158
1400,-10.678413539351537
1401,-10.339018601067997
1402,-10.466194292023507
1403,-10.328423954773552
1404,-10.639143463022533
1405,-10.678521323465096
1406,-10.556859235005653
1407,-10.442348365454686
1408,-10.595701483364497
1409,-10.525979669463183
1410,-10.62250092606423
1411,-10.612760704114311
1412,-10.476503267796062
1413,-10.383694593860751
1414,-10.517544952915554
1415,-10.645554163535047
1416,-10.468000496522777
1417,-10.708268553360233
1418,-10.593949515987953
1419,-10.618051172307839
1420,-10.652443047973607
1421,-10.674203304486298
1422,-10.700268646626984
1423,-10.610848292203906
1424,-10.521878912139243
1425,-10.714877709746904
1426,-10.608736486161996
1427,-10.66915673664717
1428,-10.412730554373104
1429,-10.512329936100453
1430,-10.534918704542255
1431,-10.579599333904103
1432,-10.569328708767527
1433,-10.707549511995806
1434,-10.608337611075905
1435,-10.28626590393462
1436,-10.483693065524015
1437,-10.600821815717255
1438,-10.39739938738358
1439,-10.641884651812862
1440,-10.70346577082874
1441,-10.678872829855305
1442,-10.637604529107094
1443,-10.225097555100174
1444,-10.447352734080779
1445,-10.495558606226073
1446,-10.66618181134815
1447,-10.629590454055126
1448,-10.628023498298747
1449,-10.58891855294248
1450,-10.596395102297997
1451,-10.637907034734642
1452,-10.533349095304708
1453,-10.527765260230275
1454,-10.505717601440546
1455,-10.651808903215962
1456,-10.405810358045649
1457,-10.31114317710382
1458,-10.478422034216546
1459,-10.650670674546047
1460,-10.676282529839536
1461,-10.589017811650184
1462,-10.527328516652137
1463,-10.444494611952862
1464,-10.62444595343976
1465,-10.588603571656682
1466,-10.739706297474154
1467,-10.554696864255368
1468,-10.662161512494487
1469,-10.512499189646435
1470,-10.39296542542467
1471,-10.573839489919367
1472,-10.5890387795804
1473,-10.597237271340227
1474,-10.373533740035352
1475,-10.587717007426901
1476,-10.42563700752028
1477,-10.530124810462487
1478,-10.405141706919649
1479,-10.621964580126901
1480,-10.607538578167867
1481,-10.417573538678921
1482,-10.515884712944116
1483,-10.592819191563727
1484,-10.454217986003323
1485,-10.617847636345623
1486,-10.528045798480283
1487,-10.503486592887107
1488,-10.702532505455828
1489,-10.586470706771069
1490,-10.507239471548225
1491,-10.574684289159627
1492,-10.670113892180439
1493,-10.59765263867046
1494,-10.42437026855601
1495,-10.70371821946287
1496,-10.376493939128961
1497,-10.5550720216696
1498,-10.546587422035692
1499,-10.738220144351619
1500,-10.584338869732916
1501,-10.52303829298081
1502,-10.462943752964383
1503,-10.628056634553118
1504,-10.604474267504775
1505,-10.631491509503087
1506,-10.747374227932921
1507,-10.3809253410901
1508,-10.632462499055901
1509,-10.48726507164798
1510,-10.659346610813863
1511,-10.507766442906847
1512,-10.508189742113554
1513,-10.647218079929637
1514,-10.740496570825135
1515,-10.531787761639208
1516,-10.467538015715176
1517,-10.5370758338912
1518,-10.754854705433596
1519,-10.639678046233577
1520,-10.424996530540193
1521,-10.667086052479734
1522,-10.558674286387273
1523,-10.577293410862039
1524,-10.573340725129317
1525,-10.441397191315213
1526,-10.621629263007867
1527,-10.622919028877439
1528,-10.449735547473527
1529,-10.463574140491007
1530,-10.515346575414213
1531,-10.66850359748388
1532,-10.335343689529145
1533,-10.595461743077687
1534,-10.625352589468942
1535,-10.636088954948196
1536,-10.573055572594624
1537,-10.53283709911126
1538,-10.468633529884752
1539,-10.426169785528963
1540,-10.668863468090649
1541,-10.502233724820991
1542,-10.554512564829944
1543,-10.579091745304325
1544,-10.541130366201358
1545,-10.64732168766247
1546,-10.579155502571863
1547,-10.573168820520364
1548,-10.608516421071448
1549,-10.503734151091797
1550,-10.667634894779196
1551,-10.438503917391607
1552,-10.539375674755195
1553,-10.537277626738039
1554,-10.590298388663504
1555,-10.726469245391971
1556,-10.566331418058668
1557,-10.482974271551047
1558,-10.497470580084764
1559,-10.449109493244363
1560,-10.449658193690283
1561,-10.486896871333881
1562,-10.373296472814678
1563,-10.614656257360828
1564,-10.44467844665324
1565,-10.706605555071704
1566,-10.61394202356847
1567,-10.597460724350434
1568,-10.641419014925383
1569,-10.67252731409485
1570,-10.499373928476556
1571,-10.607450908890007
1572,-10.307540730763405
1573,-10.535213966668394
1574,-10.708172562582613
1575,-10.546445698748606
1576,-10.259968874160313
1577,-10.677349847053852
1578,-10.652333109197912
1579,-10.468322171403628
1580,-10.642083753787656
1581,-10.455039517481287
1582,-10.515125526390984
1583,-10.469361778229699
1584,-10.507247003769724
1585,-10.444915757620537
1586,-10.68937023419833
1587,-10.67847240361217
1588,-10.596395698339144
1589,-10.343229689886812
1590,-10.617899870064301
1591,-10.705046655259
1592,-10.336197891033283
1593,-10.585329684282014
1594,-10.49831092161431
1595,-10.516399858533873
1596,-10.362226138105733
1597,-10.309610246821693
1598,-10.65374950417969
1599,-10.660617621308267
1600,-10.529922975628745
1601,-10.609957088568445
1602,-10.746110584389562
1603,-10.567720815571533
1604,-10.534438309365042
1605,-10.545878570985524
1606,-10.592702766459526
1607,-10.586347575295108
1608,-10.636479388626269
1609,-10.355938188904094
1610,-10.407819957169103
1611,-10.642757243105407
1612,-10.53466920503645
1613,-10.486799431626643
1614,-10.644272204116213
1615,-10.49397774822082
1616,-10.637744892463894
1617,-10.519135411840557
1618,-10.40453639419091
1619,-10.366431108079816
1620,-10.741007660557734
1621,-10.643533763669712
1622,-10.443882752418764
1623,-10.631544418134368
1624,-10.610517449634287
1625,-10.652676258568414
1626,-10.637570889596065
1627,-10.462666198862973
1628,-10.688856645402973
1629,-10.698626942675144
1630,-10.639895410167725
1631,-10.707038501699762
1632,-10.434766023167931
1633,-10.489817952210617
1634,-10.68493286354038
1635,-10.567940154454565
1636,-10.724487898859804
1637,-10.704234235812722
1638,-10.579085757007
1639,-10.72319749878452
1640,-10.581309245814266
1641,-10.59395698454561
1642,-10.645361015895414
1643,-10.600407412941404
1644,-10.40729814319062
1645,-10.525443350584498
1646,-10.295183320678136
1647,-10.588236421412427
1648,-10.638067811728083
1649,-10.702081474143815
1650,-10.646797666235956
1651,-10.676020329872337
1652,-10.557799221960165
1653,-10.426011616698489
1654,-10.618703658832537
1655,-10.361939975241336
1656,-10.515367674000293
1657,-10.592940737004897
1658,-10.688746445384613
1659,-10.66581047619644
1660,-10.708521587709187
1661,-10.658166477933094
1662,-10.64114123953732
1663,-10.644401177926142
1664,-10.448281205498995
1665,-10.529406187665462
1666,-10.652144600187256
1667,-10.677801787055083
1668,-10.426343839508588
1669,-10.499694187838054
1670,-10.679257720499287
1671,-10.73709763122947
1672,-10.638186733059886
1673,-10.614792271084507
1674,-10.669472970907398
1675,-10.620405652034394
1676,-10.454887199955161
1677,-10.456242054386953
1678,-10.430656619425582
1679,-10.499880760037062
1680,-10.579523111977949
1681,-10.633651076697104
1682,-10.464497115124695
1683,-10.713280436697909
1684,-10.561562408103823
1685,-10.743857677988947
1686,-10.456210276845658
1687,-10.63180858048214
1688,-10.719067769013972
1689,-10.558197661995447
1690,-10.704019448642306
1691,-10.697760334546587
1692,-10.71751949764042
1693,-10.690736392841485
1694,-10.641129471037422
1695,-10.624016496314562
1696,-10.682537623472976
1697,-10.581244874217802
1698,-10.561714946027095
1699,-10.467054745499967
1700,-10.559683060597717
1701,-10.19946797326992
1702,-10.636063819761922
1703,-10.560668051883383
1704,-10.558673540804714
1705,-10.572182494649132
1706,-10.247626380252159
1707,-10.571047194339394
1708,-10.578797257087142
1709,-10.725295343257212
1710,-10.624855438992732
1711,-10.625696037612473
1712,-10.620343592148293
1713,-10.554057530101872
1714,-10.550431355108566
1715,-10.59640114709837
1716,-10.602654182410848
1717,-10.6029586753994
1718,-10.563452563017524
1719,-10.708719691612412
1720,-10.506321640276637
1721,-10.460389591708326
1722,-10.660014597574706
1723,-10.7048935337015
1724,-10.686233511031782
1725,-10.641910320095509
1726,-10.677384507399696
1727,-10.6133953455028
1728,-10.55734365478856
1729,-10.5255253230221
1730,-10.69933524859989
1731,-10.432801972676874
1732,-10.642231783442408
1733,-10.530435935249963
1734,-10.585372645693411
1735,-10.610876205361796
1736,-10.491480328408821
1737,-10.609955699442246
1738,-10.55120922234575
1739,-10.649024877244136
1740,-10.693735628108849
1741,-10.517917328134212
1742,-10.49727942537418
1743,-10.464184877966984
1744,-10.617005166927383
1745,-10.647426087671423
1746,-10.588481088862244
1747,-10.463239722057011
1748,-10.544656943259069
1749,-10.637631601036539
1750,-10.501090367350443
1751,-10.495699187118372
1752,-10.504014417174693
1753,-10.61696489064892
1754,-10.633927526555695
1755,-10.502614540692658
1756,-10.524064791322347
1757,-10.699656612490989
1758,-10.663892854752614
1759,-10.584118249436195
1760,-10.545035838495977
1761,-10.642670676849551
1762,-10.612010769927586
1763,-10.508580528672958
1764,-10.556770367662637
1765,-10.686356651290742
1766,-10.55640400966898
1767,-10.617665460192569
1768,-10.64463249700426
1769,-10.540034315676444
1770,-10.632989158897633
1771,-10.552656668081667
1772,-10.494399750119513
1773,-10.509869765496866
1774,-10.648644617559807
1775,-10.630489329883066
1776,-10.623193808837067
1777,-10.544353308625693
1778,-10.454594153023685
1779,-10.500514110568908
1780,-10.648622871068293
1781,-10.45953488365758
1782,-10.216091213554908
1783,-10.561946736082618
1784,-10.584768749317801
1785,-10.425908946030724
1786,-10.432050687264773
1787,-10.379808740998456
1788,-10.701100977798669
1789,-10.339590059689368
1790,-10.406786403082997
1791,-10.613213972982713
1792,-10.661330517480668
1793,-10.715169909980352
1794,-10.55281013515022
1795,-10.448825376595408
1796,-10.663285291488096
1797,-10.62731337190827
1798,-10.457557444642461
1799,-10.702696155302943
1800,-10.47496225301956
1801,-10.293219769733852
1802,-10.626928394632843
1803,-10.64039641967671
1804,-10.641237206246984
1805,-10.639165771675804
1806,-10.689155827184859
1807,-10.460560070933546
1808,-10.672576511142026
1809,-10.54114991280932
1810,-10.41557781547384
1811,-10.714689754775064
1812,-10.456258292754784
1813,-10.45638987704263
1814,-10.39807073478855
1815,-10.529355944244317
1816,-10.643000539290963
1817,-10.515721057425427
1818,-10.595695933244516
1819,-10.633757144786793
1820,-10.556585537393488
1821,-10.575659432619467
1822,-10.623708035236538
1823,-10.560617662892977
1824,-10.413630299917756
1825,-10.595159927512816
1826,-10.659272400346769
1827,-10.560180420685839
1828,-10.544445667908953
1829,-10.48719886190668
1830,-10.593260911799087
1831,-10.493856841672972
1832,-10.71428069071926
1833,-10.645507983507347
1834,-10.54086475157449
1835,-10.461381647735248
1836,-10.706701583940351
1837,-10.53485952545559
1838,-10.62718224620703
1839,-10.39188420121324
1840,-10.661579145684037
1841,-10.629377166283994
1842,-10.64836754887398
1843,-10.597488628908453
1844,-10.43361466654906
1845,-10.662973188957869
1846,-10.536973132960233
1847,-10.443700332639539
1848,-10.568945222823997
1849,-10.598461789154427
1850,-10.632485083638374
1851,-10.574839482892433
1852,-10.576599309595526
1853,-10.642261394780693
1854,-10.646227617279234
1855,-10.622125841579894
1856,-10.46283831766597
1857,-10.435569939775473
1858,-10.592839587504082
1859,-10.402563607388721
1860,-10.657784134575568
1861,-10.559541488541162
1862,-10.545063385344855
1863,-10.298476244564043
1864,-10.56710800457008
1865,-10.744252241208349
1866,-10.372764816730047
1867,-10.642365389336124
1868,-10.648367402851656
1869,-10.55886007385388
1870,-10.665359499411068
1871,-10.566657556749773
1872,-10.549418489005717
1873,-10.555790535302933
1874,-10.385407766055419
1875,-10.418345054620175
1876,-10.626377567174938
1877,-10.514361792802493
1878,-10.281331657687117
1879,-10.383226663537677
1880,-10.561289308272485
1881,-10.449652794535126
1882,-10.659817245984813
1883,-10.595085316214446
1884,-10.544237310039184
1885,-10.376132289478484
1886,-10.355227543979174
1887,-10.487585295280569
1888,-10.653481152687126
1889,-10.577934791156014
1890,-10.495678342429539
1891,-10.40399497440747
1892,-10.367978728378326
1893,-10.63966222975553
1894,-10.631085792567234
1895,-10.677417545550954
1896,-10.441925661168014
1897,-10.75179755676964
1898,-10.580269131215989
1899,-10.663589071262932
1900,-10.59066369141224
1901,-10.676859496457627
1902,-10.493884372596384
1903,-10.492062717030617
1904,-10.571870232098943
1905,-10.446256222052806
1906,-10.597101616043071
1907,-10.588597053299845
1908,-10.553162523080283
1909,-10.321109840223082
1910,-10.634399676976315
1911,-10.469402772650435
1912,-10.514432905214015
1913,-10.294867603198558
1914,-10.606033951982727
1915,-10.65412649437795
1916,-10.543148464147588
1917,-10.393058634987684
1918,-10.451120964125408
1919,-10.580689023630962
1920,-10.587298258628868
1921,-10.604974895205213
1922,-10.493706809650613
1923,-10.601455134228582
1924,-10.286807984640337
1925,-10.598646076052981
1926,-10.672451741668613
1927,-10.635978670096453
1928,-10.671652267961743
1929,-10.73446088558274
1930,-10.56760328371914
1931,-10.609147927500704
1932,-10.604972400564217
1933,-10.690005387172157
1934,-10.56068923850557
1935,-10.58217432945218
1936,-10.689272733043929
1937,-10.558136588927097
1938,-10.611097103570561
1939,-10.53840073277594
1940,-10.566126866836818
1941,-10.646288847231801
1942,-10.666255767007554
1943,-10.62783647587034
1944,-10.681824884952617
1945,-10.618630340739664
1946,-10.683889826689258
1947,-10.371858796893369
1948,-10.614175066851221
1949,-10.682231723184794
1950,-10.477214473766644
1951,-10.635379606162148
1952,-10.745585314517937
1953,-10.369422356056862
1954,-10.617737074456516
1955,-10.59618772350345
1956,-10.591596412054859
1957,-10.648639755419566
1958,-10.427009728144188
1959,-10.673119103997116
1960,-10.577188658586428
1961,-10.701183478098962
1962,-10.721322516372657
1963,-10.645112523628667
1964,-10.606001259992645
1965,-10.655264340327543
1966,-10.057507237846368
1967,-10.62847368336102
1968,-10.51574631092458
1969,-10.652031512299052
1970,-10.665707944467835
1971,-10.54554143445425
1972,-10.664646175581382
1973,-10.566727425057424
1974,-10.561926249279864
1975,-10.721670973919302
1976,-10.45925964403336
1977,-10.683894096083513
1978,-10.3674177054635
1979,-10.549996533471909
1980,-10.532033031699356
1981,-10.661005167073046
1982,-10.643079730577297
1983,-10.344059963871851
1984,-10.417201722102844
1985,-10.257073283126203
1986,-10.53864349750226
1987,-10.710991978821244
1988,-10.584959337002644
1989,-10.709535384427747
1990,-10.705495414877236
1991,-10.514778505380413
1992,-10.445552928709533
1993,-10.578046883244273
1994,-10.336962397228973
1995,-10.537469563109584
1996,-10.600574648587797
1997,-10.63233150068985
1998,-10.567772821956114
1999,-10.547731590411637
