,value_per_image
0,21.55694876702782
1,34.014499013146306
2,32.160856491682495
3,26.712514956347846
4,21.57283928234652
5,30.094480647431435
6,34.170508784251936
7,31.44627282637385
8,19.03855876483721
9,30.7783339357873
10,30.960917134043434
11,19.85478913407283
12,23.203961274362292
13,29.007242508580074
14,29.44176763509416
15,30.55396460011633
16,20.740342629633904
17,25.60540830085587
18,3.1373588374929167
19,32.09551480043852
20,32.606093603656184
21,9.60249361654501
22,27.00297274896904
23,34.24143171992291
24,31.98104069178217
25,27.84675872142686
26,18.415334000046006
27,19.660151426645424
28,26.203058071897317
29,28.842272782663706
30,23.07686175707879
31,15.716255789488216
32,29.603524628940434
33,32.93075767312582
34,14.288901543609038
35,30.67582309080099
36,28.787791288565053
37,20.93801698267043
38,21.23771905138614
39,25.106233921363422
40,27.76560938902134
41,26.334906844062285
42,26.43584304282163
43,24.02782361051139
44,23.29085665300421
45,16.137413360403624
46,8.177708777638086
47,12.618653925193968
48,22.636100726764003
49,20.171465004596932
50,14.710386844563091
51,19.72044087739522
52,22.245506710153688
53,23.061697539342646
54,16.406382148038592
55,18.33095895211281
56,24.57846937455779
57,12.5815072817523
58,31.374164563204754
59,6.661429263971432
60,33.16151292212175
61,22.829584971797402
62,14.624486949559085
63,25.84000692497953
64,11.735585917019414
65,18.766023419236863
66,21.454488642528325
67,25.753703851065996
68,16.476550570852453
69,20.887845153701452
70,41.464830090246245
71,14.648446459750554
72,24.56479970879559
73,31.281801902085054
74,19.301098763704942
75,22.481414831878418
76,21.71314349825227
77,28.492837269891222
78,25.70826476062262
79,20.017501575268117
80,30.789276572994957
81,17.20431329304802
82,19.43476747917903
83,27.20121719528384
84,12.222184993409691
85,2.731139883011846
86,26.413824143762188
87,16.92675900329965
88,16.707287776816628
89,31.860421260587657
90,19.565998107143102
91,3.906502614455656
92,29.067805947188287
93,9.341379819181704
94,10.924354212296675
95,34.550687113884244
96,23.73780278809387
97,23.055097722766888
98,11.372282566143754
99,20.955506074414334
100,22.87396129644855
101,14.778341734739328
102,21.472720339626147
103,21.935381336483278
104,30.38783938900279
105,26.558628515789156
106,20.057679989269527
107,20.718353673783998
108,32.79878783398615
109,25.124102623676794
110,15.150147866970151
111,15.027343267385355
112,24.316457901009564
113,36.81131588327181
114,27.03002462232035
115,22.537218234607757
116,18.51347187128991
117,19.264253884210564
118,23.02078847096236
119,30.156681072166247
120,30.54098312823766
121,22.74337620565478
122,26.72978243606834
123,35.521399931945815
124,9.45172155549942
125,7.704070706945107
126,18.433653159723004
127,18.56364008458239
128,33.7510259846955
129,17.52682954878111
130,15.18545447879708
131,13.335860828378662
132,27.457953907414
133,12.676848901894367
134,18.5839233650387
135,30.903327002955077
136,26.230788878885715
137,14.644551951706962
138,10.532937566768572
139,16.724550863088044
140,31.177597703567923
141,30.65402240301683
142,28.15990522274619
143,19.624739897016255
144,18.61807470624324
145,30.514864659890602
146,14.560412271014053
147,18.958585077876847
148,19.111912140833333
149,30.228937947313216
150,24.096269093856474
151,27.245893881446456
152,20.187773199119935
153,23.64932243899919
154,23.9397728478842
155,25.960793483645578
156,12.217277094090555
157,26.23552750842821
158,26.92631022155964
159,28.61315845412334
160,25.63667280444572
161,24.359984898477144
162,21.40653642008831
163,32.11218494800511
164,18.716100563564385
165,29.04486021453955
166,22.459796421933596
167,14.011754415565617
168,30.21458286697628
169,25.320393547641878
170,25.082166222494628
171,16.815973003823796
172,12.010785499325499
173,15.644549925297959
174,29.49981304562191
175,35.978779628031525
176,11.773013951814926
177,17.070681685727948
178,19.87098112288388
179,28.380307066104447
180,22.133558555406875
181,27.070800858204223
182,31.56653089340396
183,26.22032591964866
184,29.416363394017985
185,22.52853040753165
186,17.215686927399524
187,24.254984850717417
188,31.306503047566824
189,23.11115264800138
190,22.410099171726774
191,1.9747940244550177
192,26.833666601872814
193,18.21227734384487
194,13.31997667296091
195,23.262254612217443
196,28.3775622065298
197,24.266166264695713
198,15.817131494443762
199,21.110605662379868
200,21.3846796996992
201,19.893583625871933
202,21.225069906641444
203,24.538250165015175
204,28.524206562553655
205,24.197967699800216
206,19.937625311207633
207,21.54704245798974
208,28.38262516598021
209,14.83775111260349
210,3.586136353583054
211,29.345100765367075
212,13.091464366334293
213,25.124608268658562
214,23.317548822083097
215,16.920105404147108
216,29.589220116467096
217,27.300241976839867
218,19.33841977448842
219,20.864477996093267
220,30.210743293604356
221,28.839793671563132
222,26.032497207508168
223,27.945747654340032
224,16.897200364497664
225,35.98685026250823
226,34.88432617422052
227,18.550697156206272
228,20.1869739662086
229,26.413325832690937
230,28.45867462014447
231,33.7258516059107
232,27.267474582940824
233,21.06094225030201
234,21.38637771289695
235,23.987624105111813
236,30.780428097661716
237,16.00608618770478
238,34.364245137206034
239,8.109937782773592
240,27.54762651076759
241,21.35336571892554
242,4.446478601400697
243,23.16539603537765
244,22.6461680257765
245,17.61629859093902
246,24.85959843348864
247,-0.1939498980263358
248,19.622878806235775
249,35.92729282439238
250,14.538557099565264
251,22.683344867211694
252,29.715210431477736
253,17.750809875946366
254,29.010865888078072
255,23.728387481973996
256,26.994540398547603
257,26.581786017429337
258,21.19065922754465
259,15.793460236814912
260,23.52271730758165
261,28.17353179633749
262,18.708245854656127
263,18.56045174482128
264,16.747900207871595
265,35.33075476275315
266,18.83185744660648
267,23.495160977848297
268,14.731520946342785
269,28.22684532686295
270,7.301087972399993
271,27.180922258660672
272,24.616419726971884
273,17.88862514809192
274,26.233967871688602
275,32.69424899892025
276,26.037013380121262
277,27.162728079624642
278,27.336089210533874
279,11.49944603049011
280,24.866319626568902
281,10.392478112713047
282,30.321322631888417
283,28.280468875262596
284,26.673439483654157
285,26.43210428096557
286,27.16499698536184
287,25.27401720430718
288,26.576638866601815
289,13.908819705708861
290,23.37447696110463
291,19.322794613416463
292,20.722731994461792
293,9.938408015684363
294,12.45545874147371
295,28.070518664185123
296,16.924502469897746
297,-13.699768552800213
298,30.72266749327945
299,21.574374434367474
300,25.03262011777017
301,30.759812074162525
302,16.697394566908912
303,30.092635131145528
304,13.650197430385703
305,18.71421783639859
306,6.899944203647701
307,27.414176712739756
308,13.143172112452833
309,15.034554611023486
310,13.551954252731162
311,32.47957778302262
312,27.743043562088857
313,32.28793537956973
314,11.72378500459438
315,28.43991159531666
316,17.29376584230058
317,23.12281297985705
318,22.970097293396844
319,27.78422402015699
320,32.86109661433436
321,17.41083650389443
322,15.507540976792159
323,14.38205253978079
324,30.171449345916002
325,23.1774690959334
326,14.5660512182527
327,17.18738424010024
328,24.668061984672114
329,23.026684975302114
330,19.13203775996683
331,4.691030925801309
332,24.113539319836413
333,31.533853520806808
334,16.056341023557458
335,24.59576407301109
336,27.75716944452219
337,30.13839386404533
338,29.555214934880926
339,17.567206875241048
340,27.835696766765558
341,23.797218719964594
342,15.956734759441462
343,18.668539948084376
344,22.17069796480025
345,26.416441560480777
346,19.398424511855012
347,29.585101488199594
348,25.062947475865823
349,19.464078874424136
350,22.023088869125008
351,7.536183148231565
352,32.2918049948022
353,31.117190747323875
354,26.90235883043072
355,25.056278679185652
356,13.266318220113101
357,25.263509836741637
358,15.046849963145423
359,19.08218278621014
360,19.929805355364294
361,17.620042843253362
362,11.62253948258881
363,15.919932301358472
364,25.543359167705574
365,26.23814469712086
366,17.94785137174149
367,22.004265452110836
368,27.750903533039406
369,20.019592108027425
370,27.508759902065762
371,12.239914836528142
372,25.346039704831313
373,23.07923542954892
374,22.647762025312637
375,20.458258557295125
376,16.234632432668946
377,24.883893343121954
378,24.957010954053963
379,30.624184388365297
380,31.101459012515335
381,24.840026396741397
382,27.55443439979744
383,6.683212750921466
384,21.005050789512243
385,26.899680944146784
386,25.191198163490203
387,11.968123669692307
388,20.02851224184121
389,4.094770774873608
390,21.40882459112826
391,22.161793325212475
392,31.875930439309244
393,26.541134529891277
394,18.476407500105278
395,23.231878479080002
396,12.85423847455682
397,20.030540833524864
398,23.992252841052316
399,24.146567520025496
400,26.1475509279142
401,25.437097082304486
402,18.177603025568914
403,38.22598974196217
404,15.847044895751699
405,11.48676342152743
406,25.607639679653442
407,19.099625241367438
408,30.025806747276246
409,20.77526364847517
410,15.815513549421459
411,25.788437518780235
412,13.322825150257767
413,14.13127672024218
414,15.778910274594876
415,18.028339547649104
416,18.506110568267356
417,27.11800717978731
418,4.435649612183355
419,19.868428966242746
420,27.15512399089163
421,6.386632329083494
422,30.168638287739235
423,24.457914857875107
424,21.892210379524375
425,24.70397406185383
426,28.364632004465793
427,17.988607459355748
428,20.60954061639423
429,13.326706079346446
430,19.62599099598387
431,4.587060329912955
432,15.235194020981826
433,18.316381714899123
434,19.10336401190816
435,22.09019762219132
436,22.37989601503084
437,35.73395552750565
438,25.89281514183504
439,18.45739863894305
440,20.848757220862712
441,19.18720211839107
442,11.890285869891711
443,17.04333838411464
444,31.291830203560167
445,34.10265761131712
446,30.921931755869817
447,20.798962415189493
448,31.803621024663723
449,26.403657283542934
450,23.383295720031168
451,12.892045930342963
452,31.591447696951636
453,34.08031058493388
454,25.231057569492034
455,24.09539209003203
456,22.21823705050813
457,30.232967051055272
458,23.358255792027123
459,22.504444715675657
460,16.126128198362707
461,25.34652334479868
462,21.407427652906353
463,30.005949689021232
464,23.866202322522618
465,16.396723894230725
466,28.24712225802422
467,24.19761381308764
468,25.592701241101008
469,28.82048077237465
470,31.330832272852298
471,22.173243159189543
472,16.666647217057218
473,20.785453891851155
474,21.360492028681506
475,22.01882854263285
476,10.633511196814101
477,16.91904143346599
478,10.574368343893498
479,22.857590096803758
480,26.640711909263352
481,15.73933760009101
482,23.39859045858654
483,33.934903856097755
484,33.29779521351557
485,23.43235265120186
486,21.558642656594177
487,12.198589638855893
488,26.217000281444392
489,23.938761810901127
490,16.397380601984494
491,18.391974253032686
492,9.542829275827941
493,24.02300591793373
494,28.429729712557858
495,26.91304979040437
496,20.922218764837606
497,15.462908394229219
498,4.765800158340416
499,23.528802087766326
500,28.059581428821055
501,17.720860756315098
502,23.775660814251236
503,18.226026554784386
504,20.340953463590246
505,20.2386060617084
506,7.65329132024716
507,27.680796681177778
508,26.28637769382711
509,20.557231091300125
510,12.233908073677219
511,23.756703401906538
512,28.593319338056492
513,27.710936878913184
514,23.855833897687532
515,22.862945313894123
516,30.250010917784376
517,28.236089015452507
518,23.66633950618111
519,32.00201223782912
520,22.05666456345633
521,25.51707275966775
522,19.174473138666986
523,19.559065721457525
524,34.567616912948694
525,20.39764669430187
526,18.874609922206513
527,13.04845033892212
528,26.92152083373065
529,26.293633564496997
530,27.179510536509152
531,28.483661878362906
532,20.519586275223556
533,17.517899226916626
534,18.846082009864382
535,3.661484346903682
536,9.41193941758035
537,26.42994730579574
538,24.15352645236996
539,10.54011438698687
540,3.5944372993765974
541,9.644157546650186
542,26.062065401600226
543,23.074705329724235
544,17.03928055485787
545,20.266062459054236
546,22.599534464713994
547,25.39430907791065
548,22.384277277918144
549,12.158063181512428
550,17.590138363908032
551,21.40820200940404
552,28.420652402200748
553,15.595962002076776
554,38.09893638700872
555,19.901292297424945
556,22.604637556114774
557,28.136995546334735
558,16.350984004155748
559,30.344029363480345
560,10.393524767180784
561,28.01728816789146
562,25.26593119208875
563,21.34942834809626
564,33.905551054527926
565,28.967040196575365
566,25.357276784560522
567,19.21383034997923
568,19.13221757411735
569,14.13098600152194
570,30.958354943840387
571,26.054102928190503
572,18.44475210063716
573,18.223962721510993
574,28.450417035558687
575,15.176496426216488
576,27.44619896656424
577,34.947992465983205
578,24.451239241069793
579,21.51012874049611
580,21.677524291361177
581,30.01173409102246
582,15.839603158372235
583,25.189425181036203
584,26.668868672294995
585,29.70632591626777
586,28.09555178964943
587,25.653655460668492
588,22.31155063631927
589,23.971092398359858
590,29.54988959875627
591,29.081548635975825
592,28.128248983325996
593,6.137270466320672
594,15.236747470810874
595,24.626485365939793
596,26.579495312344065
597,14.459511493799265
598,19.020120815576746
599,23.950551886970818
600,46.731387987046745
601,24.64555430313767
602,18.651981047752297
603,25.130863256605245
604,30.47742347143474
605,24.110380081106477
606,14.944506798961934
607,31.689171356149924
608,12.116208030802659
609,27.343204967880787
610,24.852238229866124
611,15.395252702650833
612,26.569565403268044
613,7.373034900146202
614,21.85545802217432
615,21.801100637932436
616,27.18823583253843
617,15.357137051485223
618,19.5911684090905
619,28.765585452177078
620,27.46722817322828
621,23.0324921235628
622,20.817790734708556
623,32.7419320149057
624,9.49878378653915
625,30.210349708641026
626,17.190649202953903
627,21.099679635861683
628,10.912993680843558
629,15.675595581721913
630,24.194467996468298
631,30.22095509882654
632,23.29942300282615
633,18.91001596045885
634,32.48435199053679
635,20.590894950946684
636,29.63174527808018
637,32.16307587219722
638,16.550900331536475
639,25.871019377922295
640,14.673716584911023
641,27.48042098004858
642,9.284870598154043
643,33.34133916479053
644,26.896419401274905
645,4.17890517682509
646,24.634135859105186
647,31.95962001694462
648,18.524330190090094
649,22.853736349086706
650,36.86228272376799
651,17.690312203623872
652,17.91533741571648
653,19.140549347568466
654,21.807323526902696
655,16.239419302025794
656,25.13863700161161
657,22.219523327521053
658,28.917088438258837
659,23.274460656445747
660,11.361708942839988
661,18.945834537461803
662,23.780092068889434
663,21.269460793163233
664,23.87058540948166
665,23.407603010061358
666,28.06911504659513
667,18.705147095687668
668,39.226189331252456
669,29.137801880795585
670,25.540348789208508
671,19.231328611329598
672,18.51593631151543
673,20.109218276973614
674,19.57722564514026
675,22.836952933806174
676,28.68640451316885
677,27.907761155353505
678,24.730344609482138
679,29.462364970512976
680,4.492648810413632
681,27.367122089552566
682,24.028673270808994
683,25.755692155971836
684,24.523310574751996
685,28.869375837711846
686,14.249623594878976
687,22.678935269781274
688,22.009636075758184
689,24.255754397310184
690,21.29852508783718
691,26.270288466222304
692,25.34944233051049
693,18.863059268912654
694,6.84450896468261
695,34.67269612308448
696,28.101411239102628
697,14.905205986761201
698,25.22754823423365
699,26.770393178451787
700,15.09486985660835
701,22.14813045910583
702,27.58530623234343
703,30.537048620119048
704,31.453566924464678
705,29.301131374083795
706,25.452173915928853
707,31.568040498444404
708,19.065807198619492
709,26.092795006030226
710,28.895474906381892
711,16.73930818059156
712,19.45675635811164
713,30.409023843955072
714,23.075125192295175
715,28.097384734626065
716,18.06385433051363
717,20.648145076500708
718,29.281693434711773
719,19.908713757276576
720,28.067053684217008
721,23.85193918845208
722,26.729192305690457
723,16.95235296683446
724,18.29975531009576
725,16.859998601509012
726,15.945703753644674
727,25.557986329584615
728,21.128719718164458
729,37.082973157494614
730,27.265302509086307
731,18.589865631703777
732,25.416342915200474
733,23.36613361332443
734,27.597511623580584
735,26.362292726367144
736,16.179401569957975
737,22.173305036239757
738,19.598605849817176
739,30.391233941685023
740,32.690426890932905
741,9.464884589513728
742,23.936693556447352
743,35.127633307774346
744,22.115216490984988
745,28.406691303921274
746,16.32890246048955
747,31.784869525716378
748,20.29167769882534
749,16.3848364087203
750,30.140211579413972
751,31.467053425635747
752,21.873079312957252
753,27.876563229544523
754,22.746726918362494
755,30.65478879672803
756,26.085257039624807
757,29.576777407882147
758,22.431532091145407
759,28.437921732051347
760,23.816066365898525
761,15.032487699324376
762,39.33799350948419
763,18.8078690219357
764,29.815495395376946
765,23.031902435271682
766,11.693662972345528
767,24.805839488685784
768,13.92540444357455
769,15.449819303956478
770,19.00304037258742
771,17.303576435939828
772,19.178697263433836
773,23.12254160243651
774,28.675409907031963
775,28.498411946172627
776,28.149144916161063
777,32.52557134369789
778,17.627601261296178
779,24.769142117006673
780,25.20473186619755
781,22.684176604837496
782,22.86941728565387
783,4.663464244627076
784,16.44478192354499
785,28.115473425754736
786,12.395871829277219
787,30.49988492449174
788,16.343505493323715
789,22.933218307953254
790,23.324818538152396
791,21.23582792990434
792,26.014423365268854
793,12.556830502461969
794,28.751511690631762
795,21.96830077346486
796,18.731770607281284
797,27.499788160672356
798,27.70340124393157
799,15.554028637625535
800,28.45801783395411
801,28.15685549249751
802,20.05933187940536
803,12.181629171174924
804,30.876822013877895
805,27.70546903015011
806,12.16441909174431
807,24.94824423798009
808,24.861017700836907
809,30.790894235252967
810,7.263973930597697
811,14.084895401576356
812,16.464575010591012
813,21.372688037372683
814,13.032220649519326
815,9.927975830189068
816,28.096131153947496
817,10.550568834885066
818,21.262510148363344
819,22.839504554847977
820,8.060943965479183
821,23.225644682883548
822,20.703839931589634
823,24.53252138574966
824,12.191201260622776
825,20.03643590367254
826,16.298067124234265
827,23.545549838979113
828,41.71725842211282
829,36.40947230392339
830,15.164279408968573
831,28.553631684134256
832,26.55600709302344
833,37.84591193103797
834,30.90123318241737
835,24.570696578266688
836,23.310416537897737
837,39.90758043849453
838,21.685573596791873
839,31.086162778583823
840,25.802674144196466
841,10.889394193429927
842,30.678755215300733
843,22.15072737675713
844,18.457226987864154
845,18.175172612683614
846,21.086372819295907
847,19.728147795946366
848,32.29720082715806
849,32.159225726943
850,26.882908553491273
851,35.04145344832465
852,25.65854572178271
853,17.846418121347103
854,26.175781298952117
855,37.75957991501443
856,13.471345766715046
857,17.422972523484358
858,18.439874956416855
859,25.197652084073948
860,23.00564633784933
861,24.868149397602906
862,28.522625145635967
863,17.34950563278055
864,33.599867338400145
865,30.147884156457593
866,28.98848376078249
867,26.96522994467429
868,24.71566610074136
869,24.344117693697534
870,22.028479613233415
871,30.92124383677669
872,32.680875182653516
873,13.211468122505579
874,17.756127841674733
875,25.347789056250022
876,27.195445431014083
877,9.835419859325372
878,20.12957580964529
879,30.172773148813455
880,31.480855234533628
881,29.892494121056746
882,17.187223307498407
883,34.72609473079401
884,29.84381750707944
885,12.430912330374088
886,29.443081814547643
887,23.677619166006554
888,20.914520145711652
889,26.448254505550462
890,16.03482028911721
891,27.505897969327332
892,9.08488612408436
893,29.02747390720915
894,27.222410341382314
895,15.07974889814311
896,24.72541956161683
897,26.66311333520341
898,22.40487358401231
899,20.92529524622782
900,26.621164269376095
901,28.367482253990598
902,18.291015459750724
903,27.402386505174114
904,29.44220516046114
905,22.515164573579973
906,28.756388858197223
907,31.996167144790178
908,16.91614155061141
909,21.09672499026146
910,28.927140876903657
911,25.382298775034716
912,32.143315273878535
913,8.594922043647612
914,25.1226508915335
915,33.739448060608176
916,27.66784774998927
917,20.014714757399254
918,26.126188741632756
919,31.095234548371312
920,27.06319895641436
921,22.98546519107879
922,28.9307364809166
923,30.47673804982734
924,25.41466818888603
925,25.917094747143434
926,32.10437450359812
927,22.65430449555434
928,8.796168541987097
929,28.411819217731512
930,15.074395846861298
931,19.691170784152995
932,27.026022996774692
933,25.72861598929513
934,26.527267838090314
935,9.557800847210528
936,7.943057310958365
937,30.010188118335734
938,23.03334643563303
939,30.02810103816969
940,29.170955650870557
941,10.369156565397086
942,26.467167882953504
943,13.896331078285314
944,22.162502823519468
945,18.6632177551578
946,28.325148500875052
947,27.788518969634108
948,28.413591302267886
949,27.14809564568177
950,19.2286965251318
951,28.26498439323762
952,28.33441523798185
953,19.386609306318825
954,33.745499499825826
955,28.051432399380662
956,18.678139046060803
957,26.338495395231984
958,21.616374151046614
959,28.37358677393445
960,14.707465137523293
961,30.371027926915197
962,30.936082941453012
963,22.305998881055718
964,24.400855581664242
965,26.748599775901322
966,19.386347457255205
967,30.788515405470324
968,14.060328027665175
969,28.388816545745193
970,22.32447553091043
971,20.27857142853575
972,26.896388618205677
973,20.00063818953989
974,24.150097004688405
975,33.89202950738115
976,14.50544047219304
977,23.433327171204446
978,24.56191974123541
979,21.186575552310067
980,27.974275162891328
981,18.845285198173528
982,22.415092169017313
983,32.89333977266198
984,22.096011132725074
985,18.17307608289697
986,13.968891428415327
987,22.84641511027716
988,27.270900153671278
989,32.04507747902382
990,23.198014763847116
991,39.165678402711755
992,18.828846786742652
993,26.47935767351858
994,12.841857056037322
995,15.423745942497975
996,19.558811862640763
997,23.75053928548618
998,17.796476179915008
999,20.83383126116233
1000,27.13648759616876
1001,19.829839013139008
1002,26.016759952489362
1003,25.84283198773903
1004,19.45427880272799
1005,11.669825495005512
1006,29.306465631677938
1007,29.670175055902
1008,18.738678346396068
1009,27.388981241475527
1010,22.499454122668052
1011,19.469325048584345
1012,23.840183182110962
1013,23.758092862279902
1014,17.12961393205385
1015,30.95266543213077
1016,13.608832442870801
1017,34.68254920787901
1018,12.396445435849582
1019,24.35927877363341
1020,6.690965348497893
1021,25.04603789982297
1022,14.175355576064483
1023,23.91070837079782
1024,28.273786506255043
1025,33.817490715352605
1026,31.39713105247255
1027,14.97889265514783
1028,29.177937798911145
1029,24.673631611060713
1030,13.582028131583728
1031,19.918921751162245
1032,25.44374690746453
1033,26.680440689637017
1034,29.792762541972465
1035,26.134833277655535
1036,16.72160520105614
1037,22.794752584605394
1038,20.791305099392563
1039,30.48118844366671
1040,10.670126309824111
1041,21.45962224100166
1042,28.57792119838231
1043,24.779858474740696
1044,25.696738865374268
1045,15.587687076679238
1046,11.54579630658598
1047,21.070620667995854
1048,35.13978714308025
1049,15.420887843424417
1050,27.24697304619641
1051,26.034641499310233
1052,25.899022469640904
1053,23.13535999458154
1054,29.993583050046233
1055,22.689552448048648
1056,18.237153972894074
1057,14.332482513780754
1058,10.365361047278522
1059,18.08450538752147
1060,29.27908196739487
1061,14.534413734192022
1062,29.45447608666203
1063,23.353238888129244
1064,24.980694717381397
1065,28.81973503521618
1066,33.67436233591825
1067,13.153806051973469
1068,25.160329948914825
1069,25.90718335905802
1070,17.700361144283633
1071,13.883595179523935
1072,23.542303383443063
1073,22.227874895084824
1074,26.80949006913823
1075,27.11819609456645
1076,14.756833173175586
1077,22.882939457455276
1078,19.182211523130995
1079,20.983830082056137
1080,26.316272193649574
1081,17.69256401001011
1082,17.706178920904378
1083,25.32889255713932
1084,25.754408406986588
1085,19.202592459243455
1086,18.006707544852716
1087,34.044641314114735
1088,34.46514509761936
1089,28.345458753324177
1090,24.856617211646245
1091,20.975131118331912
1092,25.595486595697228
1093,22.1584089413295
1094,9.065460280520373
1095,27.93987865900229
1096,37.7959521541768
1097,9.292167819495717
1098,23.36264231158925
1099,32.20489915808067
1100,15.50534051930047
1101,14.10153692240982
1102,22.32939668396537
1103,6.533162106980664
1104,29.621525932181562
1105,22.09105433485634
1106,23.174232152367978
1107,25.692813905510615
1108,34.49937419718315
1109,38.977365262813876
1110,19.874009701729737
1111,22.003975423985555
1112,15.332059347996392
1113,9.330554871316133
1114,18.532492184803154
1115,28.204201654832563
1116,26.761090276337704
1117,14.61840225049157
1118,24.295391112068824
1119,19.07668922908597
1120,24.386741368695798
1121,29.155279123057788
1122,24.557568931261407
1123,17.489118652806273
1124,25.18430326369314
1125,15.520766352112364
1126,20.51092330025314
1127,24.984361346888058
1128,22.612714894335426
1129,20.991786052063524
1130,24.16073179092593
1131,27.105935313196426
1132,29.273274039007607
1133,28.785704733967368
1134,26.186398251661007
1135,22.852526576269888
1136,28.206677802200648
1137,17.997846245886038
1138,27.78039496428312
1139,28.25798237800842
1140,17.10690765574275
1141,29.045850445176626
1142,4.870417360001067
1143,21.67550165448871
1144,39.64016324573149
1145,13.508835107217553
1146,16.974401874023695
1147,19.24740756285958
1148,19.492886014365418
1149,25.016496033104744
1150,22.32757286034636
1151,18.5764325688197
1152,31.798784601632157
1153,24.05940252490342
1154,20.336429499545652
1155,22.81484947229958
1156,22.155471189760693
1157,24.372032896604
1158,28.28491073310772
1159,14.582862165507755
1160,24.140528792203348
1161,33.93575189783507
1162,22.63988925479505
1163,19.21161082119849
1164,18.20895559951154
1165,19.655019240684556
1166,22.724130280252126
1167,8.948064257343523
1168,28.48214622873195
1169,17.02654828490203
1170,29.396999707096807
1171,20.77311232358341
1172,27.35848523114352
1173,21.242596788317393
1174,24.135346630031197
1175,21.317178348225923
1176,24.383715779364653
1177,24.412159276426355
1178,8.418090359674345
1179,19.40854610330072
1180,23.811240565677192
1181,28.886008716027796
1182,24.26175758291966
1183,29.822903873882098
1184,25.91108333750559
1185,32.59992146522122
1186,28.52802210493473
1187,24.33240529553446
1188,6.34338291694664
1189,23.039343864835466
1190,17.717415563807215
1191,28.74023090159181
1192,18.753187618916343
1193,21.033670566315827
1194,20.2832092427673
1195,21.160466314927312
1196,17.26655486727816
1197,26.67646426876907
1198,29.57760645195804
1199,26.26001510196301
1200,31.57221938284842
1201,32.95426265991975
1202,22.309951194342446
1203,19.845073772111185
1204,17.814145137459423
1205,23.66082778762831
1206,25.548343739859014
1207,24.831331572178872
1208,12.644507148089676
1209,16.112860306548672
1210,18.610533326760674
1211,23.675287911520204
1212,20.65472186690619
1213,25.623631435570626
1214,19.972486912635766
1215,31.270403265783603
1216,9.681378931124858
1217,31.71734074580241
1218,21.72452954105807
1219,18.166975830685022
1220,28.768638521590454
1221,22.649660464102322
1222,25.36772152788332
1223,21.018965573004973
1224,18.05450808042118
1225,22.339764362764942
1226,26.87894261969876
1227,25.680129835840546
1228,12.253128306976562
1229,20.51562052417735
1230,30.10477123454487
1231,10.342046997477299
1232,14.595202681061753
1233,28.570049998626335
1234,32.32162264494368
1235,22.53697212177691
1236,13.906421452932847
1237,24.43751246823006
1238,27.090350131619246
1239,28.990759376040504
1240,20.98240387141185
1241,16.581370908346834
1242,10.09148513775487
1243,15.104236167046382
1244,12.110729073698348
1245,23.663523657397704
1246,23.40819794107818
1247,32.06917731532853
1248,26.77304055640611
1249,6.146474805860793
1250,21.9772550210133
1251,13.689061771210953
1252,15.979396224884848
1253,24.132820964474647
1254,26.528932550811486
1255,36.52056048910451
1256,18.586502413207786
1257,3.8927798277037096
1258,18.159105118659696
1259,2.976585532567799
1260,30.293512994389417
1261,15.918114635997823
1262,24.53104519630966
1263,27.95050581572147
1264,38.54566432919193
1265,18.100590373763946
1266,12.251086491478373
1267,24.273758756821547
1268,21.447992478879577
1269,30.681730692705187
1270,27.00312636868661
1271,21.54004180785314
1272,24.023511650752887
1273,23.727156337967358
1274,21.982266370177694
1275,13.215691144374615
1276,30.355500863475644
1277,31.364857959264178
1278,24.519391801636466
1279,28.097139547169107
1280,28.95028277250766
1281,21.76539295634583
1282,21.14122627091748
1283,16.892651064254743
1284,15.309640251480694
1285,26.646087083824277
1286,22.51423265821621
1287,29.928669803211303
1288,26.52200894509098
1289,32.404792627636795
1290,20.498443547724868
1291,14.049863838682896
1292,27.26868895241031
1293,23.87438928828947
1294,24.003678022722823
1295,31.89043982295829
1296,21.782585575798144
1297,19.40865928900932
1298,28.659042169121495
1299,10.852938335598973
1300,28.449286972261422
1301,26.98565793959035
1302,21.048755361993095
1303,25.67999351351505
1304,30.757881858529053
1305,23.043285654872825
1306,25.623303149042382
1307,29.696191945364976
1308,29.857403249116082
1309,19.668104354986326
1310,20.214942603131558
1311,24.128842396614125
1312,12.769419019596349
1313,10.818407207902297
1314,29.135628291152713
1315,21.971219526867056
1316,23.54938011595318
1317,29.45866123906491
1318,22.26043057239595
1319,22.14720373502837
1320,5.713154462374031
1321,26.090680892067294
1322,28.499405189407856
1323,31.94915854454348
1324,32.32657239645962
1325,12.18598297641067
1326,22.598598521495717
1327,23.054987259801504
1328,35.0033019003683
1329,30.096886466572037
1330,14.012314387159842
1331,11.422065175737396
1332,21.0555186629793
1333,3.657667229800292
1334,22.579698582566877
1335,27.81767500390792
1336,28.79791206173033
1337,32.63277006582984
1338,24.650750338680723
1339,12.583221503308915
1340,26.811286619230216
1341,19.616670325672857
1342,7.786716577313708
1343,26.507209270936237
1344,20.107192185576903
1345,36.05913673438947
1346,14.051616512717574
1347,25.935167759381656
1348,19.473770803842537
1349,30.166531005477168
1350,26.342237778358605
1351,23.46312140990548
1352,26.335197099167782
1353,14.460603833679867
1354,34.42209806650774
1355,17.96776942390071
1356,25.960935328760343
1357,24.622884210479093
1358,31.271934363990574
1359,23.863010750057263
1360,20.578832281571465
1361,27.872631639626757
1362,24.45686205672609
1363,39.26876685712108
1364,26.471566346240625
1365,19.810981494165688
1366,25.07185249790261
1367,18.898142050117798
1368,27.80760085176548
1369,15.000974804154637
1370,20.558361005611893
1371,19.26827585149249
1372,25.931301387256276
1373,7.895101170427695
1374,17.15223605631818
1375,25.180947706666455
1376,21.299508103330854
1377,10.091095623155205
1378,34.7250681988964
1379,25.65446424503622
1380,12.81190238954801
1381,25.063632294789063
1382,18.408532945724687
1383,24.813431780876783
1384,11.860391651010598
1385,13.097618237401237
1386,27.220118896479313
1387,25.84868605263963
1388,31.160338511150567
1389,17.816682918487615
1390,20.822384445894286
1391,22.13300546264842
1392,15.857628620510454
1393,26.074898649555088
1394,27.26781931881729
1395,23.276588698831837
1396,25.975739336514646
1397,24.27538059025173
1398,30.532771271692503
1399,23.389852703269682
1400,18.377798263101784
1401,13.484203214853258
1402,23.66394410668537
1403,25.481019142037944
1404,23.658793511187202
1405,21.72894682687859
1406,17.877132549126152
1407,29.106293989579118
1408,24.377459847383115
1409,25.95223509611419
1410,25.72861832649756
1411,26.258937965758058
1412,18.974157040354495
1413,20.490259132165647
1414,11.158275419141976
1415,7.64446985272652
1416,27.67855017249343
1417,24.809917202368073
1418,29.865952209642565
1419,24.127813959483753
1420,28.889964289503244
1421,24.586404211726933
1422,13.59082236683863
1423,24.842597403266566
1424,25.4331134249159
1425,22.153106821151727
1426,16.255966290998085
1427,25.380095681068862
1428,26.144076822376864
1429,27.564917806823235
1430,21.573227404491504
1431,22.43209930776815
1432,5.530028949617628
1433,21.4793148549814
1434,22.338831521688107
1435,17.83999424089646
1436,20.112109315912942
1437,23.606968052444998
1438,26.31128040425295
1439,26.133230543737213
1440,26.702468706866167
1441,27.814604460183517
1442,27.347381111816887
1443,25.585688576404443
1444,5.595243315351681
1445,23.988942656010966
1446,21.912302916274616
1447,19.797537151717485
1448,6.868668964443056
1449,6.200967087699036
1450,22.008390657071807
1451,9.717980048673809
1452,29.684022101645787
1453,15.923237758423502
1454,19.737359569581816
1455,6.868590690430861
1456,15.662077697523252
1457,13.806829400242865
1458,22.932770892382962
1459,33.087834166908934
1460,27.271574905756008
1461,31.107444150896942
1462,29.130983794763324
1463,10.356649588936255
1464,34.67721601441897
1465,29.764563721787358
1466,12.493271102730066
1467,21.86108699689117
1468,28.740785059890275
1469,25.642056360567537
1470,23.30580076764275
1471,8.659905520906557
1472,19.582247970017193
1473,26.665926437655646
1474,23.437565378112318
1475,24.34406426859753
1476,12.09644276616017
1477,5.795833399109318
1478,15.142871717815549
1479,15.058283480281155
1480,26.04410897735571
1481,27.759778843335976
1482,21.45407452726268
1483,32.918606429581594
1484,17.472599504426917
1485,26.797236090839668
1486,36.615881621769724
1487,22.496880778166577
1488,27.089857487144123
1489,23.995967871520193
1490,15.974036681551821
1491,7.493371725537587
1492,26.611727435560322
1493,21.946498277241155
1494,24.118720729635932
1495,26.764586682706963
1496,25.33807621437882
1497,20.92776848187141
1498,22.532526843505384
1499,20.263658921646126
1500,19.267411301915043
1501,27.63093480493783
1502,16.432090562056448
1503,22.82654746014614
1504,28.150994512229698
1505,27.137139775988643
1506,16.62655436361915
1507,27.538674611780188
1508,17.47968613328995
1509,18.259686750874963
1510,25.53738144005052
1511,6.988587148497501
1512,6.077512795225567
1513,8.24543655672286
1514,31.289671405128196
1515,39.507584529594
1516,18.538860720786875
1517,22.460168265883382
1518,24.696606478839243
1519,25.78193034304256
1520,9.316593894197677
1521,24.4088304798977
1522,27.453953234191314
1523,13.599245144443572
1524,27.142315300388088
1525,21.956782133068543
1526,24.32751508437523
1527,32.05024016865
1528,31.30814046844037
1529,9.766443798081339
1530,10.602135401168308
1531,19.53763952105132
1532,3.5288347700914926
1533,22.77179619986331
1534,33.23531588199907
1535,20.658638930686376
1536,26.456000631815225
1537,27.376549305770887
1538,22.19328458503279
1539,28.288501938518884
1540,23.81134325559157
1541,12.64427621592512
1542,28.61245337165722
1543,26.65587449415354
1544,24.01991869005224
1545,26.44710978272438
1546,22.045466016125218
1547,19.012368743460524
1548,31.137208225011783
1549,28.440978452315775
1550,23.95251815500641
1551,4.18982191265982
1552,27.061348622457917
1553,18.760407048131675
1554,20.188050713346836
1555,25.030655403341598
1556,21.500679787312308
1557,23.49370222422444
1558,16.397346992361236
1559,17.423557158309922
1560,25.44356563222303
1561,9.707513773403637
1562,28.71614303472623
1563,16.826110685641133
1564,26.2402718670266
1565,20.823672016237744
1566,22.24330949673177
1567,22.56926162413207
1568,18.98250803853356
1569,32.35154043481048
1570,22.3946615938377
1571,18.168232194070892
1572,24.69315670799542
1573,21.010193119083706
1574,10.944193375230691
1575,18.611794777373454
1576,23.458596882213445
1577,27.94948826046779
1578,24.372838946704054
1579,28.472712092846187
1580,11.17936777540162
1581,27.95874467070209
1582,27.646969514727918
1583,27.13772752141833
1584,19.363205677061597
1585,12.999749277580927
1586,13.756928824636491
1587,20.703418500218113
1588,35.582323836611856
1589,23.33044905240707
1590,14.852209105325828
1591,26.770936872661274
1592,16.856215193248595
1593,24.569941060230565
1594,21.341190050667837
1595,26.015604817683197
1596,27.055751480459666
1597,6.074657111467421
1598,22.643042550725742
1599,27.938551778143108
1600,21.23105663376751
1601,22.337547620227376
1602,23.372399061763385
1603,19.346364190410224
1604,10.394889183037566
1605,19.733700573475883
1606,19.03066792985832
1607,21.57121464087723
1608,17.10126491756293
1609,22.9235143213062
1610,26.789011882224763
1611,27.081321750100063
1612,30.842310463630174
1613,23.97902394860918
1614,17.749378501660516
1615,20.692361386272854
1616,20.534090350210285
1617,18.631601945683272
1618,29.111301641697825
1619,28.793692106669962
1620,25.988658771168
1621,15.450391073885513
1622,37.24786123871075
1623,20.12385793904827
1624,27.767341535632376
1625,22.551020504266916
1626,28.774468951151185
1627,22.515632056160005
1628,7.785850353637662
1629,15.765167875095155
1630,14.915751949332844
1631,22.362501403973575
1632,22.325274388233865
1633,25.27580196109522
1634,34.60223286975694
1635,20.255412910498915
1636,19.962729776111818
1637,8.694765876223636
1638,28.932820957748117
1639,11.045757084627986
1640,28.278627612241888
1641,14.987070959317808
1642,27.448057127513852
1643,27.847877381514866
1644,14.168151726712294
1645,20.951711349041243
1646,23.639496117873154
1647,26.767293094894843
1648,25.235052610623267
1649,12.497918242731538
1650,16.654720464775302
1651,32.22635133010699
1652,34.873692241409216
1653,19.262961962995675
1654,26.57039737269206
1655,23.33418530449105
1656,25.963607947175227
1657,21.166338076870673
1658,28.984698120104206
1659,28.41631245490314
1660,5.260838557700944
1661,27.214560196230174
1662,31.05652440207952
1663,15.433157942733358
1664,18.37413138856225
1665,20.679946494074848
1666,27.484318559581432
1667,31.229870185948407
1668,19.75395354655457
1669,19.26100905446579
1670,24.71468049940731
1671,24.934161676081594
1672,23.021972401470837
1673,17.165931560616592
1674,19.172738494132503
1675,26.535475338451466
1676,25.27822901493575
1677,13.030004363228391
1678,28.49404801283143
1679,13.548189752138601
1680,24.895702261071513
1681,24.018790832324708
1682,10.457697636969996
1683,-6.480041549611614
1684,19.815737236512415
1685,11.440583178288401
1686,31.360432215090274
1687,32.36334086333813
1688,25.258896346972623
1689,19.593917637394032
1690,20.274472008498737
1691,20.64000276054335
1692,27.05980518753691
1693,23.348556363638302
1694,25.53542346398155
1695,15.543976316684477
1696,17.960411422312024
1697,27.563211752285298
1698,5.308368983564061
1699,19.466369518850886
1700,24.052161555841064
1701,29.26638642068898
1702,21.470846897431223
1703,13.01717191292489
1704,32.12670600792718
1705,18.358490963937573
1706,19.63464080013397
1707,16.175814120919394
1708,5.567103679490222
1709,33.97990190230818
1710,3.19341199774526
1711,18.253784631925665
1712,21.88883168562708
1713,27.488891223801204
1714,20.90317408203124
1715,28.66429063955906
1716,36.17747813587571
1717,22.486401810117105
1718,27.268585905971797
1719,24.533361221706837
1720,25.757698844269626
1721,21.907380532486442
1722,6.721604282449436
1723,29.697495072540615
1724,5.016342210980103
1725,26.56411980494501
1726,21.86476642581433
1727,27.77120295776654
1728,25.57786873323519
1729,28.605838716006115
1730,29.21208279118095
1731,15.297975137966407
1732,25.36163698673194
1733,36.04843953703045
1734,35.51147815048628
1735,44.011173443917244
1736,31.725826229109842
1737,25.17553625560115
1738,17.633396554175288
1739,14.8200107984564
1740,26.708932862603934
1741,28.435700702627
1742,32.912502155710165
1743,23.05107385866211
1744,19.209279641338263
1745,32.29022787102262
1746,25.222882993601733
1747,19.934681359281228
1748,25.406028120679508
1749,26.393954932618158
1750,2.447201632620668
1751,12.092576334032946
1752,20.950263390469473
1753,27.60648936872016
1754,23.481542031606445
1755,19.446659259842114
1756,25.34780140706022
1757,30.08649311179946
1758,24.875526534912524
1759,19.224507078186758
1760,30.385340190665257
1761,32.39980728914886
1762,24.02245703618406
1763,30.119355135626666
1764,31.27981292120257
1765,18.27404993107894
1766,27.200756894497623
1767,24.900944067604737
1768,2.8493909337035044
1769,25.032894487839336
1770,11.357827778489987
1771,28.956384783531796
1772,33.836099798320376
1773,10.030516662018085
1774,2.549496570578347
1775,26.36650234185554
1776,25.183452344365143
1777,28.67781449208079
1778,42.66787442838219
1779,21.993011124595064
1780,22.11112237022765
1781,18.89587609158824
1782,22.60412298784829
1783,30.753961092327582
1784,26.34798994039369
1785,40.61957214228898
1786,14.328944822286196
1787,15.079822978078967
1788,34.38775882335171
1789,19.681953636223742
1790,26.241996612085124
1791,28.22059201402996
1792,22.066352199763813
1793,19.196812833722984
1794,23.659756809388192
1795,23.337879713977706
1796,11.649628938413265
1797,22.110579263679263
1798,28.346899560244335
1799,24.2734012788404
1800,22.75239653849465
1801,20.44386275432079
1802,13.082919184103933
1803,27.309783623507663
1804,27.347207840403087
1805,26.169265563191107
1806,31.994187376227597
1807,30.521485590933683
1808,19.166106749584557
1809,22.728026639559214
1810,5.776259496697903
1811,28.038833692447707
1812,16.00986067493523
1813,18.378417706647117
1814,25.124086646082777
1815,18.822306535541937
1816,27.44856948722725
1817,19.81333958142696
1818,21.903532600410514
1819,34.41361389890329
1820,29.553028556372453
1821,34.372875956011924
1822,14.873557922103286
1823,19.967470368975274
1824,11.130897087220818
1825,17.727761410347558
1826,21.738701066507186
1827,4.980663442496314
1828,19.656012989181306
1829,30.017262718014663
1830,13.795123465212708
1831,29.54954817289902
1832,23.393681627849556
1833,21.75227493159468
1834,24.06270222526235
1835,22.864523088149387
1836,21.471872427606424
1837,23.529619927426637
1838,16.338121985360704
1839,11.620500942933447
1840,20.215173437628643
1841,20.411611056673024
1842,28.94299299176472
1843,21.887065842766038
1844,25.20185482704307
1845,19.753677538519938
1846,26.33083972978018
1847,21.467437647215814
1848,25.43384284564755
1849,14.47964417090718
1850,21.424183026177833
1851,24.143256658689168
1852,21.150283516652493
1853,28.0035106717941
1854,26.26422841052949
1855,16.258701042210408
1856,17.861327074491285
1857,10.87537794635282
1858,21.225713651539404
1859,9.977891384255777
1860,22.304370895474023
1861,25.963970987100094
1862,30.18559462812032
1863,19.24007289784001
1864,9.19506427611548
1865,29.071571353568103
1866,16.81375834478811
1867,22.586145443163115
1868,26.295238749377656
1869,24.702623082270566
1870,34.18020415236207
1871,13.256956965742628
1872,26.02822906661416
1873,29.06457275306507
1874,27.28595329798537
1875,6.6496418124712395
1876,22.14802356343711
1877,28.41532723452787
1878,17.577201997686753
1879,22.416870920716534
1880,31.572042932955952
1881,19.708262726237304
1882,9.28471877404427
1883,17.62869799210248
1884,24.389136421644782
1885,25.328404428907664
1886,21.870975450418708
1887,18.081392731450645
1888,21.052294219683837
1889,30.9359644212613
1890,11.53349040373544
1891,18.30016114535579
1892,30.089814003103008
1893,16.866639460716737
1894,24.22945265083388
1895,31.49152129028332
1896,19.549863778886458
1897,22.17254301677077
1898,20.65002737320485
1899,13.068412611128302
1900,21.824870560354253
1901,4.243931205494275
1902,10.566568446261131
1903,29.28965552737086
1904,22.34494978498394
1905,27.36772066978416
1906,11.344436037469624
1907,9.088950297293106
1908,27.711396045302735
1909,8.996680873315283
1910,20.397948159574252
1911,13.420166472887358
1912,21.841623897733967
1913,7.392392217375321
1914,20.619815019095974
1915,21.956859074936663
1916,22.47995506893355
1917,27.474532732084555
1918,11.865137507078531
1919,25.65455051168408
1920,26.393503547568532
1921,27.950890736793934
1922,15.987031305586667
1923,11.867900193885143
1924,20.682258818712192
1925,14.91909584591483
1926,30.98785563720178
1927,6.729127845407617
1928,17.90696809384521
1929,19.808780462838055
1930,10.759758765824532
1931,21.137491893292047
1932,24.301892029387936
1933,8.681577898895883
1934,22.02375152539145
1935,27.790076771673228
1936,31.13444454205557
1937,27.926296092473592
1938,28.44264927045942
1939,23.890010708367434
1940,24.274554805923923
1941,26.694691988701123
1942,24.676834645917587
1943,20.830105187100465
1944,25.188734250946307
1945,13.662503218794532
1946,31.65316227732277
1947,28.92718177489572
1948,30.73874961248581
1949,25.71500472841033
1950,18.5779441125344
1951,27.558493456938038
1952,29.83794257381416
1953,7.236205440572998
1954,32.10479816550153
1955,20.17861535950278
1956,25.52434874968354
1957,25.338341424828457
1958,37.33993167327363
1959,27.488947234051707
1960,17.419716909720623
1961,20.63862549661295
1962,23.199429328765905
1963,23.162370900795466
1964,22.0486954079871
1965,23.71367709844628
1966,13.677792067151552
1967,30.39198276288663
1968,13.354863003835687
1969,27.284482702366766
1970,16.07720170752064
1971,26.97946137266698
1972,33.90989370277878
1973,16.727327607786723
1974,2.838566380995985
1975,29.562151600632795
1976,18.123553142419624
1977,23.998441370050234
1978,15.603401556077056
1979,19.560638096627827
1980,25.782241296770003
1981,21.968590677956005
1982,25.136730199835554
1983,24.35816043014365
1984,17.049747986195804
1985,19.21308405009633
1986,28.66379979821634
1987,27.26442779114558
1988,21.99859040124516
1989,10.755494079278895
1990,34.321787427949374
1991,22.257777445395597
1992,27.26442749173011
1993,28.61882285083141
1994,21.530391491067277
1995,27.584386207444602
1996,26.059249899193205
1997,34.23420568092236
1998,27.03940978156776
1999,27.454269805288103
