,value_per_image
0,-10.647035025824307
1,-10.213099140063553
2,-10.323938371485363
3,-10.095089837432797
4,-10.563109280577622
5,-9.809693174882396
6,-10.267735980240305
7,-10.183722471983245
8,-10.509049152998953
9,-10.273881780023505
10,-10.533232994449536
11,-10.140373953132658
12,-10.034218227745693
13,-10.6284288501819
14,-9.909506078356294
15,-10.482274592323137
16,-10.49958275700126
17,-10.374008057251194
18,-10.292086003815024
19,-9.836934586491347
20,-10.348508731403866
21,-10.318359270210903
22,-10.30001548495109
23,-9.995780269935306
24,-10.099559026020016
25,-10.206923187480498
26,-10.480299273204695
27,-10.459033582620334
28,-10.419918749937064
29,-10.141591531193678
30,-10.099066947018823
31,-10.603664832538275
32,-10.32421283459852
33,-10.423883605214245
34,-10.25567357380549
35,-10.086393611740732
36,-10.285083163501877
37,-10.318560481760985
38,-10.42282730653293
39,-10.119875505034905
40,-10.152960832158207
41,-10.1869607692036
42,-10.616740451362556
43,-10.566263929793537
44,-10.361841710471351
45,-10.400363536159093
46,-10.39631653773532
47,-10.374296846219544
48,-10.3553416551406
49,-10.189808099430179
50,-10.046670987510124
51,-10.419542615662547
52,-10.421111252169526
53,-10.566819511377577
54,-9.708972833341468
55,-10.307312368695326
56,-10.316629339779805
57,-10.168202523892253
58,-10.388863345582298
59,-10.090150918076649
60,-9.39335753113564
61,-10.50918487299527
62,-10.279164242231824
63,-10.049066032992194
64,-10.236060799467003
65,-10.12065736695906
66,-9.89359580807625
67,-10.521826001759539
68,-9.989978510347084
69,-10.000867076382676
70,-9.969090432851452
71,-10.276327063682317
72,-10.32331385569058
73,-9.668222716597619
74,-10.594200838784458
75,-10.572110384563203
76,-10.490832086692503
77,-10.375319311173325
78,-10.268459426204943
79,-10.412503012291317
80,-10.537575402175088
81,-10.239697760408177
82,-10.66223067374738
83,-9.691386799346391
84,-10.533483769108447
85,-10.453400976468828
86,-10.327933140833538
87,-10.123521229520088
88,-10.452352771044804
89,-10.063082583263176
90,-10.37305426793102
91,-10.45957080235462
92,-10.406387793123876
93,-10.296444380442152
94,-10.455516225920432
95,-9.81334816345933
96,-10.038967873337477
97,-10.595563604189149
98,-10.322128360448431
99,-10.36822027411329
100,-10.300120870320699
101,-10.392455621434577
102,-9.572931850916154
103,-10.287624058971463
104,-10.059594830590116
105,-10.602194522792752
106,-10.587388465565231
107,-10.527436062327954
108,-10.409037998543914
109,-10.292780782860511
110,-10.342756230881712
111,-10.365935070562925
112,-10.393716425252471
113,-9.569686086957956
114,-9.778800012165512
115,-10.040980711336841
116,-10.282503025664619
117,-10.191863497308564
118,-10.303907210353168
119,-9.9215502833394
120,-10.57076185133436
121,-10.606194936496477
122,-9.839013195109578
123,-10.347475739701922
124,-10.5181275472159
125,-10.62660142480377
126,-9.622007747315363
127,-10.34878389534599
128,-9.75355219214708
129,-10.307673404843092
130,-10.227130594502206
131,-10.475014591808037
132,-9.999662538129275
133,-10.060291261449084
134,-10.436592136485
135,-9.841719376922644
136,-10.562134211136275
137,-9.890274786851098
138,-10.372747455714538
139,-10.424797330779619
140,-10.579180789085829
141,-10.472510469509773
142,-10.176953678173653
143,-10.036232341854985
144,-10.098384687828878
145,-10.492877667340975
146,-9.825163652081828
147,-10.505892813434755
148,-10.075006047132907
149,-10.057115916419631
150,-10.36131599832038
151,-10.38651702800234
152,-9.553198706383805
153,-10.420122533170147
154,-10.518117396054688
155,-9.988388171230392
156,-10.258300060821847
157,-10.390409347865297
158,-9.738335661651195
159,-10.5802539076821
160,-10.466820326713194
161,-10.393532785811065
162,-9.960287187762518
163,-10.119387566215698
164,-10.546903057472251
165,-10.257874172841486
166,-10.129749719002655
167,-10.219901026605255
168,-10.019117357856198
169,-10.520667776983725
170,-10.297494994354619
171,-10.578364722396103
172,-10.373729753623737
173,-10.607322023744086
174,-10.259227266770903
175,-10.406735004355514
176,-10.153574843552617
177,-10.042777060003402
178,-10.547153298129837
179,-10.215286239558123
180,-9.196487607835204
181,-10.131964628424136
182,-10.497196773406127
183,-10.438807751013067
184,-10.4734174084888
185,-10.623983531957773
186,-10.014194666665029
187,-10.431271571994941
188,-10.675467471213548
189,-9.694478953634349
190,-10.473656048361144
191,-10.110676736163835
192,-10.528128023040953
193,-10.396644012555731
194,-10.580606328018185
195,-10.247862029805349
196,-10.486050481508462
197,-9.636936242461244
198,-10.39079078599859
199,-10.58458933952067
200,-9.994044375992225
201,-9.932603079941249
202,-10.615994825647242
203,-10.139659061549104
204,-10.401728655666057
205,-10.587630032910095
206,-9.633124371827696
207,-10.234613340241864
208,-10.478453022619794
209,-9.776545701544679
210,-10.309980911719713
211,-10.453104777118565
212,-10.40637859445653
213,-10.232786834569074
214,-10.56146194640607
215,-10.353091797437976
216,-10.115150485972725
217,-9.600904831039363
218,-10.467641120780863
219,-10.38238332317653
220,-9.957185414343972
221,-9.998678916267007
222,-10.215177768227367
223,-10.19645886178241
224,-10.539328604480572
225,-9.659417321674887
226,-10.069534347540047
227,-10.195044660285076
228,-10.376181677888624
229,-10.218529250296283
230,-10.206580655856532
231,-10.428329434241908
232,-10.337173731425935
233,-9.922289486801507
234,-10.419412045688338
235,-10.318146243173596
236,-10.402077057873859
237,-10.256920743637997
238,-10.22283840328658
239,-10.112099883632377
240,-10.502435716402273
241,-10.20563974778009
242,-10.477836684965556
243,-10.530740572981816
244,-10.135294903420801
245,-10.244670751026593
246,-9.915393676732089
247,-10.391470876397623
248,-9.686287721299825
249,-9.775146011670778
250,-9.968022930842952
251,-10.655431870131114
252,-10.26912764110995
253,-10.440842292359836
254,-10.343089845622412
255,-10.446542195370236
256,-10.307151937990565
257,-10.078374463958964
258,-10.441528959135118
259,-10.47775609355965
260,-10.170996186479512
261,-10.298441305652128
262,-10.347908997157509
263,-10.582606891598767
264,-10.100144226085924
265,-9.723801912356599
266,-10.133848576741556
267,-10.369573306741358
268,-10.501002050669769
269,-10.366863607516553
270,-10.588009805910751
271,-10.276940168063806
272,-10.534087048657758
273,-10.253302360310618
274,-10.392265374550346
275,-10.035511124001948
276,-10.433490227119325
277,-10.35112760674986
278,-10.280841931912672
279,-10.228468157294946
280,-10.190588773817062
281,-10.251334709326462
282,-10.714765902987956
283,-10.238848745501551
284,-10.254243647157212
285,-10.590347816554603
286,-10.597309491107223
287,-10.578830698804454
288,-10.37264568445575
289,-10.328591979747868
290,-10.33186046795203
291,-10.456639582331249
292,-10.495731585937607
293,-9.996446587204565
294,-10.40968798063314
295,-10.370618626505014
296,-9.884685868251893
297,-10.506365186743198
298,-10.513795157329122
299,-10.384470948909817
300,-10.211081085822304
301,-10.284903194705805
302,-10.297662922254599
303,-10.334236918699746
304,-10.454665176283102
305,-9.809604652338614
306,-10.560787570578123
307,-10.375206106240917
308,-10.123576240719077
309,-10.589318673382776
310,-10.449766658877182
311,-10.434736731447193
312,-10.325443944358275
313,-10.334468515089252
314,-10.50380182133622
315,-10.409937368392717
316,-10.078094372724363
317,-9.669784174281462
318,-10.175998369312744
319,-10.138462237659432
320,-9.734363933092544
321,-9.849954094728627
322,-10.304523310388914
323,-10.535285954510947
324,-10.207380402139792
325,-10.314666489487957
326,-10.39599558156914
327,-10.440547307275793
328,-10.330477160231842
329,-10.178119558819473
330,-9.95824988863786
331,-10.481597978689107
332,-10.555377295158731
333,-10.117296508135214
334,-10.27970930430666
335,-10.126865499881898
336,-10.335767827301558
337,-10.391896160656794
338,-10.518487979152612
339,-10.42109427537025
340,-10.0617985799701
341,-10.146398009963917
342,-10.161496021136113
343,-10.296666122169805
344,-9.866847957741745
345,-10.315496494856363
346,-10.465084339019686
347,-10.164708824197602
348,-10.118431402988383
349,-10.075074900499127
350,-10.380570544158033
351,-10.191309917685878
352,-10.425946507319832
353,-9.312538290060212
354,-10.496530990777307
355,-10.051551474406462
356,-9.487685093518676
357,-10.030953359562787
358,-9.872127785098275
359,-10.342747748834473
360,-10.167534577245043
361,-10.015611161550515
362,-10.412006438076476
363,-9.961771361651953
364,-10.060374871871703
365,-10.319698373471317
366,-9.886280148517956
367,-10.390518065975217
368,-10.289659790988091
369,-10.650456693763694
370,-10.473207111174698
371,-10.437466524241833
372,-9.948589377439976
373,-9.95302703742102
374,-10.353991525933928
375,-10.32560426410778
376,-10.083301383314934
377,-10.580185536442274
378,-10.481042143142863
379,-9.594884504940996
380,-10.370285410178207
381,-10.541625737692415
382,-10.279513351900851
383,-10.11853324762971
384,-10.423855230283614
385,-10.484726752266186
386,-10.07868199126061
387,-9.860542992977749
388,-10.314929052261293
389,-10.551367640031883
390,-10.466085836352374
391,-10.326492291652203
392,-10.18105771258179
393,-10.37200031049086
394,-10.261577891371571
395,-10.649566607080788
396,-9.491992015884213
397,-9.22493778844127
398,-10.397307530352679
399,-10.48957922867955
400,-10.332642480510216
401,-10.445619920644168
402,-10.22413203161508
403,-9.532762101813493
404,-9.975226231811817
405,-10.306747745887334
406,-10.296954182252216
407,-10.17097710533693
408,-10.478016697846394
409,-10.372114266656935
410,-10.661909604268928
411,-10.575295604519383
412,-10.363580941707015
413,-10.16399447165952
414,-10.384408090086342
415,-10.339370652326938
416,-10.324586843047667
417,-10.169453284887217
418,-10.587559384576348
419,-10.06926804386427
420,-10.549036028393656
421,-10.296243249219613
422,-10.155442610997566
423,-9.448918370885863
424,-10.442252507233928
425,-10.553645051070626
426,-10.437375840554276
427,-10.621798164084598
428,-10.129176011016234
429,-10.141644065778863
430,-10.500525115929912
431,-10.19817369138056
432,-10.605103162540935
433,-10.515277713107588
434,-10.456740717987609
435,-10.464612147836213
436,-10.566029261624713
437,-10.078748414682117
438,-10.3759168046953
439,-9.767914177116351
440,-10.093062173975653
441,-10.03996797261475
442,-10.567856269268392
443,-9.767289567169694
444,-10.271342262063582
445,-10.287712248947136
446,-10.128747019157904
447,-10.556866643654491
448,-9.636922751775938
449,-10.069143448735
450,-10.074728433105953
451,-10.292085211667679
452,-10.527445130216769
453,-8.932251764614266
454,-9.787247356295275
455,-10.508719711514836
456,-10.366685232228086
457,-10.604347376989862
458,-10.23783014570458
459,-10.356551053978574
460,-10.454306009697127
461,-10.546386651431575
462,-10.32677192021434
463,-9.348928704544614
464,-10.476574640804332
465,-10.364267417631039
466,-10.133681840498506
467,-10.64853698736866
468,-10.472068011480404
469,-10.579171829593909
470,-9.664923239158577
471,-9.612426834723594
472,-10.167426103177553
473,-10.29848214364422
474,-10.132856565833746
475,-10.138361764198148
476,-10.418550281743117
477,-9.32314752296056
478,-10.438746196128664
479,-10.505523788237852
480,-10.27401988865662
481,-9.984190148417378
482,-10.136618250044831
483,-9.637760591309178
484,-10.210278058769578
485,-10.401220255088283
486,-10.20483679665194
487,-10.21364978872722
488,-10.207501950511796
489,-10.38933295866343
490,-10.224507088276312
491,-10.481051856303292
492,-10.189428972663725
493,-10.05058162357992
494,-10.070698899550973
495,-10.257905475114988
496,-10.596002956226798
497,-10.26005716189728
498,-10.277570243884863
499,-10.624895329759852
500,-10.078900945607383
501,-10.241587027043558
502,-10.259113507710332
503,-10.39351465597836
504,-10.510753177011338
505,-10.362309037841195
506,-10.488656846101856
507,-10.037488110950713
508,-10.269991130290489
509,-10.679012323149843
510,-10.210726911164679
511,-10.5271717420016
512,-10.667047616065318
513,-10.398130278712458
514,-10.27717293733599
515,-10.13833163018748
516,-10.677288321529636
517,-10.404718682092422
518,-10.10565257218498
519,-10.183059331142156
520,-10.375559621101212
521,-10.317370184002042
522,-10.253212476717376
523,-10.391447648440586
524,-10.109248383138832
525,-10.443605514817301
526,-10.536164973228852
527,-10.222633435131318
528,-10.647278242213076
529,-10.527080704253548
530,-10.219914048835637
531,-10.413668810789543
532,-10.170654812992984
533,-10.20750963990302
534,-10.475909399012167
535,-10.312660523708326
536,-10.071928408168324
537,-10.19380375141728
538,-10.38054266183305
539,-10.26063400634384
540,-10.459093927313287
541,-10.530415849258887
542,-9.917015167385566
543,-10.383479345942376
544,-10.460949689221907
545,-10.354952631235511
546,-9.863964944307943
547,-10.601484642711144
548,-10.256672548252409
549,-10.189556199524846
550,-10.028761918489671
551,-10.640547704056754
552,-10.065426611666574
553,-10.614596424774264
554,-9.640107947225106
555,-10.540567315420189
556,-10.487689285056458
557,-10.353127893709331
558,-9.914943039054071
559,-10.463722109866984
560,-10.573094587717481
561,-10.521462212914528
562,-10.258023399639622
563,-10.519971202907094
564,-9.867021467899507
565,-10.00352784071334
566,-10.207357219946571
567,-10.417766621788052
568,-10.381709183036332
569,-9.974261432733613
570,-10.319459700222296
571,-10.197060794458672
572,-10.396595265294392
573,-10.63483495063942
574,-9.97603494444776
575,-10.674844686182196
576,-10.00837719045646
577,-10.328041916020883
578,-10.62711052193796
579,-10.375580299037725
580,-10.407862141967131
581,-10.35598999036875
582,-10.334115642315727
583,-10.460345444939746
584,-9.992342159370958
585,-10.535477548206732
586,-10.502384573642725
587,-10.625261377367586
588,-10.681618819316087
589,-9.745908461617693
590,-10.134593600697217
591,-10.141974246731666
592,-10.545642439890367
593,-10.188175794364502
594,-10.504077912091065
595,-10.012162003134062
596,-10.249565781293313
597,-9.985044016404684
598,-10.36084613789493
599,-10.38653574523708
600,-9.713490462082346
601,-10.427064973082489
602,-10.081944632479958
603,-9.889959994160948
604,-10.422979869011687
605,-10.305119144145305
606,-10.225166117741061
607,-10.256253244235547
608,-10.431994604203316
609,-10.236036578503343
610,-10.482937450452235
611,-10.52023379345373
612,-10.501148900390094
613,-10.464126429179453
614,-10.22130778363988
615,-10.280182769649516
616,-10.220957107873016
617,-10.475107127096278
618,-10.358481595991588
619,-10.33341540915429
620,-10.405844341038947
621,-10.625782773799898
622,-10.143307671050232
623,-10.536272379648976
624,-10.601703541444122
625,-9.635453469634278
626,-10.253548974734864
627,-9.642165142011082
628,-9.761995073182826
629,-10.343012035401822
630,-10.446159050685141
631,-10.33437603668561
632,-10.334749360942553
633,-10.16950685235102
634,-10.316124862996958
635,-10.602964974743307
636,-10.382384937786446
637,-10.271051441827773
638,-10.414042763914706
639,-10.128118264871825
640,-10.294961022322667
641,-10.090209755127892
642,-9.757087487191932
643,-10.065006454282312
644,-9.95446189510825
645,-10.43336180822372
646,-10.007372284710412
647,-10.141439395728392
648,-10.311643923822686
649,-10.637225393460273
650,-10.26110412214816
651,-10.178566407820028
652,-10.574369801852542
653,-10.567660217438117
654,-10.138120446124756
655,-10.535857937268146
656,-10.4855611308087
657,-10.685793994448057
658,-10.329843460281404
659,-10.469430378965193
660,-10.480158060060988
661,-10.504675705399947
662,-10.468013033644784
663,-10.166357484142148
664,-10.331244244010898
665,-10.340292067920279
666,-10.550095241054343
667,-9.746703026327749
668,-9.489635118520814
669,-9.99087804869208
670,-10.178797547320407
671,-10.454099738326175
672,-10.183703252285401
673,-10.381078010716047
674,-10.574264680781912
675,-10.388453584910623
676,-10.430961537159174
677,-9.910924174430054
678,-10.551154848260914
679,-10.359256639097827
680,-10.328336858921396
681,-9.965484250495203
682,-10.321601422951048
683,-9.584339576879074
684,-10.614403246716057
685,-10.483735270639443
686,-10.350326073532957
687,-10.420959169061652
688,-10.19507284049694
689,-10.246634776036275
690,-10.548966460660793
691,-10.264374113782283
692,-10.196737299789627
693,-9.670991316143086
694,-9.31398001540976
695,-10.265670262332561
696,-10.38519298370917
697,-10.191433976095087
698,-10.331802683757342
699,-10.457706124416307
700,-10.037242710970153
701,-10.153861749290016
702,-9.945108793928766
703,-10.308026642617
704,-10.426939817847655
705,-9.990092681354435
706,-10.208655877808102
707,-9.752288260698352
708,-9.897896197532166
709,-10.057507918634359
710,-10.418739914388516
711,-10.39115528783092
712,-10.383299827523985
713,-10.352959576363018
714,-10.416139925436347
715,-10.208130593152292
716,-9.627351936057938
717,-10.523257320904092
718,-10.201165645390274
719,-10.43983958122064
720,-10.560746317980293
721,-10.60260913777494
722,-10.149553463588198
723,-10.35217913476282
724,-10.360623351739939
725,-10.387636198634354
726,-10.000914074182294
727,-10.54536132794956
728,-9.969594941326227
729,-10.192473661162524
730,-10.264766954342171
731,-10.449793326969603
732,-10.40310578009232
733,-10.19840092360964
734,-9.664312889485595
735,-10.457266299137332
736,-10.16245656745406
737,-10.26070972316158
738,-10.65295272900992
739,-10.298193910393953
740,-10.358977370382187
741,-9.634753306906537
742,-10.526982357037255
743,-10.23056231132668
744,-10.119651033927742
745,-10.506394806997779
746,-10.03571038596214
747,-10.179569337561851
748,-9.94766032793502
749,-10.354348812818102
750,-10.400764870300252
751,-9.715860219564997
752,-10.37897189076057
753,-10.602800692077627
754,-10.200020172023253
755,-9.588588873401118
756,-10.415290213298725
757,-10.147604014313655
758,-10.195060829262708
759,-10.260449951613865
760,-10.54702099192925
761,-10.490886568406818
762,-9.284609220559805
763,-10.182303118026477
764,-10.094499563409725
765,-9.763526258872847
766,-10.55345488763169
767,-10.209245771327238
768,-10.512835396082744
769,-10.382155020429519
770,-9.76898841148615
771,-10.364039566918247
772,-10.347734265669619
773,-10.217071047651986
774,-10.296696301506644
775,-10.156117895816736
776,-10.11003891362548
777,-10.08809306296552
778,-10.298053461215083
779,-10.31608921528469
780,-10.458195705100684
781,-10.487998228288012
782,-10.253838259724592
783,-10.307941972562029
784,-10.041162058139324
785,-10.481249260687305
786,-9.906143026368044
787,-10.281331170999604
788,-10.276340203131236
789,-9.454493526687397
790,-9.979098706121679
791,-9.961033521860267
792,-10.40813307310181
793,-10.13810893859766
794,-10.328315552306977
795,-10.48380888876634
796,-10.396255039750471
797,-10.410801590241524
798,-10.242268355044576
799,-10.101605043375008
800,-10.402614162718097
801,-10.343309230798624
802,-10.037913247032966
803,-10.094224672674429
804,-10.608115738409118
805,-10.587391529012033
806,-10.564166074060992
807,-10.677311335791977
808,-9.51498546593768
809,-10.35179613351111
810,-10.365682303533713
811,-10.524010856331993
812,-10.46061539148631
813,-9.875250747469776
814,-10.382798350880954
815,-9.431980101778723
816,-9.97559725815843
817,-10.215765394023602
818,-10.600817912353667
819,-10.19768657202705
820,-10.072709877358497
821,-10.328960795880304
822,-10.505170520711381
823,-10.244995693974065
824,-10.54590323659709
825,-10.355221274036056
826,-10.552857847645523
827,-10.39840208656774
828,-8.871825135634056
829,-9.644245093627584
830,-10.46189684060186
831,-9.760427661165107
832,-9.9038990526075
833,-9.609920858846527
834,-10.30670728048965
835,-10.350854563099816
836,-9.978203785068038
837,-9.360226150093737
838,-10.596121676698989
839,-10.052162998331651
840,-10.404820000881816
841,-10.498779255446765
842,-10.460647843306667
843,-10.500501251229359
844,-10.280875525853244
845,-10.478633779371537
846,-10.171764158041842
847,-10.58325366306794
848,-10.203493744256072
849,-10.26168698511292
850,-10.411595893477145
851,-10.27989164935891
852,-10.315693780155708
853,-10.58534938001266
854,-10.597420362995756
855,-8.647404826534066
856,-10.562380569794279
857,-10.390945777085383
858,-10.17938883833734
859,-10.094625799421758
860,-10.414068667601242
861,-9.563686623089572
862,-10.312138346606815
863,-10.419158472418133
864,-10.398751022200805
865,-10.093562503400916
866,-10.556659149914346
867,-10.443190027876428
868,-10.28095070894866
869,-10.618568496878616
870,-10.375733979713127
871,-9.585374243151653
872,-10.33900489589838
873,-10.493783517339851
874,-10.578395773997702
875,-10.040198849320001
876,-10.435874474982334
877,-10.169706983444962
878,-10.249170608617566
879,-10.240957173550646
880,-10.468381412164693
881,-10.470213267388216
882,-10.52153837672448
883,-10.025487346157405
884,-10.513003979171133
885,-10.142309651960721
886,-10.336425008672347
887,-10.246541879084177
888,-10.508512441471057
889,-10.236682630143862
890,-10.443480764624832
891,-9.741066111922748
892,-10.497424281869392
893,-10.272105377656006
894,-10.278768085693434
895,-10.654716662954037
896,-10.24305534055578
897,-10.395100265969079
898,-10.254119897627195
899,-10.373052024601916
900,-10.626692764081398
901,-9.80103640448706
902,-9.923380129823807
903,-10.294625213665963
904,-10.345648271868349
905,-10.116900238779634
906,-10.035941379565273
907,-9.649927374873764
908,-10.513552549147255
909,-10.348904308856897
910,-10.15974272490802
911,-10.462070861396787
912,-10.3565067232024
913,-10.401601190296903
914,-10.613332851379065
915,-10.449915687286882
916,-9.288522928747016
917,-10.384033190076188
918,-10.395866294539069
919,-10.301760582360405
920,-10.383834259142391
921,-10.293491822659648
922,-9.162258560658186
923,-10.557709949829327
924,-10.17091122788932
925,-10.237821283509435
926,-9.761763017918435
927,-10.0384787249505
928,-10.053997391185364
929,-9.82483503957189
930,-10.095205146793916
931,-10.139178684737383
932,-9.787363698489065
933,-10.197058585596336
934,-10.582332320476937
935,-10.35404119612368
936,-10.481670698620832
937,-10.339623336104436
938,-10.522979196567183
939,-10.272920952569065
940,-10.269406771958378
941,-10.35062249819596
942,-10.490852945339377
943,-10.207287273786925
944,-9.893934015146066
945,-10.054668840060476
946,-9.885104389383725
947,-10.017097514439225
948,-10.175293434057208
949,-10.470848275817275
950,-10.03720048736242
951,-10.34645151616824
952,-10.345704484710252
953,-10.107111100422886
954,-10.016136272812824
955,-10.221256576391026
956,-10.446143062045293
957,-10.052444511358098
958,-10.249082481620821
959,-10.03628248140774
960,-10.404942276572852
961,-10.232441188898047
962,-10.085885779605526
963,-10.21639406606784
964,-10.58987654249707
965,-10.560970052914529
966,-10.123262935520897
967,-10.03843150603652
968,-9.605203537973765
969,-10.571461296038724
970,-10.599985477652028
971,-10.394945245666051
972,-10.280521912436553
973,-10.611167502653656
974,-10.620346666952774
975,-10.023247966042774
976,-10.578927598449408
977,-10.329361100543046
978,-10.27333723472737
979,-10.178020244436249
980,-10.163283055118539
981,-10.357773492125768
982,-10.211342159572453
983,-9.673721449132184
984,-9.796066547652169
985,-10.581240359934403
986,-9.99420089066948
987,-10.61165746784318
988,-10.003630025779703
989,-9.789985808835914
990,-10.209845147692553
991,-9.309442827347269
992,-10.166404362308553
993,-10.198295511071732
994,-10.64031338699106
995,-10.325526208943547
996,-9.81267279525435
997,-10.400467886773553
998,-10.248068415922416
999,-10.235795457047935
1000,-10.462085816296606
1001,-10.118615001574373
1002,-9.767873393619203
1003,-10.093228417961043
1004,-10.533389636167911
1005,-10.241114279158088
1006,-10.251696342609307
1007,-10.220313688121657
1008,-9.96731533099902
1009,-9.637462754704712
1010,-10.073332811838037
1011,-10.032845156608818
1012,-9.607744744393553
1013,-9.98700940677627
1014,-9.40436589758498
1015,-9.781389376840991
1016,-10.568074908340288
1017,-9.276656203781817
1018,-10.058567398686332
1019,-10.086018401970849
1020,-10.329813724532722
1021,-10.243208443493046
1022,-9.815632567225359
1023,-10.533758517876867
1024,-10.343971092448012
1025,-10.477287597737106
1026,-9.920043939426186
1027,-10.004611830358789
1028,-10.34092473507573
1029,-10.143459726946244
1030,-10.242616129453948
1031,-10.32643586885322
1032,-9.970662533899064
1033,-10.461908621313725
1034,-10.370089594511619
1035,-10.363607425448164
1036,-10.368901478408077
1037,-10.519425313159571
1038,-9.73642491149898
1039,-9.733143124697024
1040,-10.538623341761824
1041,-10.552292389244158
1042,-10.10503237724807
1043,-10.32462539568095
1044,-10.039418492999834
1045,-10.287709315844971
1046,-10.278769274965533
1047,-10.6855143341964
1048,-10.213919391131322
1049,-10.499059903393267
1050,-10.297896151034466
1051,-9.984262050387548
1052,-10.139165118719774
1053,-10.087772406286524
1054,-10.483621922513896
1055,-10.221548315219772
1056,-10.007558739679338
1057,-10.243300985615669
1058,-10.656271353512269
1059,-10.453343171796412
1060,-10.359599627266014
1061,-10.25187221452009
1062,-10.309785218905287
1063,-10.344587278217663
1064,-10.261992127039354
1065,-10.35124052540958
1066,-10.293917658588017
1067,-10.116328276473073
1068,-9.930117578473588
1069,-10.216511618068782
1070,-10.04936374553895
1071,-10.219324892970887
1072,-10.406168315319462
1073,-10.15960923485715
1074,-10.47237919084938
1075,-10.274784278528127
1076,-9.42441498351981
1077,-10.221178038312127
1078,-10.23778123528302
1079,-10.511548941813292
1080,-10.465935562402985
1081,-10.519366480200436
1082,-10.589544741432062
1083,-10.67354258903785
1084,-10.402203297686727
1085,-10.112581136077797
1086,-10.283010723121267
1087,-9.482530000071588
1088,-9.519361787255676
1089,-10.333639179789039
1090,-10.201697507700802
1091,-10.517970030731453
1092,-10.511945379076769
1093,-10.388053576211124
1094,-10.35268850791267
1095,-10.481054296363718
1096,-9.890932462543985
1097,-10.451442912788838
1098,-10.285160950934145
1099,-10.395234778953064
1100,-10.427575719205217
1101,-10.126576760160363
1102,-10.57397819026413
1103,-10.089175934358149
1104,-10.268400443173286
1105,-9.679535659790186
1106,-10.092132391705665
1107,-10.363967873668868
1108,-9.390530487685972
1109,-9.834756140802131
1110,-9.248835863936279
1111,-10.232762945525597
1112,-10.351524621447435
1113,-10.386316393213127
1114,-10.593237060759368
1115,-10.35461833874702
1116,-9.785610818253373
1117,-10.137742541595909
1118,-9.85769035547956
1119,-10.497850784354151
1120,-10.460191466671562
1121,-10.619117611216149
1122,-10.659932774707762
1123,-10.217498451961315
1124,-9.965536676908721
1125,-10.211580076236084
1126,-10.390447657037516
1127,-10.446065560727163
1128,-10.623093325811519
1129,-10.265385425353744
1130,-9.958243292266298
1131,-10.642360292444543
1132,-10.157643813228818
1133,-9.764051457677448
1134,-10.601683232597443
1135,-9.921949098094863
1136,-10.432086286712698
1137,-10.155030514421512
1138,-10.410367184755687
1139,-10.246034975861498
1140,-10.481006050039273
1141,-10.599878340394067
1142,-9.831897450273141
1143,-10.253148682974548
1144,-9.805596073849944
1145,-10.577410105349118
1146,-10.47412140193794
1147,-10.302821858149427
1148,-10.451477481536804
1149,-10.267884923067284
1150,-10.482196102957518
1151,-10.685424801260039
1152,-10.439794043831952
1153,-10.0694771542165
1154,-10.515529443645477
1155,-10.579159220278733
1156,-10.67192949539718
1157,-10.302562631998109
1158,-10.254200872240828
1159,-10.198102275346674
1160,-9.96286942595035
1161,-10.488348180807616
1162,-10.245761046163585
1163,-10.369466454651773
1164,-10.153974396822617
1165,-10.608362156955554
1166,-10.167547713989432
1167,-10.492013728789807
1168,-10.220266070572258
1169,-9.895360339975216
1170,-10.513059375476546
1171,-10.48742837001798
1172,-10.175655040740939
1173,-10.442511585814671
1174,-10.513795518814318
1175,-10.573200517364944
1176,-10.60600332824761
1177,-9.658956879611182
1178,-10.359042913455145
1179,-10.457499701667643
1180,-10.275724519483123
1181,-10.24753389669349
1182,-10.408609221075736
1183,-10.494688280839751
1184,-10.146176140970606
1185,-10.285548030285117
1186,-10.197343590212244
1187,-10.36802668918252
1188,-10.470048367295512
1189,-10.535450595476652
1190,-10.28786085349929
1191,-10.352017618619165
1192,-10.521540501061953
1193,-10.447414251493948
1194,-10.346334769202619
1195,-10.21960122004344
1196,-10.43244275866368
1197,-10.419268632043304
1198,-10.272696563997764
1199,-10.32552276363722
1200,-9.163064265254755
1201,-10.431374322676195
1202,-10.47302049528848
1203,-10.375854135613107
1204,-10.026006779628018
1205,-10.111781659272586
1206,-10.251802240121194
1207,-10.338584191537814
1208,-10.268383136942148
1209,-10.423809691555963
1210,-10.084823831275983
1211,-10.413077928704876
1212,-10.115001623703552
1213,-10.193507155021294
1214,-10.077398597868623
1215,-10.34922109835583
1216,-10.0487546038686
1217,-10.214392397158491
1218,-10.665830046321004
1219,-10.169193242026486
1220,-10.200048335470406
1221,-10.362150034218484
1222,-9.8975047400774
1223,-10.0246748678396
1224,-9.913032992159813
1225,-10.01864315336155
1226,-10.170954872539085
1227,-10.533670197588565
1228,-10.302473922106119
1229,-10.270895866934405
1230,-9.981001325993766
1231,-10.42096888213642
1232,-10.282667465170931
1233,-10.159420917828164
1234,-10.382843678213224
1235,-9.423901804905388
1236,-9.526942173263992
1237,-10.358942154780133
1238,-10.275932070638763
1239,-9.922586134245963
1240,-10.258218365034775
1241,-10.48505673611242
1242,-10.405534285474156
1243,-10.629224415386023
1244,-9.017612792960787
1245,-10.260602619743462
1246,-10.192364577923103
1247,-10.133712088956413
1248,-9.749103128859236
1249,-10.19402041531581
1250,-10.412035335218546
1251,-9.892561246162671
1252,-10.16241720460876
1253,-9.819314666343784
1254,-10.519004149510787
1255,-10.424818836632424
1256,-10.527971655895591
1257,-9.629971887675255
1258,-10.110635096027847
1259,-9.386517293554766
1260,-9.172501540787405
1261,-10.327486127377997
1262,-10.058084023339156
1263,-10.420239493807923
1264,-10.170561792414107
1265,-10.441043631576637
1266,-10.259084163709023
1267,-10.572533624224867
1268,-10.663586951790863
1269,-9.965994008877583
1270,-10.451227007437579
1271,-10.463498759108761
1272,-10.258582338615156
1273,-10.410299484118845
1274,-10.640041252114989
1275,-10.60955611436565
1276,-10.511373772942953
1277,-10.471819330096944
1278,-10.597764307466683
1279,-9.841795156407679
1280,-10.218912112881222
1281,-10.14474246688387
1282,-10.459085346194511
1283,-10.512933004719137
1284,-9.997426647744938
1285,-10.568960157369242
1286,-10.676261751718867
1287,-10.286545898384846
1288,-10.36967097638608
1289,-9.502692221535957
1290,-10.296573063707019
1291,-9.760787441410644
1292,-10.635657782375123
1293,-10.261035250844946
1294,-10.488173793427132
1295,-10.516527335672286
1296,-10.586184879428359
1297,-10.254843146048136
1298,-10.192279365426119
1299,-10.149974199674206
1300,-10.227707927911537
1301,-10.577372922442018
1302,-9.928385756256286
1303,-10.03596979974045
1304,-10.383679739374694
1305,-10.015421900245645
1306,-10.283799219986395
1307,-10.101311734556573
1308,-10.464506677704744
1309,-10.54019184420695
1310,-10.236530440004008
1311,-10.238702806276981
1312,-10.266210528269028
1313,-10.552011698881566
1314,-10.210662858367924
1315,-10.355945572784446
1316,-10.567325027732066
1317,-10.371381467214373
1318,-10.473001032713439
1319,-10.51707469480706
1320,-10.620737078110226
1321,-10.39114739779154
1322,-10.272269234781504
1323,-10.12455926183275
1324,-10.443989507913892
1325,-10.21375318641036
1326,-10.375940237966608
1327,-9.555253234965157
1328,-9.987492896999102
1329,-9.903955091185246
1330,-10.452708222125342
1331,-10.24237349732162
1332,-9.677526516059373
1333,-9.956219951878586
1334,-10.437242381417763
1335,-10.483150627092387
1336,-10.286809565264168
1337,-10.149871921443307
1338,-10.218662464627098
1339,-10.585675901463226
1340,-10.052895876958543
1341,-10.121732756837448
1342,-10.63924230403904
1343,-10.336890580303711
1344,-9.78336054906157
1345,-10.369109094840452
1346,-9.969434798633797
1347,-10.564008322138553
1348,-10.39061081429885
1349,-10.327640915098312
1350,-10.32071400038419
1351,-9.441202335598163
1352,-10.143176859069813
1353,-10.172808193253749
1354,-10.629417693180036
1355,-10.442842577453199
1356,-10.362041401163982
1357,-10.513584753271264
1358,-10.58443312313624
1359,-10.511161927880533
1360,-10.423715034297748
1361,-9.523097733207711
1362,-9.865767451262613
1363,-10.416422980220396
1364,-10.188952534739501
1365,-10.479151977877127
1366,-10.206401332289657
1367,-10.244655392273453
1368,-10.46062620733942
1369,-10.063242544353438
1370,-10.410451919801265
1371,-10.384887571204503
1372,-10.502942266080234
1373,-10.291917630615828
1374,-10.510012798914426
1375,-10.340322383228717
1376,-10.565110968503069
1377,-9.879568270959926
1378,-10.000922647326831
1379,-10.06036245019686
1380,-10.18912381776932
1381,-10.64427271057481
1382,-10.25163829448323
1383,-10.151112661767554
1384,-9.923872604161515
1385,-10.613734853111312
1386,-10.190704461338136
1387,-10.699886504807392
1388,-10.134654343961444
1389,-10.367537785491034
1390,-10.604173520461359
1391,-10.151151207750372
1392,-9.914990099643834
1393,-10.327980137498036
1394,-10.176793701077807
1395,-10.026211358789283
1396,-10.63058899780792
1397,-10.623225309535828
1398,-10.23328785979508
1399,-10.295043699700992
1400,-10.340165391400996
1401,-10.272165613036268
1402,-10.515712734863916
1403,-8.397604302989745
1404,-9.88326653058153
1405,-10.321840419031645
1406,-10.212318401853443
1407,-10.515683119794367
1408,-10.261756327947658
1409,-10.439985208399053
1410,-9.98299973017783
1411,-10.497326040050254
1412,-9.964158815426938
1413,-10.423045994475272
1414,-10.07988002535623
1415,-10.425309853871138
1416,-10.34983203066851
1417,-10.16928969731197
1418,-10.478597788630827
1419,-10.450458603431953
1420,-10.02304633854633
1421,-10.185757556437208
1422,-10.281322526369054
1423,-10.487952657795356
1424,-10.519653580866995
1425,-10.476082176081588
1426,-9.792728987391436
1427,-10.382269460837994
1428,-9.761570213235084
1429,-10.159911116709127
1430,-9.955984197556262
1431,-10.45200924833566
1432,-10.34638752481832
1433,-10.25098249209541
1434,-10.185029589095725
1435,-10.357943152086307
1436,-9.501571137588405
1437,-10.638102822466788
1438,-10.556745232086831
1439,-10.606825905646822
1440,-10.634021279284713
1441,-10.38349452759102
1442,-10.382263421474589
1443,-10.399618210772976
1444,-10.117307650326811
1445,-9.299946085627585
1446,-10.07927445873872
1447,-10.665706543765202
1448,-10.211648599704082
1449,-10.380258582679492
1450,-10.397674999813583
1451,-10.34163420434432
1452,-10.262023030707093
1453,-9.94925236298064
1454,-10.414701390487311
1455,-10.558575905501906
1456,-10.44947778186376
1457,-10.339467945232252
1458,-10.104958247642529
1459,-10.046176373898788
1460,-10.432715438403928
1461,-9.71132252259928
1462,-10.474161448007393
1463,-10.644960697496167
1464,-10.252100898850648
1465,-10.046625520079004
1466,-10.46279757417002
1467,-10.383591188353792
1468,-10.460292806108251
1469,-10.528453261620255
1470,-10.514228855732254
1471,-10.033848397767374
1472,-10.078692854473855
1473,-10.542864594994796
1474,-9.83641628888909
1475,-10.050402676449954
1476,-10.02584402768066
1477,-10.1224514473715
1478,-10.190808174691908
1479,-10.485964838772208
1480,-10.053207409565484
1481,-10.462611320969195
1482,-10.46637776926265
1483,-9.953994888994368
1484,-10.593102075012718
1485,-10.473464215346082
1486,-10.132874576238919
1487,-10.642371905282573
1488,-10.235801420302018
1489,-10.611108075165152
1490,-10.391946961881107
1491,-10.391887606136224
1492,-10.094469626328015
1493,-10.399885828294208
1494,-10.481667748405613
1495,-10.594279597185047
1496,-10.077532720981118
1497,-10.249771847293005
1498,-10.242361481300088
1499,-10.26436866351436
1500,-9.921874682901462
1501,-10.252573673393606
1502,-9.205021402724887
1503,-10.37142367146195
1504,-9.215265970516317
1505,-10.32795791092966
1506,-10.494069986853596
1507,-10.610369168633566
1508,-10.574428760314092
1509,-10.507903107987543
1510,-10.628035146315707
1511,-10.639052668403963
1512,-10.394821215587868
1513,-10.394585082164099
1514,-10.440949202071684
1515,-9.511276488392374
1516,-10.283995450644227
1517,-10.56617225764942
1518,-10.411217082581619
1519,-10.128955145754436
1520,-10.608816210626498
1521,-10.263077804954293
1522,-10.287790359027602
1523,-9.992048875886004
1524,-10.460393198835208
1525,-10.651681968797917
1526,-10.206702904381936
1527,-9.871632685600396
1528,-10.109976170477402
1529,-10.48920538581163
1530,-10.435736933562632
1531,-10.478063333738627
1532,-10.320558810909956
1533,-10.357379639684208
1534,-10.351575124547725
1535,-10.016065055582828
1536,-10.596285309316048
1537,-10.12624953735907
1538,-9.927548584882613
1539,-10.495250970823774
1540,-10.590498932640084
1541,-10.524745056641557
1542,-9.940742310227336
1543,-10.475052339597156
1544,-10.656147189169943
1545,-10.368054553736807
1546,-10.627994223555683
1547,-10.272687013138704
1548,-10.23950473970292
1549,-10.369847716801194
1550,-9.842905730602896
1551,-10.333182915614696
1552,-10.277802872773078
1553,-10.562767403928436
1554,-10.561299155159931
1555,-10.376536607788099
1556,-10.320143441104928
1557,-10.436625672529324
1558,-10.181167543993391
1559,-10.584082492677265
1560,-10.619462309036166
1561,-10.021102864508075
1562,-9.784234236858136
1563,-10.304850389590658
1564,-10.521943702760126
1565,-10.179120499462911
1566,-10.23943233586691
1567,-10.350734846976358
1568,-9.927126616269273
1569,-10.187123330511062
1570,-10.29541911919248
1571,-10.213032957402627
1572,-10.50441503500726
1573,-10.225954808613976
1574,-10.593159772677488
1575,-10.134944007032807
1576,-10.299049918544656
1577,-10.460693917142653
1578,-9.76880599534176
1579,-10.323701707322783
1580,-9.564206729465448
1581,-10.587035686309054
1582,-10.224719923221803
1583,-10.689473099493588
1584,-10.380797762123402
1585,-10.577441698862328
1586,-10.362983506580377
1587,-10.098286312727344
1588,-9.996896088308485
1589,-10.685305979894373
1590,-10.363765357375208
1591,-10.34987595324373
1592,-9.813977431353234
1593,-10.62845477775052
1594,-10.404534163568439
1595,-10.449126823798652
1596,-9.92782336011052
1597,-10.668452330066863
1598,-10.120577409094247
1599,-10.296430321230304
1600,-9.95252712352398
1601,-10.471909680759957
1602,-10.519319917652838
1603,-10.299753449755396
1604,-10.370282769873498
1605,-10.422098820449838
1606,-10.397145326502725
1607,-10.408131929866554
1608,-10.42749900416026
1609,-10.420347779210159
1610,-10.572360886664852
1611,-10.314702577655543
1612,-10.616271619294192
1613,-10.567202541017874
1614,-10.448952208542376
1615,-10.041924682239255
1616,-10.494076560831902
1617,-10.584205694275207
1618,-10.360029288474834
1619,-9.800963419629594
1620,-10.407427783785835
1621,-10.22869301511254
1622,-8.674335243024442
1623,-10.042480531669927
1624,-9.39650313998636
1625,-10.367203991974204
1626,-10.616066916314018
1627,-9.832134418706934
1628,-10.3639027577217
1629,-10.57900061310318
1630,-10.600345121605166
1631,-10.474015732354136
1632,-10.348448437854463
1633,-10.25648807693172
1634,-10.113175187499033
1635,-10.2717676567653
1636,-10.274447769261077
1637,-10.317209906287301
1638,-10.631699481797328
1639,-10.567598764540922
1640,-10.369433315694511
1641,-10.477987767071047
1642,-10.247486900967118
1643,-10.103647781695733
1644,-9.544618883208427
1645,-10.355570192420672
1646,-10.605330108534991
1647,-10.622815313900672
1648,-10.02461292766008
1649,-10.23452881285644
1650,-10.624725020111416
1651,-10.395600422167362
1652,-10.126980998651007
1653,-9.698705419151082
1654,-10.301481470891618
1655,-10.622778485002637
1656,-10.661193940197796
1657,-10.107047680081056
1658,-10.389781197867784
1659,-9.945523938585447
1660,-10.405968885025707
1661,-10.312637523835141
1662,-10.232274397319856
1663,-10.497968394935674
1664,-10.188494677292908
1665,-10.070382991107524
1666,-10.177198253481354
1667,-10.087248426068662
1668,-10.27992476315073
1669,-9.969455388772543
1670,-10.503950459400944
1671,-10.62422220469266
1672,-10.555669164609109
1673,-10.093736178368156
1674,-10.387458659721792
1675,-10.495632269556117
1676,-10.253989721371964
1677,-10.350573690691608
1678,-10.456276321849595
1679,-10.231779704304275
1680,-10.172670522763939
1681,-10.303926675039653
1682,-9.86428060546608
1683,-10.495388283699356
1684,-10.512169563629342
1685,-10.398042499249142
1686,-10.370152199766512
1687,-9.561420808906874
1688,-10.598914603222372
1689,-10.188398964556074
1690,-10.683480205945221
1691,-10.093770518837363
1692,-10.342638830847406
1693,-10.20975958526876
1694,-10.18537129785664
1695,-10.364979989176282
1696,-10.313497172949523
1697,-10.03675239124619
1698,-10.163032943971489
1699,-9.847144002272763
1700,-10.48363309188564
1701,-10.24712693808956
1702,-9.924005754235047
1703,-10.464884704780587
1704,-10.121297337987976
1705,-10.45867207400511
1706,-10.68791124083768
1707,-9.645043913734488
1708,-10.270548544149513
1709,-10.08099561660719
1710,-10.134757934124831
1711,-10.102498910758158
1712,-10.635014928163466
1713,-10.530160539979992
1714,-10.476415963669963
1715,-9.974333949040714
1716,-9.365453352880344
1717,-10.392919347545757
1718,-10.290870535695596
1719,-10.346794039034279
1720,-10.330192106731431
1721,-10.043395570852717
1722,-10.491879207426765
1723,-9.819373936841282
1724,-10.44137735089584
1725,-10.330148195122542
1726,-10.515865704986751
1727,-9.991310732723349
1728,-10.213133460072823
1729,-10.064299713023614
1730,-10.078543953303523
1731,-9.770866552643415
1732,-10.546758508996652
1733,-10.102413414005458
1734,-9.602073978031244
1735,-9.625020641305378
1736,-10.191518006505195
1737,-10.303493288506226
1738,-10.291116909095878
1739,-10.046653865100318
1740,-10.254874286594779
1741,-10.015922255916509
1742,-10.349566660340779
1743,-10.101557328446761
1744,-10.370252009999897
1745,-10.260577840398156
1746,-10.707247955078348
1747,-9.90873199241263
1748,-10.10652637499769
1749,-10.335455192596493
1750,-10.11447595663488
1751,-10.112809162412391
1752,-10.36514981167643
1753,-10.217634698480369
1754,-10.112223530107997
1755,-10.24500649954984
1756,-10.28802836540357
1757,-10.513783747385897
1758,-10.417015518434694
1759,-9.972896613925784
1760,-10.463706078190693
1761,-9.951340063845127
1762,-10.545578893838416
1763,-10.073784792735587
1764,-10.329452290214233
1765,-10.329376357914244
1766,-10.37004575911056
1767,-10.070227651544199
1768,-10.530709207871547
1769,-9.820103749596033
1770,-10.57963131806048
1771,-10.24095525032269
1772,-9.997304295626822
1773,-10.5401912428193
1774,-10.590102241579178
1775,-10.294912528780902
1776,-10.38151197329934
1777,-10.114247263710311
1778,-9.55489421093826
1779,-10.246704964416171
1780,-10.170719299254946
1781,-10.219490718424243
1782,-10.390071563763296
1783,-10.3751548637364
1784,-10.392099377362245
1785,-9.453462035227824
1786,-10.455527992010179
1787,-9.892731264829294
1788,-9.927564164848091
1789,-10.547694048102748
1790,-10.584045192879122
1791,-10.38568381038422
1792,-10.322578771559836
1793,-9.813593099455566
1794,-10.161858484993429
1795,-10.597635029499823
1796,-10.490822616972133
1797,-10.338568425296964
1798,-9.41655629232968
1799,-10.254128847591804
1800,-10.493849193042161
1801,-10.310908349605256
1802,-10.272444284936217
1803,-10.56760409532522
1804,-10.369379792303194
1805,-9.596503216956826
1806,-10.15959371124725
1807,-10.056642897959568
1808,-10.558615382178836
1809,-10.320374751907384
1810,-10.554975778080161
1811,-10.548020144984076
1812,-10.327191653413461
1813,-10.457877916816935
1814,-10.372426718108883
1815,-9.37073045439418
1816,-10.254198724643103
1817,-10.404786945796843
1818,-10.358050961681263
1819,-9.731120771238055
1820,-10.298312540133198
1821,-10.196002274324943
1822,-10.519652229909289
1823,-10.126537130187067
1824,-10.324259442410627
1825,-9.667644205130305
1826,-10.354596924995471
1827,-10.27620562328371
1828,-10.5693514810439
1829,-10.59279355206372
1830,-10.527087989493186
1831,-9.933803115145901
1832,-10.326283431440448
1833,-10.498511365348145
1834,-10.621164688914916
1835,-10.525232505702506
1836,-10.177445471877267
1837,-10.404490889399126
1838,-10.310667263371494
1839,-10.463570095784576
1840,-10.5481490824538
1841,-10.539301526298596
1842,-10.116352135070553
1843,-10.243539751727553
1844,-10.13507468127822
1845,-10.113240076841834
1846,-10.275424326213079
1847,-10.343030095875779
1848,-10.530412917631788
1849,-9.953026282783833
1850,-10.632351023797133
1851,-10.481812363286274
1852,-10.040317576673532
1853,-9.872641947956383
1854,-9.79673330171042
1855,-10.261338148277336
1856,-10.603635398869887
1857,-10.482644158239893
1858,-10.150244937168264
1859,-10.354270455904848
1860,-9.774212470130204
1861,-10.534959134535967
1862,-9.70153222886836
1863,-10.345831836741676
1864,-10.62799420603805
1865,-10.438896198552433
1866,-10.290113431298556
1867,-10.470149692021264
1868,-10.405408487392997
1869,-10.462086824192324
1870,-9.385727063364326
1871,-10.501865740684533
1872,-10.473049284323103
1873,-10.315682575770149
1874,-10.492082175360016
1875,-10.319691239577091
1876,-10.073458909970034
1877,-10.19945064135586
1878,-10.070069943214364
1879,-10.598273305306332
1880,-10.112366273842596
1881,-9.961718376871756
1882,-10.506128091675297
1883,-10.48016652279657
1884,-10.465259161633984
1885,-10.116833712829578
1886,-10.518757082665736
1887,-10.271903704647237
1888,-10.419924839291916
1889,-9.996264111642377
1890,-10.285781125016834
1891,-9.4171716273675
1892,-10.074727967976363
1893,-10.31189465295352
1894,-10.231880559560835
1895,-10.114335796058857
1896,-10.08095778238236
1897,-10.542194947737247
1898,-10.110979141395859
1899,-10.283597958375957
1900,-10.545573552743372
1901,-10.030141657842073
1902,-10.49290603450067
1903,-9.658277608088694
1904,-9.54330062216378
1905,-10.026835286287927
1906,-10.1702051883841
1907,-10.421556237602566
1908,-9.93750502784059
1909,-10.153830645146874
1910,-10.61399452470967
1911,-9.639391768863328
1912,-10.186719172316815
1913,-10.152018772706356
1914,-10.293402362721162
1915,-10.28778537281105
1916,-10.565487143400318
1917,-10.550152830647436
1918,-9.950407013932796
1919,-10.06880525316252
1920,-10.179641258962423
1921,-10.533176948652086
1922,-9.910309251157997
1923,-9.9671304667813
1924,-9.830183391143823
1925,-10.555119327328182
1926,-9.93099383057362
1927,-10.338158319593596
1928,-10.508822280690268
1929,-10.645735994572348
1930,-10.070292796926294
1931,-9.833924388746768
1932,-9.959926464285136
1933,-10.437049567470977
1934,-10.478420419151568
1935,-10.189653093356386
1936,-10.191008585113416
1937,-10.607973441788713
1938,-9.953989911182418
1939,-10.544095463798
1940,-10.375540507506887
1941,-10.468084756057793
1942,-10.177643879835852
1943,-10.391729811452963
1944,-10.284011389961526
1945,-10.324761264211508
1946,-10.118570892612645
1947,-10.349498179441326
1948,-10.113882548636145
1949,-10.378325302962448
1950,-10.144796308448457
1951,-10.214086780494199
1952,-10.370863666266352
1953,-10.255617767559135
1954,-10.073729143578404
1955,-9.933195732019033
1956,-10.102846778096495
1957,-10.320778619388996
1958,-9.544804717821204
1959,-10.013888651971763
1960,-10.22615449085958
1961,-10.396959346478516
1962,-10.48787453795756
1963,-10.2796456772886
1964,-10.064367766806154
1965,-10.075696872531008
1966,-8.828999148297319
1967,-10.365339066884713
1968,-10.432713920856113
1969,-10.142153298749717
1970,-10.15632375474849
1971,-10.13243380463761
1972,-10.222496850588543
1973,-9.54476607157125
1974,-10.32058744845232
1975,-10.559377442819551
1976,-10.593184137728755
1977,-10.011557060573468
1978,-10.297884201863189
1979,-10.219411100606127
1980,-9.981034596463507
1981,-10.409151881738289
1982,-10.398749049077225
1983,-10.589550523443037
1984,-10.155617676198204
1985,-10.449511537815967
1986,-10.394662894788905
1987,-10.246213027341009
1988,-10.466000112123293
1989,-10.523288010024416
1990,-10.161993955813227
1991,-10.47573031886122
1992,-10.39694016532861
1993,-9.72736943160662
1994,-9.58547574999311
1995,-10.369034880355132
1996,-10.12467518871083
1997,-10.260772176903203
1998,-10.57847158635272
1999,-9.836604290653733
