,value_per_image
0,-9.515084429457604
1,-9.817596317695696
2,-9.888751842983682
3,-9.94943558638646
4,-9.424344965671564
5,-9.733464505710787
6,-9.5971250766124
7,-10.023576473131461
8,-9.413439841855212
9,-9.070603013953725
10,-9.717398400853504
11,-9.961256937646484
12,-9.707659744554675
13,-10.158772822954564
14,-9.725572684299356
15,-9.867237306247619
16,-10.139683535301684
17,-10.063634298066876
18,-9.591921232455725
19,-9.481754132357882
20,-9.973319010878091
21,-8.546306669587043
22,-9.50145100860031
23,-9.21505660922169
24,-9.935016741686047
25,-9.8132684267934
26,-9.818143401058952
27,-9.515529824549407
28,-9.966556062702189
29,-9.358531204604887
30,-9.713815168911733
31,-9.615662705293127
32,-9.969837448115843
33,-9.681620910407032
34,-9.774636105864179
35,-10.105701389387596
36,-9.79660727537128
37,-9.388850029167848
38,-9.96797777759437
39,-9.856018047542452
40,-9.389598989079321
41,-9.527886044489902
42,-9.187092141751704
43,-9.954409038201515
44,-10.007229613912008
45,-9.328856252616776
46,-10.11615135170766
47,-10.085203410777163
48,-9.777139912921603
49,-9.956954994345574
50,-10.037816192899836
51,-9.935194236400609
52,-9.885495110407645
53,-9.779644008485477
54,-9.771792522001046
55,-9.756758885533207
56,-9.761117014310402
57,-9.677705756519346
58,-9.56817512218318
59,-8.547344983216679
60,-9.810672385332378
61,-10.02676774514217
62,-9.712716506472391
63,-9.706085010275308
64,-9.272560760420824
65,-10.114713982998179
66,-9.73540127335865
67,-9.966357345242224
68,-9.681156351485637
69,-9.810511818683906
70,-9.909853898755863
71,-9.585274553150118
72,-9.882123105935566
73,-9.555074409221113
74,-10.128913994865906
75,-9.41821081089151
76,-10.175880050583078
77,-9.98721662835016
78,-8.904312317855801
79,-9.744740277541613
80,-9.552603093574904
81,-9.778769235452533
82,-9.524160135984985
83,-9.162530482430393
84,-9.603956794867369
85,-9.80276760152701
86,-8.935789216861831
87,-10.1020283012474
88,-9.822441758248315
89,-9.603656111777983
90,-9.91488173075613
91,-10.042298498134897
92,-9.687965778857432
93,-10.032543904979736
94,-9.690768734314018
95,-9.679613569545745
96,-9.508748963782836
97,-10.338352704684707
98,-9.992336567707078
99,-9.302350329943279
100,-9.987508736200944
101,-10.038897469723217
102,-9.669136674805968
103,-9.62098280580147
104,-9.652869075312983
105,-9.199517063732824
106,-9.39912921253125
107,-9.689936743328245
108,-10.003362857146538
109,-9.988927151560107
110,-9.980561317706409
111,-10.009108270362383
112,-9.860462069517792
113,-9.726988329775347
114,-9.548528707812336
115,-9.641320514150909
116,-9.918275932146082
117,-9.902485404704684
118,-10.080012752155252
119,-9.753209548137605
120,-9.534573647155783
121,-9.864469499120414
122,-9.601563770741352
123,-9.86087442561077
124,-9.755939781023944
125,-10.063536885972397
126,-9.527104869499787
127,-9.767321540617749
128,-9.508533593860387
129,-10.021764303772537
130,-9.766964847760967
131,-9.475984345260727
132,-9.6072669507539
133,-9.918952179229256
134,-9.825889646100158
135,-9.394728288989471
136,-9.684913956614816
137,-9.551314467532343
138,-9.77916884758332
139,-9.69643885282218
140,-8.626719103527059
141,-9.900792486474947
142,-9.535272169560617
143,-9.785891441176188
144,-9.016603019431383
145,-9.023416257821893
146,-9.955008628852301
147,-9.520820650469231
148,-9.492291224246754
149,-9.496795303978374
150,-9.913494261961796
151,-9.394753555951432
152,-9.512213269341087
153,-9.90681637273176
154,-8.92628239474807
155,-9.804174322443783
156,-9.07494395222534
157,-9.446425813675393
158,-8.926067336067922
159,-9.741773238378114
160,-8.744346274016639
161,-9.60509455515889
162,-9.810114390382758
163,-9.866796029207489
164,-10.21480339692232
165,-9.783199883064471
166,-9.48102157096878
167,-9.781491110755844
168,-10.108452790832477
169,-9.934982102724575
170,-9.869547544329553
171,-9.263450837654224
172,-9.874610836330325
173,-9.55087908444992
174,-9.967764613850902
175,-9.990268674893343
176,-9.731214858848666
177,-9.841222348880867
178,-9.493073012451239
179,-9.655491350062842
180,-9.766550902666957
181,-9.834926215125794
182,-9.29919027412729
183,-9.91183392713272
184,-9.589224022961485
185,-9.627880593520132
186,-9.863439622416779
187,-9.666123775197038
188,-8.989872989931545
189,-9.178087273566142
190,-10.00442469598911
191,-9.862176858008214
192,-9.49574052325857
193,-10.034857055347995
194,-9.60457944358463
195,-9.888419339259356
196,-9.587457083764429
197,-9.083429536322964
198,-9.98866427997601
199,-9.565858205746716
200,-9.72723119224765
201,-9.930483281736015
202,-9.807781414492561
203,-9.688322447898727
204,-9.30432840410529
205,-9.72768232916336
206,-9.398252780176476
207,-9.618338413955598
208,-9.823917895790826
209,-8.843176511365863
210,-9.986524391805412
211,-9.618994759131867
212,-10.193548405805457
213,-8.942902474970252
214,-9.703812930391662
215,-9.218404377619397
216,-9.755071772987154
217,-9.416005167122158
218,-9.432248565452486
219,-9.845714101687006
220,-9.683175988411422
221,-9.554929356282068
222,-9.499565042716648
223,-9.980413785009453
224,-9.706739513021676
225,-9.533117730884824
226,-9.695280317536506
227,-9.99330826537204
228,-10.151702255470509
229,-10.043267109339906
230,-9.532835104984224
231,-9.945293694695435
232,-10.068133497459424
233,-9.152477528074474
234,-9.88204557614008
235,-9.203803057836614
236,-9.896431286363148
237,-9.835298975412623
238,-9.731168151099114
239,-10.00899628305889
240,-9.535908483859897
241,-9.875663502047246
242,-9.433914677593178
243,-10.171840092857783
244,-10.069997904974963
245,-9.941876730105188
246,-9.614337781191447
247,-10.071746319184124
248,-9.367806198628312
249,-9.872610742849867
250,-9.816577484192923
251,-9.324266814334882
252,-9.06303763102699
253,-9.792476574515154
254,-9.89114520794743
255,-9.849480357309613
256,-9.629481256290944
257,-9.872563912430463
258,-8.779309157003272
259,-9.906078653093086
260,-9.725962645628243
261,-9.26500595024139
262,-9.727764402108086
263,-9.771697888112152
264,-9.272627779752588
265,-9.89211643984025
266,-9.951180492318366
267,-9.3177873737236
268,-9.99283666441487
269,-9.842859328174947
270,-9.649048392290869
271,-9.853964953649557
272,-9.323465641680928
273,-9.43197260444515
274,-9.861917324981274
275,-9.794252386644374
276,-9.778487859695208
277,-10.093256240847431
278,-10.099263404840569
279,-9.9507493400644
280,-9.614858871719564
281,-9.745563256767316
282,-9.335939412185953
283,-9.219018505491617
284,-9.473502213402696
285,-9.8195872579469
286,-8.738076669964363
287,-9.75774123609724
288,-9.959031812418626
289,-9.924836299806033
290,-9.919658404943588
291,-9.756619516674883
292,-9.56500514397826
293,-9.660392888814581
294,-9.412040058291986
295,-10.131705193265224
296,-9.697879058151978
297,-9.931203817387212
298,-9.252359988739652
299,-8.388216775965379
300,-10.016355216084749
301,-9.824745200637226
302,-9.965691779977103
303,-9.847310971888783
304,-9.725507153542562
305,-9.429597558996974
306,-9.993354240101429
307,-9.907162486797967
308,-8.879675743799158
309,-9.877843288312668
310,-9.813404325948731
311,-9.93278244198756
312,-10.09645751294184
313,-10.06094222579148
314,-10.10094047671878
315,-9.620780979471554
316,-9.70328724159747
317,-9.610097450668473
318,-9.540986853365249
319,-9.733819058478137
320,-9.3886670549931
321,-9.338983662861887
322,-9.488316779099463
323,-9.464691994373627
324,-9.21964869693191
325,-10.031243279203077
326,-9.685412152583305
327,-10.036594603031746
328,-9.57486913935337
329,-9.918595737193025
330,-9.86072772191303
331,-9.309079098635538
332,-9.62024053209915
333,-9.862861979409765
334,-10.070857253522046
335,-8.852928622469014
336,-10.08840659528326
337,-9.436236142555066
338,-9.507834798076596
339,-9.670470546168296
340,-9.758674663117331
341,-9.101848286111744
342,-9.630609574433
343,-10.04902887945002
344,-9.878724067449637
345,-9.595011678753279
346,-9.966206414029463
347,-9.8386165269523
348,-9.78294017758563
349,-9.804965861615614
350,-9.755056597377775
351,-9.91471095141955
352,-10.16104142073488
353,-9.424029714192567
354,-10.146653668104264
355,-9.602918254179482
356,-9.536519445850633
357,-9.798945641866519
358,-9.690004856760618
359,-9.993531669486552
360,-9.543612741334737
361,-9.302615005111017
362,-10.06407636062641
363,-9.638792839170124
364,-9.841000621148618
365,-9.986604790016989
366,-9.903899822916024
367,-10.080374633661675
368,-9.948402186091316
369,-9.728153628621724
370,-9.77311769389742
371,-9.818712001304547
372,-9.9789270430269
373,-9.649511193754323
374,-9.976165756503963
375,-9.657951911744954
376,-9.876826990486377
377,-9.84876809226667
378,-9.238238114119657
379,-9.371606242633195
380,-9.15014933481688
381,-10.061657876178774
382,-9.907994535879967
383,-9.827734715130703
384,-10.058543266733768
385,-9.997973324044569
386,-9.58375055139625
387,-9.897257338278353
388,-9.56896672748863
389,-9.232485955092075
390,-9.799983579351107
391,-10.039644893073596
392,-9.751802546314797
393,-9.918554658061415
394,-9.904538650928753
395,-9.402861410543748
396,-9.256695091093238
397,-9.409353099893526
398,-9.908141467683294
399,-9.615690117253145
400,-9.665982098474409
401,-10.17069805739439
402,-10.091717026819811
403,-9.807026166036145
404,-9.452831901677463
405,-9.491334466497703
406,-9.566582845823222
407,-9.78382099479633
408,-9.349243562464872
409,-9.380516299481519
410,-9.570090713792961
411,-9.276127454958802
412,-9.585866185779949
413,-9.790832355570537
414,-10.07203265499716
415,-9.633546767635336
416,-9.880800694928645
417,-9.08238762116243
418,-10.110687922349122
419,-9.799544207970783
420,-9.506051368667311
421,-9.196476842648268
422,-9.920951140129446
423,-9.297614112225562
424,-9.819591150328488
425,-9.638855808669556
426,-9.663166990858693
427,-9.703243827337367
428,-9.556568019857869
429,-9.745964204725324
430,-10.1339184264125
431,-9.977496610015224
432,-9.320827102230265
433,-10.125120021193132
434,-10.02980826500189
435,-8.958079892938871
436,-8.919362794506664
437,-9.361990084396773
438,-9.303454009800417
439,-9.57503856474818
440,-9.753143130880732
441,-9.774044820390936
442,-10.07702296680229
443,-9.091577486755913
444,-9.654972580044037
445,-9.76577208046926
446,-9.710599515344814
447,-10.011598590144738
448,-9.313656453479162
449,-9.87555017867399
450,-9.56671955829758
451,-9.885970127576119
452,-9.352115469624204
453,-9.434013054545721
454,-9.723619267890523
455,-9.950675167346253
456,-10.170089789540556
457,-9.299515730360847
458,-9.105973343276931
459,-9.186773488481037
460,-10.012329772374326
461,-9.666794833956917
462,-9.99366109795102
463,-9.532145632789756
464,-9.900435387500636
465,-9.496277989085387
466,-9.635744400632495
467,-9.363463232553995
468,-10.019181838467237
469,-9.692571946796171
470,-9.58767436057901
471,-9.335306519110118
472,-9.236722818280173
473,-9.836141331514565
474,-9.751097767490313
475,-9.860158583913048
476,-10.315468560005712
477,-8.54897309478736
478,-10.208988165515033
479,-10.004349286215444
480,-9.374646079332908
481,-9.717554631644862
482,-9.042661603272565
483,-9.269913764137495
484,-9.828793353894783
485,-9.950293332024073
486,-9.805240170568787
487,-10.10590852714701
488,-9.978175451731586
489,-10.125187277372977
490,-9.414167600994453
491,-9.60561736320099
492,-9.74925295198603
493,-9.621646861621313
494,-9.940414195277723
495,-9.386773021951305
496,-9.461735685193835
497,-9.763427524114256
498,-9.9809773076771
499,-9.525789009566637
500,-9.762031081686033
501,-9.763961250332828
502,-9.487691225257594
503,-9.991186276410655
504,-9.92573880337286
505,-9.291022419433636
506,-9.934942335361661
507,-8.979746506370004
508,-9.820229732051988
509,-9.876745031408838
510,-9.611650287009445
511,-9.28246898959983
512,-9.699660814661213
513,-10.162528018795316
514,-9.781210986509844
515,-9.777114620333279
516,-9.815959623436166
517,-9.99108244047433
518,-9.916993813252214
519,-9.816418352278877
520,-9.671196148099847
521,-9.714552956196837
522,-9.609016359027413
523,-10.089005886065578
524,-10.000611304592367
525,-9.989232557681175
526,-9.786747892188604
527,-9.322710986584461
528,-9.654312053825887
529,-9.855228298622594
530,-9.732984760811343
531,-10.010100803312818
532,-9.707900379104245
533,-9.873465873141377
534,-9.37970996122493
535,-10.10885481086403
536,-9.350535638692977
537,-9.691666527141184
538,-10.249729593690489
539,-9.90590228468099
540,-10.131792532993748
541,-9.012868793873263
542,-9.367653865971318
543,-9.906961481910649
544,-9.348082994589582
545,-10.165894734712406
546,-9.898611621631392
547,-9.72068036548874
548,-8.931014917317663
549,-9.631200120403498
550,-9.783353348488005
551,-10.087000517086981
552,-9.886961586415287
553,-9.831395980186457
554,-8.850855112761616
555,-9.119187697945412
556,-9.831431200690655
557,-10.157139821290402
558,-9.519789876183971
559,-9.9328920057474
560,-9.626688576381508
561,-9.801478544270676
562,-9.90529052162576
563,-9.387642735188964
564,-9.570525436288973
565,-9.588168136821238
566,-9.855821944265596
567,-10.14434605303195
568,-9.903050290602392
569,-9.388723662610962
570,-9.404953947203577
571,-9.538889989929551
572,-9.939163037607578
573,-9.074230415783717
574,-9.283889469208232
575,-9.456255496649641
576,-9.651310953526568
577,-9.752188840835966
578,-9.008594474240725
579,-9.454058420226204
580,-10.008954625871768
581,-10.0719171146419
582,-9.201991062960447
583,-9.669057259929227
584,-9.117123396442206
585,-9.317942146869132
586,-9.960164679648424
587,-10.279761687339388
588,-9.666578492507618
589,-8.69078601823467
590,-9.840916432105107
591,-9.80367686120135
592,-9.799533233909807
593,-9.981084529302722
594,-9.35803477568903
595,-9.63147932698944
596,-9.231121517986312
597,-9.7292848736978
598,-9.774657926951097
599,-9.931549525728077
600,-9.627033942728527
601,-9.955114528217317
602,-9.793015129031415
603,-9.653526765059958
604,-9.472391219186862
605,-10.060507084567831
606,-9.94315408767284
607,-9.376289396565568
608,-9.247303386348797
609,-9.139813433829122
610,-9.439584747429967
611,-9.884932210188277
612,-9.953527811373512
613,-9.866514284550325
614,-9.694806359999474
615,-9.908745905077259
616,-10.09196645835492
617,-10.121398436239057
618,-9.481686064785226
619,-9.960602816814767
620,-9.664683235647153
621,-9.869166905770753
622,-9.733200514560403
623,-9.698291160072756
624,-10.09054157170486
625,-9.520748270244145
626,-9.839396705553334
627,-8.954090380222373
628,-9.592498309427773
629,-9.54631151767556
630,-9.4033017277599
631,-9.872082139695289
632,-9.653782412022307
633,-9.89814720004532
634,-9.510152646196381
635,-10.20396483653704
636,-9.229480094101364
637,-9.911594054298718
638,-10.142528340811554
639,-10.008189938259244
640,-9.819238954638383
641,-9.733191063327055
642,-9.339511418173696
643,-9.682238437278759
644,-9.865818813208595
645,-10.096252923012669
646,-9.776951288563057
647,-9.9350213831635
648,-9.564523764173
649,-9.343785952532935
650,-9.97347888215132
651,-9.737388315337462
652,-9.435688322460988
653,-9.53278425337105
654,-9.933266538765276
655,-10.0735508969401
656,-10.000140652397027
657,-9.1209333308211
658,-9.497695914904963
659,-10.17284957572686
660,-9.51949255906625
661,-9.53492094990134
662,-9.957537539072938
663,-9.367121713528958
664,-10.093985047356002
665,-9.841533693016649
666,-10.04881893266424
667,-9.908830893344684
668,-9.679120771888249
669,-9.570745845346321
670,-9.949755868088257
671,-10.173625367450585
672,-9.941434824081878
673,-9.861027335243733
674,-9.484598930339924
675,-9.191581583426851
676,-9.499398310729383
677,-9.602443450359422
678,-9.828357680169278
679,-9.898641864244274
680,-10.184468343364273
681,-9.625431115581343
682,-9.833085180054507
683,-9.567395839720673
684,-9.836729608709877
685,-9.66190365075296
686,-9.916787197355037
687,-9.942039947883268
688,-9.725870490672603
689,-10.18246853789327
690,-9.939012410259238
691,-9.931300417738
692,-9.891925528368155
693,-9.404423792977523
694,-9.268121343726381
695,-10.055629475823855
696,-9.721440897421646
697,-9.135570019971736
698,-9.621141126218589
699,-9.658178375224123
700,-9.966783035938738
701,-10.12610739230147
702,-9.257416847479094
703,-9.25087245343612
704,-9.728811692973208
705,-9.53688193590892
706,-9.841480186303516
707,-9.726982052808117
708,-9.837409908985887
709,-9.637348353480627
710,-10.156991690485249
711,-10.26944319310865
712,-10.050449469420537
713,-10.066348901212342
714,-10.056540062797037
715,-9.687935974579384
716,-9.175889670297352
717,-9.76670548693308
718,-10.02235785798501
719,-10.207147657849363
720,-9.127851100553183
721,-9.931713414931892
722,-9.804055711575952
723,-9.852304992761514
724,-9.714095421939666
725,-9.626448596367757
726,-9.580374997366011
727,-9.265250053010725
728,-9.256918923927516
729,-9.801375363542467
730,-9.802540819831773
731,-9.845106976826457
732,-9.953300538143948
733,-10.028924398852704
734,-9.719233816749693
735,-9.717806834317603
736,-10.061817255421287
737,-9.436416120310364
738,-9.241602358899751
739,-9.998731542871347
740,-9.903507051305118
741,-9.422517173092592
742,-9.830925271475277
743,-9.96256244130324
744,-9.317790883696253
745,-9.837999406012981
746,-9.670733685510145
747,-9.67045111192824
748,-9.06551156484437
749,-10.179541149496618
750,-9.69535136192022
751,-9.683719679035027
752,-10.222041981910808
753,-9.954827259936028
754,-9.920327322905676
755,-9.246858417442784
756,-9.553227269549645
757,-9.746431052461054
758,-9.362433932332582
759,-9.377424746905344
760,-9.706896872546837
761,-9.828852572456595
762,-9.459540427709413
763,-9.713628931796027
764,-9.208655258995618
765,-9.362531672593095
766,-9.442678812133368
767,-10.202846857772712
768,-9.697974603098821
769,-9.994425790023527
770,-9.176603564553364
771,-9.637597964891349
772,-9.726318928515603
773,-9.829892096162492
774,-9.89454572827091
775,-9.68120680217054
776,-9.494173933625015
777,-9.689395230457247
778,-9.90877881963723
779,-10.16133895907001
780,-9.31198097323107
781,-9.44815389382659
782,-9.26864468888793
783,-10.145738776768548
784,-9.919855556135502
785,-9.732957762859943
786,-9.97774309923118
787,-9.81230575119465
788,-9.815836360330216
789,-9.159898817547004
790,-9.720226799095613
791,-9.612330108078552
792,-9.704875218235141
793,-9.717258038255585
794,-9.90502449960577
795,-9.355227163108195
796,-9.60278082869393
797,-9.924233755297015
798,-9.865277094884462
799,-9.863997452540133
800,-10.087427914292231
801,-9.613757991017494
802,-9.695135761662314
803,-9.826144373416767
804,-9.425487798800619
805,-9.521492054309553
806,-10.027050179524192
807,-10.241082991009986
808,-8.852681742091011
809,-9.772072517134294
810,-9.873533629125834
811,-9.751514696122527
812,-9.762421599167082
813,-9.459620859648604
814,-9.342852706310367
815,-9.299429653445957
816,-9.466685026560176
817,-9.703812740302428
818,-9.70743206734093
819,-9.372949000136435
820,-9.503394302230882
821,-9.030408070608846
822,-9.449079684151474
823,-9.75178797667717
824,-8.657241807138497
825,-10.174950689631293
826,-9.724389848487863
827,-10.067197796718778
828,-9.489953638481502
829,-9.828644203996374
830,-10.142507390379393
831,-9.563687964702613
832,-9.603368424057622
833,-9.845698070907714
834,-10.04176462808978
835,-10.159336153352642
836,-9.849376737826404
837,-9.471194066758633
838,-9.57144412725593
839,-10.035843971001308
840,-9.968558745492873
841,-9.816242017711438
842,-9.787320504260224
843,-9.891948555949348
844,-10.064100460076896
845,-9.646245611829062
846,-9.965716632168473
847,-9.069839338554283
848,-9.847807187390305
849,-9.287009054446836
850,-9.457234545921171
851,-9.673871247469188
852,-10.017661871746244
853,-9.327860112588136
854,-9.980116164416977
855,-9.268727814517039
856,-9.250664057936834
857,-9.848094310950769
858,-9.065806659721922
859,-9.862005284703207
860,-9.971549010017938
861,-9.305548093484786
862,-9.841540754018656
863,-10.166045628740592
864,-9.958389316022279
865,-9.78375905257629
866,-9.753828728108745
867,-10.02811966384113
868,-9.788919402923597
869,-9.576606359803993
870,-10.08129196932942
871,-9.301669090761145
872,-9.867907206085263
873,-9.761185714340456
874,-10.000495171708893
875,-9.638581737171037
876,-9.934145155452248
877,-9.95678431037814
878,-9.526054875108802
879,-10.041675289487179
880,-10.093900419400006
881,-9.462802393374238
882,-9.894207926447818
883,-9.691977494645801
884,-9.61829216236938
885,-9.939716109316217
886,-9.71840616443242
887,-9.777772676495283
888,-9.123683606598748
889,-10.10297238175944
890,-9.88601512552197
891,-9.533217905577654
892,-10.268767137972905
893,-10.087488374767188
894,-10.108251374320693
895,-9.50423161205244
896,-9.941583104906009
897,-10.053964886314946
898,-9.955118792123194
899,-9.365291183201641
900,-9.717897471834263
901,-9.313089469217818
902,-9.574783184033665
903,-9.038276550137722
904,-9.726077114028346
905,-9.542011161892457
906,-9.995430027411151
907,-9.230420920054476
908,-9.928984705750674
909,-9.666058170241506
910,-9.870755374456287
911,-9.897433339083594
912,-10.000424004322918
913,-10.071416694624297
914,-9.383325600678619
915,-9.636390208051283
916,-9.372732601688712
917,-9.092948789735066
918,-9.91932505522835
919,-9.96585591161882
920,-9.14225009686055
921,-10.14696462162288
922,-9.008150647663523
923,-9.69667273534975
924,-9.806420821283536
925,-8.953078834441566
926,-9.613523968930092
927,-9.506718681718988
928,-9.710265930628852
929,-9.5461256565595
930,-9.917173780306898
931,-10.024760767838886
932,-8.9316972680425
933,-9.842517113811207
934,-9.620492822228043
935,-9.793953323928884
936,-10.195043303242306
937,-8.974795534482087
938,-10.115910773878662
939,-9.942311315140259
940,-9.31446703160505
941,-9.758091916543043
942,-10.158273289517403
943,-9.595874176054684
944,-9.749214482521404
945,-9.868635260122062
946,-9.499817013772708
947,-9.40241121706036
948,-9.980320151335938
949,-10.040492836866592
950,-9.94955633388433
951,-9.672935708100656
952,-10.077195523843553
953,-9.772916041243523
954,-9.768832309360317
955,-9.8123046152213
956,-8.857096537485221
957,-9.425695843012313
958,-9.289942669638029
959,-9.427114227007925
960,-9.868859115759179
961,-9.762261703396494
962,-9.747113106007252
963,-9.74895879568312
964,-9.668855797544364
965,-10.222971707339717
966,-9.290030771264009
967,-9.720084559722986
968,-9.648910774988256
969,-9.896644784195477
970,-9.239150522924902
971,-10.016685150501473
972,-9.266435955997196
973,-9.650429579650847
974,-9.785594391046388
975,-9.858455240742794
976,-10.102867765899632
977,-9.709437813252206
978,-9.711190761438845
979,-9.878726916325
980,-9.728282539068747
981,-9.819423287743216
982,-10.08196028700763
983,-9.712237033177908
984,-9.563420231479697
985,-9.747474007398496
986,-9.39113487474502
987,-9.708645005965558
988,-9.790764258721683
989,-9.663728837806891
990,-9.884743901470118
991,-9.527888385532156
992,-9.726780569880903
993,-8.910492227465989
994,-9.508495737510195
995,-9.426894338678645
996,-9.585074894739712
997,-9.321359126952649
998,-9.899733939490677
999,-9.49965281315955
1000,-9.93027385441587
1001,-8.95829903545702
1002,-9.432882453777529
1003,-10.079977617436787
1004,-10.015882978684594
1005,-9.821391019363046
1006,-9.755357453918286
1007,-9.036667105873244
1008,-9.690727202854696
1009,-9.209375382433231
1010,-9.693802180539404
1011,-9.946982596949429
1012,-9.778947045552144
1013,-9.736053163141591
1014,-9.353347814218367
1015,-9.636335300734675
1016,-10.095163898575654
1017,-9.59629419109609
1018,-8.368667674204286
1019,-9.752224836877154
1020,-9.573194343281608
1021,-9.925963428536937
1022,-8.96851718328062
1023,-9.78670251221241
1024,-10.040095313950852
1025,-9.870080783542406
1026,-8.212944436278462
1027,-9.836452068971036
1028,-9.732589746860018
1029,-9.36954428293152
1030,-9.332840416858764
1031,-9.958187233009188
1032,-9.16352774665299
1033,-9.605466879343957
1034,-9.046031198744652
1035,-9.562564893174347
1036,-9.875552030918186
1037,-9.628192868949188
1038,-9.68139344958078
1039,-9.349435396129163
1040,-9.11121606943004
1041,-8.890251069327858
1042,-9.485677993540817
1043,-10.064861791633275
1044,-9.653220691622472
1045,-9.748902830044921
1046,-9.920014838054012
1047,-9.625122991024112
1048,-9.270571413388645
1049,-9.999347941049587
1050,-9.863360616319056
1051,-9.561332324109838
1052,-9.441982824281183
1053,-9.653810342696582
1054,-9.72241913131361
1055,-10.016798538329974
1056,-9.651791848376787
1057,-10.086467809327367
1058,-9.88053284658518
1059,-9.116669673556073
1060,-9.172702333514149
1061,-9.82898696480358
1062,-9.976376779247627
1063,-9.868965007864274
1064,-9.827222389827096
1065,-9.817856408359642
1066,-9.598502221184678
1067,-10.020118567564019
1068,-9.187030651650373
1069,-9.969255667224107
1070,-9.646595155431877
1071,-10.135652368246392
1072,-9.93376594771564
1073,-9.974340601609796
1074,-9.96960532671475
1075,-9.597331942853778
1076,-8.80154069467995
1077,-9.920223125264792
1078,-9.386170504682065
1079,-9.886286674945604
1080,-9.854462361924305
1081,-9.252061544719217
1082,-9.66524181683578
1083,-9.675441802003522
1084,-9.92274539141883
1085,-9.745505680237942
1086,-9.13006799264372
1087,-9.722818936169118
1088,-9.43841295812187
1089,-9.99610083533339
1090,-9.765412521109724
1091,-9.747873801593997
1092,-10.003410878947015
1093,-9.798972951584103
1094,-9.772608653433661
1095,-10.039277615689864
1096,-9.810376853570306
1097,-9.759150855891956
1098,-10.002355551398614
1099,-10.029791310422713
1100,-10.068591989407947
1101,-9.510892377153551
1102,-9.828995038452012
1103,-8.821890613333743
1104,-9.695897178279518
1105,-9.590854712460342
1106,-9.778631873203938
1107,-9.806548925301383
1108,-8.948794004805851
1109,-9.684833104695148
1110,-9.995779388726696
1111,-10.055570846903443
1112,-9.88654180119072
1113,-10.109323269436867
1114,-9.567664705125674
1115,-9.798345321329707
1116,-9.940770149577132
1117,-9.734444164070757
1118,-9.651825617938416
1119,-9.434886909534269
1120,-9.90288658940818
1121,-9.94337069778978
1122,-9.806396859939856
1123,-9.845523035148195
1124,-9.77935741663387
1125,-9.535621172554947
1126,-10.015785158891497
1127,-9.33586697909943
1128,-9.678894104838864
1129,-9.946980626031143
1130,-9.705209915358168
1131,-9.741463375275623
1132,-9.443738112521654
1133,-9.965209449826096
1134,-9.693305595115817
1135,-9.744927754682397
1136,-10.245403924553253
1137,-9.4408968131144
1138,-10.024547225414217
1139,-9.891856760446249
1140,-9.525305856212011
1141,-9.781270058220665
1142,-9.676558355345213
1143,-9.600932963060679
1144,-9.871109659924826
1145,-9.867729352153546
1146,-9.892581753253266
1147,-10.02074601694044
1148,-9.659923178418143
1149,-9.838464850465328
1150,-9.864957166554083
1151,-9.167915527021801
1152,-9.850717902479644
1153,-9.848017265038337
1154,-9.52708087581257
1155,-9.696374774262534
1156,-9.469006738637503
1157,-10.079709616346769
1158,-10.135537200824547
1159,-9.767675917982652
1160,-9.348642911951556
1161,-9.715879602938985
1162,-9.98439173790682
1163,-9.915788304299996
1164,-9.807131150064976
1165,-9.568719068017213
1166,-10.163774750630818
1167,-10.09214271753276
1168,-9.769856544103801
1169,-9.795357263116133
1170,-9.364578832881637
1171,-10.071214953753023
1172,-9.852071616654671
1173,-10.187059144705158
1174,-10.164976220921174
1175,-9.529192230479852
1176,-9.932920348838348
1177,-9.136127214224594
1178,-10.116372321611404
1179,-9.896289881321543
1180,-9.237758604813493
1181,-9.713833402605301
1182,-9.813473995904783
1183,-9.363453511509274
1184,-9.779285487421118
1185,-10.006229652679352
1186,-9.418376196800017
1187,-9.45446882289872
1188,-10.205615983418072
1189,-9.985472071558801
1190,-10.010583230585556
1191,-9.676390731956463
1192,-10.256294477117576
1193,-9.630485098870562
1194,-9.275430252382145
1195,-9.53750934035242
1196,-9.970945106548683
1197,-9.868805904133463
1198,-9.939559569901062
1199,-9.213903044296694
1200,-9.485327518307876
1201,-9.204665899817124
1202,-10.164164897938146
1203,-9.856947742588732
1204,-9.93971490839256
1205,-9.936861889561634
1206,-9.570601944216444
1207,-10.079370596960382
1208,-9.913630115438359
1209,-9.951789596351443
1210,-9.831165605735775
1211,-9.957206534188279
1212,-9.684414391120576
1213,-9.635409056876963
1214,-9.776723684779839
1215,-9.570151792369161
1216,-9.84791694891784
1217,-9.907722736093003
1218,-9.211700128882834
1219,-9.784749028634023
1220,-9.98205000127639
1221,-9.701860415489977
1222,-9.591699874176292
1223,-9.896072726197671
1224,-9.877023374339316
1225,-9.73573617971032
1226,-8.698250020907121
1227,-9.509179971351584
1228,-9.395423320819116
1229,-9.736670842160859
1230,-9.631663466660306
1231,-10.297340520282301
1232,-9.945590315933014
1233,-9.277273170813947
1234,-9.816940123824196
1235,-9.553335655961394
1236,-9.5226123970575
1237,-9.681225657458704
1238,-9.910091980068806
1239,-9.776557241786614
1240,-9.247533984524637
1241,-9.44334355561027
1242,-9.928240366859118
1243,-9.746868345889581
1244,-9.1977361050687
1245,-10.091130480221457
1246,-9.81015905589211
1247,-9.606374077075143
1248,-8.870434553182562
1249,-10.174282945998893
1250,-8.817170354100574
1251,-9.898495065036533
1252,-9.872519678792504
1253,-9.219684268707123
1254,-10.047978787796273
1255,-9.4084925717348
1256,-9.381096387818411
1257,-9.26592259137375
1258,-9.80083357550309
1259,-9.3136750864623
1260,-9.283757258798971
1261,-8.905456057041066
1262,-9.546417542675485
1263,-10.193806405479645
1264,-9.915354444347457
1265,-9.424210857728712
1266,-9.941358290762741
1267,-10.09970509949436
1268,-9.669951237280056
1269,-9.354680798997004
1270,-9.74389357908592
1271,-9.319683854053222
1272,-10.057721629551065
1273,-9.15122895835548
1274,-9.348274700422966
1275,-10.01993585937899
1276,-9.714148019831711
1277,-9.606400838116148
1278,-9.406953210765648
1279,-9.498000066738744
1280,-9.556955625514314
1281,-9.772459813013533
1282,-10.127451735782762
1283,-9.741732194143292
1284,-9.661079173382527
1285,-10.242936577710779
1286,-10.17129819370807
1287,-10.086224490445195
1288,-9.810852480691661
1289,-9.407106797732137
1290,-9.649631793739102
1291,-9.571184072389789
1292,-8.623291098750085
1293,-9.889124152063074
1294,-9.560501654774852
1295,-9.540852374703972
1296,-10.13975309789499
1297,-9.684990470643175
1298,-8.673763220170088
1299,-9.93758559591454
1300,-10.023322863281138
1301,-10.196300739152417
1302,-9.868537195274968
1303,-9.702402916572533
1304,-9.854003639177268
1305,-9.908853228847596
1306,-9.604578176463134
1307,-9.999659738824462
1308,-8.926271705430935
1309,-9.72954266223739
1310,-9.926643822266957
1311,-9.964425956264614
1312,-9.579370794665037
1313,-9.936293223192102
1314,-9.534739827863408
1315,-9.354508206886859
1316,-9.059428165367251
1317,-10.143135911891026
1318,-9.725557657459
1319,-10.077018763289749
1320,-9.19464908957594
1321,-10.024495504035078
1322,-9.7052688464571
1323,-9.887767822582342
1324,-9.59833637607721
1325,-9.432111384049248
1326,-9.998852148583234
1327,-9.343424643843283
1328,-9.790651793259283
1329,-9.64333806357212
1330,-9.88102780996296
1331,-10.166891101736944
1332,-9.644648664855364
1333,-9.305279631359294
1334,-9.921271509012328
1335,-9.948617227238094
1336,-9.28945627336316
1337,-9.878044029180987
1338,-9.539623230203668
1339,-10.213846281716922
1340,-9.819384634482235
1341,-9.545905433213614
1342,-9.242754883321147
1343,-10.032373095975217
1344,-9.181340347370336
1345,-9.635106836945305
1346,-9.642736550797544
1347,-9.18117292094458
1348,-9.394330786333688
1349,-8.980095266794862
1350,-9.40189025245119
1351,-9.368548663377613
1352,-9.572435518895666
1353,-9.40435738809457
1354,-9.898628877687672
1355,-9.590992094617118
1356,-9.671964958361167
1357,-10.14091127089843
1358,-9.821710251700567
1359,-10.216637198721656
1360,-9.239423124777923
1361,-9.593033779096695
1362,-9.382511816675958
1363,-9.58432675829943
1364,-9.360521361342887
1365,-9.991220109819476
1366,-9.97695420855098
1367,-9.253257006554195
1368,-10.142489471635292
1369,-9.696955062810014
1370,-9.653295495534065
1371,-9.98984610074857
1372,-9.725860613907637
1373,-9.937991249992685
1374,-9.31177030879757
1375,-9.743045585786362
1376,-10.252588040437855
1377,-9.398574746460591
1378,-9.353590209114074
1379,-9.83809489536332
1380,-9.1794893994101
1381,-9.422546061453184
1382,-10.029859455573161
1383,-9.742310153826221
1384,-9.73474870054923
1385,-9.386528377491052
1386,-9.346090769324721
1387,-10.024689781182
1388,-10.082632679756372
1389,-9.806780611618636
1390,-9.690884265310915
1391,-9.210057214523095
1392,-9.734691784927033
1393,-9.403613127888061
1394,-9.854301421040631
1395,-9.774475664942047
1396,-9.165347331637435
1397,-10.246419331201887
1398,-9.140266318416128
1399,-9.547355778546406
1400,-9.911274881399057
1401,-9.333832949083297
1402,-9.888037529087242
1403,-8.828081188254139
1404,-9.68079740081714
1405,-10.086751927512406
1406,-9.974646503600844
1407,-9.378413497588099
1408,-9.866465092280423
1409,-9.930754059270274
1410,-9.339284628903195
1411,-9.117621074278793
1412,-10.0596321746975
1413,-10.003045259923383
1414,-9.478828558870742
1415,-9.95529757523592
1416,-9.57841725798574
1417,-9.892246219664184
1418,-9.450875310544335
1419,-10.13323316853114
1420,-9.86730216111173
1421,-9.720980659754098
1422,-9.854920024398707
1423,-9.47746975480971
1424,-9.875428776174598
1425,-9.941757811353805
1426,-9.291977663080651
1427,-10.055619181765193
1428,-9.263790529323142
1429,-9.34493193113015
1430,-9.495386726574926
1431,-9.891871140367444
1432,-10.121320077193904
1433,-9.888147686439778
1434,-9.911326955627363
1435,-9.332355604309182
1436,-9.561448796244509
1437,-9.564547889193397
1438,-9.933825448037018
1439,-9.801620159728543
1440,-10.19748979962912
1441,-10.110002920607648
1442,-9.811879987345794
1443,-10.06971429783368
1444,-9.68716100791468
1445,-8.90597608486226
1446,-10.0340658117623
1447,-10.143519051378043
1448,-9.894347675326033
1449,-9.816115951343765
1450,-9.64417672968253
1451,-9.692326798704519
1452,-9.353328950896726
1453,-9.751658682372923
1454,-9.66695264223485
1455,-9.940326215585614
1456,-9.353623132916036
1457,-9.246155173034628
1458,-9.439260956368836
1459,-9.888448092878804
1460,-10.048775045047329
1461,-9.198900060079882
1462,-9.659938680695346
1463,-9.594509144290189
1464,-9.485190439206246
1465,-9.267335502763023
1466,-10.185953170011054
1467,-9.745770352826417
1468,-9.551292802726357
1469,-9.677556659635872
1470,-8.88838987576836
1471,-9.818487604385492
1472,-9.703909804260462
1473,-9.628605788640026
1474,-9.576022760379587
1475,-9.815520506734536
1476,-9.853992089244699
1477,-10.204252776996416
1478,-9.286772363970886
1479,-10.083922063799893
1480,-9.862129288268989
1481,-9.268666174898039
1482,-9.967134254595956
1483,-9.960611592229533
1484,-9.319755246192845
1485,-9.772167654467447
1486,-9.708150028424736
1487,-9.444683380478908
1488,-9.979610393451132
1489,-9.990895263155902
1490,-8.96976406143033
1491,-9.47328756571562
1492,-9.974805534653775
1493,-9.884565091368254
1494,-9.476977409052266
1495,-10.006514453996733
1496,-9.933400146887852
1497,-9.674059215913653
1498,-9.542063501525426
1499,-10.161585139272368
1500,-9.602652077450905
1501,-9.984482305396105
1502,-9.49102742273334
1503,-10.024140674265752
1504,-9.245801090932606
1505,-9.998136262518873
1506,-10.129629230441397
1507,-9.597846850182188
1508,-9.578656212036275
1509,-9.67442319811676
1510,-9.622133254260683
1511,-9.406966220713793
1512,-9.759777417597222
1513,-10.169004165287006
1514,-9.94931138545907
1515,-9.656998264721784
1516,-9.68231683199855
1517,-9.663148152547528
1518,-10.101432442391896
1519,-9.916930557264408
1520,-9.712643153959744
1521,-9.422610970922225
1522,-9.94026889564206
1523,-9.942116202678722
1524,-10.048607902620109
1525,-9.135463175874552
1526,-9.550942943975016
1527,-9.586188068055359
1528,-9.31165206466722
1529,-9.842273701017335
1530,-9.635304703164481
1531,-9.507539858983627
1532,-8.998690629365996
1533,-10.050625281777883
1534,-9.804903869266065
1535,-9.751288418651422
1536,-9.380284237051322
1537,-9.60291565474153
1538,-9.460176019708166
1539,-9.694302294050905
1540,-10.029185068580745
1541,-9.762225356669184
1542,-9.745210563725673
1543,-9.860681498472012
1544,-10.139993303020255
1545,-9.90925756733336
1546,-9.730855246042175
1547,-9.894010061096289
1548,-10.092093786410436
1549,-9.56575131007456
1550,-9.89116114807796
1551,-10.076229879057687
1552,-9.828802842825919
1553,-9.346433338881397
1554,-9.528767889342008
1555,-9.869069051516012
1556,-9.649221284695892
1557,-9.161253850872864
1558,-9.670536014932157
1559,-8.98263575837592
1560,-9.385734048388409
1561,-9.189654746152417
1562,-9.345295505053974
1563,-10.071894284289037
1564,-9.08541339407568
1565,-9.89565927324986
1566,-10.123272745553082
1567,-10.008032882908283
1568,-9.236331314696901
1569,-9.741723412389671
1570,-9.422158950215085
1571,-9.985295717125396
1572,-9.573655579763248
1573,-9.78226925229252
1574,-10.125840151740302
1575,-9.258867528805359
1576,-9.958476862175118
1577,-10.025338802557908
1578,-9.531383235328851
1579,-9.708008231801724
1580,-9.455029628777961
1581,-9.519288193756386
1582,-9.601711208389162
1583,-9.718864956029616
1584,-9.77786421468386
1585,-9.520512422601064
1586,-9.8936501837783
1587,-10.01259317977311
1588,-9.611714659686172
1589,-9.182111814144637
1590,-9.869954933200876
1591,-10.037883764141203
1592,-9.728331350200069
1593,-9.923070878073824
1594,-9.771796255519037
1595,-9.964370873302505
1596,-9.389629775449096
1597,-9.453790457357943
1598,-10.003931098547614
1599,-9.8750507021952
1600,-9.59487937115249
1601,-10.07207460409324
1602,-10.220901735893406
1603,-10.041873237008783
1604,-9.889207171074524
1605,-9.80917976516942
1606,-9.640230690939292
1607,-9.725261195801812
1608,-9.453294142524943
1609,-9.211438049969699
1610,-9.302668246966203
1611,-9.941947336922414
1612,-9.745130036937816
1613,-9.694915586376489
1614,-10.089182448235977
1615,-9.687903745681623
1616,-9.818851374215642
1617,-10.012165983712473
1618,-9.559695497056515
1619,-9.609809123989958
1620,-10.055639992480069
1621,-10.080484101813534
1622,-9.383814661640423
1623,-9.757854605837073
1624,-9.456954778174307
1625,-9.921843479116392
1626,-9.797881391504763
1627,-9.50854297980016
1628,-10.107425106814828
1629,-10.123629488661884
1630,-9.217568875685334
1631,-9.840170526338332
1632,-9.306474763808117
1633,-9.619564417117283
1634,-9.867508380319464
1635,-9.600702691685962
1636,-9.902861688435006
1637,-10.030968568619627
1638,-9.289220861466783
1639,-10.15576633561119
1640,-9.591637273968672
1641,-9.589349578696188
1642,-9.922741044913883
1643,-9.823005141937855
1644,-9.083838640422288
1645,-9.765328318243236
1646,-9.480419144624868
1647,-10.046906394974659
1648,-9.670438094169977
1649,-9.89156570025012
1650,-9.872911933722811
1651,-10.114006995548124
1652,-9.823680225467044
1653,-9.06621913992618
1654,-9.748038400783976
1655,-9.918767286851516
1656,-10.076246031980997
1657,-9.802250999516238
1658,-10.027036915924727
1659,-9.855337293303233
1660,-9.966323432897196
1661,-9.952922794807396
1662,-9.96612415798498
1663,-9.835988421374127
1664,-9.44653620823066
1665,-9.665588118145651
1666,-9.424240629213694
1667,-9.933325270162081
1668,-9.642727393929516
1669,-9.691002377443393
1670,-9.931718230665062
1671,-9.854059791818214
1672,-9.72478368881777
1673,-9.856037703919881
1674,-10.097471723369472
1675,-10.100764557171805
1676,-9.853842747132036
1677,-9.587382098220806
1678,-9.117031711373187
1679,-9.526473314221503
1680,-9.05890582709119
1681,-10.019386362063416
1682,-9.413155687038332
1683,-10.312552906929538
1684,-9.899433499664458
1685,-10.036169379077897
1686,-9.425351474870311
1687,-9.681116388925178
1688,-9.696700427357714
1689,-10.080909970779796
1690,-10.313302115906783
1691,-9.6844794986021
1692,-10.146272014765588
1693,-10.071882866802351
1694,-9.400237568847851
1695,-9.840958444777034
1696,-9.937312690828968
1697,-9.531946113105393
1698,-9.898844943162404
1699,-8.861247647137533
1700,-9.293207506548438
1701,-9.916551099117502
1702,-10.029465439603113
1703,-10.001216976842775
1704,-9.646603006366103
1705,-10.027890279220157
1706,-9.018143231662519
1707,-9.143875003001217
1708,-9.213042587572268
1709,-9.893867045810042
1710,-10.024399594805539
1711,-9.554727542520348
1712,-10.062034068820807
1713,-9.582409453832751
1714,-9.823835821191537
1715,-9.788687679158953
1716,-9.391762272724359
1717,-9.868852442698783
1718,-9.768697995209893
1719,-10.065295022008897
1720,-9.355379471477324
1721,-9.186360261216072
1722,-9.863515686956834
1723,-9.809046756051842
1724,-10.118957101383947
1725,-9.484357120157336
1726,-9.951082810620665
1727,-9.473298278096149
1728,-9.898856077072487
1729,-9.785946708806648
1730,-9.83845634715739
1731,-9.275204736789677
1732,-10.181628590685008
1733,-9.443829735168741
1734,-9.74130373094376
1735,-9.58880030726453
1736,-9.744795271407762
1737,-9.560963749615008
1738,-9.828364911135322
1739,-9.945720659457619
1740,-9.848543964508044
1741,-9.186326386583236
1742,-9.738286163626356
1743,-9.533078344597332
1744,-9.44441733577626
1745,-9.957128915413488
1746,-9.473685338233297
1747,-9.607479681596649
1748,-9.39281113900092
1749,-10.048650365379704
1750,-9.706008645391307
1751,-9.412829496195203
1752,-9.792024412805317
1753,-9.974719636866961
1754,-10.07487124347622
1755,-9.481964904197856
1756,-9.803461323303317
1757,-10.240190659764423
1758,-9.882287993985749
1759,-9.137437373832254
1760,-9.604663632849334
1761,-9.70743193436402
1762,-9.580248952990287
1763,-9.492544417811432
1764,-9.412447003592813
1765,-9.8689526252595
1766,-9.736373264300461
1767,-9.52736002853365
1768,-9.703989092502644
1769,-9.768966649822609
1770,-10.174980461749461
1771,-9.777370620146439
1772,-9.62870936185982
1773,-10.023049632059124
1774,-10.216749239789053
1775,-9.681781581906463
1776,-10.04084110960627
1777,-9.580149935796118
1778,-9.530267339579297
1779,-9.133998657575088
1780,-9.420556436285425
1781,-9.454554989591141
1782,-8.641717193155609
1783,-9.314657028714807
1784,-9.859961596231328
1785,-9.543948935374178
1786,-9.68164667925209
1787,-9.034932654584523
1788,-9.546637620462004
1789,-9.148326902546492
1790,-9.419716548683033
1791,-9.697135370205757
1792,-10.072646137575342
1793,-9.590600630023472
1794,-9.527663888164577
1795,-8.939760344282814
1796,-10.115708005990948
1797,-10.125199545896649
1798,-8.801066327089382
1799,-9.358862193346043
1800,-9.833454350107782
1801,-9.468577988116882
1802,-9.872177746584093
1803,-9.63314149622885
1804,-9.880599455248593
1805,-9.472471659985091
1806,-9.971051194118141
1807,-9.589480585749174
1808,-10.200590083276321
1809,-9.69707428679357
1810,-9.907559353604189
1811,-10.301839760590802
1812,-9.885043555512487
1813,-10.12338980210664
1814,-9.34551768989166
1815,-9.71783381378772
1816,-9.73764894428047
1817,-9.501938489849994
1818,-9.886143286279422
1819,-9.811095867230405
1820,-9.52924893487113
1821,-9.512054158716566
1822,-9.55916287286515
1823,-9.395177585582024
1824,-9.293116545479744
1825,-9.75578032870441
1826,-9.819533289361164
1827,-10.057038407138377
1828,-9.728484184799855
1829,-9.858748120655406
1830,-9.970132985646961
1831,-9.765638352364883
1832,-9.660447587003878
1833,-9.775289549360144
1834,-9.62429976468404
1835,-9.581856212486183
1836,-9.876362278934515
1837,-9.467784283542725
1838,-10.085747137996494
1839,-9.895059733886272
1840,-9.941892078425155
1841,-9.21304981887508
1842,-9.818596327745148
1843,-9.774304034913797
1844,-9.359920814381262
1845,-9.88280104269974
1846,-9.643180160632683
1847,-9.601388675812043
1848,-9.474980357005336
1849,-9.521901013468012
1850,-9.59835418509761
1851,-9.890301417931498
1852,-9.566225198218275
1853,-9.682481955528882
1854,-9.416216699915221
1855,-9.336811752023928
1856,-10.030610460640496
1857,-9.825509382368717
1858,-9.838893499689236
1859,-9.445734949176817
1860,-9.286883826200514
1861,-9.924680262934748
1862,-9.761231768231422
1863,-9.499280312263524
1864,-9.935562868640737
1865,-10.078594064755713
1866,-9.489055461464776
1867,-10.00498310119189
1868,-9.831573139050876
1869,-9.794556881184004
1870,-9.76503811484184
1871,-9.730090516717306
1872,-9.25379075165172
1873,-9.848643736797618
1874,-9.332952149028603
1875,-9.83204290529374
1876,-9.799929586088671
1877,-9.804595538538589
1878,-9.297329505686918
1879,-9.541758773578994
1880,-9.832682631347591
1881,-9.7721302537515
1882,-9.955907011120749
1883,-9.984737819247966
1884,-9.814235294253098
1885,-9.221041615918947
1886,-9.296650295399816
1887,-9.521564532181063
1888,-10.104092273627368
1889,-10.02815819644432
1890,-9.977776920864436
1891,-9.002581300622275
1892,-9.756646534108388
1893,-9.822278535275931
1894,-9.775407761945761
1895,-9.777740133404748
1896,-9.112929772344
1897,-9.972302759959833
1898,-9.661999008267314
1899,-10.111028996525711
1900,-9.491699975416418
1901,-9.852975291268775
1902,-9.093095394019144
1903,-8.871493409736162
1904,-9.413885519255118
1905,-9.72188658926635
1906,-9.760920094051484
1907,-10.11307899477116
1908,-9.884081426939114
1909,-9.410787319236777
1910,-10.075415071421276
1911,-9.604058154860573
1912,-9.595158397889444
1913,-9.443786516262806
1914,-9.404355222254813
1915,-9.92730024900536
1916,-9.55365273252784
1917,-9.376019089172264
1918,-9.740853439168706
1919,-9.845908362304494
1920,-9.922636291930793
1921,-9.474124670255684
1922,-9.02717620442174
1923,-9.627093981535
1924,-9.621860567454243
1925,-10.111071776180204
1926,-9.873793591348011
1927,-10.150677459686564
1928,-10.177004188906608
1929,-10.225218249974212
1930,-9.389029199316546
1931,-9.766491811962538
1932,-9.591431230189928
1933,-10.064962136670381
1934,-9.757984389139796
1935,-9.732396398641203
1936,-9.451955028318404
1937,-9.802119440851627
1938,-9.460069122897131
1939,-9.546663771758416
1940,-9.631890630604113
1941,-10.153282619426856
1942,-10.040539353367134
1943,-10.061392403312857
1944,-9.803090150264131
1945,-9.90627807956343
1946,-9.825994226556967
1947,-9.369185350786813
1948,-9.852692590364468
1949,-10.048977253543873
1950,-9.510188540657632
1951,-9.469916624124801
1952,-10.097412256475822
1953,-9.854388104175175
1954,-9.869468201153412
1955,-9.683295346634683
1956,-9.646526533086432
1957,-9.878838002520377
1958,-9.440003846309443
1959,-9.699341154967717
1960,-9.635689073636968
1961,-9.821033410695051
1962,-9.642365170724164
1963,-10.086030555858176
1964,-9.917036307600997
1965,-9.968918662819359
1966,-9.117743621796864
1967,-9.656836648711128
1968,-9.763207344473901
1969,-9.66987474180541
1970,-10.015759477885926
1971,-10.064446182295546
1972,-9.885218031603351
1973,-9.672411524662962
1974,-10.149436607298476
1975,-10.04319020871714
1976,-9.413646550174104
1977,-9.884786499685664
1978,-10.013286493518446
1979,-9.573181359790256
1980,-9.447371879321414
1981,-10.204111422991689
1982,-10.061134432291679
1983,-9.010374513424248
1984,-9.414031910963944
1985,-8.716399925659786
1986,-9.729446418731207
1987,-9.748951010011153
1988,-10.02269807221724
1989,-10.25745595955125
1990,-10.016494073962622
1991,-9.378413821242553
1992,-9.605894248680805
1993,-9.3406636468669
1994,-8.152458127059255
1995,-9.551411264184168
1996,-9.483593161397684
1997,-9.779836891067418
1998,-9.392217837907275
1999,-9.7667788987822
