,value_per_image
0,0.656241264058218
1,0.5553366356885526
2,0.7335452967989973
3,0.5515721915548126
4,0.5126502569124696
5,0.6445181792794631
6,0.7835177112684821
7,0.698747108654799
8,0.6842330185316676
9,0.5655915572969996
10,0.5204348495145801
11,0.5960300094746993
12,0.7843431167740011
13,0.7446731471217074
14,0.5997724178122826
15,0.6871217333690707
16,0.5552879676763366
17,0.7136205570319994
18,0.7132970774920131
19,0.5993374377385506
20,0.7137989069768431
21,0.7657719120843448
22,0.6879753892159044
23,0.6300692556669875
24,0.7359660619433961
25,0.7542284916556101
26,0.401561366093399
27,0.7986562401274595
28,0.6038909703053237
29,0.5645410072853878
30,0.7064228005557273
31,0.7538039303313624
32,0.8928599111331883
33,0.6975113977623916
34,0.8216673011769211
35,0.8646307477612811
36,0.7455968116978672
37,0.8240393620229981
38,0.7940840983528418
39,0.6093644536969092
40,0.8274771183286622
41,0.7957085160390511
42,0.6210393619888582
43,0.7787970336590342
44,0.5076613698977415
45,0.8543368928778959
46,0.8617272355058931
47,0.701697953452722
48,0.2549281144808909
49,0.34870507184476196
50,0.30038434722276475
51,0.5073800306108598
52,0.4631969726781268
53,0.4519919205200055
54,0.43248991866613495
55,0.3917980350455232
56,0.4773834339527345
57,0.29988781668616177
58,0.3089776558034309
59,0.7646954924258659
60,0.4639105997895734
61,0.1410894736086065
62,0.4069809751429936
63,0.37245086412619743
64,0.4347118032683154
65,0.5360593388459088
66,0.4359362361576337
67,0.4189839299075611
68,0.4416711359224073
69,0.6451314309718842
70,0.4713858641337095
71,0.4721989974080113
72,0.5378133067559361
73,0.5525634790191302
74,0.35589376364964365
75,0.5468152276516697
76,0.6069711108384304
77,0.21260994830741836
78,0.4695840139411343
79,0.4489277604742461
80,0.6159580904119583
81,0.7457888025760102
82,0.8172620380259691
83,0.5775658582904009
84,0.5696762674931692
85,0.7592887948255839
86,0.8182571973402899
87,0.6786671725706377
88,0.7448903589307644
89,0.5902629424785188
90,0.7074933978865391
91,0.7635186940978099
92,0.7850956954562452
93,0.6456858365222041
94,0.795139709127619
95,0.6479630965017374
96,0.4357967530425555
97,0.304222546008174
98,0.5686674005511791
99,0.6470638009184236
100,0.658713070298895
101,0.4703002250593605
102,0.674705498162709
103,0.5165275846501244
104,0.5270960990806037
105,0.3448601411735739
106,0.6410395964576188
107,0.5086399412034353
108,0.5476902792912265
109,0.490922583550281
110,0.5625788110523127
111,0.4311456853640057
112,0.17613868438011307
113,0.4125022850589497
114,0.6401821123003196
115,0.4338077302428491
116,0.3626189489683141
117,0.3443635465363813
118,0.24870275607301398
119,0.4216652255844847
120,0.3361967531945991
121,0.18931883120400608
122,0.3743072545507565
123,0.23852139520110816
124,0.2696013217614914
125,0.16278073073570315
126,0.16096400246404216
127,0.4060575818846613
128,0.7428681264552185
129,0.6086246918469967
130,0.6164876542182853
131,0.4326511251555824
132,0.7300530468406464
133,0.5397298752021535
134,0.6003086482724727
135,0.5329642675252872
136,0.541752798083367
137,0.6462223109915237
138,0.4313113922429603
139,0.3809238515881061
140,0.6251933467860618
141,0.5300748468673524
142,0.6041212100452096
143,0.6732862480494138
144,0.7478707857296046
145,0.82051080185248
146,0.6413450756186546
147,0.7796916095538814
148,0.8055216415178789
149,0.5899188524271379
150,0.7535555018998091
151,0.6310847082855661
152,0.8076174350711113
153,0.636595676236266
154,0.7366766714663032
155,0.6746621660107607
156,0.6067973375216109
157,0.8730725767660811
158,0.7539756702946397
159,0.6008270137576794
160,0.5536145604218667
161,0.6027102078364236
162,0.6800690455633365
163,0.7905470716174657
164,0.6779219640323472
165,0.5726794175502192
166,0.4048238055176385
167,0.5115122671816955
168,0.7031891983073707
169,0.7518683292128358
170,0.6725979594030014
171,0.8257336349322878
172,0.5301199080028978
173,0.7968890606449093
174,0.6971752475240621
175,0.6551714977141464
176,0.24667195166978714
177,0.4102965655021009
178,0.35133515778175883
179,0.35736945164396405
180,0.38337088930339824
181,0.3003693450216756
182,0.3657759819644228
183,0.2110304617666217
184,0.2439023646804489
185,0.2749873410423869
186,0.4335396259345834
187,0.15367044137306482
188,0.3670298155377314
189,0.4195133772435122
190,0.1497613787127831
191,0.4978541991224734
192,0.1983153675969739
193,0.3458959284790405
194,0.1768107936429838
195,0.28708594704612284
196,0.32487188831733005
197,0.4973484566513648
198,0.3191298317225813
199,0.3151830542532537
200,0.3789960569986665
201,0.25735487542034396
202,0.3120346753149467
203,0.35476145431540795
204,0.4359339948742839
205,0.2820554829482342
206,0.4696823134532732
207,0.4825735456547452
208,0.8710313293415343
209,0.5702261438872344
210,0.6091622195888414
211,0.7483677654094045
212,0.7489888483061065
213,0.5769917697383468
214,0.62263377331994
215,0.7081149041529048
216,0.8436598148999614
217,0.5678933139703222
218,0.7558468615032086
219,0.773468040509804
220,0.6978762936938754
221,0.6235586098165661
222,0.6814381505763658
223,0.6891377167640714
224,0.4656058724610239
225,0.5129804397369857
226,0.6106444121849847
227,0.3163053511266569
228,0.6430804502149906
229,0.3304833431183536
230,0.592504658192123
231,0.7010595243157608
232,0.4242407787256893
233,0.2890088017586229
234,0.5967965440056477
235,0.29994072727177745
236,0.2062815723645016
237,0.4844296006168758
238,0.5807939789967388
239,0.4774894824139039
240,0.4022926805323357
241,0.4788228062711224
242,0.763843875537124
243,0.6619632723855027
244,0.5736273014700779
245,0.5098116898721722
246,0.7709803154944237
247,0.4211902339070833
248,0.5511134133662046
249,0.7032074541483169
250,0.7469241520920803
251,0.3410953329214236
252,0.44877321428666384
253,0.6813249194508579
254,0.4208066971870115
255,0.6814368085502814
256,0.6362981260683628
257,0.5963190802724396
258,0.5871270865794027
259,0.4658387336851659
260,0.6802045327641526
261,0.5628369081084418
262,0.4936074662250065
263,0.4780911914974552
264,0.6723513575668398
265,0.4969041592509626
266,0.42451440456876705
267,0.5693163016333935
268,0.7286900400460503
269,0.5276730844701993
270,0.258010853151155
271,0.39427534996411057
272,0.529591766166864
273,0.7639362444113944
274,0.6055025134580898
275,0.5445263959463141
276,0.4659967947717127
277,0.6439438224014044
278,0.4272681818051698
279,0.3168860670806941
280,0.3563763610164002
281,0.7551215089697191
282,0.6141791530629928
283,0.5044273912980529
284,0.4641552608697613
285,0.5844690339706751
286,0.6873910071738301
287,0.3861062809887873
288,0.4827430635865184
289,0.6803009828836623
290,0.6342394600492598
291,0.5577530793090868
292,0.4632486341906147
293,0.5374273518627208
294,0.409895319791961
295,0.6106183442963781
296,0.7163195358783464
297,0.5782285870948927
298,0.2708767266713216
299,0.7959669529582157
300,0.3733208657405901
301,0.4769960301507392
302,0.7330691291750344
303,0.6293725835813965
304,0.3942562096300789
305,0.3965756719567248
306,0.2806416718201405
307,0.14044287978480846
308,0.5166194981372829
309,0.2952569244173295
310,0.34326841436082955
311,0.3621853150241708
312,0.24300699928322114
313,0.3801728622108336
314,0.3982441084101894
315,0.6046472855609334
316,0.3353346781409573
317,0.5770876877344009
318,0.4844193064651808
319,0.5044332863876954
320,0.4821933177725084
321,0.664634113813193
322,0.6551744147712684
323,0.5596561679906529
324,0.8581693897452609
325,0.603873972866895
326,0.5194786230202052
327,0.7969026178477983
328,0.5559225995523511
329,0.7932025478262872
330,0.6406770791525037
331,0.6519375666921771
332,0.5764184264504407
333,0.4900734792681972
334,0.5096188849430381
335,0.7315582625322505
336,0.7166523043945051
337,0.7175937998890918
338,0.5326653593331777
339,0.6320547278670038
340,0.6440649806796385
341,0.7153452276057852
342,0.7784741008575157
343,0.7617166093828887
344,0.6693258878041689
345,0.6526874894948068
346,0.4852118736113302
347,0.6716452191556525
348,0.6299179108813869
349,0.6172950071296607
350,0.8043225464727214
351,0.7002741176932121
352,0.3380004490479361
353,0.6809291678405252
354,0.33453494879931883
355,0.3463329380135783
356,0.5639271175307095
357,0.2714899530414262
358,0.4992150415938169
359,0.5078251647970307
360,0.4467537667253101
361,0.5249200939827331
362,0.643532462332094
363,0.6486607150969838
364,0.5902144879805514
365,0.3689728289678135
366,0.3726668387405849
367,0.4072251792462498
368,0.4920522798373271
369,0.4251342409158852
370,0.4249926841040457
371,0.27540941794659723
372,0.6991058848549526
373,0.5161302897794877
374,0.4308942064132786
375,0.3580261462111769
376,0.6864320985288266
377,0.37607774921266507
378,0.34566979015203203
379,0.5680227252801521
380,0.6245581035138971
381,0.5714124817566013
382,0.5202030469463514
383,0.4514912297566883
384,0.7355531832212551
385,0.8093138425323414
386,0.7026978150640983
387,0.572998482631718
388,0.7475192646383504
389,0.8179783366672518
390,0.5558983471743556
391,0.712714202702491
392,0.5986509131384059
393,0.672544799909554
394,0.7283402597754715
395,0.3329656990831517
396,0.6469878725462124
397,0.6403309274281811
398,0.7372803133130311
399,0.4939308309574601
400,0.40883830126617404
401,0.3559031165944691
402,0.4097582547093961
403,0.5638070218130974
404,0.6025617115163274
405,0.5121492370855232
406,0.4214734052318439
407,0.6925603685692661
408,0.5663690196307753
409,0.5076253304638537
410,0.37194273274774575
411,0.3608353935708551
412,0.4832373274407074
413,0.6828749150354271
414,0.5071588739343235
415,0.7572158890691373
416,0.6350693920340061
417,0.7462320897671401
418,0.5195830345346867
419,0.4992069796937688
420,0.4835804592497317
421,0.4594873948580181
422,0.6810113027166127
423,0.6674315206891739
424,0.4527231717291007
425,0.4979342285513236
426,0.4177267890890218
427,0.5742525381630686
428,0.6845097471953763
429,0.6742970135555604
430,0.5245704174077761
431,0.5665809378867721
432,0.6808592551387661
433,0.6843293129716151
434,0.7233777837065591
435,0.5910596269267877
436,0.590068854223108
437,0.8286119339015288
438,0.680430390863916
439,0.6421125154778174
440,0.7554706576563015
441,0.5663397989215213
442,0.3579260251109275
443,0.5936852383405231
444,0.7120111268343216
445,0.5705760541688506
446,0.6037227251096366
447,0.6204292822301756
448,0.6576308887750351
449,0.6514110916453941
450,0.5567590877855928
451,0.6550024982521752
452,0.5903999860404527
453,0.6643312710611893
454,0.5710895296116781
455,0.6268689619109944
456,0.7386797757316971
457,0.6066651993210432
458,0.6178040859061301
459,0.4453917144907016
460,0.5518587691529335
461,0.7410953593950289
462,0.6426127510367695
463,0.6335725611856533
464,0.5000363650548523
465,0.4461461649837602
466,0.73829347110276
467,0.6047874283146515
468,0.4088581385522312
469,0.7202437843344044
470,0.7046894661319985
471,0.509721230528831
472,0.5928291743849561
473,0.7806999793759208
474,0.716536971079904
475,0.6127431748638912
476,0.489813682203639
477,0.5098735250327642
478,0.4999222743392692
479,0.6451298365183434
480,0.5469158430044511
481,0.7387310206000551
482,0.7722363985745241
483,0.6562812100696432
484,0.7147525995857092
485,0.4534179542437181
486,0.5690100817287885
487,0.6817535640038097
488,0.6376272005244171
489,0.6960828941303532
490,0.584964100785742
491,0.3860445481091099
492,0.6006654190522921
493,0.8257526981638948
494,0.4872601870022297
495,0.6628686546792256
496,0.4012775720885881
497,0.41214914535400055
498,0.8005865725322753
499,0.537118455074031
500,0.5697109350844407
501,0.6034520919126668
502,0.6424013134140357
503,0.6743869748602879
504,0.5639333135132263
505,0.572182635006645
506,0.6735524597309789
507,0.5056955087502868
508,0.43828687530069604
509,0.3562248185032321
510,0.6158249457139735
511,0.7086327355568132
512,0.553900952447404
513,0.4627753620836212
514,0.4796427772389693
515,0.3615238483218533
516,0.4975905944626479
517,0.3660769595052163
518,0.36857890180633796
519,0.3866499585158364
520,0.4580736652007196
521,0.6950415919828842
522,0.5834517714747732
523,0.5209184983615646
524,0.6190415180970364
525,0.3886765465012627
526,0.438431153313968
527,0.5419241150396061
528,0.36619525921724266
529,0.7849613329168807
530,0.6076099743473683
531,0.4714870190345536
532,0.6602572713304089
533,0.5787317392736887
534,0.5970063523666178
535,0.5916326321423119
536,0.6080685925829984
537,0.5663129035838729
538,0.8088300678197377
539,0.7185813740114125
540,0.7634837730349043
541,0.7338195363387933
542,0.7145145551291701
543,0.8243308971902752
544,0.5624627269676762
545,0.7016424894436839
546,0.8129917926249518
547,0.6471903079885253
548,0.4945996524049949
549,0.5798319035179086
550,0.677270389539044
551,0.9155110800571596
552,0.7550233581627196
553,0.6988378688573127
554,0.6609043773015687
555,0.8353062874962588
556,0.7669985840526625
557,0.8367822229089978
558,0.7234745591827656
559,0.8246832603604665
560,0.7464243257888252
561,0.5425982369122612
562,0.538085014062982
563,0.4626973243976808
564,0.5697331861722216
565,0.4043887852382684
566,0.4350789756001599
567,0.5639612275079036
568,0.5850539786123906
569,0.6522192212266267
570,0.5094709131870638
571,0.41278523483491547
572,0.6269928599376056
573,0.5455387377396793
574,0.5139279041350747
575,0.3802409576167431
576,0.5237131344647891
577,0.4778494633094162
578,0.4765379833470186
579,0.49488181493558603
580,0.7990117347324206
581,0.5766812193721369
582,0.667918347936062
583,0.5701597123770854
584,0.7892905446799694
585,0.636318961057336
586,0.3764626879667544
587,0.2191454010577685
588,0.5535647918587339
589,0.5762749772322739
590,0.6794571620426093
591,0.43270033511077177
592,0.2598749026134869
593,0.3774677032322651
594,0.32750723951467225
595,0.4487462258488771
596,0.3259341087478265
597,0.2686073152706695
598,0.5552150225893141
599,0.5452091717133393
600,0.5280437533295189
601,0.20443151816094576
602,0.6349227196738371
603,0.583257069368378
604,0.7412085334704481
605,0.3286047960431251
606,0.4583298112865918
607,0.4502390349136793
608,0.5752922802349341
609,0.5405389375004059
610,0.7587431208389271
611,0.6594289711709395
612,0.7109704097519424
613,0.6967697292309151
614,0.7106179704527902
615,0.6264166822223721
616,0.4377773807337109
617,0.6869240058107439
618,0.6392470023523699
619,0.6993436855126454
620,0.7512619102191427
621,0.7920929976496738
622,0.7618705544224796
623,0.5130507332690688
624,0.8370061641311372
625,0.7436218440662627
626,0.7751212242447941
627,0.6294816316781978
628,0.5622409794873336
629,0.496664444317886
630,0.6403026067871412
631,0.5411277705538058
632,0.5823016125638277
633,0.6454405266992066
634,0.7400448048155022
635,0.7223802145773228
636,0.7917727535580876
637,0.6797485196264599
638,0.6031682049261934
639,0.7610935568516951
640,0.4099108965664052
641,0.5673302728904774
642,0.3638512494335817
643,0.4590111187371287
644,0.3260561941689887
645,0.2649946875001928
646,0.6345217992265378
647,0.4336805910866307
648,0.35440606403819663
649,0.3674227868446034
650,0.6435404005174752
651,0.4730662194895767
652,0.5264023295607011
653,0.6454915174584521
654,0.6460737777167354
655,0.3941979827252023
656,0.4025716147870412
657,0.6276135523440804
658,0.6252296301618127
659,0.6398153137186204
660,0.4169209991522289
661,0.7090908709767213
662,0.3926326971997125
663,0.7455580403237128
664,0.6885489633446829
665,0.3479439773715443
666,0.5336744985473579
667,0.6001770982447323
668,0.6043679336009806
669,0.5538931594523837
670,0.671901038318066
671,0.5745388096302766
672,0.6154943542778106
673,0.6121643606986934
674,0.4945064848302729
675,0.551169321702834
676,0.3500229082425129
677,0.4678362578074902
678,0.5057340402238536
679,0.3555650707716157
680,0.4191651411611389
681,0.5592768236139716
682,0.35636632495014176
683,0.5656772169873676
684,0.6225130269078559
685,0.4941577740919119
686,0.5875630497365811
687,0.4943240988344598
688,0.4708641493845585
689,0.35141886712087383
690,0.21868724415458565
691,0.24128937881278376
692,0.33336915333611633
693,0.5851406749763778
694,0.5629018042521978
695,0.3476287878015429
696,0.5744284167472189
697,0.4154559847148434
698,0.4216803869175476
699,0.407237917285805
700,0.5398728276612716
701,0.4544313308783433
702,0.4730636716165617
703,0.5581117075913431
704,0.5082979712697696
705,0.5298098425293638
706,0.5881085678775313
707,0.5922654698436249
708,0.5762706833716402
709,0.4618743939712866
710,0.5994781077934292
711,0.37835989075492704
712,0.5488187024255393
713,0.5215524373705327
714,0.34830157632089503
715,0.3231679561290295
716,0.4833422301513256
717,0.3548201460182811
718,0.6941124688105527
719,0.5363993831932841
720,0.4290844804598021
721,0.6224023335547781
722,0.6754347253446028
723,0.6550316342694519
724,0.6517079758031532
725,0.6249048350083714
726,0.6108820334224646
727,0.5326162917879651
728,0.5188533027353608
729,0.603083196135031
730,0.5980041455457057
731,0.4801954312856111
732,0.44025855741289294
733,0.6994837667395037
734,0.6593364369267855
735,0.663816606586616
736,0.8160754598204907
737,0.6755360395773631
738,0.750398301521644
739,0.7730591218367602
740,0.89165393083854
741,0.7115291076242287
742,0.8448339255530746
743,0.6408840814478011
744,0.649857999600035
745,0.7127840999345308
746,0.8236616896392281
747,0.6710140279282047
748,0.527438415496415
749,0.8877477275623828
750,0.8488152312680738
751,0.7942150947103789
752,0.5167895275353197
753,0.6054321531988257
754,0.4282719376624501
755,0.3642625440791426
756,0.3899719684082924
757,0.4758032036446613
758,0.7107059735092707
759,0.7058244051971246
760,0.5344293329123738
761,0.4868874446205455
762,0.6498365432061128
763,0.6189908631362959
764,0.576369087123236
765,0.6400170738781429
766,0.28246533735490964
767,0.6267800436801994
768,0.602740490493135
769,0.7374550124421309
770,0.5451288649064842
771,0.5157910187303045
772,0.5528158112166041
773,0.5128314226002387
774,0.7697756329897731
775,0.5463086012122681
776,0.6969886765616504
777,0.5016550549173248
778,0.6656316826982471
779,0.7475748426052401
780,0.4040300042536615
781,0.6741379097442296
782,0.6665672027246976
783,0.619786172452256
784,0.5369713669117464
785,0.687324780731122
786,0.6450588136358761
787,0.3704989690880481
788,0.6724696462552564
789,0.6203623240927685
790,0.4969769001703251
791,0.5618398528927757
792,0.6849304661447305
793,0.6091950317514693
794,0.710147508719254
795,0.5906058151156857
796,0.7860887591807828
797,0.6997983091632423
798,0.5088213235931016
799,0.6233007403295535
800,0.7618854133946681
801,0.6398237181497927
802,0.6990872694506501
803,0.7023643932581685
804,0.7862806895414429
805,0.8399284645056663
806,0.5372463840996456
807,0.5185939156212535
808,0.6838488255270527
809,0.6630723510857515
810,0.8098523333407337
811,0.6418679554020595
812,0.7537242926248806
813,0.7066181930070878
814,0.6385981882775701
815,0.7044662905243634
816,0.6434983776282179
817,0.4860677594643102
818,0.3012792668740276
819,0.276952159366549
820,0.2661928882647365
821,0.5262854947243164
822,0.19401821385165047
823,0.2277616403402175
824,0.4661015143732013
825,0.31961891842023643
826,0.24440909203551064
827,0.4123779252618521
828,0.5787367203997777
829,0.6731704982752394
830,0.3704807723965737
831,0.5038116318922737
832,0.6245569457385213
833,0.6401940340804037
834,0.6223667387447201
835,0.39872960655595263
836,0.3873240710339969
837,0.6355315346117838
838,0.548118932216744
839,0.7878730871864458
840,0.4429821320403072
841,0.3653399927426521
842,0.5279025310647126
843,0.22308323214585005
844,0.6988104126597696
845,0.3956982364497974
846,0.3939052896362889
847,0.4441335836393007
848,0.5097227714134565
849,0.6305701783787142
850,0.3823408413370999
851,0.5568005183509308
852,0.6820547923815483
853,0.3161634561240008
854,0.2331496893802132
855,0.6915233157928576
856,0.35309244146292484
857,0.4896515725585559
858,0.4810675012613009
859,0.5604035694985611
860,0.4260824798198128
861,0.5031546024820781
862,0.28809239550058163
863,0.5378164688362492
864,0.7188325508650061
865,0.4960917022412627
866,0.6747536270132406
867,0.7936575907178762
868,0.5383780830530992
869,0.6029407605807084
870,0.6064244888673891
871,0.6832407657610234
872,0.6146985985809454
873,0.7360628268941725
874,0.780849749365187
875,0.6512573714639069
876,0.6084433360171194
877,0.5846871490183737
878,0.6776546653716173
879,0.8041267728080681
880,0.5034102282200423
881,0.4444534235092417
882,0.4069235999121663
883,0.3807847976630829
884,0.4672806196594906
885,0.3222983994850236
886,0.5288955929096011
887,0.5207125606636106
888,0.3952997187337581
889,0.2919071787082807
890,0.6092279947667465
891,0.4752482620612543
892,0.6022445544098534
893,0.3765923062631612
894,0.2533709443666788
895,0.3901542162394375
896,0.700226058369439
897,0.6448758962682419
898,0.7770196071024171
899,0.5221634784218118
900,0.5198500465615421
901,0.6813488677019305
902,0.6021184085065063
903,0.6202465566853539
904,0.7090094038237608
905,0.7106650629836732
906,0.6929689005578635
907,0.6290735574714462
908,0.4609608243353025
909,0.5182369461844072
910,0.8218950836053268
911,0.6527491188079612
912,0.7552760396731169
913,0.315915509260705
914,0.2814048631959152
915,0.33298707343794803
916,0.6185936431133653
917,0.6685994576949573
918,0.6964192967779469
919,0.7547227377943342
920,0.5527692770643788
921,0.6087495435784982
922,0.5989617261561182
923,0.3260757196369012
924,0.5412352583543741
925,0.6415431229593219
926,0.5866783324977177
927,0.6675449981441982
928,0.5101241221074858
929,0.7011494347290651
930,0.5167440531884507
931,0.5226585777509473
932,0.6802616706460667
933,0.5155098705150112
934,0.5626010360188436
935,0.6337711794036575
936,0.6236536798602572
937,0.7289903729095185
938,0.7328677996939602
939,0.541416323494455
940,0.6168793614159989
941,0.6725414397371333
942,0.7539216254128506
943,0.5376724024236244
944,0.4406291085131836
945,0.479017596675159
946,0.6857997460513922
947,0.5360509728514468
948,0.2994833137717886
949,0.44531899835711664
950,0.6228854301111401
951,0.4397838885199597
952,0.638636994496573
953,0.5015136412208246
954,0.6554085298641463
955,0.8171851821557112
956,0.4654033442231321
957,0.5493633128295361
958,0.5284443541030639
959,0.5529042400094483
960,0.5742246652735951
961,0.3697766869302371
962,0.6583099890359968
963,0.6685356003561057
964,0.3918293557244708
965,0.7686873032374522
966,0.5358488660607579
967,0.6939001024593591
968,0.7897914002911044
969,0.20922567586316876
970,0.42840393702625795
971,0.4491650893733288
972,0.5154300525451257
973,0.3366882591233406
974,0.5162357701632055
975,0.6259097961538492
976,0.2820343392183835
977,0.5768186362084162
978,0.34552769055625304
979,0.22050585067174855
980,0.2402546202683861
981,0.14532246217483855
982,0.31471300660189816
983,0.4040527932600649
984,0.5107907276455248
985,0.6083066465784194
986,0.36134879146592136
987,0.4114490101676385
988,0.4351347340468391
989,0.4856183111092146
990,0.4473509575637987
991,0.4223490759671493
992,0.5554192564757289
993,0.6790321891112816
994,0.26940486181660983
995,0.5000421296210003
996,0.4967372710442581
997,0.4036331739375637
998,0.4186428533447238
999,0.4245434596552073
1000,0.5566179074901227
1001,0.5666698006251097
1002,0.5172243338012917
1003,0.5447754888186624
1004,0.4460417466645421
1005,0.4882540854344355
1006,0.5906150667276772
1007,0.38175889243600136
1008,0.6344934079311202
1009,0.4261270171759317
1010,0.5930728714059958
1011,0.5464981481091906
1012,0.6940231527639369
1013,0.6588225134504145
1014,0.6995903060406721
1015,0.5644603098519857
1016,0.7663994110544495
1017,0.8009408755882838
1018,0.4571063675624651
1019,0.5153351278541409
1020,0.6774880756191702
1021,0.6422271284567501
1022,0.6519075198674109
1023,0.4603145203783772
1024,0.3765330854528586
1025,0.3276010241977074
1026,0.7086584020304119
1027,0.7051347656875889
1028,0.34514567290581444
1029,0.5376487483475962
1030,0.4461330234499317
1031,0.2977785890826535
1032,0.5671881450320753
1033,0.3587414581133112
1034,0.5522714066388779
1035,0.5166466712362553
1036,0.5712545003316508
1037,0.4459041781195233
1038,0.6620852436766382
1039,0.8149830242011155
1040,0.8296871467239714
1041,0.4568269450590237
1042,0.5074962546324213
1043,0.5342700487270413
1044,0.5678078624910311
1045,0.6523751602930443
1046,0.7434849839956044
1047,0.3894840504942755
1048,0.6729893546253709
1049,0.4536827187955852
1050,0.5040249389294629
1051,0.6035893003654644
1052,0.6314122117941111
1053,0.35754872616974714
1054,0.40878788860352705
1055,0.6219650980656143
1056,0.6576223254951528
1057,0.4570026370217232
1058,0.5422455075741385
1059,0.33028866311662736
1060,0.3803219445862466
1061,0.4557873091162943
1062,0.5382929321933142
1063,0.5069081802902758
1064,0.5696200960147023
1065,0.3280788354403366
1066,0.6369030126276559
1067,0.5183433175181416
1068,0.4475696838739577
1069,0.6974690570704489
1070,0.4636030609985468
1071,0.4029686625440989
1072,0.4033447083131801
1073,0.3943092454946382
1074,0.5226131145087773
1075,0.6076447674302421
1076,0.6470017764480136
1077,0.2545220841972192
1078,0.39582350929595056
1079,0.2955195029773979
1080,0.33313850854795063
1081,0.648133879316106
1082,0.35155969528619524
1083,0.5579413527788775
1084,0.44813473754036537
1085,0.5347927379755937
1086,0.5158751316797208
1087,0.6449105910245513
1088,0.7054320507625499
1089,0.4257345535126173
1090,0.6778472561176507
1091,0.4789974240246456
1092,0.7466749000735619
1093,0.5411326619791443
1094,0.6499960782124213
1095,0.4884106746400364
1096,0.6454797639322365
1097,0.4905659726756489
1098,0.6253843220822901
1099,0.4508868888500192
1100,0.5320995764438942
1101,0.5268575040350311
1102,0.6300700863587541
1103,0.6456152672098949
1104,0.5456372784959657
1105,0.5835971635228641
1106,0.40259298140801053
1107,0.2908828751175414
1108,0.5329965956118471
1109,0.4392313806244961
1110,0.7344021562540349
1111,0.3169214777271985
1112,0.39396074347492055
1113,0.4784983362985461
1114,0.4133798914087066
1115,0.5183799479751131
1116,0.3901966341823349
1117,0.4723086645769569
1118,0.7494142528594384
1119,0.4862762089351523
1120,0.7111489222257088
1121,0.7165856238603829
1122,0.6111419373462106
1123,0.7324173885213836
1124,0.5650203480078764
1125,0.4907427864402045
1126,0.7332031971528474
1127,0.6372761487953343
1128,0.3181291235733361
1129,0.5590916190305322
1130,0.6196234013487076
1131,0.5356994363174321
1132,0.5583315711497231
1133,0.7801183037274217
1134,0.5212460300214077
1135,0.4930279671621034
1136,0.5636292161481989
1137,0.6136752637552804
1138,0.6333024185333896
1139,0.3365904578669877
1140,0.7038313323891399
1141,0.4242690224516435
1142,0.6008935273855374
1143,0.6390087437557377
1144,0.5929668575877245
1145,0.4616744265237068
1146,0.4201144293986279
1147,0.4560496494153584
1148,0.3813955137463107
1149,0.6602652906543178
1150,0.33928913474806915
1151,0.4157523164245861
1152,0.6315249051094832
1153,0.5194661267371304
1154,0.4392732874427066
1155,0.4071102580759145
1156,0.2952283954041777
1157,0.3042794059092899
1158,0.5073709325732368
1159,0.6361682440374973
1160,0.6979526656815814
1161,0.5298801300793631
1162,0.4693969252932344
1163,0.3534915505470149
1164,0.4697038918361216
1165,0.4358268007132547
1166,0.2904698602765359
1167,0.31739282482635034
1168,0.5831114205043746
1169,0.731254648446119
1170,0.432890017723224
1171,0.4550906334064184
1172,0.6039193423778475
1173,0.6895474266322492
1174,0.4356491698786388
1175,0.4247256584849469
1176,0.7890730973482369
1177,0.4629688964203169
1178,0.7828317645431541
1179,0.7596162460604042
1180,0.5736164192857883
1181,0.5128839522798431
1182,0.5352032847690623
1183,0.501197595261081
1184,0.7995241767855111
1185,0.7164108247234491
1186,0.7407897610347276
1187,0.6942117301139439
1188,0.6210057860012012
1189,0.6933696826808905
1190,0.8451173777894917
1191,0.7986345371423381
1192,0.8884775130687446
1193,0.7947065170359803
1194,0.8304833706518836
1195,0.7692262332094731
1196,0.5553511623128667
1197,0.8168406356152059
1198,0.6200447598550528
1199,0.7296526748914987
1200,0.5096677163521149
1201,0.4688999497823978
1202,0.4438145366238379
1203,0.31693935892727537
1204,0.4786524159466977
1205,0.4842493518094336
1206,0.2158147165953237
1207,0.4365769448327203
1208,0.3462311788790117
1209,0.5865093845438947
1210,0.6569435782718699
1211,0.5454680413506006
1212,0.5025898007396441
1213,0.5565099127373465
1214,0.7308925100630611
1215,0.4255175660814491
1216,0.6531164002832555
1217,0.5325058838733852
1218,0.4465614638029394
1219,0.5621646271083331
1220,0.29473801723361914
1221,0.675154884149912
1222,0.5600325948051783
1223,0.4607653881612707
1224,0.3041800101613542
1225,0.5456008294176808
1226,0.5492951905431014
1227,0.6539723911212573
1228,0.308242606816066
1229,0.6874520121300056
1230,0.5698835161093007
1231,0.3062860658665563
1232,0.423996892063872
1233,0.5509640589275324
1234,0.6604989089931604
1235,0.5300043924585692
1236,0.5461509635319595
1237,0.6230573700053719
1238,0.6275217128619448
1239,0.5638697727223405
1240,0.454482619113685
1241,0.5167791842699478
1242,0.7635528007766891
1243,0.3713408024323548
1244,0.6930260371883582
1245,0.541185505649356
1246,0.6803098321016688
1247,0.4908240514497952
1248,0.4898393566580382
1249,0.3794852322794294
1250,0.35822934772100784
1251,0.6503311853102177
1252,0.5668969405696571
1253,0.6004754074162298
1254,0.2548040392149617
1255,0.5330390261558012
1256,0.5126466075996134
1257,0.4420274430246033
1258,0.4782485318088836
1259,0.6512163075511057
1260,0.4894304216244964
1261,0.6887690115163876
1262,0.5830355982954101
1263,0.3499273976571345
1264,0.831796188876612
1265,0.5323871498001576
1266,0.6633511950299389
1267,0.4894586592608978
1268,0.8284701481586271
1269,0.5208881122486636
1270,0.6665714382061719
1271,0.5924962792134565
1272,0.6717621398438631
1273,0.647205694488166
1274,0.6418627175136595
1275,0.6703571415704745
1276,0.7452124406382937
1277,0.5578546300023536
1278,0.4939628529461845
1279,0.6409605895884904
1280,0.5741826195614359
1281,0.322143250393428
1282,0.2580565230261808
1283,0.12372359699656055
1284,0.6126448110563879
1285,0.4083264928698712
1286,0.3408873871124751
1287,0.4427533537376645
1288,0.4393175673692972
1289,0.42369319597372496
1290,0.38943097286380396
1291,0.4799666586544202
1292,0.3622151549532045
1293,0.3777730727511465
1294,0.5930632783337991
1295,0.6575405993922269
1296,0.6562587694518709
1297,0.3907349091962419
1298,0.5789812439855949
1299,0.5268921459093621
1300,0.4640040746065239
1301,0.6664075326245038
1302,0.5572826317871257
1303,0.4885279241723033
1304,0.2627794642061721
1305,0.27830375998537304
1306,0.3302472328602524
1307,0.5651945892551374
1308,0.5102726198386728
1309,0.4884198865989319
1310,0.7332891451019273
1311,0.502867686108812
1312,0.4771842173535629
1313,0.32778446313679865
1314,0.5822471622500524
1315,0.4219229272662709
1316,0.4212569929837981
1317,0.14721964421656164
1318,0.5957752719644783
1319,0.3033811392613425
1320,0.35905555312614384
1321,0.38196975379300135
1322,0.5125690397953023
1323,0.2676811202281285
1324,0.28902819908992755
1325,0.3594739509706707
1326,0.2204948320900192
1327,0.5366553486613739
1328,0.6494517742193016
1329,0.6513088449100669
1330,0.5609539932257446
1331,0.31119990887290033
1332,0.7009431406567109
1333,0.4411807775944535
1334,0.4511155287770249
1335,0.28807451237407594
1336,0.6497308639740712
1337,0.5488283671457257
1338,0.4007993350805481
1339,0.702987498441332
1340,0.5148345403119295
1341,0.5515941169394155
1342,0.3254303272399457
1343,0.39046966754373785
1344,0.750213682128405
1345,0.6125161803629156
1346,0.5557185348924506
1347,0.6384069874007994
1348,0.327110600450223
1349,0.7483877614302754
1350,0.5181995218745192
1351,0.5055269608790348
1352,0.5674911561177199
1353,0.3048801630538626
1354,0.7885416021521927
1355,0.2318989675410369
1356,0.5196940389624987
1357,0.3617969577634908
1358,0.4707164376201871
1359,0.3074060108360421
1360,0.4190370266186733
1361,0.5694131349270968
1362,0.3850861679858667
1363,0.5567406962313945
1364,0.4905198217056267
1365,0.2961110220374627
1366,0.5050489847162746
1367,0.5173854486452101
1368,0.340871621449477
1369,0.5467912556695996
1370,0.3704360079754581
1371,0.4433842218236525
1372,0.239384424815164
1373,0.6133111336372253
1374,0.27877887964826165
1375,0.5186592317784314
1376,0.5679594021776899
1377,0.6783160417130002
1378,0.5726201395413123
1379,0.5650762652305473
1380,0.4446982112373374
1381,0.5039880295589181
1382,0.5563427354244209
1383,0.7526844875900031
1384,0.5432707420272765
1385,0.6460251529514841
1386,0.5928319062955213
1387,0.4020713230437205
1388,0.5536504631446225
1389,0.7557548985461422
1390,0.4519515591569042
1391,0.4609935619087007
1392,0.6529862431558887
1393,0.5657087290061065
1394,0.5060561499321335
1395,0.7888444022420116
1396,0.525180019968656
1397,0.8829682053474998
1398,0.7514460612529507
1399,0.7815419703805164
1400,0.5773319062757372
1401,0.8004182573766532
1402,0.8572375952635196
1403,0.7516231918971066
1404,0.7267942817370655
1405,0.7963631068600814
1406,0.8003527867166522
1407,0.7498243553819756
1408,0.6183762724099405
1409,0.6858447976420784
1410,0.5193955388533102
1411,0.6860137664761183
1412,0.5460835330362491
1413,0.6794501411967935
1414,0.5206557727228379
1415,0.4651057336166819
1416,0.3726976165647095
1417,0.6420175443079121
1418,0.36071394317458005
1419,0.5281771773667715
1420,0.5632867230284341
1421,0.4977112438894273
1422,0.5972969666942405
1423,0.4594911711844409
1424,0.5113467552592038
1425,0.4294352569632832
1426,0.6777851845095636
1427,0.5811954378775802
1428,0.5609074176982041
1429,0.5632355714204739
1430,0.5931135880811155
1431,0.6162671926375853
1432,0.5949845412546702
1433,0.7166758718665185
1434,0.5531384099298635
1435,0.5651857087974865
1436,0.6493798564408529
1437,0.5703875432821955
1438,0.6272719884094892
1439,0.5165978626305754
1440,0.6904821776737249
1441,0.3731558267706558
1442,0.699213277292953
1443,0.6403008391093467
1444,0.5691272503440393
1445,0.5536052295920748
1446,0.4831215939403044
1447,0.5048604728387086
1448,0.40728146094508255
1449,0.5934841606476768
1450,0.4812390518356735
1451,0.5657608679381634
1452,0.4790529732496988
1453,0.4408417449712765
1454,0.6223160364022614
1455,0.4105081076038014
1456,0.7238418814978125
1457,0.8767299957438273
1458,0.6262204035236698
1459,0.7620109870311824
1460,0.5703294092527549
1461,0.5734722117301088
1462,0.7517083588149268
1463,0.5819181819717549
1464,0.6529411990018047
1465,0.8041761723255492
1466,0.5383310306051741
1467,0.7127120642551737
1468,0.5955059472119515
1469,0.704548116740547
1470,0.4853352557541051
1471,0.6114308115356272
1472,0.6145561118759638
1473,0.5308267826242278
1474,0.7731264194603938
1475,0.6620113931653454
1476,0.6833882920551679
1477,0.6893291872637025
1478,0.6884648188331238
1479,0.6280315374618796
1480,0.6025412440833127
1481,0.4078590895895971
1482,0.7635513655464143
1483,0.6916799935362903
1484,0.4509182702909612
1485,0.4783025223477407
1486,0.5798527672387866
1487,0.3756679293167862
1488,0.21934547922203645
1489,0.435598956501137
1490,0.5162189991653704
1491,0.5375961980018382
1492,0.55740387722039
1493,0.3039377056334453
1494,0.3013746080969479
1495,0.19408869971362944
1496,0.6671348112215969
1497,0.5956676656151224
1498,0.3892156283868926
1499,0.4318198477234175
1500,0.5680390884836539
1501,0.5575457969614342
1502,0.5435638771492091
1503,0.33452320406606945
1504,0.6478893985317683
1505,0.5916812272227444
1506,0.5078721001689323
1507,0.29317297447090035
1508,0.3842556805189313
1509,0.3568494059067299
1510,0.257416399468495
1511,0.3763704241281397
1512,0.3598447965233326
1513,0.270689449532918
1514,0.4548390039204749
1515,0.5324777285341387
1516,0.5635181081698655
1517,0.4106056952764381
1518,0.3615371563387019
1519,0.6328765100995437
1520,0.7204815524110754
1521,0.6508415589106464
1522,0.8400948274740866
1523,0.6985608798687291
1524,0.6137271704661234
1525,0.4851351072752339
1526,0.6410706964624017
1527,0.6039147687227927
1528,0.679445909058576
1529,0.7903134104993825
1530,0.5617561404727711
1531,0.6925789409604993
1532,0.7926852222080016
1533,0.570449014452368
1534,0.5689011217894481
1535,0.7527988109107224
1536,0.44213973773101417
1537,0.5259406937231218
1538,0.6266703474617163
1539,0.6432601590860215
1540,0.6051053287265
1541,0.5270190411798087
1542,0.6221095944409502
1543,0.4275431518370346
1544,0.7377637589944741
1545,0.5373617700333655
1546,0.6014417666109502
1547,0.4452926077182819
1548,0.6349012943288768
1549,0.6090977070927367
1550,0.4953234996164518
1551,0.5260511336031725
1552,0.7282674459020634
1553,0.7165329621694514
1554,0.7432919368773063
1555,0.8599688057203156
1556,0.6222838301793927
1557,0.7961725710697571
1558,0.7627202508049055
1559,0.8958518011380007
1560,0.6175861704612672
1561,0.5259416463657065
1562,0.7653327025757508
1563,0.7250835857880004
1564,0.8351078473331505
1565,0.7087922707604731
1566,0.5110069742399916
1567,0.7909887364488009
1568,0.5235533132728316
1569,0.7447670267861821
1570,0.5688300364555927
1571,0.47332041707051004
1572,0.7355212559704111
1573,0.5943005413313757
1574,0.4802405056037055
1575,0.5792555489774996
1576,0.6940180698398725
1577,0.7550962529639894
1578,0.6653135628659461
1579,0.7476885715990707
1580,0.5518276837547208
1581,0.7305144637968641
1582,0.6347506417847648
1583,0.6463801103319772
1584,0.4271016465679876
1585,0.22872038995468186
1586,0.3720554467969687
1587,0.5716372115240139
1588,0.4752435340232537
1589,0.644462633619062
1590,0.3593525413419693
1591,0.3096407733911094
1592,0.6813866645607296
1593,0.41124097164660894
1594,0.6801866642530813
1595,0.4998760806007145
1596,0.6277635018815165
1597,0.6363609502929211
1598,0.4692290077657577
1599,0.3083430557035969
1600,0.5492006581867526
1601,0.32191599588555325
1602,0.6425210572826701
1603,0.5368827384695164
1604,0.4804343532677313
1605,0.6163195445162379
1606,0.7154161206714086
1607,0.39860472576933415
1608,0.5164142840764381
1609,0.546310637364298
1610,0.4926545252893562
1611,0.26860885298969617
1612,0.3714740847392412
1613,0.6801333451091884
1614,0.7247314305093532
1615,0.6970055761467499
1616,0.3871153570324289
1617,0.6564354358754795
1618,0.6701174198745053
1619,0.6041329196522089
1620,0.3789856615045084
1621,0.6702540835060843
1622,0.8157095710858508
1623,0.6446298883809268
1624,0.6902958753570088
1625,0.5124747893208137
1626,0.5627159266115029
1627,0.5520757879149941
1628,0.44538895042354376
1629,0.3334220555585523
1630,0.2744219456069789
1631,0.5580380164991967
1632,0.3941218086680237
1633,0.5566355779982789
1634,0.5740873165101924
1635,0.5428178586501451
1636,0.6653767331172348
1637,0.5512269481421052
1638,0.3642811886313472
1639,0.344627385843788
1640,0.5131804182572401
1641,0.5737514651180181
1642,0.4948893994349858
1643,0.6256035666338073
1644,0.6757529824866713
1645,0.7155226581583856
1646,0.3867380332548481
1647,0.5388568191642997
1648,0.3515556821136494
1649,0.5458808206860477
1650,0.3377783428259062
1651,0.40881061237771343
1652,0.6592170049669731
1653,0.6696645342012935
1654,0.5691778847666888
1655,0.35707261108109994
1656,0.5669296562207577
1657,0.3477412393361889
1658,0.4710178030318762
1659,0.6951470721067328
1660,0.4337739646513121
1661,0.533392124210736
1662,0.3765595242400402
1663,0.5187299893397852
1664,0.6734761106465528
1665,0.544230881324812
1666,0.6670701049548924
1667,0.6196219333974529
1668,0.7415115030590171
1669,0.6331497019172314
1670,0.3442737433576735
1671,0.21915021936255047
1672,0.4991059878353245
1673,0.6421180830437627
1674,0.7431416707654599
1675,0.4772975133097466
1676,0.7444546351029404
1677,0.4549269636971173
1678,0.4795294591387464
1679,0.6508761693090676
1680,0.7274407210171175
1681,0.6693827100398116
1682,0.7033961338772761
1683,0.6643471059380316
1684,0.7104065872774862
1685,0.4730134740663599
1686,0.6811015440491802
1687,0.7031401573104228
1688,0.5848504724778133
1689,0.6988767230233153
1690,0.4687790185404663
1691,0.7212724433374458
1692,0.796906954647358
1693,0.8155491111181915
1694,0.5086045858790129
1695,0.2885210422048847
1696,0.7514066127107552
1697,0.7056383427680252
1698,0.8799997564971755
1699,0.6303114391045352
1700,0.7517293323737144
1701,0.7496796653997128
1702,0.6774411660452382
1703,0.7284128277068217
1704,0.6768905461808336
1705,0.8866161034916035
1706,0.5667150634122637
1707,0.65305961955746
1708,0.5924189642878765
1709,0.8084362688013429
1710,0.8148985916527739
1711,0.7818969186069434
1712,0.7291995320729769
1713,0.3985157295262504
1714,0.5542228452318517
1715,0.5191352111400837
1716,0.606649849391625
1717,0.3740497325976682
1718,0.5530915755293677
1719,0.5652615438422787
1720,0.6390772724829118
1721,0.4654330312619623
1722,0.4875666229407128
1723,0.30621968314866393
1724,0.5480201366373841
1725,0.5539883744518089
1726,0.6795295768653358
1727,0.593326455342578
1728,0.7054016386043486
1729,0.7237459652608482
1730,0.7841968555098078
1731,0.5827867323502628
1732,0.7530293902743497
1733,0.5441893056660347
1734,0.8046042016290242
1735,0.7584719856184081
1736,0.7026035041641685
1737,0.8081387875612416
1738,0.7442711733836193
1739,0.5911548764870731
1740,0.5849463584811501
1741,0.6421934823632321
1742,0.8255676947805851
1743,0.7886619618728694
1744,0.5770507413948885
1745,0.7591836932860946
1746,0.5538530430705089
1747,0.6276391173632884
1748,0.5614160278754133
1749,0.5593331334759378
1750,0.6678116962898768
1751,0.647160748046026
1752,0.5646267091332292
1753,0.4913996191206003
1754,0.4962731071306589
1755,0.5455810685406867
1756,0.6335381038589427
1757,0.7237871739338398
1758,0.3408563110959962
1759,0.705468913228807
1760,0.678249815840312
1761,0.6045376771378254
1762,0.419897493766036
1763,0.7328154846688947
1764,0.6799245868215854
1765,0.7012310617260126
1766,0.6207673557524098
1767,0.6380212267344895
1768,0.6304895502051814
1769,0.7049233584944512
1770,0.6315987697187851
1771,0.7839522424032765
1772,0.6658838698527833
1773,0.7647322350393818
1774,0.6672123024908045
1775,0.4340520347026179
1776,0.4016692942067036
1777,0.5056682803073498
1778,0.6460373309733284
1779,0.3452514440186848
1780,0.6396502676223328
1781,0.598474445217767
1782,0.6871826756264415
1783,0.4579228312171771
1784,0.32572779847084005
1785,0.692774231861835
1786,0.2412011317542602
1787,0.6381191482596865
1788,0.5228783058908552
1789,0.4356358425385429
1790,0.4394022237168249
1791,0.5594714249776243
1792,0.7036068990066252
1793,0.6256074306824261
1794,0.647207306264585
1795,0.6004990537059921
1796,0.5646693085787162
1797,0.4601934100245251
1798,0.5572771968215269
1799,0.4552898869804076
1800,0.4993156797797801
1801,0.5279933136066051
1802,0.4811820557131957
1803,0.6267872630699821
1804,0.5219751935012643
1805,0.5576190901975889
1806,0.5947455557858846
1807,0.6285112265346618
1808,0.8873701031289539
1809,0.8673287245108772
1810,0.9437878145457788
1811,0.7380642875267918
1812,0.6723110492865078
1813,0.9027114807750056
1814,0.7751018825337961
1815,0.7721909224568984
1816,0.746140694847125
1817,0.7222532987831102
1818,0.8316222950373604
1819,0.8880208607913044
1820,0.8549421265341144
1821,0.6444637827189089
1822,0.8503545223799316
1823,0.6752560921541436
1824,0.7158390015684468
1825,0.5886619725135663
1826,0.7395704637760716
1827,0.7804909358652394
1828,0.7844204069937762
1829,0.7999816569208041
1830,0.8232790821307454
1831,0.7481914887134319
1832,0.7292172761044421
1833,0.6949252293239303
1834,0.5303538370452032
1835,0.7758100497042948
1836,0.7761983848926298
1837,0.6280749290059492
1838,0.7931287159277276
1839,0.7368436789674729
1840,0.6037980623596725
1841,0.4402100548445725
1842,0.5779754159163174
1843,0.3631491477656549
1844,0.6402115249800265
1845,0.4390698628065908
1846,0.6383752979862026
1847,0.7069377802966337
1848,0.5585065354904591
1849,0.5151488983978788
1850,0.4570799821248928
1851,0.38653892864619255
1852,0.546007166500969
1853,0.43073730227580703
1854,0.5500697782254922
1855,0.5318322843796748
1856,0.4315474338366176
1857,0.562205434250869
1858,0.3945124481390846
1859,0.7171243240988429
1860,0.4992469736198749
1861,0.3579487913127139
1862,0.531237169892377
1863,0.6095998379767908
1864,0.3266550413722153
1865,0.3186688920582121
1866,0.6154553242791084
1867,0.6289350305856736
1868,0.37177295358723467
1869,0.5453365553836496
1870,0.5818787940993729
1871,0.4832373028624419
1872,0.669175173132388
1873,0.4835311264641886
1874,0.8586203591482636
1875,0.5725107773883019
1876,0.7445130800747448
1877,0.7223163619369249
1878,0.6968945053374038
1879,0.5069496714348408
1880,0.6059967718507596
1881,0.6541792852204005
1882,0.783220092033292
1883,0.5775481228700335
1884,0.7490885808030027
1885,0.5275910821606776
1886,0.7203226574648149
1887,0.7779805381590222
1888,0.3880647453707613
1889,0.523666492719645
1890,0.5853386527339133
1891,0.5625428893227106
1892,0.6105156697923916
1893,0.5096780385395235
1894,0.4815128220238559
1895,0.4473452277699861
1896,0.3798709918311965
1897,0.2679847854123675
1898,0.7012670140093438
1899,0.2620427665960594
1900,0.29394184797721473
1901,0.28724514173059945
1902,0.4072225366471896
1903,0.4548206639222406
1904,0.6402320585692628
1905,0.711349433292141
1906,0.7040543310719941
1907,0.5875697589896134
1908,0.5686681886873166
1909,0.6299545351903717
1910,0.5103761992352118
1911,0.7611025547392841
1912,0.6431167274362669
1913,0.7172033753396804
1914,0.6087427103036291
1915,0.4788608441671376
1916,0.3393045230401345
1917,0.4630617759781885
1918,0.6378693505540974
1919,0.4891242169490493
1920,0.5036159763352688
1921,0.3413642247459449
1922,0.6924383628800458
1923,0.4451511355295914
1924,0.6237493000614579
1925,0.3903921060177234
1926,0.4959814357393281
1927,0.6613475088448146
1928,0.6370037429346574
1929,0.3759431753127517
1930,0.454250880540149
1931,0.7565005423477001
1932,0.6050710200528691
1933,0.6349525150243555
1934,0.6173365639474778
1935,0.7266232377775451
1936,0.5702798712805662
1937,0.5735429112105012
1938,0.6932099585628086
1939,0.7051217335704933
1940,0.6992818392968766
1941,0.7241013416186947
1942,0.6978861420455624
1943,0.6304047242092117
1944,0.7969043873734616
1945,0.6477838909745407
1946,0.6616226081332633
1947,0.7234296660751508
1948,0.5623990040972286
1949,0.4697099105613791
1950,0.4983362024542589
1951,0.7919844569294208
1952,0.15978000004721896
1953,0.3025852935773688
1954,0.170150532648773
1955,0.2151574383238208
1956,0.16586248871192846
1957,0.17214539861611916
1958,0.33723779426393524
1959,0.1844006319732347
1960,0.3973979437771649
1961,0.16552504437822624
1962,0.22762287743734425
1963,0.4189656064466744
1964,0.3622888146201845
1965,0.24827693575373955
1966,0.3183754728376555
1967,0.18614378461256395
1968,0.5657526581040818
1969,0.5297648344479816
1970,0.544955302333354
1971,0.7340842377723565
1972,0.6975814033945782
1973,0.5579137408544866
1974,0.4529129169428399
1975,0.6058113244866171
1976,0.4548513240517463
1977,0.4543678829771665
1978,0.7188056734327256
1979,0.6692647014460746
1980,0.6460880829736766
1981,0.7056302913723564
1982,0.7288246796906872
1983,0.6245977422486721
1984,0.4637571365286266
1985,0.5242893639752441
1986,0.7310329673749791
1987,0.6830272483935875
1988,0.5096770102330457
1989,0.8338378428397056
1990,0.6520041214356759
1991,0.7592693868572312
1992,0.6690758603858341
1993,0.5968899510888086
1994,0.5577333225252142
1995,0.4781800576154442
1996,0.4620951958540667
1997,0.4440924757926355
1998,0.5758539574761712
1999,0.7291908222740898
