,value_per_image
0,0.8382352941176471
1,0.4617647058823529
2,0.8117647058823528
3,0.8100156060047209
4,0.6205882352941177
5,0.09705882352941177
6,0.8058823529411765
7,0.5970588235294118
8,0.3764705882352941
9,0.5474615168658921
10,0.7999999999999999
11,-0.4147058823529412
12,0.3970588235294118
13,0.4382352941176471
14,-0.0029411764705882357
15,0.4264705882352941
16,0.5411764705882353
17,0.8705882352941177
18,0.25588235294117645
19,0.3735294117647059
20,0.8705882352941177
21,-0.2647058823529412
22,0.6441176470588235
23,0.4294117647058823
24,0.4441176470588235
25,0.7323529411764707
26,0.4076527961608927
27,0.2794117647058824
28,0.6382352941176471
29,0.7735294117647058
30,0.5264705882352941
31,-0.08823529411764705
32,0.8411764705882352
33,0.19117647058823528
34,0.7529411764705882
35,0.3705882352941177
36,-0.29411764705882354
37,0.44117647058823534
38,-0.4264705882352941
39,0.8294117647058824
40,0.3411764705882353
41,0.7323529411764707
42,0.22941176470588234
43,0.4470588235294117
44,0.8735294117647058
45,0.02941176470588235
46,-0.047058823529411764
47,0.16176470588235295
48,0.6058823529411764
49,-0.035294117647058816
50,0.48823529411764705
51,0.2088235294117647
52,0.3970588235294118
53,0.7823529411764706
54,-0.10882352941176472
55,0.2058823529411765
56,0.4352941176470588
57,0.45
58,0.6088235294117647
59,0.6323529411764706
60,0.7411764705882353
61,0.3970588235294118
62,0.8205882352941177
63,0.22058823529411767
64,0.5411764705882353
65,0.7558823529411764
66,0.32472545803136826
67,0.5916116391937866
68,0.7147058823529412
69,0.5
70,0.3205882352941176
71,0.8264705882352942
72,0.7382352941176471
73,0.6705882352941177
74,0.4647058823529412
75,0.7823529411764706
76,0.1176470588235294
77,0.5352941176470588
78,0.6294117647058822
79,0.8970588235294116
80,0.4529411764705882
81,0.5235294117647059
82,0.6617647058823529
83,0.2352941176470588
84,0.7941176470588236
85,-0.6941176470588235
86,0.2352941176470588
87,0.15
88,0.7617647058823529
89,0.27058823529411763
90,0.5911764705882353
91,0.7764705882352941
92,0.4529411764705882
93,0.5205882352941177
94,0.6264705882352941
95,-0.3852941176470588
96,0.5764705882352941
97,0.2647058823529412
98,-0.0823529411764706
99,0.19117647058823528
100,0.4529411764705882
101,0.6470588235294118
102,0.03823529411764706
103,0.7441176470588236
104,0.023529411764705882
105,0.6676470588235294
106,0.7637971162725751
107,0.3382352941176471
108,0.5058823529411764
109,0.17058823529411765
110,0.31764705882352945
111,0.3882352941176471
112,0.7558823529411764
113,0.4764705882352941
114,0.7970588235294117
115,0.8764705882352942
116,0.6588235294117648
117,0.7676470588235293
118,-0.07352941176470587
119,-0.11470588235294114
120,0.7441176470588236
121,0.3382352941176471
122,0.5970588235294118
123,0.4911764705882353
124,0.1411764705882353
125,0.8176470588235294
126,-0.2823529411764706
127,0.7652687870168382
128,0.15588235294117647
129,0.4205882352941176
130,0.7647058823529411
131,0.6970588235294117
132,0.7676470588235293
133,0.11470588235294114
134,0.7941176470588236
135,0.011764705882352941
136,0.3147058823529411
137,0.16764705882352945
138,0.8617647058823529
139,0.22941176470588234
140,0.6151583711019969
141,0.7882352941176469
142,0.6382352941176471
143,-0.29411764705882354
144,0.8205882352941177
145,0.4970588235294117
146,0.6029411764705882
147,0.7235294117647059
148,0.4647058823529412
149,0.554453054025903
150,0.6607801641741546
151,0.3058823529411765
152,0.7852941176470588
153,0.7176470588235294
154,0.3794117647058824
155,0.6147058823529412
156,0.36764705882352944
157,0.4735294117647058
158,0.4176470588235294
159,0.10588235294117647
160,-0.29411764705882354
161,-0.05588235294117647
162,0.03823529411764706
163,0.19117647058823528
164,0.28823529411764703
165,-0.06764705882352941
166,0.8794117647058824
167,0.5911764705882353
168,-0.4294117647058823
169,0.052941176470588235
170,0.16764705882352945
171,0.0029411764705882357
172,0.032352941176470584
173,0.2339956483378409
174,0.4676470588235294
175,0.6735294117647058
176,0.4764705882352941
177,0.18823529411764706
178,0.7941176470588236
179,0.6411764705882352
180,-0.014705882352941175
181,0.4911764705882353
182,0.6352941176470589
183,0.3852941176470588
184,0.85
185,0.3147058823529411
186,0.02058823529411765
187,0.2470588235294117
188,0.7323529411764707
189,0.7470588235294118
190,-0.48823529411764705
191,0.9
192,0.4823529411764706
193,0.29705882352941176
194,0.888235294117647
195,0.8323529411764706
196,0.6882352941176471
197,0.5058823529411764
198,0.34411764705882353
199,0.5676470588235295
200,0.7852941176470588
201,0.3529411764705882
202,0.35000000000000003
203,0.7794117647058825
204,0.3
205,0.6882352941176471
206,0.12058823529411765
207,0.6558823529411765
208,-0.05588235294117647
209,0.5294117647058824
210,0.07941176470588236
211,0.44117647058823534
212,0.6235294117647059
213,0.7470588235294118
214,0.4911764705882353
215,0.22941176470588234
216,-0.23823529411764705
217,0.6264705882352941
218,0.7676470588235293
219,0.09271525688857847
220,0.5764705882352941
221,-0.21764705882352944
222,0.6764705882352942
223,0.25588235294117645
224,-0.1264705882352941
225,0.3764705882352941
226,-0.032352941176470584
227,0.12058823529411765
228,0.06176470588235294
229,0.4382352941176471
230,-0.3529411764705882
231,0.6558823529411765
232,0.4970588235294117
233,0.7147058823529412
234,0.4911764705882353
235,0.5617647058823529
236,0.7558823529411764
237,0.5970588235294118
238,0.8529411764705882
239,0.008823529411764706
240,-0.15294117647058825
241,0.07647058823529412
242,0.3588235294117647
243,-0.3235294117647059
244,0.15882352941176472
245,0.8285506290201538
246,0.21176470588235294
247,0.6852941176470588
248,0.3830448893277293
249,0.21764705882352944
250,0.19117647058823528
251,0.823529411764706
252,0.6470588235294118
253,0.6882352941176471
254,0.8588235294117647
255,0.8470588235294119
256,0.4676470588235294
257,-0.1264705882352941
258,0.8529411764705882
259,0.5
260,0.2647058823529412
261,-0.11470588235294114
262,0.052941176470588235
263,0.7941176470588236
264,0.4441176470588235
265,0.5764705882352941
266,-0.09705882352941177
267,0.7264705882352941
268,-0.02058823529411765
269,-0.07352941176470587
270,0.15588235294117647
271,0.4323529411764706
272,0.7323529411764707
273,0.4823529411764706
274,0.2441176470588235
275,0.6352941176470589
276,0.6558823529411765
277,0.1647058823529412
278,0.2323529411764706
279,0.35000000000000003
280,0.3970588235294118
281,-0.05588235294117647
282,0.4352941176470588
283,0.9264705882352942
284,0.6764705882352942
285,0.4588235294117647
286,0.7999999999999999
287,0.4647058823529412
288,0.07058823529411765
289,0.020897850190928626
290,0.0823529411764706
291,0.7705882352941176
292,0.4176470588235294
293,-0.06470588235294117
294,0.2058823529411765
295,-0.2823529411764706
296,0.7117647058823531
297,-0.3382352941176471
298,0.8411764705882352
299,0.7911764705882354
300,0.5705882352941177
301,0.16764705882352945
302,0.5941176470588235
303,0.11176470588235292
304,0.026470588235294117
305,0.888235294117647
306,0.5441176470588236
307,0.33529411764705885
308,0.6696194325705888
309,0.8029411764705883
310,0.4336302052329364
311,0.4941176470588235
312,0.3058823529411765
313,0.5705882352941177
314,0.4323529411764706
315,0.02941176470588235
316,0.8176470588235294
317,0.7529411764705882
318,0.4617647058823529
319,0.3794117647058824
320,0.7794117647058825
321,-0.044117647058823525
322,0.6970588235294117
323,0.4794117647058824
324,0.13823529411764704
325,0.7235294117647059
326,0.6882352941176471
327,0.07941176470588236
328,0.7764705882352941
329,0.07058823529411765
330,0.7823529411764706
331,0.4088235294117647
332,0.9088235294117648
333,0.3235294117647059
334,0.4852941176470588
335,0.9147058823529411
336,0.4
337,0.6352941176470589
338,0.5235294117647059
339,0.3205882352941176
340,0.12941176470588234
341,0.4323529411764706
342,0.18235294117647055
343,0.6205882352941177
344,0.5088235294117647
345,0.3852941176470588
346,0.7264705882352941
347,0.7823529411764706
348,-0.09117647058823528
349,0.3411764705882353
350,0.44117647058823534
351,0.0014716707442631507
352,0.21764705882352944
353,-0.014705882352941175
354,0.29411764705882354
355,0.10588235294117647
356,-0.02058823529411765
357,0.7823529411764706
358,0.7579104332955225
359,0.2352941176470588
360,0.7352941176470589
361,0.2264705882352941
362,-0.0823529411764706
363,0.017647058823529408
364,0.4294117647058823
365,0.1723718799751939
366,0.07941176470588236
367,0.2147058823529412
368,0.1176470588235294
369,0.5529411764705882
370,0.3205882352941176
371,0.6911764705882353
372,0.1647058823529412
373,0.7205882352941175
374,0.5794117647058823
375,0.5352941176470588
376,0.035294117647058816
377,0.4941176470588235
378,0.7529411764705882
379,0.3382352941176471
380,-0.2411764705882353
381,0.3382352941176471
382,0.75
383,0.07352941176470587
384,0.611764705882353
385,0.5323529411764706
386,0.4323529411764706
387,0.014705882352941175
388,0.6852941176470588
389,0.6411764705882352
390,-0.2735294117647059
391,0.7705882352941176
392,0.29705882352941176
393,0.7711554699938907
394,0.8466113530738282
395,0.2470588235294117
396,0.16764705882352945
397,0.4441176470588235
398,-0.06176470588235294
399,0.7000000000000001
400,0.7470588235294118
401,0.1323529411764706
402,0.008823529411764706
403,0.25
404,0.5352941176470588
405,0.3794117647058824
406,0.29411764705882354
407,0.7441176470588236
408,-0.3235294117647059
409,0.75
410,0.7735294117647058
411,0.2647058823529412
412,0.16629879410173598
413,-0.22058823529411767
414,0.5941176470588235
415,0.3558823529411765
416,0.7176470588235294
417,0.0029411764705882357
418,0.44117647058823534
419,0.7441176470588236
420,0.6411764705882352
421,0.5264705882352941
422,0.65
423,0.4382352941176471
424,0.36764705882352944
425,0.75
426,0.8441176470588234
427,0.8147058823529412
428,0.6323529411764706
429,0.1411764705882353
430,0.65
431,0.4617647058823529
432,0.6058823529411764
433,0.5470588235294118
434,0.7882352941176469
435,0.6176470588235293
436,0.4529411764705882
437,0.5558823529411765
438,0.65
439,0.08823529411764705
440,0.6352941176470589
441,0.8764705882352942
442,0.8382352941176471
443,0.888235294117647
444,0.6823529411764706
445,0.8058823529411765
446,0.7470588235294118
447,0.48823529411764705
448,0.3882352941176471
449,0.7382352941176471
450,0.5235294117647059
451,0.3735294117647059
452,0.29411764705882354
453,0.09117647058823528
454,0.4705882352941176
455,0.5676470588235295
456,0.7352941176470589
457,-0.18823529411764706
458,0.4911764705882353
459,0.4647058823529412
460,0.4147058823529412
461,0.5264705882352941
462,0.4459162355117346
463,-0.1264705882352941
464,0.7411764705882353
465,0.5676470588235295
466,0.6852941176470588
467,0.6323529411764706
468,0.7472383772652983
469,0.7852941176470588
470,0.5441176470588236
471,0.6352941176470589
472,0.05
473,-0.21764705882352944
474,-0.10963263742500257
475,-0.10588235294117647
476,0.6352941176470589
477,0.5882352941176471
478,0.3558823529411765
479,0.4588235294117647
480,-0.5
481,0.5176470588235293
482,0.7088235294117646
483,0.1
484,0.7941176470588236
485,0.7352941176470589
486,0.29411764705882354
487,0.6029411764705882
488,0.3735294117647059
489,0.3411764705882353
490,0.15294117647058825
491,0.5588235294117647
492,0.16764705882352945
493,-0.27058823529411763
494,0.5264705882352941
495,-0.22352941176470587
496,0.36764705882352944
497,0.5764705882352941
498,0.2441176470588235
499,0.21764705882352944
500,0.1647058823529412
501,0.5
502,0.5970588235294118
503,0.4529411764705882
504,0.3882352941176471
505,0.6882352941176471
506,-0.0411764705882353
507,0.5264705882352941
508,0.31764705882352945
509,0.5088235294117647
510,0.35000000000000003
511,0.411764705882353
512,0.4
513,0.6676470588235294
514,0.7588235294117647
515,0.5029411764705883
516,0.7794117647058825
517,0.8470588235294119
518,0.3764705882352941
519,0.3970588235294118
520,0.2147058823529412
521,0.15882352941176472
522,0.14705882352941174
523,0.7676470588235293
524,0.21764705882352944
525,0.5735294117647058
526,0.10588235294117647
527,0.5676470588235295
528,0.40294117647058825
529,-0.026470588235294117
530,-0.12058823529411765
531,0.538235294117647
532,0.07647058823529412
533,0.6235294117647059
534,0.7470588235294118
535,-0.09117647058823528
536,0.18235294117647055
537,0.8323529411764706
538,0.8058823529411765
539,0.8117647058823528
540,0.5617647058823529
541,0.31764705882352945
542,0.7999999999999999
543,0.8058823529411765
544,0.5558823529411765
545,0.5794117647058823
546,-0.2823529411764706
547,0.7794117647058825
548,0.8294117647058824
549,0.12058823529411765
550,0.3205882352941176
551,-0.15044313242775342
552,0.75
553,-0.06176470588235294
554,0.5264705882352941
555,0.8323529411764706
556,0.5294117647058824
557,0.7705882352941176
558,0.7382352941176471
559,0.017647058823529408
560,0.5529411764705882
561,0.2794117647058824
562,0.2617647058823529
563,0.44117647058823534
564,0.7176470588235294
565,0.6147058823529412
566,0.017647058823529408
567,0.3264705882352941
568,0.6882352941176471
569,0.2
570,0.5882352941176471
571,0.7705882352941176
572,0.4542792626249809
573,0.6147058823529412
574,0.6323529411764706
575,0.09705882352941177
576,0.5058823529411764
577,0.3411764705882353
578,0.7294117647058823
579,0.6823529411764706
580,0.538235294117647
581,-0.2147058823529412
582,0.7029411764705883
583,-0.0029411764705882357
584,0.7147058823529412
585,0.4205882352941176
586,0.7941176470588236
587,0.1176470588235294
588,0.5823529411764706
589,0.2735294117647059
590,0.4676470588235294
591,0.7588235294117647
592,0.7999999999999999
593,0.11176470588235292
594,0.2855041243870512
595,0.33529411764705885
596,0.014705882352941175
597,-0.2029411764705882
598,0.5194265314446572
599,-0.1764705882352941
600,0.026470588235294117
601,0.7941176470588236
602,0.3588235294117647
603,0.1352941176470588
604,0.4852941176470588
605,-0.3029411764705882
606,0.6941176470588235
607,0.10294117647058824
608,0.7676470588235293
609,0.6147058823529412
610,0.7029411764705883
611,0.4676470588235294
612,0.035294117647058816
613,0.17352941176470588
614,0.5117647058823529
615,0.18823529411764706
616,0.3647058823529412
617,-0.2088235294117647
618,0.8352941176470589
619,0.5647058823529412
620,0.4735294117647058
621,0.7264705882352941
622,0.3323529411764706
623,0.6029411764705882
624,0.4970588235294117
625,0.7882352941176469
626,0.3205882352941176
627,0.7352941176470589
628,0.6176470588235293
629,0.5705882352941177
630,0.8029411764705883
631,0.5176470588235293
632,0.7911764705882354
633,0.7588235294117647
634,0.5235294117647059
635,0.0823529411764706
636,0.6970588235294117
637,-0.4323529411764706
638,0.3323529411764706
639,-0.5882352941176471
640,0.6294117647058822
641,-0.4294117647058823
642,0.5970588235294118
643,0.7911764705882354
644,0.026470588235294117
645,-0.15882352941176472
646,0.22941176470588234
647,0.07647058823529412
648,0.5205882352941177
649,0.3029411764705882
650,0.30882352941176466
651,0.5
652,0.7852941176470588
653,0.3117647058823529
654,0.5441176470588236
655,0.6264705882352941
656,0.4823529411764706
657,0.7647058823529411
658,0.4647058823529412
659,0.36764705882352944
660,0.2411764705882353
661,0.7705882352941176
662,0.4705882352941176
663,-0.05588235294117647
664,0.05
665,0.17352941176470588
666,0.5003680530494712
667,0.411764705882353
668,0.4911764705882353
669,0.22352941176470587
670,0.2147058823529412
671,0.6470588235294118
672,-0.0411764705882353
673,0.3117647058823529
674,0.7970588235294117
675,0.5970588235294118
676,0.7794117647058825
677,0.3852941176470588
678,0.3264705882352941
679,0.17941176470588235
680,0.25588235294117645
681,0.6411764705882352
682,0.8470588235294119
683,0.4941176470588235
684,0.044117647058823525
685,0.5970588235294118
686,0.4911764705882353
687,0.30882352941176466
688,0.6941176470588235
689,0.75
690,0.3941176470588235
691,0.19411764705882356
692,0.4823529411764706
693,0.4794117647058824
694,0.29411764705882354
695,-0.12950702549515722
696,0.8529411764705882
697,0.7911764705882354
698,0.5029411764705883
699,0.5647058823529412
700,0.27058823529411763
701,-0.4058823529411764
702,0.7941176470588236
703,0.5088235294117647
704,0.6676470588235294
705,0.5794117647058823
706,0.1411764705882353
707,0.2852941176470589
708,0.03823529411764706
709,0.6411764705882352
710,0.2029411764705882
711,-0.4205882352941176
712,0.6705882352941177
713,0.6411764705882352
714,0.4911764705882353
715,0.4558823529411765
716,0.5235294117647059
717,0.3852941176470588
718,-0.035294117647058816
719,0.14411764705882352
720,0.4441176470588235
721,0.8352941176470589
722,0.8676470588235294
723,0.5294117647058824
724,0.6911764705882353
725,0.6970588235294117
726,0.3558823529411765
727,0.7911764705882354
728,0.36764705882352944
729,0.2147058823529412
730,0.17352941176470588
731,0.7882352941176469
732,0.6088235294117647
733,0.17058823529411765
734,0.8970588235294116
735,0.3411764705882353
736,-0.17941176470588235
737,0.5235294117647059
738,0.6441176470588235
739,-0.026470588235294117
740,-0.3588235294117647
741,-0.10294117647058824
742,0.8088235294117646
743,0.2058823529411765
744,0.7000000000000001
745,0.44117647058823534
746,-0.10588235294117647
747,0.6088235294117647
748,0.08094189093447328
749,0.4441176470588235
750,0.8764705882352942
751,-0.4558823529411765
752,-0.3323529411764706
753,0.6382352941176471
754,0.09411764705882353
755,0.7970588235294117
756,0.5941176470588235
757,0.10882352941176472
758,-0.3147058823529411
759,0.17058823529411765
760,0.8294117647058824
761,0.15588235294117647
762,0.7764705882352941
763,0.08823529411764705
764,0.8382352941176471
765,0.538235294117647
766,0.8176470588235294
767,-0.12941176470588234
768,0.4147058823529412
769,0.6705882352941177
770,0.4735294117647058
771,0.6882352941176471
772,0.8470588235294119
773,0.6852941176470588
774,0.8088235294117646
775,0.2058823529411765
776,0.5764705882352941
777,0.18529411764705886
778,0.75
779,0.052941176470588235
780,0.7794117647058825
781,-0.2147058823529412
782,0.9323529411764706
783,0.4970588235294117
784,0.5911764705882353
785,0.7764705882352941
786,0.4
787,0.7588235294117647
788,0.2829707263266958
789,0.7176470588235294
790,0.9088235294117648
791,-0.538235294117647
792,0.2676470588235294
793,0.15294117647058825
794,0.6588235294117648
795,0.5205882352941177
796,0.4794117647058824
797,-0.3794117647058824
798,0.5411764705882353
799,-0.2764705882352941
800,0.4176470588235294
801,0.6029411764705882
802,0.1264705882352941
803,0.4705882352941176
804,0.5
805,0.8588235294117647
806,0.3323529411764706
807,0.7352941176470589
808,0.8470588235294119
809,0.5029411764705883
810,0.06470588235294117
811,0.8441176470588234
812,0.7205882352941175
813,0.3852941176470588
814,0.9029411764705882
815,0.6815001785878538
816,0.4470588235294117
817,0.8417956657185219
818,0.29411764705882354
819,0.3058823529411765
820,0.5058823529411764
821,0.6735294117647058
822,0.5588235294117647
823,0.85
824,0.2029411764705882
825,0.17058823529411765
826,0.9352941176470588
827,0.31764705882352945
828,-0.08823529411764705
829,0.21764705882352944
830,0.5529411764705882
831,0.7382352941176471
832,0.6352941176470589
833,0.3705882352941177
834,0.2323529411764706
835,-0.017647058823529408
836,0.2647058823529412
837,-0.2823529411764706
838,0.9058823529411764
839,0.6058823529411764
840,0.19705882352941176
841,0.7205882352941175
842,0.4441176470588235
843,0.3794117647058824
844,0.035294117647058816
845,0.3852941176470588
846,0.2735294117647059
847,0.6235294117647059
848,0.10294117647058824
849,0.23823529411764705
850,0.4558823529411765
851,0.3194385672041946
852,-0.15
853,0.4441176470588235
854,0.7382352941176471
855,0.6382352941176471
856,-0.2764705882352941
857,0.011764705882352941
858,0.07058823529411765
859,0.4735294117647058
860,-0.3764705882352941
861,0.7852941176470588
862,0.8058823529411765
863,0.18823529411764706
864,0.02058823529411765
865,0.5264705882352941
866,-0.09117647058823528
867,0.45
868,0.07058823529411765
869,0.7205882352941175
870,0.5411764705882353
871,0.5235294117647059
872,0.5470588235294118
873,0.5
874,-0.2722590876886829
875,-0.023529411764705882
876,0.3882352941176471
877,0.5911764705882353
878,0.3794117647058824
879,-0.6352941176470589
880,0.5823529411764706
881,0.8705882352941177
882,0.5205882352941177
883,0.7558823529411764
884,0.7382352941176471
885,0.3852941176470588
886,0.2852941176470589
887,0.5235294117647059
888,0.7970588235294117
889,0.5617647058823529
890,0.5176470588235293
891,0.4058823529411764
892,-0.16176470588235295
893,-0.27058823529411763
894,-0.3617647058823529
895,0.1352941176470588
896,-0.25
897,0.17352941176470588
898,-0.4558823529411765
899,0.7117647058823531
900,0.4970588235294117
901,0.7558823529411764
902,0.3647058823529412
903,0.29411764705882354
904,0.17941176470588235
905,0.5411764705882353
906,0.19411764705882356
907,0.3058823529411765
908,0.8176470588235294
909,0.48823529411764705
910,0.2441176470588235
911,-0.09411764705882353
912,0.6147058823529412
913,-0.2588235294117647
914,0.3705882352941177
915,0.5676470588235295
916,0.5705882352941177
917,0.3911764705882353
918,0.7294117647058823
919,0.6176470588235293
920,0.3470588235294117
921,0.4176470588235294
922,0.8970588235294116
923,0.2911764705882353
924,0.5911764705882353
925,0.8529411764705882
926,0.03823529411764706
927,0.3529411764705882
928,0.7441176470588236
929,0.18529411764705886
930,0.5147058823529412
931,0.5882352941176471
932,0.3558823529411765
933,0.2840324536427881
934,0.45
935,0.5352941176470588
936,0.55
937,0.75
938,0.4852941176470588
939,0.5441176470588236
940,0.6382352941176471
941,0.6411764705882352
942,0.5176470588235293
943,0.6970588235294117
944,-0.5088235294117647
945,0.8117647058823528
946,0.8094189093447327
947,0.19705882352941176
948,0.4176470588235294
949,0.3885210764854717
950,-0.10882352941176472
951,0.7999999999999999
952,0.5235294117647059
953,0.6382352941176471
954,0.6794117647058824
955,0.3941176470588235
956,0.4764705882352941
957,0.5029411764705883
958,0.3294117647058824
959,0.17941176470588235
960,0.23823529411764705
961,0.06470588235294117
962,0.6441176470588235
963,0.5941176470588235
964,0.8441176470588234
965,0.15588235294117647
966,-0.17058823529411765
967,0.12941176470588234
968,0.07058823529411765
969,0.1
970,-0.06470588235294117
971,-0.1352941176470588
972,0.75
973,0.18235294117647055
974,-0.2029411764705882
975,0.6705882352941177
976,0.45
977,0.3970588235294118
978,0.14705882352941174
979,-0.06470588235294117
980,0.2441176470588235
981,0.0
982,-0.16764705882352945
983,0.31764705882352945
984,0.03823529411764706
985,0.5882352941176471
986,0.4088235294117647
987,0.5529411764705882
988,0.5882352941176471
989,0.3941176470588235
990,0.8029411764705883
991,0.2088235294117647
992,0.6676470588235294
993,0.5882352941176471
994,0.4617647058823529
995,0.4529411764705882
996,0.011764705882352941
997,0.4941176470588235
998,0.7617647058823529
999,0.3294117647058824
1000,0.3029411764705882
1001,0.7588235294117647
1002,0.16176470588235295
1003,0.047058823529411764
1004,-0.3794117647058824
1005,-0.14705882352941174
1006,0.6411764705882352
1007,0.7000000000000001
1008,0.7264705882352941
1009,0.6548934811971021
1010,0.411764705882353
1011,0.7941176470588236
1012,-0.008823529411764706
1013,0.6852941176470588
1014,0.047058823529411764
1015,0.8823529411764707
1016,0.31764705882352945
1017,0.6352941176470589
1018,0.3735294117647059
1019,0.7352941176470589
1020,0.5441176470588236
1021,-0.07647058823529412
1022,0.823529411764706
1023,0.8794117647058824
1024,0.6647058823529411
1025,0.6911764705882353
1026,0.3852941176470588
1027,-0.2088235294117647
1028,0.7294117647058823
1029,0.0823529411764706
1030,0.6176470588235293
1031,0.4
1032,-0.07941176470588236
1033,0.21176470588235294
1034,0.3911764705882353
1035,0.5323529411764706
1036,0.8088235294117646
1037,-0.22352941176470587
1038,0.2588235294117647
1039,-0.1264705882352941
1040,0.15588235294117647
1041,0.6323529411764706
1042,0.8588235294117647
1043,0.38235294117647056
1044,0.16764705882352945
1045,0.8352941176470589
1046,-0.5558823529411765
1047,0.33529411764705885
1048,0.6323529411764706
1049,0.18529411764705886
1050,0.880059105069364
1051,0.45
1052,0.2147058823529412
1053,0.5676470588235295
1054,0.6647058823529411
1055,0.7205882352941175
1056,0.3294117647058824
1057,0.19117647058823528
1058,-0.1411764705882353
1059,-0.07352941176470587
1060,0.7647058823529411
1061,0.8735294117647058
1062,-0.044117647058823525
1063,0.2147058823529412
1064,0.6970588235294117
1065,-0.4558823529411765
1066,0.6
1067,0.5676470588235295
1068,0.27058823529411763
1069,0.6205882352941177
1070,0.55
1071,0.3558823529411765
1072,0.6058823529411764
1073,0.7735294117647058
1074,0.3941176470588235
1075,0.9029411764705882
1076,0.4588235294117647
1077,0.2647058823529412
1078,0.8264705882352942
1079,0.4294117647058823
1080,0.5147058823529412
1081,0.7058823529411764
1082,0.017647058823529408
1083,0.8141628343149008
1084,0.6529411764705881
1085,0.3558823529411765
1086,0.6078000173806811
1087,0.12058823529411765
1088,0.3414276126690509
1089,0.5588235294117647
1090,0.21176470588235294
1091,0.6
1092,-0.035294117647058816
1093,0.31764705882352945
1094,0.8117647058823528
1095,0.25
1096,0.10882352941176472
1097,0.3529411764705882
1098,0.0823529411764706
1099,0.047058823529411764
1100,0.18823529411764706
1101,-0.11470588235294114
1102,0.8147058823529412
1103,0.13823529411764704
1104,0.16176470588235295
1105,0.0588235294117647
1106,0.4205882352941176
1107,0.7529411764705882
1108,0.6411764705882352
1109,0.6794117647058824
1110,0.5882352941176471
1111,0.3647058823529412
1112,0.12352941176470587
1113,-0.10882352941176472
1114,0.4470588235294117
1115,0.5617647058823529
1116,0.06764705882352941
1117,0.2352941176470588
1118,0.34411764705882353
1119,0.4911764705882353
1120,0.7470588235294118
1121,0.2411764705882353
1122,0.8058823529411765
1123,0.5647058823529412
1124,0.30882352941176466
1125,0.21764705882352944
1126,0.4441176470588235
1127,0.2470588235294117
1128,0.6911764705882353
1129,0.4588235294117647
1130,0.6617647058823529
1131,0.3058823529411765
1132,0.6147058823529412
1133,-0.19117647058823528
1134,0.7058823529411764
1135,0.5588235294117647
1136,0.6411764705882352
1137,0.011764705882352941
1138,0.09705882352941177
1139,0.3205882352941176
1140,0.36350267383299817
1141,0.1647058823529412
1142,0.4
1143,-0.2647058823529412
1144,0.3117647058823529
1145,0.18235294117647055
1146,0.14705882352941174
1147,-0.4235294117647059
1148,0.3911764705882353
1149,0.6647058823529411
1150,0.4617647058823529
1151,0.5294117647058824
1152,0.6441176470588235
1153,0.2529411764705882
1154,0.4205882352941176
1155,0.7382352941176471
1156,0.55
1157,0.09411764705882353
1158,0.8647058823529412
1159,-0.2823529411764706
1160,0.25588235294117645
1161,0.6205882352941177
1162,0.5676470588235295
1163,0.0029411764705882357
1164,0.25
1165,0.7941176470588236
1166,-0.1
1167,-0.07647058823529412
1168,0.7441176470588236
1169,0.2617647058823529
1170,0.3794117647058824
1171,0.4088235294117647
1172,0.09117647058823528
1173,0.09411764705882353
1174,0.6588235294117648
1175,0.3117647058823529
1176,0.3705882352941177
1177,0.55
1178,0.5
1179,0.5117647058823529
1180,0.5588235294117647
1181,0.34411764705882353
1182,-0.2588235294117647
1183,0.8117647058823528
1184,0.8205882352941177
1185,0.538235294117647
1186,0.6676470588235294
1187,0.4382352941176471
1188,0.052941176470588235
1189,0.2029411764705882
1190,-0.014705882352941175
1191,0.8529411764705882
1192,0.4529411764705882
1193,0.7411764705882353
1194,0.6676470588235294
1195,0.7676470588235293
1196,0.15
1197,-0.14705882352941174
1198,0.3029411764705882
1199,0.5147058823529412
1200,0.823529411764706
1201,0.5147058823529412
1202,0.8647058823529412
1203,0.5911764705882353
1204,0.3529411764705882
1205,0.16764705882352945
1206,0.8705882352941177
1207,0.3323529411764706
1208,0.15
1209,0.06470588235294117
1210,-0.5705882352941177
1211,0.8352941176470589
1212,0.5441176470588236
1213,0.4970588235294117
1214,0.8205882352941177
1215,0.7176470588235294
1216,0.5621782243085235
1217,-0.044117647058823525
1218,0.8588235294117647
1219,0.5558823529411765
1220,0.4764705882352941
1221,0.8558823529411764
1222,0.2735294117647059
1223,0.5058823529411764
1224,0.6323529411764706
1225,0.8088235294117646
1226,0.8617647058823529
1227,0.5264705882352941
1228,-0.0588235294117647
1229,-0.032352941176470584
1230,-0.18823529411764706
1231,0.08529411764705883
1232,0.4470588235294117
1233,0.6794117647058824
1234,0.8411764705882352
1235,-0.032376756373789305
1236,0.3323529411764706
1237,0.8441176470588234
1238,0.4441176470588235
1239,0.17352941176470588
1240,0.3794117647058824
1241,0.5294117647058824
1242,0.8470588235294119
1243,0.8205882352941177
1244,0.14705882352941174
1245,0.3647058823529412
1246,-0.005882352941176471
1247,0.6470588235294118
1248,0.5764705882352941
1249,0.7852941176470588
1250,0.6617647058823529
1251,0.411764705882353
1252,0.5470588235294118
1253,0.8529411764705882
1254,0.3852941176470588
1255,0.5764705882352941
1256,0.7529411764705882
1257,-0.15
1258,0.18823529411764706
1259,0.2441176470588235
1260,0.4617647058823529
1261,0.4911764705882353
1262,0.5588235294117647
1263,0.3323529411764706
1264,0.7588235294117647
1265,0.65
1266,0.7970588235294117
1267,0.4470588235294117
1268,0.5794117647058823
1269,0.30882352941176466
1270,0.4264705882352941
1271,0.45
1272,0.33529411764705885
1273,0.2823529411764706
1274,0.65
1275,0.13823529411764704
1276,0.7294117647058823
1277,0.6852941176470588
1278,0.7529411764705882
1279,0.14705882352941174
1280,0.28823529411764703
1281,0.7794117647058825
1282,-0.16176470588235295
1283,0.2693157462001565
1284,-0.17941176470588235
1285,0.85
1286,0.4205882352941176
1287,0.28823529411764703
1288,0.07058823529411765
1289,0.2911764705882353
1290,0.27058823529411763
1291,0.5470588235294118
1292,0.5147058823529412
1293,0.2058823529411765
1294,0.7794117647058825
1295,0.6764705882352942
1296,0.1323529411764706
1297,0.38235294117647056
1298,0.6823529411764706
1299,0.4147058823529412
1300,0.4205882352941176
1301,-0.2212399006290492
1302,0.1647058823529412
1303,0.5882352941176471
1304,0.5970588235294118
1305,0.33529411764705885
1306,0.2088235294117647
1307,0.2147058823529412
1308,0.7352941176470589
1309,0.4794117647058824
1310,0.44117647058823534
1311,-0.052941176470588235
1312,0.7911764705882354
1313,0.023529411764705882
1314,-0.4058823529411764
1315,0.18529411764705886
1316,0.5352941176470588
1317,-0.19117647058823528
1318,-0.1764705882352941
1319,0.19705882352941176
1320,0.6294117647058822
1321,0.7999999999999999
1322,0.1647058823529412
1323,0.538235294117647
1324,0.3794117647058824
1325,0.5970588235294118
1326,-0.06470588235294117
1327,0.05
1328,0.2647058823529412
1329,0.28823529411764703
1330,0.4352941176470588
1331,0.5941176470588235
1332,0.4764705882352941
1333,0.823529411764706
1334,0.7411764705882353
1335,0.2264705882352941
1336,0.8529411764705882
1337,0.2411764705882353
1338,0.3147058823529411
1339,0.4058823529411764
1340,0.7558823529411764
1341,0.3147058823529411
1342,0.5470588235294118
1343,0.4764705882352941
1344,0.7382352941176471
1345,0.7617647058823529
1346,0.3794117647058824
1347,0.3323529411764706
1348,0.7529411764705882
1349,0.5294117647058824
1350,0.5647058823529412
1351,0.3764705882352941
1352,-0.2147058823529412
1353,0.6941176470588235
1354,0.10882352941176472
1355,0.8588235294117647
1356,0.08529411764705883
1357,-0.55
1358,0.4911764705882353
1359,0.4147058823529412
1360,0.48823529411764705
1361,0.1176470588235294
1362,-0.3294117647058824
1363,0.10882352941176472
1364,0.6411764705882352
1365,-0.4970588235294117
1366,-0.6382352941176471
1367,0.09860193986563108
1368,0.2764705882352941
1369,-0.03823529411764706
1370,0.4352941176470588
1371,-0.4
1372,0.07352941176470587
1373,-0.7911328160128565
1374,0.5264705882352941
1375,0.7382352941176471
1376,0.3911764705882353
1377,0.6823529411764706
1378,0.8470588235294119
1379,0.3529411764705882
1380,0.1323529411764706
1381,0.6029411764705882
1382,0.3588235294117647
1383,0.6294117647058822
1384,0.03823529411764706
1385,0.7558823529411764
1386,0.8058823529411765
1387,0.3235294117647059
1388,0.4794117647058824
1389,0.1647058823529412
1390,0.3147058823529411
1391,0.008823529411764706
1392,-0.12941176470588234
1393,0.6941176470588235
1394,0.7852941176470588
1395,0.6588235294117648
1396,0.6029411764705882
1397,0.6382352941176471
1398,0.3
1399,0.6647058823529411
1400,0.8294117647058824
1401,0.7823529411764706
1402,0.1264705882352941
1403,0.19867555047552526
1404,0.4617647058823529
1405,0.07058823529411765
1406,0.823529411764706
1407,0.6411764705882352
1408,0.8441176470588234
1409,0.3617647058823529
1410,-0.09411764705882353
1411,0.17352941176470588
1412,-0.3647058823529412
1413,0.4823529411764706
1414,0.7029411764705883
1415,-0.35000000000000003
1416,0.2764705882352941
1417,0.7441176470588236
1418,0.6029411764705882
1419,-0.11176470588235292
1420,0.4382352941176471
1421,0.12941176470588234
1422,-0.21764705882352944
1423,0.032352941176470584
1424,-0.4529411764705882
1425,0.8323529411764706
1426,-0.14411764705882352
1427,0.3617647058823529
1428,0.6529411764705881
1429,0.06470588235294117
1430,0.4558823529411765
1431,0.8352941176470589
1432,0.2764705882352941
1433,0.5205882352941177
1434,0.3647058823529412
1435,0.6794117647058824
1436,0.6205882352941177
1437,0.44117647058823534
1438,0.15294117647058825
1439,0.611764705882353
1440,0.2441176470588235
1441,-0.18235294117647055
1442,0.6294117647058822
1443,0.5489331876101552
1444,0.2470588235294117
1445,0.7676470588235293
1446,-0.0411764705882353
1447,0.22941176470588234
1448,0.7147058823529412
1449,0.8441176470588234
1450,0.6235294117647059
1451,-0.4264705882352941
1452,0.6705882352941177
1453,0.7999999999999999
1454,0.3294117647058824
1455,0.4058823529411764
1456,0.5205882352941177
1457,0.7352941176470589
1458,0.34411764705882353
1459,0.19411764705882356
1460,0.2764705882352941
1461,-0.2575423802460513
1462,0.28823529411764703
1463,0.8470588235294119
1464,0.411764705882353
1465,-0.035294117647058816
1466,0.3529411764705882
1467,0.2529411764705882
1468,0.19411764705882356
1469,-0.15
1470,0.7235294117647059
1471,-0.3205882352941176
1472,0.3970588235294118
1473,0.7999999999999999
1474,0.8617647058823529
1475,0.2029411764705882
1476,0.1647058823529412
1477,0.4617647058823529
1478,0.5205882352941177
1479,0.7999999999999999
1480,0.6
1481,0.4911764705882353
1482,0.5470588235294118
1483,-0.4911764705882353
1484,0.3970588235294118
1485,0.7176470588235294
1486,0.5029411764705883
1487,0.4176470588235294
1488,0.25
1489,0.014705882352941175
1490,0.3617647058823529
1491,0.3029411764705882
1492,0.4
1493,0.8205882352941177
1494,0.7764705882352941
1495,0.4147058823529412
1496,0.005882352941176471
1497,0.4470588235294117
1498,0.2735294117647059
1499,0.2764705882352941
1500,0.15294117647058825
1501,0.035294117647058816
1502,0.8441176470588234
1503,-0.2323529411764706
1504,0.026470588235294117
1505,-0.23823529411764705
1506,0.4235294117647059
1507,0.4823529411764706
1508,-0.4264705882352941
1509,0.005882352941176471
1510,0.13823529411764704
1511,0.2411764705882353
1512,0.032352941176470584
1513,0.0029411764705882357
1514,0.3647058823529412
1515,0.5852941176470587
1516,0.7529411764705882
1517,-0.12058823529411765
1518,0.07211186646889438
1519,0.4941176470588235
1520,0.4176470588235294
1521,-0.12058823529411765
1522,0.7852941176470588
1523,0.4647058823529412
1524,0.5029411764705883
1525,0.07352941176470587
1526,0.8176470588235294
1527,0.22352941176470587
1528,0.7637971162725751
1529,-0.0411764705882353
1530,-0.44117647058823534
1531,0.12058823529411765
1532,0.35000000000000003
1533,0.0588235294117647
1534,0.10294117647058824
1535,0.29705882352941176
1536,0.2735294117647059
1537,0.5176470588235293
1538,0.75
1539,0.09411764705882353
1540,-0.03823529411764706
1541,0.6029411764705882
1542,0.7647058823529411
1543,0.6558823529411765
1544,-0.2470588235294117
1545,0.4058823529411764
1546,0.6235294117647059
1547,0.18823529411764706
1548,0.2
1549,0.8441176470588234
1550,0.7529411764705882
1551,0.611764705882353
1552,0.8441176470588234
1553,0.2264705882352941
1554,0.2647058823529412
1555,0.3558823529411765
1556,0.6705882352941177
1557,0.19705882352941176
1558,0.6558823529411765
1559,0.5058823529411764
1560,0.15
1561,0.5205882352941177
1562,-0.008823529411764706
1563,0.3058823529411765
1564,0.32229589299362993
1565,0.3647058823529412
1566,0.8617647058823529
1567,0.5
1568,0.8558823529411764
1569,-0.3029411764705882
1570,0.5617647058823529
1571,0.4235294117647059
1572,0.5058823529411764
1573,0.7970588235294117
1574,0.3147058823529411
1575,0.823529411764706
1576,0.19117647058823528
1577,0.6823529411764706
1578,0.6647058823529411
1579,0.6882352941176471
1580,-0.2441176470588235
1581,0.6676470588235294
1582,0.6764705882352942
1583,0.4676470588235294
1584,0.5029411764705883
1585,0.5617647058823529
1586,0.5588235294117647
1587,0.4176470588235294
1588,0.21764705882352944
1589,0.5647058823529412
1590,0.15588235294117647
1591,0.1
1592,0.22941176470588234
1593,0.6058823529411764
1594,0.6205882352941177
1595,0.4382352941176471
1596,0.6470588235294118
1597,0.5558823529411765
1598,0.3794117647058824
1599,-0.15294117647058825
1600,0.7882352941176469
1601,0.5470588235294118
1602,0.75
1603,0.7852941176470588
1604,0.8323529411764706
1605,0.6235294117647059
1606,-0.035294117647058816
1607,0.8117647058823528
1608,0.9
1609,0.2794117647058824
1610,0.6882352941176471
1611,0.5176470588235293
1612,0.538235294117647
1613,-0.16176470588235295
1614,0.6382352941176471
1615,0.5676470588235295
1616,0.4382352941176471
1617,0.6382352941176471
1618,0.2470588235294117
1619,0.8911764705882352
1620,0.10882352941176472
1621,-0.07058823529411765
1622,0.5882352941176471
1623,0.2441176470588235
1624,0.5911764705882353
1625,0.6529411764705881
1626,0.6970588235294117
1627,0.29705882352941176
1628,0.4235294117647059
1629,0.30882352941176466
1630,0.611764705882353
1631,0.30882352941176466
1632,0.6823529411764706
1633,0.6058823529411764
1634,0.3470588235294117
1635,0.6970588235294117
1636,0.8588235294117647
1637,0.2823529411764706
1638,0.3735294117647059
1639,0.09705882352941177
1640,0.38235294117647056
1641,0.4735294117647058
1642,0.8176470588235294
1643,0.2676470588235294
1644,0.6588235294117648
1645,0.7999999999999999
1646,0.4705882352941176
1647,0.3705882352941177
1648,0.16764705882352945
1649,0.35000000000000003
1650,-0.02941176470588235
1651,0.22352941176470587
1652,0.3794117647058824
1653,0.9088235294117648
1654,0.5735294117647058
1655,0.34411764705882353
1656,0.17994178584495996
1657,0.5205882352941177
1658,0.4647058823529412
1659,0.5323529411764706
1660,0.7294117647058823
1661,0.8558823529411764
1662,0.2088235294117647
1663,0.5764705882352941
1664,0.7019869450135229
1665,0.4588235294117647
1666,0.3029411764705882
1667,0.3647058823529412
1668,0.6529411764705881
1669,0.6941176470588235
1670,0.4382352941176471
1671,0.6558823529411765
1672,0.5205882352941177
1673,0.5058823529411764
1674,0.22352941176470587
1675,0.02058823529411765
1676,0.8617647058823529
1677,0.8088235294117646
1678,0.4147058823529412
1679,0.4941176470588235
1680,0.38235294117647056
1681,-0.17352941176470588
1682,0.5970588235294118
1683,0.3705152958846553
1684,0.6617647058823529
1685,-0.02058823529411765
1686,0.8970588235294116
1687,0.4558823529411765
1688,0.6
1689,0.4088235294117647
1690,0.2764705882352941
1691,0.4529411764705882
1692,-0.5205882352941177
1693,0.09117647058823528
1694,0.2088235294117647
1695,-0.0588235294117647
1696,-0.008823529411764706
1697,0.823529411764706
1698,0.4529411764705882
1699,0.14705882352941174
1700,0.6735294117647058
1701,-0.051853274457771485
1702,0.5705882352941177
1703,0.3117647058823529
1704,0.8735294117647058
1705,0.8470588235294119
1706,0.3264705882352941
1707,0.6352941176470589
1708,0.44117647058823534
1709,0.6588235294117648
1710,0.6676470588235294
1711,0.5029411764705883
1712,0.6941176470588235
1713,0.5852941176470587
1714,-0.12941176470588234
1715,0.06916852498036807
1716,0.05
1717,0.55
1718,0.9205882352941176
1719,-0.15294117647058825
1720,0.7382352941176471
1721,0.3764705882352941
1722,0.5882352941176471
1723,-0.5735294117647058
1724,-0.22058823529411767
1725,-0.7352941176470589
1726,0.34411764705882353
1727,0.5
1728,-0.2058823529411765
1729,0.611764705882353
1730,0.052941176470588235
1731,0.4529411764705882
1732,0.5794117647058823
1733,0.6235294117647059
1734,0.5647058823529412
1735,0.5147058823529412
1736,0.6941176470588235
1737,0.5705882352941177
1738,0.07647058823529412
1739,0.6823529411764706
1740,0.09411764705882353
1741,0.5205882352941177
1742,0.2516556972689988
1743,0.7823529411764706
1744,0.7323529411764707
1745,0.6823529411764706
1746,0.5176470588235293
1747,-0.14411764705882352
1748,0.8647058823529412
1749,0.6176470588235293
1750,-0.12941176470588234
1751,0.6941176470588235
1752,0.7764705882352941
1753,0.19117647058823528
1754,0.29705882352941176
1755,0.7470588235294118
1756,0.3558823529411765
1757,0.25
1758,0.4352941176470588
1759,0.4794117647058824
1760,0.5676470588235295
1761,0.2088235294117647
1762,0.5941176470588235
1763,0.28823529411764703
1764,0.4764705882352941
1765,0.6147058823529412
1766,0.6088235294117647
1767,0.047058823529411764
1768,0.2441176470588235
1769,0.3647058823529412
1770,0.09411764705882353
1771,-0.4823529411764706
1772,0.3
1773,0.5147058823529412
1774,0.3117647058823529
1775,0.25588235294117645
1776,0.7676470588235293
1777,0.032352941176470584
1778,0.2588235294117647
1779,0.5705882352941177
1780,0.5294117647058824
1781,0.3588235294117647
1782,0.5205882352941177
1783,0.9088235294117648
1784,0.3705882352941177
1785,0.7176470588235294
1786,0.5466816649976479
1787,0.3411764705882353
1788,-0.10882352941176472
1789,0.7176470588235294
1790,0.7735294117647058
1791,0.5735294117647058
1792,0.7647058823529411
1793,0.8323529411764706
1794,0.4852941176470588
1795,0.2676470588235294
1796,0.18235294117647055
1797,-0.3193525515051037
1798,0.7705882352941176
1799,0.7735294117647058
1800,0.6558823529411765
1801,0.2058823529411765
1802,-0.19278886749847268
1803,0.7794117647058825
1804,-0.2470588235294117
1805,0.4470588235294117
1806,0.10882352941176472
1807,-0.10588235294117647
1808,0.4470588235294117
1809,0.4264705882352941
1810,0.5794117647058823
1811,0.35000000000000003
1812,0.29705882352941176
1813,0.3911764705882353
1814,0.8352941176470589
1815,0.9058823529411764
1816,0.5235294117647059
1817,0.6294117647058822
1818,0.3264705882352941
1819,-0.34411764705882353
1820,0.5705882352941177
1821,0.5970588235294118
1822,0.5852941176470587
1823,0.8588235294117647
1824,0.7852941176470588
1825,0.09705882352941177
1826,0.7117647058823531
1827,0.07647058823529412
1828,0.38704940574120855
1829,0.5058823529411764
1830,0.7441176470588236
1831,0.7470588235294118
1832,0.4264705882352941
1833,0.07941176470588236
1834,0.6911764705882353
1835,0.4617647058823529
1836,0.05588235294117647
1837,0.65
1838,0.2264705882352941
1839,0.19867555047552526
1840,-0.11176470588235292
1841,0.611764705882353
1842,0.5882352941176471
1843,0.0029411764705882357
1844,0.3882352941176471
1845,0.2529411764705882
1846,0.7176470588235294
1847,0.7882352941176469
1848,0.7088235294117646
1849,0.5558823529411765
1850,0.4147058823529412
1851,0.3205882352941176
1852,-0.08823529411764705
1853,0.5294117647058824
1854,-0.2323529411764706
1855,0.538235294117647
1856,0.3
1857,0.5676470588235295
1858,0.6323529411764706
1859,0.4088235294117647
1860,0.3911764705882353
1861,0.026470588235294117
1862,0.5852941176470587
1863,0.7382352941176471
1864,0.6147058823529412
1865,0.008823529411764706
1866,0.3294117647058824
1867,0.2323529411764706
1868,0.6352941176470589
1869,0.5489331876101552
1870,0.4676470588235294
1871,0.17058823529411765
1872,0.6411764705882352
1873,-0.5205882352941177
1874,0.2088235294117647
1875,-0.3588235294117647
1876,0.27058823529411763
1877,-0.3
1878,0.9
1879,0.3029411764705882
1880,0.5117647058823529
1881,-0.15588235294117647
1882,0.05588235294117647
1883,0.2647058823529412
1884,0.25588235294117645
1885,0.6735294117647058
1886,0.6441176470588235
1887,0.8676470588235294
1888,0.3941176470588235
1889,-0.0823529411764706
1890,0.5735294117647058
1891,0.7764705882352941
1892,0.7058823529411764
1893,0.5117647058823529
1894,0.33529411764705885
1895,0.5117647058823529
1896,0.8535690316726273
1897,0.6323529411764706
1898,0.5235294117647059
1899,0.6058823529411764
1900,0.2529411764705882
1901,0.3705882352941177
1902,0.40294117647058825
1903,-0.035294117647058816
1904,0.5882352941176471
1905,0.5647058823529412
1906,0.5764705882352941
1907,0.6235294117647059
1908,0.6088235294117647
1909,0.7588235294117647
1910,0.4705882352941176
1911,-0.2029411764705882
1912,-0.4823529411764706
1913,0.3294117647058824
1914,0.7676470588235293
1915,0.7176470588235294
1916,0.5617647058823529
1917,0.5794117647058823
1918,0.8794117647058824
1919,0.023919526565495987
1920,0.19117647058823528
1921,0.8147058823529412
1922,0.6735294117647058
1923,0.3470588235294117
1924,0.5352941176470588
1925,0.4588235294117647
1926,0.30882352941176466
1927,-0.16764705882352945
1928,-0.5352941176470588
1929,0.4058823529411764
1930,0.8558823529411764
1931,0.65
1932,0.3264705882352941
1933,0.6470588235294118
1934,0.7352941176470589
1935,0.8941176470588235
1936,-0.08823529411764705
1937,0.5735294117647058
1938,0.2352941176470588
1939,0.17352941176470588
1940,0.6176470588235293
1941,0.4323529411764706
1942,0.1352941176470588
1943,0.2088235294117647
1944,0.7647058823529411
1945,0.6264705882352941
1946,0.07647058823529412
1947,0.3470588235294117
1948,0.5441176470588236
1949,0.33529411764705885
1950,0.22058823529411767
1951,0.7647058823529411
1952,0.03823529411764706
1953,0.3267109052264194
1954,0.2029411764705882
1955,0.6029411764705882
1956,0.5411764705882353
1957,0.07941176470588236
1958,0.4088235294117647
1959,0.16764705882352945
1960,0.5117647058823529
1961,0.3794117647058824
1962,0.4294117647058823
1963,0.2529411764705882
1964,0.6911764705882353
1965,0.5735294117647058
1966,-0.044117647058823525
1967,0.22941176470588234
1968,0.4529411764705882
1969,0.6235294117647059
1970,0.12352941176470587
1971,0.33529411764705885
1972,0.7205882352941175
1973,0.5441176470588236
1974,0.3735294117647059
1975,0.5470588235294118
1976,0.23823529411764705
1977,-0.4702714206408682
1978,0.6264705882352941
1979,-0.005882352941176471
1980,0.17058823529411765
1981,0.45
1982,-0.16176470588235295
1983,0.4823529411764706
1984,0.3852941176470588
1985,0.5588235294117647
1986,0.31764705882352945
1987,0.06176470588235294
1988,0.4382352941176471
1989,-0.5264705882352941
1990,-0.09705882352941177
1991,0.6088235294117647
1992,0.5058823529411764
1993,0.4205882352941176
1994,0.5323529411764706
1995,0.4764705882352941
1996,0.3058823529411765
1997,0.3147058823529411
1998,0.5529411764705882
1999,0.3558823529411765
