,value_per_image
0,-11293.015047509334
1,-17737.6096081858
2,-18728.89880636865
3,-29625.9801405103
4,-6530.96481260283
5,-4958.957529819835
6,-1683.0563713660943
7,-3615.6982742246187
8,-5279.725419076278
9,-11472.042711357119
10,-2124.263448510555
11,-1809.3908110802267
12,-968.0498067025903
13,-56850.997460503226
14,-32047.91859124864
15,-10917.195628284117
16,-26819.86133798533
17,-5942.112356847426
18,-840.2537303007457
19,-8435.8511291195
20,-7657.157271509993
21,-2803.4911189447444
22,-14059.626758149972
23,-3607.3852982935423
24,-10823.273067581464
25,-3049.605433151176
26,-4682.049345102253
27,-8170.472311950786
28,-2921.394101375269
29,-5248.078139678309
30,-185142.2441581482
31,-6844.849090043219
32,-1728.5560075968356
33,-7674.116628331124
34,-3657.997396836575
35,-5179.7520618695335
36,-10402.20719553211
37,-1145.0801203447872
38,-5693.116007413733
39,-41583.08622091683
40,-1221.560324407112
41,-11264.82346723794
42,-7263.900074795314
43,-2262.889586492298
44,-13519.457482477119
45,-703.9737267973112
46,-2910.0832150328224
47,-59689.56009538465
48,-20810.625231541337
49,-4303.4054361709495
50,-1842.721306513045
51,-5460.476336611479
52,-12071.999572572096
53,-1088.150090127816
54,-12198.83208546004
55,-1562.8336062835308
56,-9019.71699822412
57,-4823.743276997693
58,-2192.5178414291336
59,-3291.7770124013537
60,-20667.246786738866
61,-3146.3928804654915
62,-5225.283851040623
63,-6459.476091808035
64,-1409.8961031270335
65,-209682.1252159383
66,-3883.100605950592
67,-15647.856007238213
68,-9013.717082638077
69,-2187.9323893248247
70,-5821.104763635293
71,-6089.4011586758
72,-1318.9584876582128
73,-4322.906105305871
74,-1381.6017931229956
75,-160179.57094253204
76,-1198.3704297993672
77,-7182.032970665015
78,-9920.642951727494
79,-5694.500175070464
80,-707.5643859861511
81,-11345.250808685416
82,-863.7125227223872
83,-4485.271063209781
84,-9675.50901690832
85,-8373.603705432755
86,-1851.9158179944282
87,-9723.275915224483
88,-4239.232290319554
89,-9430.846871512558
90,-32811.11140500048
91,-15948.977600812248
92,-3212.3249016340096
93,-2888.279601851012
94,-65793.13623954925
95,-29238.329265219472
96,-1929.9685271627507
97,-3424.7228969822054
98,-11131.536079240119
99,-63305.55281114184
100,-110118.9259046384
101,-2498.5249221039435
102,-32936.031961539265
103,-1662.6322121067624
104,-10874.926767723256
105,-9811.44051170538
106,-582.8697450016881
107,-1197.137737914734
108,-6694.603200705033
109,-216097.7894234503
110,-4441.039365834071
111,-6044.9300051950595
112,-4709.162026105653
113,-152589.01021522528
114,-12960.277923709982
115,-3399.5660722132543
116,-5584.552719386411
117,-4800.610013577173
118,-4770.872728817965
119,-2886.741083048151
120,-2102.817884444607
121,-12450.345452189542
122,-4008.5519275761653
123,-5500.902685651839
124,-5752.222379865233
125,-1195.2506919991465
126,-13806.436682295098
127,-2135.9265835047668
128,-10715.838625571685
129,-9523.787336602314
130,-2437.618449622959
131,-4772.9881013026725
132,-6008.638708289076
133,-7491.388003207199
134,-2515.1149041318226
135,-37337.050859205534
136,-11370.89329111618
137,-2352.502734561176
138,-4501.255332053337
139,-1010.1791528595708
140,-555.9881084778617
141,-36186.55138416543
142,-1105.9280144929403
143,-16330.884514412783
144,-6543.5058986536105
145,-50160.48767896682
146,-1062.7307739036721
147,-551.5804004170584
148,-8029.31375822376
149,-4267.686111211854
150,-4612.73607038219
151,-4201.5334090679025
152,-1313.6879891306887
153,-3726.053849633059
154,-2946.1859707904387
155,-133827.49113374413
156,-2544.393866415549
157,-1728.8391401008664
158,-2854.8258632090638
159,-4471.589064493436
160,-6732.536956551732
161,-1582.9763652499578
162,-8890.961670765135
163,-78640.9526295574
164,-41831.35755574578
165,-2281.8972957038995
166,-12722.848237270513
167,-1967.1512890440606
168,-3363.660349152549
169,-23078.551415908805
170,-4548.298569891234
171,-20576.499497000543
172,-1743.9526511688919
173,-4102.4035205976315
174,-7368.203019601755
175,-2356.2012942532347
176,-2009.9889815610666
177,-3948.7722193107147
178,-5092.527452808526
179,-4179.616981531981
180,-6342.540282678826
181,-16859.09370082566
182,-2265.21292301772
183,-2147.4913800672525
184,-5048.909182558907
185,-2233.7359773862227
186,-15768.3611259278
187,-3472.8378434961483
188,-37676.19670562341
189,-5501.9269678403125
190,-1595.842847319767
191,-91223.3943240491
192,-1008.6012981321857
193,-3661.9312748113066
194,-8678.30701680323
195,-2904.651283403105
196,-2471.6226137739113
197,-3124.22370717282
198,-8400.500467304391
199,-5998.389284930656
200,-6591.524795549924
201,-5292.196333300196
202,-18033.547369554017
203,-4987.5015077556845
204,-3801.750303749361
205,-40960.35261433245
206,-13564.44342093916
207,-10962.627716476827
208,-28095.85988126997
209,-3733.018134146328
210,-8025.602372256061
211,-1549.2287992887964
212,-8074.952614405763
213,-1619.1865808642044
214,-9475.289586581475
215,-65088.0323567721
216,-2821.505732764421
217,-3857.256735995322
218,-32189.290273413022
219,-1035.671235095176
220,-1554.4567383466442
221,-5875.860694721508
222,-84328.94271750182
223,-921945.2976098752
224,-1734.2966911008216
225,-6662.4973709678825
226,-3345.4827548672747
227,-31186.747444932033
228,-8072.907836213479
229,-4665.845928977376
230,-3695.399406330321
231,-19657.38031776285
232,-3177.4433690850897
233,-10834.485456036842
234,-5191.287763827253
235,-1224.383073850608
236,-9861.544328786928
237,-13612.977604924657
238,-6551.39255573431
239,-2910.969928271641
240,-12440.425994531854
241,-8923.36748655011
242,-3100.479855021851
243,-36518.479816959414
244,-4497.567321128379
245,-3513.0177776948985
246,-1879.7256236293013
247,-15570.638007540856
248,-32110.153782289926
249,-5739.315262942527
250,-166780.56373460323
251,-1384.7513057688782
252,-12701.598802952478
253,-3359.615620901583
254,-5694.79240054903
255,-8103.805525078026
256,-1892.7144291998975
257,-46165.370891824845
258,-7077.49556201842
259,-2157.8778008795894
260,-2042.1335720638467
261,-3744.5051695560933
262,-230961.4703195981
263,-37087.60291157069
264,-7036.760391131203
265,-4001.340351643169
266,-2261.5102604859712
267,-6482.238702591916
268,-2497.2520277822105
269,-4096.715050157992
270,-10395.078163044676
271,-10130.449841042093
272,-5987.664475940929
273,-2206.3863259211525
274,-5780.20720365222
275,-3254.382129977485
276,-648.5479980950648
277,-906.819264303312
278,-5065.340020697672
279,-4220.7562294140425
280,-12105.601320215024
281,-6449.036642712011
282,-208414.9116744361
283,-3447.16940283544
284,-5101.109354936731
285,-2980.91329521362
286,-3372.687136369897
287,-4802.940936827842
288,-6874.167594651888
289,-4814.344024801596
290,-4646.781561996645
291,-18115.46864085109
292,-22518.266829975742
293,-5217.857908686957
294,-1305.855909363883
295,-3167.997297106249
296,-5061.530872183313
297,-3061.4804797882616
298,-10469.644454662672
299,-7002.334654462705
300,-2211.786801799883
301,-8543.598211768995
302,-3821.1581237538508
303,-7102.21593473343
304,-1028.967040489806
305,-29302.935735778672
306,-1487.1984255469174
307,-20708.50677542632
308,-645.5760993025732
309,-4157.603605898084
310,-649.3565905739847
311,-594.8901870897032
312,-6989.9461588052245
313,-1540.4788498514235
314,-9470.885646431376
315,-1562.6757598182046
316,-5110.102092777958
317,-2088.513134207103
318,-6704.7227799142565
319,-2554.687622894801
320,-2747.3816005892263
321,-6274.8493210204415
322,-16224.942663207596
323,-2018.4105385570472
324,-2562.701272236571
325,-901.0083575885184
326,-8386.762178520425
327,-10308.637061371812
328,-4562.628795483607
329,-6881.361013213772
330,-51164.87144394851
331,-4498.226081103525
332,-97138.22880865904
333,-7225.77750451195
334,-2961.978427548506
335,-2189.1353801903056
336,-44595.530240858505
337,-2533.3622935589146
338,-11072.388712515289
339,-2482.954747567135
340,-5169.087155400952
341,-25261.876146664512
342,-1295.9856758974738
343,-4098.549143994792
344,-3378.3543634130115
345,-6760.376887602164
346,-6874.638152809123
347,-5584.360384715193
348,-92969.1700884504
349,-6804.45425067158
350,-3472.060564950692
351,-15234.916063438308
352,-1270.1634041917325
353,-651.2593132135939
354,-2660.2668025669923
355,-31268.60468914728
356,-10822.018306639151
357,-48167.42183575666
358,-3031.4880257810905
359,-1513.9053970513107
360,-38251.637374248436
361,-4733.169333171214
362,-4695.701081114699
363,-2336.6480839816213
364,-1380.7173504969253
365,-4842.14387030159
366,-22192.199539576424
367,-55369.4689133542
368,-2601.5329031518545
369,-3410.252357341933
370,-7593.92623916109
371,-1489.4643695608265
372,-14366.55116302624
373,-7607.610301800365
374,-4504.263371856292
375,-106581.4101302664
376,-1026.6921658825543
377,-2794.5207200413597
378,-9555.384863052874
379,-9843.702273707257
380,-2990.0140268183577
381,-2130.501362170719
382,-10703.135592883278
383,-157970.42106400337
384,-2363.044228730719
385,-51495.29079726517
386,-77557.76717334098
387,-11647.98088172916
388,-3048.6320769888976
389,-10854.791541808825
390,-6512.846840914455
391,-4437.138137622765
392,-6167.859625795915
393,-17580.55754217453
394,-3188.210041865283
395,-6602.665688927062
396,-5193.895232689961
397,-6242.242427618829
398,-4963.754860999917
399,-4715.928882558557
400,-1914.107895824245
401,-3364.289810425742
402,-4313.131109802269
403,-5061.516981040476
404,-2984.482200782176
405,-4854.203227462117
406,-2921.184399730153
407,-6071.67859732101
408,-1488.613184105574
409,-2110.628990525532
410,-32943.06566125998
411,-2759.5825784569374
412,-2849.893614039749
413,-3127.822041477315
414,-1298.654274366485
415,-2177.7338334242613
416,-2494.6774591748317
417,-1131.5718748811944
418,-5066.712423835132
419,-2437.2684790361
420,-12681.136369489432
421,-7795.6371047607445
422,-2960.339618351439
423,-3590.1247327034853
424,-2748.6049087679426
425,-3149.662796560653
426,-4412.626294138099
427,-2390.9362288305915
428,-2081.963986473227
429,-7699.12314716607
430,-11328.666673296782
431,-8765.776617922957
432,-1975.3297237665836
433,-7642.368791280984
434,-6482.588083910756
435,-11478.364927902632
436,-2345.530399118561
437,-7098.44929705385
438,-1713.5129132947607
439,-1960.7104316992788
440,-1593.623577455728
441,-5709.120093822963
442,-3153.084082416345
443,-1580.3881725320225
444,-2001.474066354288
445,-6681.006344370171
446,-13779.124830142237
447,-2289.6040835401527
448,-3571.655516202632
449,-76661.08334640689
450,-34695.82105524819
451,-21697.230332907795
452,-3351.1769486821527
453,-3361.4122011156687
454,-30472.333284425655
455,-31840.53598383496
456,-20248.133973040818
457,-5496.415090016621
458,-3606.696246794878
459,-1804.1844152297385
460,-9319.634354412656
461,-2431.8957325104047
462,-12110.087538565258
463,-8403.817444941507
464,-1529.208593170522
465,-645.0362979928483
466,-21704.110183758257
467,-2812.1716415249016
468,-405518.9810265943
469,-6882.625618081801
470,-1958.1523903379007
471,-5670.750452182488
472,-4245.307026353138
473,-1201.0207399001067
474,-346.30934055614637
475,-2354.0691969094146
476,-6577.244199524884
477,-1393.1511494882136
478,-3727.4805891864708
479,-798.1849533205182
480,-1204.8180991161662
481,-1177.859155548278
482,-355807.33583632146
483,-10878.360168017669
484,-1084.6512558340899
485,-3550.5137303386864
486,-1744.3902100575256
487,-3189.461311656124
488,-7794.8489712124765
489,-26282.333910881098
490,-5644.5350268436405
491,-31621.97293935985
492,-5284.548285832619
493,-11223.120262592669
494,-8417.398657516193
495,-3757.864677435318
496,-2126.9550729663433
497,-2890.8920361993028
498,-1495.4933484140536
499,-32440.05388487345
500,-2793.7250407473352
501,-9659.352727103216
502,-19900.15252723695
503,-1384.904102050919
504,-13365.112049345908
505,-10599.001539045348
506,-7712.9602364604825
507,-7409.380503719234
508,-36654.45691751705
509,-2385.851410854089
510,-3820.8313421246007
511,-5530.20326674205
512,-1647.7069709262923
513,-65682.28592436481
514,-197121.8469131288
515,-17180.914189861764
516,-6580.738477119053
517,-8811.847195536513
518,-11293.857049681112
519,-4895.891106086581
520,-2780.200034483325
521,-14183.023250097158
522,-1266.6395695720246
523,-5275.162391891367
524,-4608.601954154767
525,-11628.943480209122
526,-9474.868468465467
527,-20622.67874519373
528,-31454.228828422027
529,-1768.9408109675412
530,-8416.025002579676
531,-4731.037000297119
532,-9002.486025781047
533,-10219.02495023642
534,-3851.709095628207
535,-94100.21121097973
536,-7751.710601763679
537,-5307.317398623106
538,-10021.928844681968
539,-18971.541796454767
540,-7062.081575132756
541,-5621.4953656071375
542,-2214.913981542903
543,-2536.038582736286
544,-40822.61272872079
545,-19297.315209463115
546,-9577.329317081863
547,-182936.4088868311
548,-899.0406132086057
549,-5262.014036034739
550,-14975.744411942516
551,-24791.629410604644
552,-600.1894665994148
553,-24734.374478261205
554,-5656.446655076203
555,-3517.586623443225
556,-2723.007442901988
557,-2934.7000577911963
558,-1733.90255816647
559,-118783.39698290825
560,-2112.9013324834114
561,-10497.22276205222
562,-694996.0904981771
563,-1863.1768548169528
564,-1945.53406881428
565,-6658.5726770901065
566,-3516.115978406074
567,-38757.998413722
568,-2579.0856653957458
569,-1693.955237798681
570,-11898.510921277493
571,-7579.762141097752
572,-2713.899935566259
573,-18824.014277149832
574,-1712.013655374332
575,-2315.5238336146003
576,-3066.754654663117
577,-1879.96508023066
578,-5090.9918839722495
579,-1084.8555999111113
580,-3205.138585900241
581,-2746.696821582415
582,-11708.96150704689
583,-80168.5659991507
584,-4383.285124214267
585,-2045.857711631981
586,-5720.553285722036
587,-7645.936419762246
588,-17880.26729598459
589,-20958.338773817875
590,-2597.2347814821132
591,-7476.3252023945015
592,-28081.372943545528
593,-2542.501018243316
594,-1349.903733722699
595,-8610.16744147457
596,-2316.22531142064
597,-1916.7031134864292
598,-5435.985530629333
599,-2091.798323411634
600,-5696.206328096239
601,-12955.180978208178
602,-9431.16691510818
603,-5693.946280210434
604,-1118.8927579227616
605,-7433.279553255238
606,-44059.55284168145
607,-9664.000092986766
608,-6693.652082149329
609,-6223.457691477129
610,-1531.435171746921
611,-46609.015166797224
612,-29353.250187464462
613,-7535.727647228003
614,-37101.638836884274
615,-7596.8194192852725
616,-13319.557841085307
617,-10357.779412651927
618,-3320.408122795186
619,-14325.645319167705
620,-2383.8978458026622
621,-6098.157542120493
622,-13171.630070779318
623,-7391.735202223077
624,-3561.866743686265
625,-1272.6043674347625
626,-7756.9467867234425
627,-3666.833835841251
628,-14959.673418615319
629,-125993.25214790985
630,-1104.658740350344
631,-6318.698250550226
632,-561.6978113854494
633,-4288.247010123301
634,-2421.70266452682
635,-2095.8161321484267
636,-1341.533386000336
637,-3990.3718543124432
638,-4103.338388097258
639,-1758.4096092286504
640,-7355.936783272024
641,-77597.1263480905
642,-6726.846085839321
643,-4045.791638767853
644,-9989.774763292231
645,-2986.2426071994782
646,-4999.156484223732
647,-9957.892778792586
648,-1247.3181817588284
649,-2860.44179206904
650,-8421.736879083031
651,-6767.119988027467
652,-2324.149798426686
653,-471.50324826013735
654,-3003.7531334745563
655,-4965.643621263519
656,-4922.990345153889
657,-15230.677964961444
658,-486.08936597931336
659,-11348.639863565992
660,-7217.083117316346
661,-17177.255433630256
662,-8713.225132652224
663,-4475.351410814715
664,-4233.317100975604
665,-5043.503596706523
666,-1951.6836276387326
667,-7428.755999046259
668,-28916.07312808436
669,-7081.547697394536
670,-10339.928664355904
671,-3031.601382437212
672,-18956.2592720085
673,-10763.348109222836
674,-1384.3860633508473
675,-6591.297117729299
676,-3114.7475998514856
677,-5093.555168256593
678,-84949.70917854934
679,-3034.415530301485
680,-3240.828240289523
681,-10152.270579360853
682,-9623.396786391508
683,-9063.313599540645
684,-14895.277432148216
685,-4704.169072302873
686,-3550.559130390804
687,-8086.807667257043
688,-3119.172432798038
689,-2289.2264358641933
690,-11421.315236326145
691,-2510.757970931383
692,-10350.492901031175
693,-28348.021657120054
694,-5400.685384347659
695,-6007.457029739185
696,-21663.868917082305
697,-2737.382687229549
698,-2471.124728573034
699,-1775.2412228991614
700,-3257.09405220268
701,-50475.94853555028
702,-1899.2527597555734
703,-2300.731559036665
704,-3271.533275802721
705,-16776.7396948164
706,-2160.3001757577654
707,-10673.172674027444
708,-2349.073429439908
709,-6275.413412074546
710,-2396.669757083937
711,-2728.5347890566104
712,-9461.696721648648
713,-455931.2522871872
714,-1911.3376034979221
715,-3694.446540601265
716,-1794.8717491169052
717,-1853.7197826789045
718,-14869.76967066886
719,-5111.875644893416
720,-1286.5132020552585
721,-1854.350829449185
722,-5680.653207496157
723,-8209.079935486381
724,-2490.2163933704237
725,-652.0694271992774
726,-7784.469498540387
727,-13808.163717979116
728,-5337.407971557814
729,-816.5863125176631
730,-6631.3002028952305
731,-6330.31327464769
732,-13397.666864830102
733,-1157.0265323239482
734,-1346.8835963340234
735,-1246.5832438674754
736,-9721.232744851446
737,-2586.8774290772612
738,-9566.429027719836
739,-4763.873153995074
740,-1477.9385399211492
741,-3714.7093024928117
742,-3345.082900779641
743,-332555.37698838755
744,-10230.810983731948
745,-1180.2325622511225
746,-2989.1777805959837
747,-5549.698024859373
748,-8579.431152644294
749,-1342.6081823544016
750,-1445.128660816387
751,-3632.9038066814805
752,-1728.4572146193348
753,-9980.338250042108
754,-16906.63128096186
755,-4440.079877188071
756,-25961.33382689204
757,-2406.8023744391753
758,-10051.320449510567
759,-13395.104587337712
760,-5659.745479060971
761,-4671.118271697141
762,-12491.497691047683
763,-5091.380686567709
764,-2415.354894874563
765,-62437.00596668988
766,-1352.0036594002586
767,-5459.830856812525
768,-37273.37458503196
769,-378.949970450415
770,-1325.2351143891606
771,-1965.027570578662
772,-10205.046640726729
773,-12715.554460168132
774,-3041.3881585414583
775,-2993.4613990839457
776,-4537.36046509489
777,-2287.888094306016
778,-10293.70854044192
779,-2846.379316904927
780,-1178.6723086239865
781,-10439.459760438032
782,-1919.754776159504
783,-51074.731464153825
784,-2455.1770359260363
785,-3333.932916938857
786,-3163.062815297171
787,-6306.721707304289
788,-6871.997335711165
789,-1148.9608011898247
790,-11302.860923893644
791,-7407.347079958517
792,-1974.2647229547033
793,-3706.3016808100224
794,-48481.019286577684
795,-1760.106031670636
796,-13100.497175271174
797,-1837.8680348149207
798,-4338.25896560705
799,-416157.4840141803
800,-6461.767847876676
801,-2177.9205970322287
802,-4204.64111581402
803,-5724.757819942141
804,-44050.848097782626
805,-32145.82553760415
806,-20756.654900627105
807,-3450.992460798673
808,-10957.542368855407
809,-1887.6571972330235
810,-41635.54585860246
811,-23647.46651855003
812,-4769.066016301946
813,-20701.46879904672
814,-1135.0280916786332
815,-2903.9146718298225
816,-11147.596837510177
817,-6856.051627277547
818,-7116.308076671574
819,-7992.068547359236
820,-11254.042871266462
821,-9815.292753189304
822,-2990.2262344539754
823,-1014.2391423921823
824,-2096.442228865845
825,-1919.8674996524228
826,-10231.489403923988
827,-8278.52167901355
828,-5562.330742648735
829,-2966.9932709296645
830,-6768.005984341379
831,-5676.479552528803
832,-1218.9918049777025
833,-21910.515324514352
834,-3290.2839374484092
835,-10523.57361057944
836,-12483.016020155095
837,-2462.623675697285
838,-8253.931155582148
839,-4937.8590609237235
840,-4140.743149873938
841,-11498.927854394453
842,-1600.841259882863
843,-6568.819437360434
844,-2346.8256117353226
845,-7061.775046441978
846,-14510.340940453372
847,-2175.8635477773228
848,-2291.5787717757103
849,-2490.890622462395
850,-20140.714648072004
851,-4234.024594948987
852,-8302.359879992866
853,-740.6067468244153
854,-23462.10121993541
855,-9190.293626240225
856,-1894.9591149100736
857,-4872.871373256281
858,-18662.2259388233
859,-7289.486529565467
860,-13892.805409134744
861,-3782.359825452905
862,-4779.81812759194
863,-14886.039932751632
864,-20403.177361353235
865,-7556.9600708366215
866,-10450.915945868168
867,-1023.8061628851112
868,-1780.3592364155616
869,-7250.924691636781
870,-3602.5586458821413
871,-1941.1829286266811
872,-11102.434034563496
873,-18552.535790286103
874,-2854.714460327027
875,-3914.352855971979
876,-9177.612329437956
877,-116096.21550126874
878,-28288.48551046826
879,-4041.262398285052
880,-25662.837102228084
881,-6233.585377538763
882,-3950.7143485332567
883,-7128.733714620742
884,-10065.944906387198
885,-12133.465876474474
886,-5164.181450056281
887,-11300.288184794728
888,-3940.616256285761
889,-6289.92380917661
890,-1597.4478111158814
891,-896569.3977204813
892,-28936.37761544819
893,-16124.639708169634
894,-27196.39055873579
895,-3929.855734990568
896,-1481.0918130296247
897,-3914.3000959831156
898,-3909.82750730046
899,-6531.7872664985425
900,-8708.058295039362
901,-6420.294018934028
902,-8919.950556765034
903,-5879.751084380771
904,-3186.3285246141018
905,-9373.338054528318
906,-181726.9029566181
907,-4596.547951771134
908,-2313.24290774682
909,-2535.1772905605208
910,-1099.0610923902584
911,-8409.809591253237
912,-3182.7947728481267
913,-8008.755453284069
914,-2978.905534727345
915,-3353.8492882187043
916,-735.0309005899446
917,-662.542804697199
918,-1707.015167960491
919,-40499.02946606063
920,-14502.760047739299
921,-2822.744344167583
922,-5102.261991233578
923,-2124.661288173585
924,-1946.500471026367
925,-7853.764732290637
926,-6259.809180081643
927,-2604.364651819237
928,-8864.766777687455
929,-2293.258500069559
930,-7519.883281434638
931,-1701.3124329250695
932,-3233.7626788506905
933,-3800.4542946591323
934,-1792.3359349749744
935,-7237.176752771657
936,-4447.440564591159
937,-801.0360484128116
938,-39384.80161816315
939,-4709.010485682456
940,-1105.1324872156824
941,-22102.69742339687
942,-15513.657033264963
943,-8093.780857569833
944,-4822.298372572613
945,-13128.79297831059
946,-4704.634958724821
947,-1429.7959860700205
948,-2458.9790901301567
949,-2064.4049705002376
950,-10261.116991133675
951,-2538.0155510365303
952,-15283.60523192389
953,-3310.850641423616
954,-3578.9280337314917
955,-2541.379800002833
956,-2385.446300780733
957,-2774.8009503716166
958,-2525.9596882435158
959,-27299.43268803628
960,-1071.4340373777793
961,-6543.4429285789965
962,-6816.982026087636
963,-35823.44162836239
964,-1529.3991314563236
965,-27458.259943714238
966,-1388.792530478783
967,-8965.278879228941
968,-11559.426083879323
969,-2259.2197453406648
970,-2745.703694704053
971,-15273.231706064775
972,-1332.0914454411309
973,-6862.460809678579
974,-7779.071611434617
975,-4386.881107391424
976,-2360.656355848429
977,-10767.86638070234
978,-1443.298683919927
979,-1797.2226669907309
980,-11140.195897421741
981,-130184.0085187256
982,-2109.4348847269184
983,-4519.737978657948
984,-1421.4101129470544
985,-70297.58379548903
986,-8238.786248448992
987,-9822.706789031137
988,-4038.6642579548266
989,-4675.567678254926
990,-8436.833635852025
991,-10253.713778426618
992,-3178.493238235736
993,-958.1926332767288
994,-4916.445824152857
995,-3291.986080087373
996,-1831.2382699772704
997,-4495.621504037824
998,-12597.319702117129
999,-4751.508956820902
1000,-2612.7691529604567
1001,-5702.2587114792295
1002,-12797.879075766587
1003,-2883.8551096859333
1004,-13042.264596288866
1005,-1755.4249973531494
1006,-95084.61018466749
1007,-78645.80710171045
1008,-6751.173232155306
1009,-16316.303214743059
1010,-2888.255972555855
1011,-9771.551585127983
1012,-3219.1725257131952
1013,-6378.553259271596
1014,-9278.936240666551
1015,-7421.5991765983645
1016,-3111.0412998417364
1017,-3882.122911693839
1018,-3870.317484744231
1019,-5646.165627727658
1020,-1411.536552468284
1021,-3876.930816872029
1022,-22557.603024665303
1023,-8468.53928639262
1024,-4907.978105889716
1025,-3972.4181905780933
1026,-2041.824458490343
1027,-7531.518539895029
1028,-763.6564894917003
1029,-148988.92760640776
1030,-1358.5626892642667
1031,-3578.089084939458
1032,-1653.7652034698276
1033,-3835.9317511368486
1034,-2194.212533465315
1035,-13994.959763990206
1036,-12891.790530117798
1037,-8461.068949130493
1038,-6301.529569641007
1039,-1843.5944040698898
1040,-31993.389097876603
1041,-898.8456037674727
1042,-7396.260637033447
1043,-11759.085128965493
1044,-1380.4238660372143
1045,-10631.667975430915
1046,-1843.718458766831
1047,-2008.6735668186325
1048,-15884.052252036065
1049,-9874.231352996518
1050,-1325.4014135956782
1051,-1013.1065689647422
1052,-54660.61439725957
1053,-22692.056368583042
1054,-3334.5358051344188
1055,-48965.70896959099
1056,-17442.26854380498
1057,-2872.751753977168
1058,-3675.2941396660412
1059,-2426.322232057214
1060,-2403.61957047548
1061,-16557.045811335403
1062,-1552.654692001382
1063,-11205.94325162099
1064,-83940.24945553366
1065,-5925.114569093006
1066,-26840.397062831773
1067,-1856.8042652370948
1068,-2840.397545417488
1069,-7864.4478201942375
1070,-20033.626991203066
1071,-1600.486221713031
1072,-3839.102771713644
1073,-11246.053850220898
1074,-9138.085551346872
1075,-2044.3850244027685
1076,-34637.970114857206
1077,-1865.5099727328648
1078,-26414.690880884264
1079,-4609.383470327084
1080,-3633.81165312211
1081,-1843.5216471551576
1082,-4675.833563472993
1083,-2057.721331764008
1084,-2601.823576073476
1085,-4708.623281321458
1086,-4308.410307894265
1087,-4321.7248673242375
1088,-2202.331931777433
1089,-70404.5210150887
1090,-2060.006057130738
1091,-11656.107977106254
1092,-1440.9895617505865
1093,-5857.359977364629
1094,-950968.5371696764
1095,-10029.583141240772
1096,-17142.577667593472
1097,-645.7520422713878
1098,-10215.934541544517
1099,-101714.20468350283
1100,-54110.913782919924
1101,-49189.72507195954
1102,-8682.363315907534
1103,-53119.93271904427
1104,-1114.804335160625
1105,-2221.2809627083498
1106,-3013.827727618149
1107,-5973.601648450783
1108,-2293.013760788094
1109,-1762.9364027101
1110,-17301.673747541434
1111,-2475.368815347681
1112,-3239.6093995665938
1113,-2228.4275158229466
1114,-2402.6065483659304
1115,-4345.810541304204
1116,-21171.17083532831
1117,-2805.6974475955753
1118,-6309.596179367303
1119,-1585.0021345892615
1120,-9314.141319152472
1121,-14028.219436366904
1122,-1311.43537249052
1123,-2155.6844244244376
1124,-13194.388424734672
1125,-4662.471147146471
1126,-3422.179461691374
1127,-9630.337530615872
1128,-24303.604381887333
1129,-3505.0928555095643
1130,-10109.577904026464
1131,-26822.536921763898
1132,-3126.1578155391553
1133,-14328.37274748493
1134,-1861.5515883236374
1135,-900.2253459329743
1136,-24671.580146342643
1137,-2499.828087657508
1138,-10701.199198140679
1139,-27138.130126952
1140,-11098.445977997759
1141,-1097.802970058147
1142,-4411.749992251087
1143,-2347.459168673417
1144,-6065.476967765652
1145,-14671.084906199067
1146,-8372.633221650542
1147,-5009.294846202062
1148,-3120.738780028247
1149,-135787.27548956426
1150,-9951.078667283482
1151,-6241.52668399205
1152,-42720.89872134248
1153,-1619.0641600846145
1154,-30096.07435100381
1155,-7010.970556210895
1156,-2776.8208520919666
1157,-2601.4655772167475
1158,-22955.7021027384
1159,-41314.7762307696
1160,-125700.73957785705
1161,-2091.816773236274
1162,-3918.338183155994
1163,-25788.75671930024
1164,-19228.326929073646
1165,-12523.989402982868
1166,-3919.8177665036656
1167,-4618.369996860421
1168,-1666.3447042299192
1169,-3089.2118796008217
1170,-9639.96214319256
1171,-18156.348595505602
1172,-4671.317916486003
1173,-43065.65557747828
1174,-4487.208226363834
1175,-3884.278241165997
1176,-15062.833290730132
1177,-2968.175986497813
1178,-14950.179481913168
1179,-2926.379877611195
1180,-1381.832742380663
1181,-3037.6132386442005
1182,-5936.22957661059
1183,-5290.092919502075
1184,-958.1431755098987
1185,-100151.68952336346
1186,-1656.0215127030144
1187,-8430.751023283778
1188,-19002.778573877677
1189,-6710.683276653888
1190,-1342.4300319673778
1191,-3309.167770488381
1192,-1944.1132876220754
1193,-10855.543141505812
1194,-1221.2812232170133
1195,-4888.4978100095395
1196,-2321.0672974303234
1197,-12388.3601010495
1198,-2251.498935678657
1199,-4801.9994559282895
1200,-81110.32805124485
1201,-3539.666316332253
1202,-2235.9824630846974
1203,-2209.780831377955
1204,-2095.070561236036
1205,-12927.392620773227
1206,-1681.1253663010166
1207,-3749.366240993637
1208,-149729.9295445954
1209,-2226.0171557769268
1210,-5613.464488805237
1211,-18133.608836788444
1212,-2978.1889394110817
1213,-2467.098539943819
1214,-4670.816959380286
1215,-70786.25346616175
1216,-15499.961479871365
1217,-2977.5202681292308
1218,-447.4382478478178
1219,-4776.357511726164
1220,-11034.597716538214
1221,-1890357.6752089928
1222,-4955.805214438074
1223,-7339.123087470262
1224,-2842.792565791072
1225,-368952.54178964405
1226,-5951.264899192865
1227,-5217.037961293185
1228,-78482.91339128827
1229,-2828.341358439541
1230,-9484.391257480693
1231,-5653.619865171321
1232,-6973.399683649275
1233,-6405.807172751909
1234,-1891.7753683225367
1235,-31522.705723097384
1236,-1771.3244277246301
1237,-3110.2148600664314
1238,-42395.852930648274
1239,-4617.5279383619345
1240,-4666.107778505539
1241,-1353.0051281950332
1242,-1534.5214675572477
1243,-2834.2711137569318
1244,-10253.974133523088
1245,-8019.946201121659
1246,-3738.492554145035
1247,-10494.598238047958
1248,-40986.91775854223
1249,-32684.47606940811
1250,-1306.281576302856
1251,-2484.288570018376
1252,-5425.350331842945
1253,-89436.5448678388
1254,-4678.884101739643
1255,-2878.2801138943328
1256,-1978.1117583452717
1257,-19498.518019277275
1258,-5131.632635904383
1259,-24408.14337295947
1260,-4418.217942763466
1261,-11812.588463714663
1262,-6179.672965092941
1263,-3891.818170875487
1264,-3635.179013801911
1265,-4941.274049179101
1266,-37635.53882509843
1267,-2353.3143526890963
1268,-2567.3482579505426
1269,-12666.691563284368
1270,-4364.162727123519
1271,-104340.50672392976
1272,-109106.39526709344
1273,-1523.282433840424
1274,-51227.037659306974
1275,-16106.022804454458
1276,-39396.73301972183
1277,-14091.490550529861
1278,-9085.549681971512
1279,-3644.2075944660223
1280,-3364.885712569692
1281,-3957.033717313295
1282,-2865.006851056615
1283,-11916.354728147531
1284,-6195.650369515109
1285,-10832.194115091745
1286,-2485.6867925136207
1287,-25659.24981408139
1288,-61809.42954175652
1289,-6444.753727875733
1290,-12458.809977964473
1291,-6598.36395848289
1292,-13601.28055259886
1293,-10361.993208429969
1294,-1552.0442139797094
1295,-11893.936379591154
1296,-31925.46682665478
1297,-18342.948019726424
1298,-2223.9960040413835
1299,-6170.100403902077
1300,-5130.196847935129
1301,-6517.3224992106825
1302,-24575.43769649658
1303,-22961.31995729457
1304,-1688.656895820928
1305,-4507.545932919941
1306,-260186.2681315881
1307,-60091.47741032644
1308,-12694.558159475759
1309,-15072.72961842559
1310,-129595.46878052644
1311,-3427.5754749407015
1312,-2018.6784473081168
1313,-20303.699399745004
1314,-1709.5489898166702
1315,-7646.517270188522
1316,-9196.962876385229
1317,-27126.081014791856
1318,-5847.51358826755
1319,-3475.6330056785223
1320,-2246.4156681937593
1321,-3640.246451857976
1322,-11593.556728860882
1323,-7333.24497299736
1324,-1062.5279044470967
1325,-5296.730956799853
1326,-25649.28365373563
1327,-936.8020325250183
1328,-2472.0901812554075
1329,-24956.513388931293
1330,-3246.389157671412
1331,-6317.999823132151
1332,-60193.526033809416
1333,-6083.89299078003
1334,-4354.290226587904
1335,-97648.90752135217
1336,-1232.1549033243527
1337,-1230.8336684761573
1338,-6949.621110398236
1339,-3117.2775394929436
1340,-9128.133144890564
1341,-17379.892871745687
1342,-2373.207701730855
1343,-3765.968332646744
1344,-3475.6908367225074
1345,-3474.139102461788
1346,-1842.150618118345
1347,-9513.244198009335
1348,-6468.54787685161
1349,-766.9541167546319
1350,-3795.3952285286073
1351,-3183.2885089951487
1352,-6178.0882015571615
1353,-5350.608930549357
1354,-21167.898243456333
1355,-5875.799783609062
1356,-74878.25396771441
1357,-4109.820104935811
1358,-2684.335956892288
1359,-2880.477982563706
1360,-2504.099324680265
1361,-8357.794965122748
1362,-9565.309366353857
1363,-42884.00831713848
1364,-1572.1690570007827
1365,-9423.097215867998
1366,-1942.147606344328
1367,-403.7959696426809
1368,-3181.534439958112
1369,-20681.850585365544
1370,-8297.933822971378
1371,-3193.829167924929
1372,-6855.6015817020825
1373,-7668.965869325758
1374,-834.376907994574
1375,-1456.2926298335556
1376,-3095.704901808709
1377,-18808.0007236921
1378,-11015.9687889612
1379,-4126.4964491857145
1380,-3962.2779503292268
1381,-23378.36676707743
1382,-1315.1052166137722
1383,-7583.008881967487
1384,-32209.172249911095
1385,-852.0735604968622
1386,-11045.746154742617
1387,-24239.968797621652
1388,-14872.377433775266
1389,-49549.96141282047
1390,-9156.813378917765
1391,-5056.684955956548
1392,-19713.043389116352
1393,-5868.6723011421045
1394,-1485.242265163248
1395,-3619.2876553842048
1396,-2080.0708692217872
1397,-8933.382174169064
1398,-3036.819510926564
1399,-45984.26072944634
1400,-14641.46251173921
1401,-2196.5952430776947
1402,-2876.472785248275
1403,-1385.4452335265014
1404,-3019.1128881482073
1405,-7558.292558504565
1406,-6046.268498752667
1407,-2496.694263567013
1408,-2432.667004540986
1409,-1273.3090197624206
1410,-3266.3709043159038
1411,-776.7001671419472
1412,-16220.160803419409
1413,-2081.757619997114
1414,-1210.121697791763
1415,-11289.303418603296
1416,-45748.16468119047
1417,-10447.645537297994
1418,-3246.5628265312275
1419,-16338.389991115017
1420,-22805.56326817355
1421,-2137.0170284090186
1422,-11392.103170874385
1423,-290538.3138196663
1424,-3832.351537720941
1425,-4555.975965825772
1426,-3955.8992212076478
1427,-12865.007896066578
1428,-5208.708580890511
1429,-5594.944803568632
1430,-1145.2150748185445
1431,-3287.055648653929
1432,-27026.610628145238
1433,-3244.936142246583
1434,-2495.148027264275
1435,-7348.997241532994
1436,-31403.611364387983
1437,-5522.132953579749
1438,-4289.856592986199
1439,-3739.880264321485
1440,-1872.2397017719372
1441,-8207.687198687947
1442,-5818.748299306198
1443,-3620.017863244448
1444,-7110.335464496479
1445,-6923.755439891812
1446,-1753.2958721457815
1447,-28871.620634412968
1448,-2329.7879707720363
1449,-3828.3854394294935
1450,-3024.174919349686
1451,-12850.684948724902
1452,-3522.9146813010716
1453,-8939.50025736711
1454,-2451.856739375364
1455,-2549.6148395661958
1456,-1546.026324766789
1457,-9962.15104746797
1458,-2508.970419254435
1459,-7257.220441854775
1460,-3406.690782738181
1461,-14308.247606234749
1462,-2497.5321749977024
1463,-11377.010415135068
1464,-172881.73343826836
1465,-3273.973347136147
1466,-14806.73144317219
1467,-16628.839993398415
1468,-151909.0778369949
1469,-13192.08819152536
1470,-96727.79042917016
1471,-1739.3718972254894
1472,-22235.237184396712
1473,-1506.1252653162448
1474,-3647.339229505634
1475,-4553.414634364437
1476,-1880.3439850058205
1477,-20973.574037486705
1478,-2671.723658022166
1479,-37008.94425633987
1480,-4981.034348848547
1481,-2601.3092331003477
1482,-21546.594320310945
1483,-3967.675856229735
1484,-3678.20938049115
1485,-14198.3622139815
1486,-495929.91824388795
1487,-1417695.4099069403
1488,-2306.5882598801927
1489,-19768.290956453937
1490,-29036.898463426543
1491,-2610.1882139952345
1492,-9469.912899345532
1493,-6142.582181144948
1494,-1075.1618313779743
1495,-2342.9319457626198
1496,-3047.1183347557094
1497,-10640.336534483722
1498,-2589.22381869762
1499,-3178.620429124508
1500,-5691.109209690963
1501,-1852.0955535392616
1502,-9271.681269490664
1503,-17322.431751195207
1504,-6726.517684553194
1505,-15036.060035867346
1506,-8984.227395234864
1507,-1700.5076032303105
1508,-101612.19416874934
1509,-1439.493372479753
1510,-15694.160551060428
1511,-3077.7992584446974
1512,-2551.535359882269
1513,-2413.370409976113
1514,-5999.448029737341
1515,-7700.3224615722875
1516,-4177.832023702971
1517,-10005.983368663125
1518,-3700.942587071738
1519,-25703.056490613188
1520,-4719.82438121379
1521,-11971.340695345234
1522,-1302.7418935517333
1523,-18487.269767980404
1524,-32929.240198183514
1525,-4155.088896585473
1526,-2273.168757181917
1527,-5086.8459859470395
1528,-1173.7619920398226
1529,-9865.728826466104
1530,-9971.720249986827
1531,-885.0756666677817
1532,-14639.878653772132
1533,-1473.7910775461498
1534,-4104.037978716194
1535,-2417.638172287336
1536,-2064.6738978896365
1537,-96679.28739474471
1538,-4779.544312103305
1539,-2917.794111674521
1540,-2663.737391084225
1541,-4016.1791646910633
1542,-38165.42339066922
1543,-3691.657179880821
1544,-6644.063667812418
1545,-3556.7589841901618
1546,-3153.3889026648326
1547,-4131.216012123316
1548,-8123.475202173492
1549,-4138.021531305503
1550,-2541.5557081189577
1551,-5210.096412246588
1552,-9413.495692212136
1553,-11945.553732125149
1554,-4214.596330447745
1555,-4646.927932558312
1556,-637.7726102780064
1557,-1806.7338944836529
1558,-875.3117627810192
1559,-694.2511906336451
1560,-2687.6524599897048
1561,-22144.893410099645
1562,-10789.756432742164
1563,-8040.139612802659
1564,-1081.7421810688797
1565,-6330.253096799828
1566,-107377.50830213947
1567,-3400.1311147536394
1568,-2946.0119721787164
1569,-1819.6168086736761
1570,-7334.004479643464
1571,-10129.21229233187
1572,-8780.609406578986
1573,-1458.1097264272887
1574,-2489.987275668421
1575,-1674.0276758641426
1576,-2749.2112206176894
1577,-9690.565699030169
1578,-3091.7465500997027
1579,-1756.5648273591976
1580,-4859.313466918445
1581,-5391.424681394388
1582,-11483.122179201331
1583,-7206.192998736424
1584,-406.0055473389784
1585,-1424.9518887871293
1586,-13011.901411634808
1587,-7534.4488853526245
1588,-2721.466708846216
1589,-19750.50556286204
1590,-46102.218651894924
1591,-161558.89083021684
1592,-2727.3069576122657
1593,-3929.3704228784745
1594,-2942.294525443833
1595,-2623.921440007561
1596,-1058.8147957964372
1597,-4768.916631474486
1598,-6336.941383663855
1599,-3360.7936716202826
1600,-1473.233164475832
1601,-4142.393046553486
1602,-1128.109828166076
1603,-39415.11741438291
1604,-2681.7040668605177
1605,-2907.508574045228
1606,-11417.048490145778
1607,-4745.7237894262535
1608,-2450.6392128913017
1609,-951.9222207169664
1610,-1933.0095575181333
1611,-2496.220893843124
1612,-8056.0587292416785
1613,-1176.4967436879008
1614,-7682.629961213173
1615,-2616.3250067732847
1616,-228291.72494427804
1617,-16050.58320977828
1618,-6462.925656536319
1619,-704.3375917507973
1620,-20613.757195115348
1621,-1892.300154840686
1622,-5378.110031985989
1623,-9041.907029087108
1624,-3086.3932709893793
1625,-2760.1572909409088
1626,-2972.6517333394368
1627,-4937.0008853729105
1628,-8927.581360782133
1629,-1573.34293499841
1630,-4287.003121455449
1631,-5946.707707440405
1632,-20418.90629032329
1633,-5986.682912976249
1634,-1028.3803759219097
1635,-3091.0309513549537
1636,-3821.011672886867
1637,-9144.226641429257
1638,-8140.942499428019
1639,-11059.589861949153
1640,-5268.424689180944
1641,-68311.9366817354
1642,-2735.8419954319884
1643,-9437.733362491708
1644,-21306.308143170456
1645,-2669.411823505428
1646,-2059.219315419309
1647,-7136.240581505163
1648,-6152.5541574128365
1649,-10188.496603166592
1650,-7983.634046439633
1651,-12623.313051033923
1652,-2135.9241782946065
1653,-2617.4790074529906
1654,-1121.3343475977942
1655,-4675.735068877736
1656,-1957.9766684077515
1657,-7891.972197627474
1658,-10418.476268123597
1659,-3175.6903456827154
1660,-13956.396577958301
1661,-4057.1881083860167
1662,-9860.446540552282
1663,-5987.782618430878
1664,-1125.5933507796256
1665,-9082.048966403438
1666,-2909.90842456829
1667,-4061.687245479519
1668,-3588.1990325599127
1669,-9120.460441956513
1670,-5370.197872941543
1671,-4045.0721642353815
1672,-15868.492825290055
1673,-4498.28076806386
1674,-1850093.4794819197
1675,-9694.057308142566
1676,-8169.989752887753
1677,-9709.982557708747
1678,-3888.8735313528005
1679,-2039.1615359319012
1680,-8726.346460620558
1681,-2558.8697971542238
1682,-47590.04650428684
1683,-1984.832609370839
1684,-13986.870538227593
1685,-83533.32170785595
1686,-81894.13551317813
1687,-1588.7075924533829
1688,-1376.8482967540915
1689,-1966.780783506352
1690,-29784.374482378338
1691,-2621.3634754474656
1692,-3943.946274393237
1693,-11314.241262574596
1694,-2115.349270140417
1695,-3939.680074024731
1696,-6411.682867949497
1697,-7734.553961950547
1698,-12047.892443188352
1699,-13582.275046242241
1700,-4122.104609916646
1701,-2154.7951951792506
1702,-12824.922906860811
1703,-8992.866663632014
1704,-9385.907367676391
1705,-5090.942943699334
1706,-10347.815967867862
1707,-3720.540137899527
1708,-721.3961425298669
1709,-7317.531633174105
1710,-4440.242521407059
1711,-12337.129628621376
1712,-8851.260438327903
1713,-8692.854602535677
1714,-1704.9082590784672
1715,-3200.647969049245
1716,-1061.8817577314057
1717,-7371.921840040065
1718,-10557.947886471291
1719,-602384.7490399481
1720,-18138.1277833688
1721,-5986.601818189676
1722,-3134.9302347343364
1723,-6480.495258051244
1724,-14193.014868081993
1725,-1980.2477827359821
1726,-73024.22566620086
1727,-241876.158858086
1728,-2697.905630358497
1729,-6681.820813070883
1730,-8041.749786219443
1731,-3103.013126214897
1732,-23208.56503489308
1733,-3628.374569151303
1734,-13062.81853981099
1735,-2531.8904915378093
1736,-10530.5961629155
1737,-1897.5666039586865
1738,-10067.12309115412
1739,-3848.052574076529
1740,-4080.3386223602574
1741,-18110.48259275974
1742,-1723.4391071281484
1743,-14651.450978200408
1744,-1322.2522731804852
1745,-3609.048380416284
1746,-7351.935724284686
1747,-42201.800893155516
1748,-30082.90047557397
1749,-4816.976139593044
1750,-9228.85481733751
1751,-1369.6017477838127
1752,-2883.487849304658
1753,-1515.6585854248294
1754,-3238.873498088337
1755,-9437.269764343671
1756,-41739.87565911523
1757,-36154.2041104848
1758,-5243.835738699044
1759,-3103.149819829167
1760,-25836.010684063407
1761,-9528.693368488244
1762,-2286.324451014511
1763,-9167.284749929142
1764,-1309.5776716581233
1765,-3454.714432552275
1766,-5636.548116013482
1767,-4144.4651892453585
1768,-3258.738601522199
1769,-4423.221558772565
1770,-1615.1546764803625
1771,-3982.938211486837
1772,-2089.42261029884
1773,-36502.778430596336
1774,-7793.657549203293
1775,-4027.982360776122
1776,-2079.117084447791
1777,-33890.97692113545
1778,-695.0882446422457
1779,-1471.2957953758148
1780,-4463.202994031119
1781,-10549.869601027991
1782,-603.2624985983288
1783,-2861.7786946265833
1784,-2536.3411785230633
1785,-8572.647240016058
1786,-4321.806918579266
1787,-5936.287978768609
1788,-3993.350454927009
1789,-996.1408692824756
1790,-5591.188841190646
1791,-4316.559000022329
1792,-3744.0318829604607
1793,-1206.3409040070844
1794,-1514.8844715320556
1795,-1783.1790382509478
1796,-24241.646849156627
1797,-12241.420292636109
1798,-226730.40413591344
1799,-4170.296418407857
1800,-3245.280298328117
1801,-36351.88743464258
1802,-7599.971718804875
1803,-14644.207195617908
1804,-14339.980607164884
1805,-10249.412691960752
1806,-2094.9953286686846
1807,-2982.683858983403
1808,-22001.760836687252
1809,-2293.322505527189
1810,-2058.3255938858056
1811,-1096.5912333068934
1812,-24761.81918903437
1813,-4937.588617463845
1814,-11480.593396209651
1815,-2522.6038936845284
1816,-6284.189504161748
1817,-25996.33740153842
1818,-2268.580582105936
1819,-1848.244828582148
1820,-3499.507887670653
1821,-1476.111090859054
1822,-449.08560461961815
1823,-6489.890161817786
1824,-2627.017412238589
1825,-2781.3973242776424
1826,-2038.5552240594232
1827,-841.4303771128349
1828,-6146.0828400490955
1829,-18787.87032757817
1830,-7100.7748118646705
1831,-13717.481979257067
1832,-3150.259397189215
1833,-668.7442914588623
1834,-885.8456708402516
1835,-16808.18137427143
1836,-2578.995059184101
1837,-3331.0349012825172
1838,-1376.0900377174764
1839,-16588.364004132436
1840,-544608.6727809022
1841,-3910.924672867082
1842,-2087.8838996837026
1843,-2913.7336410883177
1844,-3677.46900581604
1845,-4011.3113233469
1846,-8267.448004689557
1847,-11767.960125181255
1848,-10262.981346176324
1849,-10656.79413296854
1850,-23576.49454607684
1851,-4746.065195395073
1852,-4655.646532222174
1853,-7060.963682642027
1854,-4048.4781419031187
1855,-4847.469432653852
1856,-1817.0548655163675
1857,-7082.99829478514
1858,-2832.6007917130687
1859,-3228.090421225029
1860,-3848.036458600608
1861,-8470.684337107741
1862,-8466.003334370267
1863,-2463.6676649791325
1864,-65749.79452773713
1865,-13898.57900432614
1866,-5481.315914408674
1867,-18545.1882041503
1868,-13505.043210590926
1869,-64037.20798467707
1870,-1328.4531928361364
1871,-4057.037316220458
1872,-26877.492419535527
1873,-6551.107194808521
1874,-3743.312410414784
1875,-6095.872828933498
1876,-1024.8478305842702
1877,-46944.42536115783
1878,-4302.851979293241
1879,-2388.410243625491
1880,-1264.3394519790188
1881,-57865.004930953175
1882,-1040.0273597196428
1883,-3656.820625288073
1884,-1217.3878557120156
1885,-5346.3327944141465
1886,-1798.3012604468336
1887,-2193.8498648295417
1888,-66673.61166981714
1889,-89632.17291413079
1890,-44209.90490166184
1891,-24518.860468663683
1892,-6522.193762521964
1893,-2501.737189713055
1894,-17272.393416445677
1895,-4185.408711305288
1896,-6589.92124319713
1897,-1715.2691787817166
1898,-1139.8507150364326
1899,-9971.751215392413
1900,-1055.9672864165168
1901,-3359.2467661335136
1902,-4239.338410348812
1903,-87199.67816790902
1904,-1118.0821913914956
1905,-15246.442183490208
1906,-3283.5998302931507
1907,-4862.633505492784
1908,-866216.2584018415
1909,-547.7966022161
1910,-7802.725399430477
1911,-347818.6309966949
1912,-12755.735429927478
1913,-23626.65026964025
1914,-2099.8692713024648
1915,-11695.781330028212
1916,-3330.3883020009857
1917,-17309.355487406847
1918,-10647.649392822654
1919,-3041.071556339886
1920,-1667.7424607020596
1921,-1133.167005729448
1922,-1061.343173327784
1923,-11489.09687695906
1924,-4103.4782370178555
1925,-2452.165476074121
1926,-20207.963801584858
1927,-4818.1239900662795
1928,-6331.376585564358
1929,-3506.3747213409497
1930,-4955.958326975967
1931,-4252.175176882829
1932,-5941.399092650691
1933,-8598.9792395723
1934,-7763.836657757379
1935,-2127.9676326442504
1936,-5868.707742934056
1937,-1193.6687546354806
1938,-146663.26668213462
1939,-1957.0732239230374
1940,-5979.915273793383
1941,-8412.58010756066
1942,-4964.446621469126
1943,-4539.011511176211
1944,-1466.8148303666019
1945,-23637.861600372515
1946,-96757.13861903425
1947,-22842.02846125283
1948,-26949.740375350953
1949,-8070.333715124959
1950,-681.1496426632901
1951,-4449.024989238917
1952,-3660.3691882756852
1953,-3968.2161016718505
1954,-8416.668517224945
1955,-13187.184709162026
1956,-3471.020035865324
1957,-1361.6703588901746
1958,-3024.292252917193
1959,-16448.34272863497
1960,-2095.0244840329337
1961,-9954.720334677484
1962,-4141.812070132133
1963,-16482.706266619123
1964,-14196.42054453256
1965,-762.1081896074818
1966,-3510.4466347551256
1967,-897.1499583563274
1968,-877.7957116384353
1969,-2199.1029748027167
1970,-15418.037232310151
1971,-6913.705775010857
1972,-9361.850464103089
1973,-60294.82605271962
1974,-12501.656557891432
1975,-6459.166359497156
1976,-730721.109458329
1977,-2410.329212498037
1978,-2108.674372959591
1979,-3212.260011120433
1980,-66083.77550525397
1981,-6334.028009981302
1982,-26514.29335120856
1983,-6344.959904475862
1984,-6804.38050532826
1985,-2658.480594267844
1986,-1099.4596214800904
1987,-2577.1024015017692
1988,-11976.58582683135
1989,-6262.016653834246
1990,-2928.31552957657
1991,-23527.98840380092
1992,-3009.8756467490757
1993,-4955.081425476677
1994,-359293.67386101274
1995,-11369.411037118101
1996,-10350.305721612023
1997,-1251.0723696833784
1998,-688362.4282428778
1999,-35128.537146170864
