,value_per_image
0,0.09978503745366148
1,0.15085618720654434
2,0.10648866783964132
3,0.0028930106220437296
4,0.06463348918159692
5,0.019712956506713564
6,0.19324610187524324
7,0.011747894321408707
8,0.0767455489530164
9,0.05795433504898829
10,0.0998550840329643
11,0.12233482307735068
12,0.16963388746115798
13,0.03976586509450005
14,0.10304121351964374
15,0.009488434511290562
16,0.06593907286599622
17,0.08001480943749434
18,0.16971552029626075
19,0.06836832803808565
20,0.12274656731622755
21,0.06885408872408366
22,0.013520975295436312
23,0.12086333492060833
24,0.10959496582230234
25,0.10036270636188573
26,0.22942499652894616
27,0.032286379777379484
28,0.10376446128845512
29,0.053311920768744886
30,0.204875316942892
31,0.011883750470543766
32,0.06517251056837119
33,0.04798591815077253
34,0.023855301385612426
35,0.027887792703583488
36,0.027329371168529862
37,0.18792322444143225
38,0.009556476859997049
39,0.175156708798744
40,0.0318165458973556
41,0.03746725278482686
42,0.144887957797716
43,0.03171091790245981
44,0.09834502027798153
45,0.0022396711833146806
46,0.2429535682099996
47,0.0970647154971643
48,0.10022321179362237
49,0.11100138050076744
50,0.09079623835607158
51,0.041651865385867765
52,0.08025456146800594
53,0.0589679490141628
54,0.01006134530939018
55,0.2088710895943427
56,0.18061920794815692
57,0.08017355927350653
58,0.13798034881637047
59,0.03722877433172524
60,0.024540021287470157
61,0.15487268185847008
62,0.11317320045297445
63,0.014262970367768253
64,0.008452052630100244
65,0.029761175228760824
66,0.032145885328047706
67,0.014642876091778697
68,0.07408982281016319
69,0.12574756093286316
70,0.054804463571959325
71,0.046121043234028415
72,0.0076373602605204925
73,0.031009908552403823
74,0.0696805199478957
75,0.057273421958967737
76,0.09855928007841083
77,0.18900885011513147
78,0.010970482832388778
79,0.08547374762161297
80,0.005714085487562129
81,0.10577972175433324
82,0.09839584411375772
83,0.012518100579467686
84,0.2217350597812573
85,0.1999623392639018
86,0.0036936226580112563
87,0.14599324996024726
88,0.08786950843773852
89,0.274006077607662
90,0.1174452470865767
91,0.15745147177430474
92,0.03709418418634222
93,0.03138504869305633
94,0.04402978990918663
95,0.014352933973012653
96,0.08872229177876118
97,0.06024632439987064
98,0.11512074031131983
99,0.006376625718248519
100,0.017133744526841153
101,0.08635509526240719
102,0.0748322744195138
103,0.041727699118826005
104,0.04564104672126077
105,0.038598429382418864
106,0.1365170938142945
107,0.0803938042958637
108,0.08545650671032427
109,0.1970187390876035
110,0.12106112994140772
111,0.10134910228077196
112,0.06562431418150642
113,0.08341934691288516
114,0.03753655009053825
115,0.1448691408102726
116,0.02534343459791738
117,0.08054437318113769
118,0.2033109272184129
119,0.17112337541797298
120,0.06665864779717948
121,0.07046543547221913
122,0.02719618645406072
123,0.06165802734399701
124,0.1427218437432009
125,0.09626078578594917
126,0.11071050582534328
127,0.1056878002865484
128,0.03495975414296844
129,0.186722007780091
130,0.018071441603948808
131,0.135559972638321
132,0.14480099653163753
133,0.024371291481068737
134,0.017829295021242617
135,0.03165599558733118
136,0.1813595436241262
137,0.017326554897004555
138,0.1623044729824355
139,0.10986280130391783
140,0.16002745789396158
141,0.06284641965286604
142,0.05406339451145839
143,0.06378078358753253
144,0.04588775664765368
145,0.026393725508372292
146,0.11206440894692453
147,0.12278447467068912
148,0.1963414724423819
149,0.005367365856711026
150,0.052699369112300096
151,0.1833179413854376
152,0.08471926125208162
153,0.11206415804703763
154,0.183439386502791
155,0.261778773856585
156,0.08575979790801176
157,0.02707579211495305
158,0.014987030705935284
159,0.04791698632098068
160,0.0043489857206039815
161,0.014707632347140075
162,0.09416563342579487
163,0.018804336386901595
164,0.1369587227647271
165,0.01588007767917365
166,0.10208785140271197
167,0.12860780944891778
168,0.037380253165420985
169,0.18908365191254112
170,0.1255997172260194
171,0.12437900226130585
172,0.14285702948280646
173,0.053284131847842746
174,0.031563869983119164
175,0.2580644235571282
176,0.05172829299781243
177,0.07076560093121806
178,0.02718185667252369
179,0.18849900765873429
180,0.07876691442748954
181,0.0014369462627089515
182,0.058412660086957925
183,0.19784850334595003
184,0.1100476497084397
185,0.05683924682030229
186,0.13647788128577126
187,0.16994318470905953
188,0.0399788260439925
189,0.05760976383614321
190,0.0005497074101856007
191,0.06823260440436088
192,0.11780380135938327
193,0.05504118152663092
194,0.05363172077712152
195,0.04172613961784595
196,0.14424747937997384
197,0.02881448301473933
198,0.013381772249244372
199,0.04357746196488699
200,0.1403818692778375
201,0.08949481236133311
202,0.029205978836313377
203,0.12128513785039235
204,0.12864299730531162
205,0.06361888767376024
206,0.06807821267308703
207,0.13333114328378973
208,0.035725454822978814
209,0.11711620098650267
210,0.0542363995548092
211,0.039597352912972006
212,0.13879186778956296
213,0.0074518252043513184
214,0.0903016049461388
215,0.026692234117113425
216,0.10212374476233513
217,0.06237850686197259
218,0.057636164753414286
219,0.20356827571151595
220,0.08908660738659488
221,0.020797362166818628
222,0.0370082280847723
223,0.02422025847189831
224,0.07560333704977132
225,0.061943424542299765
226,0.0996871416447548
227,0.01877448104277849
228,0.08581168019583425
229,0.030852856596293207
230,0.15731781021857694
231,0.0314041713815138
232,0.03502222842422465
233,0.060522989291141235
234,0.0017758655827963394
235,0.036025824331275026
236,0.16173990748851114
237,0.0917597835633616
238,0.04063239791390439
239,0.0869585803021908
240,0.0756167814597685
241,0.018822609079967068
242,0.1219930309335732
243,0.010970415084168449
244,0.028748241294096002
245,0.07930245028185992
246,0.03637285814110377
247,0.10024936243214927
248,0.2135233422429107
249,0.042930240739773806
250,0.0367428391214922
251,0.14667206170233318
252,0.1128270169626333
253,0.02303900639482312
254,0.15924678881146664
255,0.08583793045427192
256,0.019709136467182326
257,0.0997822110908681
258,0.07322411274092616
259,0.09034504504938527
260,0.003725088181405921
261,0.06084534354645765
262,0.20112564120999216
263,0.09579263230383316
264,0.007791625399151198
265,0.13418134552344269
266,0.040991035867872574
267,0.22027637299058267
268,0.08767375292311892
269,0.11558355890219073
270,0.051589701895697546
271,0.05516913887931764
272,0.062215114017996336
273,0.057977288057414963
274,0.10702343027731404
275,0.2036722995809349
276,0.0020138095979619413
277,0.03954417044424152
278,0.04015423627481922
279,0.04836426085809156
280,0.07424146346948082
281,0.0311877828854852
282,0.09535853865170546
283,0.058764155295606
284,0.00900918177091935
285,0.0850926953027706
286,0.1479765234585678
287,0.10310491744382316
288,0.09685275679359401
289,0.12167523367342102
290,0.0008579723630112975
291,0.02191669848986417
292,0.06184187712849201
293,0.04974953132532427
294,0.2402338614260137
295,0.08522993714803394
296,0.11581268893427528
297,0.2686866604967235
298,0.07580941538623027
299,0.07133987489670574
300,0.12182209279936332
301,0.20628741600799289
302,0.2979245440180236
303,0.08095813020434993
304,0.04075584531049243
305,0.08239660729443844
306,0.02388846208308153
307,0.024544906160541703
308,0.05964127490589258
309,0.10379172738068564
310,0.08924886658475319
311,0.07099730034199772
312,0.0017509825625007778
313,0.04502777458310793
314,0.12594090396282678
315,0.06090205841953762
316,0.1117970969526664
317,0.0032823848193779138
318,0.07710828610332171
319,0.003546983193861821
320,0.049968601995244714
321,0.01923529165988796
322,0.07227192193521377
323,0.1510018093107144
324,0.0007083702611856008
325,0.15090000025306433
326,0.13579809571587276
327,0.1348099901504234
328,0.19206110057921194
329,0.09220566365793673
330,0.013514212145794288
331,0.06284877180065518
332,0.02266549283422572
333,0.2078930547870143
334,0.01725234852460631
335,0.0040875233452312655
336,0.051914996920588784
337,0.0506414655892845
338,0.10656122523760926
339,0.002974926970749209
340,0.3107129378743733
341,0.0415633768114857
342,0.016504254363812733
343,0.19699363384671906
344,0.15198610970286822
345,0.02951609683383727
346,0.10543957963703186
347,0.21001107875371824
348,0.2004913703149193
349,0.011804872424227585
350,0.1767412756678912
351,0.00885392267408317
352,0.09408320788481833
353,0.0746910461529908
354,0.040848635398577915
355,0.2533458284193778
356,0.07618626055114358
357,0.1670364743751148
358,0.09064782630512117
359,0.18180372154493574
360,0.018137477160137052
361,0.05792725614243782
362,0.1751497302456839
363,0.022170067424220702
364,0.08165402305296174
365,0.01669689514845607
366,0.17011753213029573
367,0.02517610058213304
368,0.002488382494868517
369,0.03687888656183756
370,0.1101318498462937
371,0.0318064514348804
372,0.07866584734665577
373,0.0009212720452749172
374,0.04715796190865454
375,0.10648453132083133
376,0.23329966169691824
377,0.026233182454292358
378,0.052787470508033715
379,0.17877748258660242
380,0.006315649019702497
381,0.09690756901062993
382,0.030809126377241976
383,0.09616833494807846
384,0.1883075955990288
385,0.16225773249644232
386,0.26777577027303684
387,0.01478447824073371
388,0.11762607050657665
389,0.03820748095566685
390,0.04900685054189989
391,0.08392296299793467
392,0.03212913016650415
393,0.0021067102332379285
394,0.043881706556218966
395,0.0047539253441259
396,0.06359390223689182
397,0.0028097576045001
398,0.11012776377149293
399,0.052202500839002186
400,0.10338399708631396
401,0.23743176936203556
402,0.11296168417369636
403,0.16094521297232026
404,0.056445709022817016
405,0.21355446774251413
406,0.07627996338919145
407,0.1003806995317924
408,0.055841233871804584
409,0.15247110147344065
410,0.0626199194308727
411,0.045553150090557736
412,0.07251452997738436
413,0.0717122740764835
414,0.1924034618261821
415,0.011667795905850488
416,0.05610203431907308
417,0.07905278559202165
418,0.08135696230286979
419,0.11849248218722537
420,0.11948848644074025
421,0.036940710352030566
422,0.034297835079622536
423,0.1381562995979242
424,0.1014497097943782
425,0.040817007686500616
426,0.0018585678618309245
427,0.05376828501260273
428,0.08347399181509275
429,0.08341839075223678
430,0.045198147932632535
431,0.06329118815988055
432,0.09443166682421963
433,0.13058994457917933
434,0.09737814314828958
435,0.013954204991786444
436,0.016574304037431816
437,0.24424183685133785
438,0.11615489956307473
439,0.12254072958110468
440,0.14398316420079124
441,0.07584359450991128
442,0.17037204953806048
443,0.02535205572377008
444,0.20602229094574745
445,0.057280210995638625
446,0.05629188314177266
447,0.013697140128403607
448,0.02087929032202125
449,0.2595150030537048
450,0.034564652991665265
451,0.04862193644149728
452,0.004484566231388175
453,0.007727158021353087
454,0.0981050529476996
455,0.12810848893260232
456,0.004492453621174446
457,0.05249769042667685
458,0.07587291075124344
459,0.09909942161302414
460,0.08429955563968854
461,0.15476343012911964
462,0.07972506923394038
463,0.06998805240822009
464,0.11933552675506492
465,0.14343749910375814
466,0.0869386114642981
467,0.07679317347266006
468,0.12113029152446303
469,0.055718215508911983
470,0.24631670038498765
471,0.004704047899934146
472,0.13766664556905805
473,0.0659571664608555
474,0.031006122226492506
475,0.07595525188649889
476,0.0367889121246093
477,0.032193402892668734
478,0.07450875582390584
479,0.14348910505479362
480,0.09310654550291524
481,0.0805380689348643
482,0.04161212402162432
483,0.1797795759941362
484,0.20182870130602495
485,0.12582357792233673
486,0.10991130612099208
487,0.033027182043638775
488,0.022632766718904043
489,0.06813960110279274
490,0.004476480093853986
491,0.038271695012362834
492,0.06211752933236271
493,0.1157570976056083
494,0.12922916114123334
495,0.05818217113287823
496,0.03335217025785928
497,0.13596584325222835
498,0.1088130709680568
499,0.09541841148357866
500,0.04159034067792674
501,0.12883233937173494
502,0.1313110101195218
503,0.10228773639115464
504,0.17289126452943432
505,0.03287562704822995
506,0.03571936535891894
507,0.09589010201292557
508,0.03123784821465161
509,0.049146436615674964
510,0.0349500470739694
511,0.19028067568859686
512,0.16301394737932814
513,0.02452214822274557
514,0.002059679929879214
515,0.03438453871135727
516,0.08430742025044496
517,0.13512393079843155
518,0.21462099733367093
519,0.0392245766497098
520,0.060387332049287125
521,0.10732834415484503
522,0.00809023720074498
523,0.0068246638378622
524,0.17594120138235714
525,0.2350601647694431
526,0.20404232358485652
527,0.008953115514211024
528,0.03816053690879128
529,0.02676172094937644
530,0.13477200391451066
531,0.2691707528700605
532,0.03139299995963138
533,0.08739254158166307
534,0.0770325544651386
535,0.1795349130873369
536,0.04279883999074508
537,0.035949911715320214
538,0.1366683229175554
539,0.09688476603004792
540,0.07563384504333749
541,0.2108435603737186
542,0.08914445733941961
543,0.02632386431726749
544,0.1868714311431797
545,0.08360570953803839
546,0.07101719081645294
547,0.03277680956673697
548,0.07670758491909219
549,0.03797013604289178
550,0.09387171598765998
551,0.08611867905981703
552,0.13073049283070082
553,0.08298146456746988
554,0.08243220507830105
555,0.0188425168440311
556,0.24235129697971794
557,0.16739579844692806
558,0.0037062905887556095
559,0.04049430760750365
560,0.07364527411789648
561,0.07208559069021958
562,0.17984327199887978
563,0.09459596465892303
564,0.11006493516391122
565,0.24978497388368
566,0.2525792529179858
567,0.01844436392444859
568,0.07348808249613563
569,0.04810210241013728
570,0.295084175221404
571,0.012017050539532741
572,0.14697886499750473
573,0.015699057566135752
574,0.14637360626127224
575,0.0261094507829812
576,0.09625568867600044
577,0.02854097713543385
578,0.2492064711871447
579,0.09230180907002324
580,0.007019776734736604
581,0.08617578602078073
582,0.032267801512071814
583,0.16517395335776192
584,0.0028602549052569003
585,0.13962753667938546
586,0.023025194503859737
587,0.08294526497299358
588,0.10690340374954754
589,0.006893303975521304
590,0.11444405136539428
591,0.021022017932991043
592,0.16349324119237568
593,0.09644562101896946
594,0.13658141211253375
595,0.059392000082738435
596,0.08401893168689896
597,0.08738319939952748
598,0.17470211727355422
599,0.09608252398721116
600,0.04334260886114896
601,0.021645293462054002
602,0.030330163706669033
603,0.12390663301143352
604,0.010234055148387931
605,0.12113727980535414
606,0.003158556920029469
607,0.08072279943147039
608,0.01958375685399176
609,0.10600453965526986
610,0.07809484186449643
611,0.1277151096580957
612,0.022016867453423898
613,0.2685805693535189
614,0.0960140384419322
615,0.09088211789740304
616,0.1822318278011138
617,0.10060755987392457
618,0.06260107357308266
619,0.05245461794822752
620,0.05766524723597667
621,0.10461941812667368
622,0.021024230095926258
623,0.07998320535443547
624,0.04096406072337913
625,0.07078007105291034
626,0.19138348853931533
627,0.05528784833863396
628,0.16831605234517652
629,0.0433123693130682
630,0.14760480720565322
631,0.017939767801241575
632,0.12815300208764585
633,0.029205059407067118
634,0.012480393986392965
635,0.06608192210825732
636,0.11074227868307336
637,0.09792623004806622
638,0.10035106833996038
639,0.035709279795793664
640,0.003287172497663316
641,0.1794004105232275
642,0.08565727071305129
643,0.07172627928345714
644,0.056231310248619715
645,0.09706218132205503
646,0.14297453784089814
647,0.07084362117492246
648,0.06245776264426636
649,0.04491945042128303
650,0.12284001520422387
651,0.1685823536518981
652,0.08058710798105333
653,0.1688660184787092
654,0.1553254834493716
655,0.3384677502984841
656,0.16447668352514347
657,0.005138608086536693
658,0.07664557485230614
659,0.10963895355387372
660,0.01904335795818919
661,0.02089871887767577
662,0.012571009536454151
663,0.011543533546999827
664,0.13186501756160446
665,0.01245844801200117
666,0.2470140130919743
667,0.3113134559619544
668,0.16613244616369996
669,0.021449653438712038
670,0.045076864546564135
671,0.033417209798307715
672,0.0024694673172457023
673,0.15997772685348788
674,0.1325591845521966
675,0.02411707592689473
676,0.00019770406360429486
677,0.007620294835927247
678,0.07150496055014326
679,0.1880465024654072
680,0.0386980719191188
681,0.04875448554679047
682,0.020342537590327385
683,0.04741891398822064
684,0.008552474868362948
685,0.10772332240447903
686,0.02613130410583717
687,0.11389686138990378
688,0.2316353864762396
689,0.07127655032794131
690,0.085128300331605
691,0.09578015556734934
692,0.11820964463217347
693,0.11475023122101476
694,0.024505591238674303
695,0.05634248457784344
696,0.040536587629566766
697,0.17987107644776165
698,0.1705207940520352
699,0.06895954789730532
700,0.18300235697609915
701,0.1639703936693241
702,0.1309712527968053
703,0.05328870069166464
704,0.10155382285565953
705,0.07769241226276473
706,0.08184888343776185
707,0.015503261976708402
708,0.2299608291651899
709,0.09928795577560176
710,0.03366562336991545
711,0.16102941910296906
712,0.032580179726811674
713,0.10180135695261043
714,0.04656818761995448
715,0.023951402196581564
716,0.07396972992226059
717,0.05516540921830674
718,0.0265598896194901
719,0.09273764131260848
720,0.020126281687708625
721,0.011397269004122216
722,0.03575636360222775
723,0.06652948728290183
724,0.019144091175403544
725,0.1534040980179391
726,0.00037745467707931205
727,0.018397028603275502
728,0.13995567026729688
729,0.0632038382831581
730,0.026890583544258436
731,0.1356613304456534
732,0.1174390974412971
733,0.03716549122513442
734,0.1365737119895594
735,0.018442831119345048
736,0.08520938548171397
737,0.0969219461391298
738,0.07029186593540095
739,0.19016289270870115
740,0.05522580909229767
741,0.05208234169428408
742,0.05304805055624565
743,0.09217693911966376
744,0.11760959806453718
745,0.08883754287944542
746,0.02624643841455257
747,0.05301854699682814
748,0.018383263129234568
749,0.221441496312453
750,0.032404521823300766
751,0.04964858242867001
752,0.08290012227703916
753,0.2007267470475084
754,0.19043635042514928
755,0.01884016931630777
756,0.0479713189639709
757,0.11497028370711546
758,0.05353303698442724
759,0.06194924237410114
760,0.003170672918616519
761,0.11450326113561145
762,0.06569939609913016
763,0.08031942378347298
764,0.11205419053579753
765,0.06491597107299818
766,0.03781055143771536
767,0.03695744138209027
768,0.02447049358004592
769,0.019313661607733304
770,0.04598254230121514
771,0.08803097940143646
772,0.05744112318298865
773,0.06124321273413773
774,0.1926077783160028
775,0.08589922692835439
776,0.10464728451743864
777,0.10420758198165199
778,0.10658997349728208
779,0.03061039142745644
780,0.04729181732914985
781,0.019274084072038955
782,0.16557866621579456
783,0.17673028894574194
784,0.016344327348708682
785,0.06267991867989678
786,0.0036070889198070843
787,0.05495470886515418
788,0.00903166002384883
789,0.06534555395891782
790,0.1000749481723956
791,0.00992534920272101
792,0.23063362330093284
793,0.06718083350560591
794,0.04185526642434215
795,0.07963282028999502
796,0.14612657497025885
797,0.10306443446860808
798,0.1003567797170623
799,0.11005543748975274
800,0.08398909670535158
801,0.05905869519058087
802,0.020256753340443343
803,0.01996098884885785
804,0.2038266646517773
805,0.02839788396844557
806,0.058717383507054015
807,0.042815853190626835
808,0.11906766436265505
809,0.089290589652739
810,0.00893614441509286
811,0.13515177637899525
812,0.08545630375962311
813,0.06352077826760759
814,0.1525506649957226
815,0.061662631461467776
816,0.052108465655057515
817,0.07404225447310522
818,0.16561532918107486
819,0.04254117588107779
820,0.07708932483759116
821,0.010687919448321752
822,0.11423440548820506
823,0.004204568296545013
824,0.08871316727284377
825,0.06518298962397022
826,0.16155959848690948
827,0.11246545997160799
828,0.04006439790101358
829,0.12608498233954374
830,0.06476801430523403
831,0.11709912982161427
832,0.19101999009052548
833,0.07605559948700852
834,0.18457549359263334
835,0.14089701378224434
836,0.08095985113417138
837,0.00904262293025685
838,0.11341735555467833
839,0.2011564183128396
840,0.06944508026889944
841,0.05550790201405914
842,0.034611016592803835
843,0.14885438141784782
844,0.17656731129550207
845,0.04087084382551763
846,0.09229469108473727
847,0.05671479187313574
848,0.035412997657257334
849,0.06871147115846182
850,0.02399509120970088
851,0.19441968132712925
852,0.0665575374307855
853,0.0982241333390567
854,0.02171130606001285
855,0.09785918630824007
856,0.06063839328928701
857,0.12321086990417356
858,0.17267041133884706
859,0.015061293224355557
860,0.0984627193072059
861,0.00019385679033166452
862,0.04766729832185652
863,0.012007913530371473
864,0.03393201386031305
865,0.03800501662140242
866,0.08405721442504206
867,0.07337106355027903
868,0.1160555136318034
869,0.0660031110479842
870,0.02077733369384356
871,0.2572058618378217
872,0.17962675618505888
873,0.1758094479605005
874,0.09886957331731737
875,0.055875490135734084
876,0.04028671683524916
877,0.06207230874541034
878,0.04029449240569543
879,0.1807689210253116
880,0.05090753460775612
881,0.04210280551751855
882,0.2139712079344625
883,0.06897492984051326
884,0.2708130376571382
885,0.08510937632793343
886,0.1345254740442337
887,0.11081468902236387
888,0.06865416140290735
889,0.0907416536672651
890,0.05964790415692521
891,0.003512465748465959
892,0.09048201060737444
893,0.1238170333148388
894,0.10495198938549702
895,0.013283890031865591
896,0.07937752013322805
897,0.044023842247062406
898,0.031228599252275
899,0.13515441933823433
900,0.04354684836953618
901,0.0345512922831835
902,0.21206152875912893
903,0.07853642750221818
904,0.018780917014922443
905,0.026567630002521502
906,0.16992241718769305
907,0.0655273002831992
908,0.06864763470282141
909,0.07871160416712293
910,0.12067195809833366
911,0.044580990250790264
912,0.07352042879273152
913,0.11106677899201993
914,0.052347768207692214
915,0.24922942644550236
916,0.12585757537145684
917,0.14120492684002375
918,0.2639726035135213
919,0.034424314229716035
920,0.035601865875599686
921,0.1018100046107047
922,0.004507632563071727
923,0.17486441139599812
924,0.13516289843513207
925,0.01218988322039975
926,0.003930718119430385
927,0.005026211281769966
928,0.22233591287593094
929,0.058767912386791535
930,0.10590281440706008
931,0.0146806089306567
932,0.15466993461460266
933,0.06274080903756228
934,0.030207605148608964
935,0.09158213761099243
936,0.014503182776304437
937,0.08730837199282662
938,0.01090981187410432
939,0.12598125043001487
940,0.10508606936812703
941,0.12562234837646394
942,0.05486088364701164
943,0.12583277663741818
944,0.05874264427086825
945,0.09453926871090892
946,0.03438885004363193
947,0.1054039458871308
948,0.004595492691171882
949,0.03391634508161586
950,0.028543384369186145
951,0.16978331013566808
952,0.13684403547245527
953,0.2024932754663016
954,0.1331908489642008
955,0.12670801585735764
956,0.009084829082153807
957,0.10935575423690166
958,0.1104923258814913
959,0.020934517906631398
960,0.12628446978307686
961,0.05062057686862377
962,0.0405351122266046
963,0.1646185256903392
964,0.02905745836902358
965,0.05283347718344957
966,0.05295037248418883
967,0.0029544173476590287
968,0.050748853949511584
969,0.009038609417153664
970,0.015566427026579862
971,0.17128707474383098
972,0.09548236697623327
973,0.16690350868118153
974,0.11178237951121213
975,0.12701991615312694
976,0.06700210071055131
977,0.05772961991433615
978,0.11543051828571635
979,0.04870417191171232
980,0.036126514577682886
981,0.06752424524192256
982,0.0839232993978129
983,0.18137206502578654
984,0.05371137247486603
985,0.00024057963735278634
986,0.16433726719206432
987,0.008941015027742432
988,0.012777161378297857
989,0.1063689046191534
990,0.09318364884371408
991,0.06325830827109168
992,0.007568549610453676
993,0.059745471753488676
994,0.04122419510203604
995,0.0837167649963261
996,0.004656797777211619
997,0.08675284158033927
998,0.0102273012857183
999,0.2108253344620504
1000,0.012811655295372737
1001,0.07809598141917078
1002,0.07484107126737216
1003,0.1005101228512245
1004,0.05532554137622776
1005,0.027363843896336948
1006,0.08276678034114565
1007,0.33054918338893424
1008,0.09765365755805304
1009,0.1664003697226972
1010,0.037953374105012185
1011,0.03293854336182138
1012,0.02637234497357798
1013,0.07356010205339115
1014,0.09396267768548752
1015,0.013916326800675468
1016,0.09150667102102622
1017,0.04144283746553135
1018,0.1636905948655882
1019,0.1602326278156594
1020,0.0462252282050615
1021,0.07654845119423237
1022,0.09614411585170092
1023,0.07048378517588247
1024,0.22467720712680994
1025,0.14804258969015552
1026,0.25799182958817224
1027,0.04980933557404997
1028,0.05086903877078537
1029,0.035633068453574696
1030,0.014924316805358256
1031,0.04768688328815652
1032,0.21737519628422405
1033,0.13753559373759905
1034,0.032855249058732904
1035,0.10867754906582162
1036,0.08260947697302429
1037,0.015848947163292833
1038,0.10126448751855788
1039,0.09329708037705793
1040,0.11413576454917375
1041,0.04617340301675996
1042,0.07237648323425584
1043,0.23426086857265804
1044,0.08552920345961028
1045,0.3184077564409866
1046,0.04928401700958041
1047,0.16433341778585395
1048,0.2270904962653735
1049,0.03283356312709496
1050,0.017471368821401566
1051,0.0830840125341329
1052,0.10064251572251362
1053,0.13517385858630354
1054,0.1958273952307547
1055,0.18617144352589293
1056,0.0985671308805146
1057,0.045301389253291455
1058,0.09902281292042596
1059,0.017590744659064874
1060,0.00961793875324276
1061,0.1324615070509219
1062,0.19785820658767125
1063,0.016353574652289038
1064,0.05518129645306753
1065,0.14758347265464744
1066,0.2161703548155988
1067,0.1320527431788894
1068,0.00682843303716814
1069,0.1850069392052927
1070,0.17203214882030154
1071,0.2740422388626247
1072,0.20001614709173404
1073,0.020324964800507116
1074,0.2526859515133734
1075,0.07633961102182826
1076,0.0420463949190539
1077,0.10867642909773936
1078,0.07123475123488268
1079,0.15170495484664287
1080,0.2231241807447409
1081,0.012352955977513616
1082,0.16419613989983403
1083,0.030781360407015037
1084,0.1479536081620434
1085,0.1692930640579283
1086,0.0017925402640043186
1087,0.02462360250441759
1088,0.21318891398958115
1089,0.09034830196027396
1090,0.15742599457004786
1091,0.053786546064526215
1092,0.07623276768859794
1093,0.009887582797329491
1094,0.0389745945867481
1095,0.01619392299247875
1096,0.07229503882262722
1097,0.006255457062057589
1098,0.08699539991372311
1099,0.048060597131905726
1100,0.06918987337893104
1101,0.01571593534814285
1102,0.1908028619923829
1103,0.07283267280057074
1104,0.08912037444647221
1105,0.15010424895571614
1106,0.02690341261088153
1107,0.1744683185677422
1108,0.030301915742639886
1109,0.0738303446527609
1110,0.09653587112679614
1111,0.0017987322149176953
1112,0.0037782554842927187
1113,0.11279227001019075
1114,0.07750270357433899
1115,0.15664303244899985
1116,0.2172005140926792
1117,0.041108690070760213
1118,0.048866522426278126
1119,0.14513918159793238
1120,0.09785852844474248
1121,0.09249693326680218
1122,0.0008112139283935156
1123,0.32423940677455976
1124,0.08786319828108796
1125,0.055773328629696736
1126,0.04347013068268552
1127,0.12296472246023732
1128,0.1029372631297795
1129,0.14481974987676194
1130,0.16147690614273774
1131,0.11378900218561964
1132,0.11484239253404326
1133,0.049622377802074416
1134,0.1971260156040196
1135,0.14934395915358414
1136,0.04169605374885554
1137,0.007798694351622516
1138,0.024110432226351047
1139,0.11750790688809815
1140,0.03078041968853068
1141,0.10671735498652392
1142,0.2049895708158331
1143,0.21863459915953107
1144,0.008698460755249573
1145,0.2338245972917093
1146,0.16371566073439095
1147,0.11083628336341182
1148,0.037680769331743635
1149,0.1805138531075755
1150,0.1369186539794991
1151,0.02477452809188385
1152,0.10146004702830788
1153,0.1909192438559742
1154,0.10971681043731786
1155,0.09451833244000364
1156,0.13912311096747015
1157,0.11835130435337207
1158,0.16063375585662068
1159,0.002037109665166412
1160,0.2276427795904499
1161,0.11866753653056293
1162,0.08250986875171848
1163,0.06564538734840608
1164,0.05347800581838354
1165,0.032172320939595225
1166,0.11226486783148204
1167,0.2166098357220159
1168,0.016607973694942296
1169,0.036580914797860985
1170,0.1882279480862923
1171,0.055226112493416364
1172,0.1100684358730622
1173,0.019538129448823303
1174,0.0019069613150413645
1175,0.09274901015595904
1176,0.02705027319477115
1177,0.19470566584601776
1178,0.07139422864788715
1179,0.1380084375953537
1180,0.2786204055064451
1181,9.249040194739092e-05
1182,0.0844014357453178
1183,0.09079899346928674
1184,0.11873604052499097
1185,0.12946333912843602
1186,0.15749143981689026
1187,0.19813545495140936
1188,0.07504376978524041
1189,0.1156173674724298
1190,0.01719912916613919
1191,0.08487315179701152
1192,0.04265252628471422
1193,0.0042142919103974495
1194,0.09073208762922126
1195,0.0018925448749890152
1196,0.10670270443177232
1197,0.010228668935225638
1198,0.2703569200595532
1199,0.14893467861637
1200,0.2009940056783328
1201,0.05898987299492586
1202,0.02710886755509475
1203,0.004302916989924089
1204,0.06588561268590701
1205,0.03853206821416294
1206,0.14719514368253525
1207,9.095167727704295e-05
1208,0.14523812214548662
1209,0.06720358923172408
1210,0.019024219537387227
1211,0.05605579000148323
1212,0.08962467153981049
1213,0.144870277618243
1214,0.0478234855804277
1215,0.20035543729780186
1216,0.056071894375617284
1217,0.02268461184032865
1218,0.0018158246212573923
1219,0.07053210811433634
1220,0.14698282558980333
1221,0.09644184708284616
1222,0.02893657660216087
1223,0.08335364928668597
1224,0.12822719151638978
1225,0.01986153423598575
1226,0.08532944875844975
1227,0.005401872411383185
1228,0.031997129971735865
1229,0.061670704089195935
1230,0.010963687261568315
1231,0.0897955191624224
1232,0.25584141997783755
1233,0.08781959409616638
1234,0.026609422687074308
1235,0.033168842471577704
1236,0.050358258135291205
1237,0.024361318628339738
1238,0.1392739857290302
1239,0.028530185793788562
1240,0.0313077542140101
1241,0.006188818164913335
1242,0.15007159225191932
1243,0.006842559109692404
1244,0.1974661563184285
1245,0.16752434273043032
1246,0.08304057142646121
1247,0.15785957138836812
1248,0.052483387655480884
1249,0.07209371158013034
1250,0.0052153508239979746
1251,0.059945312172048126
1252,0.07591162854194564
1253,0.021842503154650802
1254,0.007388734594757606
1255,0.28626256463755984
1256,0.05989714849105701
1257,0.012533426314825036
1258,0.016785640328881645
1259,0.026071226953494397
1260,0.28465527274418595
1261,0.07677336799895836
1262,0.09913954678370507
1263,0.11893642452293478
1264,0.14366612496802855
1265,0.1755220945531616
1266,0.009717812223025849
1267,0.061128947396625485
1268,0.02490460264142985
1269,0.19189609670089994
1270,0.01942945371762633
1271,0.1072026215696647
1272,0.10320914832900414
1273,0.08992231149591914
1274,0.155376287088008
1275,0.010499241165697858
1276,0.13272570814775536
1277,0.21040160339011946
1278,0.02352686467581355
1279,0.01762657166800829
1280,0.18056110513949425
1281,0.10498765345755767
1282,0.2754695332009313
1283,0.11980094421414045
1284,0.02130652633493658
1285,0.0024770348834793968
1286,0.10854640898047456
1287,0.12049929421503833
1288,0.14274054712756742
1289,0.08969541996081368
1290,0.009203094150772756
1291,0.07137185646890798
1292,0.028548284614634014
1293,0.1546080561131828
1294,0.021351943130013044
1295,0.0275387322197883
1296,0.08035398721686525
1297,0.16638356407025628
1298,0.029531790052237418
1299,0.09797503508141936
1300,0.09666145648793302
1301,0.19480504702037574
1302,0.17553707097566154
1303,0.07095674386528948
1304,0.13597385396037565
1305,0.1193117001280028
1306,0.02867325976888815
1307,0.04877273549492909
1308,0.2385098856604204
1309,0.08178255659128109
1310,0.14581544261565946
1311,0.1827878888061892
1312,0.20564377625822036
1313,0.02396526051690752
1314,0.02569249408683856
1315,0.06377917499064074
1316,0.07200179827702688
1317,0.0242609373604084
1318,0.033286773739889364
1319,0.09647782790595023
1320,0.0563421512902953
1321,0.07375162042699962
1322,0.08068299619560136
1323,0.08102982159331044
1324,0.043297828206142905
1325,0.2279423085898145
1326,0.059699304245871374
1327,0.04203655785996506
1328,0.04032080347619423
1329,0.03812692913632625
1330,0.24615934927107855
1331,0.060928159493775585
1332,0.022850981311402653
1333,0.05709277295916468
1334,0.05335682771852834
1335,0.22815837741294184
1336,0.1837528130802988
1337,0.10497736995248214
1338,0.22022662292309855
1339,0.04051960396007204
1340,0.11880236204484072
1341,0.1132922295709453
1342,0.060060820130629834
1343,0.19687285672242075
1344,0.04619534923423412
1345,0.013710109962253376
1346,0.2934186029662939
1347,0.047947775022645016
1348,0.056060116122652964
1349,0.05420135186860256
1350,0.006117524024088555
1351,0.02927301060040928
1352,0.05678509894830914
1353,0.18853126415032706
1354,0.12876816691918025
1355,0.06539498244415545
1356,0.007565997524521084
1357,0.1553933131049836
1358,0.08811913511237178
1359,0.06680096030450977
1360,0.03852364141737357
1361,0.17647518495368067
1362,0.14399996111990418
1363,0.07877701374532826
1364,0.06978176035710404
1365,0.0490868637039174
1366,0.10554930127549103
1367,0.015563350343186897
1368,0.11921040127264015
1369,0.12552080326200188
1370,0.03685128122625882
1371,0.16266088369522086
1372,0.2041513573491356
1373,0.1180323962844661
1374,0.08260203644754302
1375,0.023067156006969416
1376,0.17402496612210086
1377,0.12998638345604774
1378,0.02026399060839352
1379,0.06783309642003134
1380,0.05489825569922342
1381,0.08851608056019954
1382,0.06168546387016066
1383,0.0026547119174720442
1384,0.0887424362428029
1385,0.0899749876706786
1386,0.08721047041621514
1387,0.16229774951101775
1388,0.09031974896198708
1389,0.03442962093517677
1390,0.08702269738924377
1391,0.07414645035885258
1392,0.06360566346302952
1393,0.1198150044514073
1394,0.2959713843028721
1395,0.07531456653515474
1396,0.032716058724398096
1397,0.06713941398439807
1398,0.11969012004513807
1399,0.03537582016458096
1400,0.22593143382989375
1401,0.07529580712293722
1402,0.019842985285702854
1403,0.07616895461450221
1404,0.10690527738412052
1405,0.07415801266797163
1406,0.34991857015894884
1407,0.057741708386950814
1408,0.0403947845839898
1409,0.03717946473548685
1410,0.04015650693190408
1411,0.08524507329541835
1412,0.0059575999403677716
1413,0.10741267489950856
1414,0.03722822251553536
1415,0.12586492864618626
1416,0.19867466269792874
1417,0.17237990996283015
1418,0.10089493972063858
1419,0.15385840413172072
1420,0.07902610115610335
1421,0.0303039262791159
1422,0.11570631791144802
1423,0.10634744160090072
1424,0.06216342214816509
1425,0.0046331853868220385
1426,0.2312385844750985
1427,0.113956177595191
1428,0.15167190453697885
1429,0.010941684968006076
1430,0.003249220525244152
1431,0.18419876384645295
1432,0.08713962080072962
1433,0.08235670347575141
1434,0.041615786823094025
1435,0.15226397527705254
1436,0.040282354604125166
1437,0.21626580388136327
1438,0.1055349878495788
1439,0.149006331979806
1440,0.06972436861253414
1441,0.011163134318846482
1442,0.10896896826152276
1443,0.04092727874274876
1444,0.04132688460226031
1445,0.17662073481919652
1446,0.028930963640199713
1447,0.14309573838191664
1448,0.013781994527223396
1449,0.025333167950383564
1450,0.1291356038137319
1451,0.10901589607993063
1452,0.005182862868997232
1453,0.1758144339809388
1454,0.09751748645580896
1455,0.04230034775722912
1456,0.07825641613414604
1457,0.07550317855291706
1458,0.061024124720516375
1459,0.04357546620363918
1460,0.040291492191145466
1461,0.16529654166393173
1462,0.08873981683444644
1463,0.07297246081480907
1464,0.02138440660699213
1465,0.1395703531086954
1466,0.05303341486936616
1467,0.15846986065552165
1468,0.04589697359883408
1469,0.1886001397680694
1470,0.17308705404356206
1471,0.05036351789652202
1472,0.03979854016863468
1473,0.19752408276290093
1474,0.14950447911555445
1475,0.08454725673507385
1476,0.12455379128404825
1477,0.05637487104362592
1478,0.06354923614702608
1479,0.08990923263194965
1480,0.13242764860796696
1481,0.1298376324180212
1482,0.050041620278942135
1483,0.15479857256978827
1484,0.04104756150208128
1485,0.0012569927159922225
1486,0.05747687200728141
1487,0.019201714274959286
1488,0.0010102131004443363
1489,0.018126738149244398
1490,0.08370522974764573
1491,0.015645190530538776
1492,0.11087115686023996
1493,0.09040651208394153
1494,0.2128541038822241
1495,0.15305900401729813
1496,0.004453804511770228
1497,0.0017768846182215949
1498,0.13826593202090054
1499,0.13979582187758974
1500,0.04891411259442936
1501,0.06080071813310608
1502,0.1347509096339452
1503,0.015028580191635691
1504,0.1552001401974914
1505,0.007322281520357261
1506,0.2188711763334303
1507,0.15703411621270275
1508,0.1067653150833879
1509,0.07435238898331956
1510,0.0007721884830143629
1511,0.04961600879749499
1512,0.10692089283309787
1513,0.0201132643820344
1514,0.16293718248052888
1515,0.04832665006895589
1516,0.09294562063638767
1517,0.21292098862558295
1518,0.1803611378657455
1519,0.08042304268562178
1520,0.038482654733554215
1521,0.09071061366416087
1522,0.10102748393325033
1523,0.000977268149066582
1524,0.18203071196560716
1525,0.24378510723825034
1526,0.1530188802914152
1527,0.18317668136253165
1528,0.03829888874413701
1529,0.008857162893421117
1530,0.15542457610416546
1531,0.0765499301233409
1532,0.04843489782871541
1533,0.144386089568909
1534,0.16460710184450822
1535,0.01833703882982918
1536,0.11452874837608215
1537,0.062368828988655416
1538,0.08887778298844089
1539,0.24650297619734465
1540,0.019435267652900885
1541,0.1940318378418103
1542,0.07932582901593709
1543,0.0177533090586054
1544,0.11368535771763233
1545,0.08558969933681641
1546,0.1101944656693483
1547,0.16753520647151812
1548,0.04078393601227048
1549,0.010046626228318128
1550,0.05085050889076778
1551,0.03805902637709193
1552,0.0536602004869379
1553,0.012619231450065074
1554,0.15264009281127125
1555,0.007264868860018311
1556,0.0184260243042998
1557,0.044720051022986734
1558,0.06432492535467119
1559,0.042673605402098864
1560,0.032678536352613745
1561,0.0015799313673151515
1562,0.1105557822607309
1563,0.1676918260694966
1564,0.1195265520289785
1565,0.18901543245642047
1566,0.10954231677150134
1567,0.16539608133527658
1568,0.030738956453486958
1569,0.17394759091209705
1570,0.08297283304463791
1571,0.1945292980365833
1572,0.030908514108617363
1573,0.1397641022416886
1574,0.0602888932479083
1575,0.14876005112185287
1576,0.14376880677419812
1577,0.07025011006835452
1578,0.14376198495128042
1579,0.06327604764520753
1580,0.08515237000481253
1581,0.252784683707304
1582,0.0088768126984732
1583,0.0019465694767015183
1584,0.12702959695111654
1585,0.06298378803944586
1586,0.04154058320918982
1587,0.005362928565039779
1588,0.10786358957084832
1589,0.04884691551428494
1590,0.06529578108983808
1591,0.018367903840683184
1592,0.16417472178142134
1593,0.0737883834224686
1594,0.16452679196043726
1595,0.08987560400961676
1596,0.04869001110017026
1597,0.2376933571401569
1598,0.028965498127897494
1599,0.10474372492801344
1600,0.04586055344059817
1601,0.113891894035445
1602,0.020043940837844162
1603,0.16918332928807772
1604,0.043991734078852714
1605,0.21240123832425467
1606,0.15842366765126148
1607,0.0980765314610854
1608,0.016479265697828288
1609,0.07845139552007846
1610,0.03892362088091817
1611,0.10799821772998186
1612,0.2520186208813672
1613,0.08906909195434215
1614,0.0981325074679588
1615,0.1670410983052948
1616,0.02441005055833003
1617,0.22655394295312065
1618,0.11444745044289525
1619,0.09034279127178517
1620,0.02924196510171845
1621,0.01620799517203379
1622,0.14157276288803616
1623,0.0017556858735261176
1624,0.07336682579527562
1625,0.0766132940761927
1626,0.05314741389963033
1627,0.022791540603281826
1628,0.1836714534286832
1629,0.013422403555740104
1630,0.14854584624020387
1631,0.02122839578829866
1632,0.1079746119503674
1633,0.15694701389144394
1634,0.08842696216556688
1635,0.044896771586878666
1636,0.14648434356585288
1637,0.037602377094529536
1638,0.07370061127655664
1639,0.016181539853504703
1640,0.05164155978314475
1641,0.0651430319464292
1642,0.1342822159922518
1643,0.08532997104810676
1644,0.21033466312236332
1645,0.2046902466526372
1646,0.0334803645782013
1647,0.16036389106669527
1648,0.08216477124039104
1649,0.002526237502426925
1650,0.22432349746384436
1651,0.07633616768282042
1652,0.017167109967277966
1653,0.006574485822645398
1654,0.03407869013330856
1655,0.055042173566435336
1656,0.13142837686997655
1657,0.06196725431512483
1658,0.2345226221807587
1659,0.10308635177072624
1660,0.16471415194792546
1661,0.11430690970843475
1662,0.107750713046235
1663,0.13396202784688502
1664,0.055822840855836636
1665,0.04697398143635997
1666,0.0327321958472608
1667,0.0918114277798478
1668,0.10281569680717648
1669,0.11433510263699533
1670,0.09084336437532736
1671,0.03780538101285708
1672,0.02646562747402135
1673,0.08226276301023742
1674,0.004976449958720829
1675,0.009777078587201522
1676,0.05519581812251202
1677,0.006921113350847693
1678,0.132849746282559
1679,0.16223814369391465
1680,0.05330872577465697
1681,0.08138503269243694
1682,0.02820157619460913
1683,0.18554212945299536
1684,0.021466619202644036
1685,0.07218435561850113
1686,0.014476765010121169
1687,0.019716600643839288
1688,0.07838608804396267
1689,0.02339901182868212
1690,0.07838791455908946
1691,0.09295900896096156
1692,0.02317045492413956
1693,0.0423987436840531
1694,0.09983401005285096
1695,0.02354944801321877
1696,0.019860753882664263
1697,0.17661590191889082
1698,0.05842345856427422
1699,0.0010752050235723009
1700,0.06325966470022733
1701,0.11813701182308985
1702,0.017075874168385383
1703,0.011116471492683008
1704,0.013786703072874105
1705,0.09322972512936292
1706,0.1579132193906381
1707,0.03264443974577157
1708,0.0597219643478937
1709,0.11201516187462526
1710,0.04422845167567565
1711,0.05538784814294909
1712,0.0706475685411088
1713,0.08619055554723817
1714,0.2269390177330353
1715,0.12523070343071505
1716,0.1413772020417552
1717,0.04529946644645541
1718,0.047249314274547684
1719,0.011663801981534236
1720,0.04416435539680536
1721,0.09007235069235353
1722,0.12606200983036614
1723,0.15212339239469105
1724,0.042044980602591896
1725,0.041678466212873536
1726,0.12335561697494485
1727,0.061503227514226426
1728,0.020405284473524427
1729,0.15133632806932348
1730,0.036532406124203186
1731,0.043709110074432574
1732,0.0428604296588782
1733,0.13265412810441435
1734,0.04838337275627861
1735,0.18250815959544964
1736,0.19987900791723345
1737,0.008141578323541284
1738,0.12986432876178208
1739,0.06011387844222413
1740,0.04138708378863623
1741,0.15533887602212115
1742,0.05919663837325333
1743,0.09428549237188323
1744,0.08662257763706185
1745,0.13999719761915616
1746,0.12112153699869767
1747,0.1356043599514185
1748,0.1261299820107616
1749,0.18051922749449126
1750,0.07518487525008173
1751,0.06053532123870629
1752,0.12038187722037955
1753,0.03691083479705005
1754,0.10824565135681936
1755,0.1859243815128184
1756,0.028367838745418362
1757,0.053262846281518055
1758,0.04214685922022822
1759,0.09156687100838128
1760,0.0842820552382541
1761,0.03269009071015884
1762,0.05571943414482623
1763,0.029199190487428632
1764,0.04736894470254783
1765,0.1225633988267273
1766,0.043025890398636725
1767,0.08782255141345763
1768,0.12970614511945208
1769,0.05367996458204927
1770,0.06679731524077627
1771,0.0015027486688026642
1772,0.019410202833967168
1773,0.01780354989619129
1774,0.12941805225189518
1775,0.04933570235596503
1776,0.056418403132125865
1777,0.031217627452607526
1778,0.02223389886732621
1779,0.060765592403396115
1780,0.012196387672970727
1781,0.22704549528357285
1782,0.1203626888510683
1783,0.05026538103399175
1784,0.08820590291962757
1785,0.05697661706680576
1786,0.042639879343871485
1787,0.13135763035380682
1788,0.10238102267454813
1789,0.04388523592040157
1790,0.07464095946386902
1791,0.13226311656083162
1792,0.0968131971585451
1793,0.1627808969976854
1794,0.15655989877565127
1795,0.0069997929067474466
1796,0.09886112641907392
1797,0.09148185070716004
1798,0.12200429734095394
1799,0.05900534478833658
1800,0.0611111542931233
1801,0.05005073426179325
1802,0.019071874346291817
1803,0.057118181433260876
1804,0.05357960399306462
1805,0.023143483114258737
1806,0.1178081314021277
1807,0.02301893696171336
1808,0.12618303955776794
1809,0.0111080092191183
1810,0.02314076180891772
1811,0.13606884467865754
1812,0.04296187557194157
1813,0.1641080488564706
1814,0.06270486021620009
1815,0.0004485674761499532
1816,0.08024913148843445
1817,0.08240298124604273
1818,0.048749645400058994
1819,0.07679381821284559
1820,0.10445990629567832
1821,0.004042613607047288
1822,0.0903734642450905
1823,0.02023983078414033
1824,0.12051382657608073
1825,0.09866645681219004
1826,0.02539349632733135
1827,0.11129884943959324
1828,0.10384238462771808
1829,0.09984943775325003
1830,0.14825673849877202
1831,0.08262658446395213
1832,0.14030099333938414
1833,0.14444460620656618
1834,0.11318363649732678
1835,0.03309039955141668
1836,0.10685597428121288
1837,0.15534309116725614
1838,0.015333130099912494
1839,0.01996449505072329
1840,0.1641609576117841
1841,0.06193460541061273
1842,0.11875617373871568
1843,0.010213953196026837
1844,0.1585835589580084
1845,0.032046624020261635
1846,0.0817830694316153
1847,0.04264700116953997
1848,0.1500718992899562
1849,0.10982636249172363
1850,0.18877203634655199
1851,0.10563012742809634
1852,0.11334497204723568
1853,0.09011940515174327
1854,0.2096494991548016
1855,0.10421880694542013
1856,0.12338424646557533
1857,0.1939310636557645
1858,0.03162583335373252
1859,0.16134720062695446
1860,0.17673125745872426
1861,0.020371253122250847
1862,0.10710357174057293
1863,0.0653226916566933
1864,0.02154256173855193
1865,0.07126826910179063
1866,0.021630365600091787
1867,0.05212359730964607
1868,0.17166688594524854
1869,0.16470187836323605
1870,0.023027023930510752
1871,0.05435409467321528
1872,0.18505435686539584
1873,0.03511994735838631
1874,0.19225462080999114
1875,0.0770930538486599
1876,0.020622046763946283
1877,0.07954047044121146
1878,0.015489333108678225
1879,0.09262475871565186
1880,0.10849703817656303
1881,0.19880669753223765
1882,0.1289617763909587
1883,0.0002140694621162913
1884,0.010889975645709772
1885,0.10712679266713024
1886,0.00017121666011675214
1887,0.12239623615653747
1888,0.05277592563942818
1889,0.19892254974944826
1890,0.058253595129777874
1891,0.1540657806264361
1892,0.03039865134362421
1893,0.02126473615898305
1894,0.10961937862030116
1895,0.10915462170319018
1896,0.03238465450172729
1897,0.033269288388986296
1898,0.0037371695918496602
1899,0.07016037775895469
1900,0.029746537146762387
1901,0.09383707618534563
1902,0.11520073067287367
1903,0.09945498100650094
1904,0.1596305878497433
1905,0.20036309877585906
1906,0.035535108175692234
1907,0.10566033708130423
1908,0.003350712810087507
1909,0.09270722002904466
1910,0.10299924758861677
1911,0.1584134717520059
1912,0.06861944001289652
1913,0.10823887056706127
1914,0.06565234089634797
1915,0.08332248977794153
1916,0.08784371687616782
1917,0.06920081839268298
1918,0.1647543679708163
1919,0.1808076854039314
1920,0.03889237210831378
1921,0.06272041226160792
1922,0.021554275883453915
1923,0.1143890474251401
1924,0.011531137265155108
1925,0.002757204276144517
1926,0.2260982113017187
1927,0.0919800055365129
1928,0.07168222586621521
1929,0.2074437010850014
1930,0.0695869170201624
1931,0.04618172902690258
1932,0.27475101854823925
1933,0.12917251725141132
1934,0.07830631133231955
1935,0.07272770369593258
1936,0.1352988029302066
1937,0.042652987221615334
1938,0.004542949448637618
1939,0.17490092725185408
1940,0.010043049431388566
1941,0.008258016404148591
1942,0.07615239905806373
1943,0.17574927158646306
1944,0.07482525889323242
1945,0.0002879806117829596
1946,0.08936056728538316
1947,0.009221655828070007
1948,0.11228823354343166
1949,0.12794301216202714
1950,0.055573037711797287
1951,0.14689694556938696
1952,0.07534142793766142
1953,0.08464099072018713
1954,0.005569666625712608
1955,0.1540066548139092
1956,0.130133078044275
1957,0.00397975285384275
1958,0.09772139977199934
1959,0.04220450320749206
1960,0.09541924625797896
1961,0.1703210285736453
1962,0.007434997207332381
1963,0.03907736603945551
1964,0.02662002399425801
1965,0.01163537159296676
1966,0.05734867789720964
1967,0.11528772198811572
1968,0.16473307462267384
1969,0.14423513005537722
1970,0.10458377387828716
1971,0.0270896255551777
1972,0.14311070845542884
1973,0.007634473530144036
1974,0.07228540692351584
1975,0.0007915535150891965
1976,0.2487245261168652
1977,0.15603367532769105
1978,0.0634112544685069
1979,0.09666292747019106
1980,0.020066642344430924
1981,0.27756306161323807
1982,0.0108068881878755
1983,0.09493722366891916
1984,0.011936029776025578
1985,0.08080992804538391
1986,0.024870231205975875
1987,0.16147533631999073
1988,0.05647721788477227
1989,0.15668975014742267
1990,0.0022830397909837136
1991,0.13821862293685802
1992,0.01594732151584043
1993,0.025226333660620003
1994,0.20935378929390236
1995,0.12948089982419458
1996,0.09338769146518323
1997,0.111897255680071
1998,0.05393802928319663
1999,0.016837858986619058
