,value_per_image
0,-0.94162166
1,-1.0590469999999998
2,-0.6333234999999999
3,-1.9822523999999997
4,-1.6593852
5,-1.7848128
6,-0.24685769
7,-0.7593625
8,-1.4107356000000002
9,-2.1182877999999996
10,-1.2582695
11,-2.0413756000000003
12,-0.8453852
13,-0.18307585
14,-0.77772474
15,-1.7155817999999998
16,-2.7913267999999998
17,-0.16139935
18,-0.46917155
19,-2.3403802000000002
20,-0.77388364
21,-0.4394523
22,-0.54929453
23,-0.58255035
24,-0.8084603
25,-2.1047297
26,-3.4491894
27,-0.17572276
28,-4.0748625
29,-6.468309400000001
30,-3.3658626000000003
31,-2.5723493
32,-0.34900382
33,-2.6460008999999998
34,-1.6164793
35,-0.35485238
36,-1.5589511
37,-1.5554367
38,-2.4544832999999997
39,-0.86548173
40,-2.2611935
41,-1.2417154
42,-3.267776
43,-0.3496677
44,-2.0232375
45,-0.3203225
46,-0.14213017
47,-1.1347851999999998
48,-1.2616125
49,-1.1066703000000002
50,-2.040356
51,-0.3278962
52,-1.5456433
53,-0.67354715
54,-2.7061875
55,-0.39835984
56,-1.1531285
57,-1.9440968
58,-0.5788270999999999
59,-0.2804173
60,-0.27193229999999996
61,-1.4479408
62,-2.8022058
63,-4.4329467000000005
64,-0.7271521
65,-1.4521600000000001
66,-2.4504986
67,-1.409653
68,-1.5168238
69,-0.63557893
70,-2.1329312000000002
71,-2.0317721
72,-0.28349218
73,-1.1449316999999999
74,-2.7681699
75,-1.2230495000000001
76,-0.27211457
77,-3.6136932
78,-1.0116049
79,-2.001447
80,-0.22215848
81,-2.4025068
82,-0.3496906
83,-2.2520385
84,-1.2089843
85,-0.21588497
86,-2.9661063999999997
87,-1.1421412
88,-0.24843949
89,-2.3651470000000003
90,-0.4246399
91,-3.9682958
92,-1.4377031
93,-1.4118667999999999
94,-2.3062694
95,-0.9486738000000001
96,-1.4902467
97,-1.5106579
98,-1.9437938999999997
99,-0.8016731
100,-0.6349587
101,-0.3534743
102,-1.2995743999999998
103,-1.1323794
104,-1.1230673999999998
105,-0.9506638000000001
106,-0.11673599999999999
107,-1.3634454
108,-1.2575618999999998
109,-2.2024136000000003
110,-1.6443999
111,-1.8283691000000002
112,-1.6927801
113,-0.88158834
114,-1.3783133
115,-1.8513407
116,-2.4981909
117,-0.9018745000000001
118,-1.5850763
119,-2.0351133000000003
120,-1.1751236999999999
121,-4.3694377
122,-1.8172851000000003
123,-2.0067263
124,-3.2698953
125,-0.9310845
126,-3.4585156
127,-0.12920082
128,-0.88664013
129,-0.45159122
130,-2.3276793999999996
131,-4.2186127
132,-1.1697819999999999
133,-2.2916818
134,-2.1829507
135,-4.590747400000001
136,-2.8206623
137,-1.382935
138,-2.0923636
139,-1.6948683
140,-0.86237335
141,-0.29014295
142,-2.8156266
143,-1.4765092
144,-4.8810167
145,-2.5941503
146,-1.497242
147,-0.44200927
148,-0.9338595
149,-3.6687272000000006
150,-1.0729933
151,-4.399245
152,-1.263585
153,-0.4291829000000001
154,-2.2725742
155,-1.1376734
156,-1.2196835
157,-1.4753644
158,-0.88949
159,-0.6020599
160,-2.3648038
161,-0.2684199
162,-0.92735463
163,-0.5247864000000001
164,-0.66368103
165,-4.412652
166,-2.0793278
167,-2.2085612
168,-0.22080588
169,-0.3451324
170,-3.4225826
171,-0.40048358
172,-1.5561752
173,-0.48168479999999997
174,-1.1918023000000002
175,-0.48444587
176,-0.6938240999999999
177,-1.3672084999999998
178,-1.4539790000000001
179,-0.7500144
180,-0.9325713
181,-3.4427354
182,-2.157754
183,-2.5021589
184,-2.7835374
185,-3.1441369999999997
186,-4.317921599999999
187,-2.2177894
188,-2.647303
189,-0.7645649
190,-4.891038
191,-0.63760036
192,-0.70950294
193,-0.6894723
194,-2.0701628
195,-0.17264134
196,-0.18743727
197,-1.0888255
198,-1.0501201999999998
199,-0.9288323
200,-0.15844028
201,-1.5024375
202,-1.783245
203,-3.6309690000000003
204,-2.664438
205,-0.9555253
206,-1.7438049999999998
207,-1.1779518999999998
208,-2.4797293999999996
209,-2.1331158
210,-0.41260600000000003
211,-0.47501102
212,-1.2331071000000002
213,-1.2858413
214,-1.4300898000000002
215,-3.5925152000000002
216,-1.5529547
217,-1.1307167
218,-3.186789
219,-0.25054818
220,-0.9621778
221,-3.5191257000000005
222,-0.51339704
223,-0.691395
224,-1.6659727999999998
225,-3.8194727999999993
226,-2.1281698
227,-3.986693
228,-0.2359757
229,-3.4528943999999995
230,-1.1151639
231,-0.15746894
232,-1.5403198
233,-2.1560242
234,-0.85497564
235,-1.5972495
236,-2.7465785
237,-2.6282153
238,-0.18147698
239,-3.9149814
240,-1.3551714
241,-0.6217663
242,-4.217765
243,-2.8610935
244,-1.7169846999999998
245,-1.7668258999999997
246,-0.8913914000000001
247,-0.59031075
248,-1.7216578999999999
249,-0.7105275
250,-3.064461
251,-2.580987
252,-3.2243056
253,-0.17440231
254,-3.096223
255,-1.0470659
256,-0.47348729999999994
257,-0.9671335999999999
258,-1.8527429
259,-1.6639331999999998
260,-0.72910404
261,-0.4398264
262,-2.7421546
263,-0.26496577
264,-0.7449665
265,-1.6088377
266,-2.1964040000000002
267,-0.9128658000000002
268,-0.6512754
269,-1.6653794999999998
270,-2.4820322999999997
271,-0.23705134
272,-0.78602624
273,-0.7472384
274,-1.7710464
275,-3.2629442
276,-0.80354095
277,-0.84394664
278,-1.0593578000000001
279,-2.0661943
280,-0.86995983
281,-0.5448607
282,-5.7301335
283,-1.2817912
284,-2.8997555
285,-0.9291988999999999
286,-4.827131
287,-0.6177173
288,-0.80177385
289,-1.4360667
290,-0.44193172
291,-0.42410156
292,-2.135816
293,-1.1502274
294,-3.0100973
295,-1.3197291000000002
296,-1.6307104
297,-3.1358132000000003
298,-5.8799915
299,-1.7542408
300,-1.3888017
301,-1.7072492
302,-1.1141477
303,-1.5176281
304,-2.683838
305,-3.2391522
306,-1.4046121999999999
307,-1.3382603000000002
308,-1.7943738
309,-1.3610855
310,-0.59864646
311,-0.4356049
312,-1.780693
313,-0.41941267
314,-1.5958534
315,-0.21336484
316,-1.2719657
317,-2.6911764
318,-2.5991876
319,-0.30887768
320,-1.7767771
321,-2.6944332
322,-5.827447
323,-0.5997707
324,-0.8630207000000001
325,-1.6123377
326,-1.6071277
327,-2.1389563
328,-1.8097121999999999
329,-0.30033538
330,-1.8059813999999998
331,-2.429913
332,-2.0263193
333,-2.4868328999999996
334,-0.38800308
335,-1.9867754000000002
336,-0.98976517
337,-2.8586879
338,-2.2783275
339,-1.4732273999999999
340,-1.0958818000000001
341,-1.4762491000000002
342,-1.3534932
343,-0.44578567
344,-1.3297728000000002
345,-1.5156281999999999
346,-0.68248534
347,-1.8721991999999998
348,-2.5950112
349,-1.6420362000000002
350,-0.16070302
351,-3.9942599999999997
352,-4.9474196
353,-1.6704473000000002
354,-1.0205925999999998
355,-4.644983
356,-1.6388696
357,-2.5172825
358,-1.8228034
359,-0.71450424
360,-0.63977575
361,-0.6122236
362,-0.23529157
363,-0.21376094
364,-1.0522884
365,-3.340878
366,-0.31943792
367,-1.4347478999999999
368,-1.7954466
369,-1.7082878000000001
370,-1.6038758999999998
371,-3.06373
372,-1.1785208999999999
373,-2.115243
374,-0.94761205
375,-2.0280786
376,-0.8190776999999999
377,-2.118168
378,-2.3996508
379,-1.4253775
380,-1.6271235000000002
381,-0.8833295
382,-1.6832814999999999
383,-0.30589882
384,-0.89348996
385,-0.51789975
386,-2.4409490000000003
387,-2.1238554
388,-1.7989715
389,-0.35205072
390,-1.6208383999999998
391,-0.23075151
392,-0.2409018
393,-4.570391000000001
394,-2.3211346
395,-3.1756485
396,-2.617524
397,-1.0792696000000002
398,-1.4624492
399,-1.3053428
400,-2.5514917
401,-2.7318542000000003
402,-2.6666882000000003
403,-1.4619018
404,-1.7358397
405,-1.3491209
406,-2.900171
407,-1.5474075
408,-2.7841793999999997
409,-0.5481307
410,-2.1035671000000002
411,-3.6730343999999997
412,-1.5714912
413,-0.9135339
414,-0.8752093000000001
415,-1.4656221999999999
416,-1.2782218
417,-1.5081905
418,-1.6103344
419,-0.5523698
420,-2.8040795
421,-1.8367151000000002
422,-1.5149513000000001
423,-0.37106946
424,-3.0193079
425,-0.41935855
426,-1.6913615000000002
427,-2.1222496
428,-1.110163
429,-1.0761794
430,-2.0438712
431,-1.4259771
432,-1.8747076
433,-0.83874476
434,-1.1173073999999998
435,-2.6902351
436,-3.7731426
437,-1.2198951999999998
438,-1.2061986999999998
439,-0.6644361
440,-2.6514827999999997
441,-5.2631407
442,-1.9975406000000002
443,-1.6515721999999997
444,-0.3104397
445,-0.78698057
446,-0.9949363999999999
447,-0.25510037
448,-1.1660028
449,-1.9387442
450,-3.5987169999999997
451,-1.0582685
452,-1.0387585
453,-1.2342613000000002
454,-1.2507957
455,-0.6191227
456,-0.82429016
457,-1.5196178
458,-3.854733
459,-2.0467419999999996
460,-2.1158490000000003
461,-1.2185583
462,-4.7280955
463,-1.0604333000000001
464,-1.3821986000000002
465,-0.6710564
466,-1.7000536
467,-2.5188622000000005
468,-6.022393
469,-2.6392915
470,-1.4218289
471,-1.8175569999999999
472,-3.0027272999999997
473,-0.6608839
474,-0.34811357
475,-0.15789667
476,-2.9366307000000003
477,-1.6536547
478,-2.232018
479,-0.5936672
480,-2.511747
481,-0.9081052
482,-1.8019482
483,-1.4276822
484,-0.17067735
485,-1.5815854999999999
486,-1.2857758
487,-0.60052717
488,-1.1103203000000001
489,-1.4646541000000002
490,-1.4016918
491,-1.9860375
492,-3.0338402
493,-0.75731426
494,-1.7274203999999997
495,-3.5292852
496,-3.9098019999999996
497,-1.0806916000000002
498,-2.5422105999999998
499,-0.1840904
500,-1.1415346000000002
501,-1.5308955
502,-0.13617381
503,-1.1463753
504,-2.4863443
505,-1.1209863000000002
506,-0.27394438
507,-2.9252024
508,-4.311637999999999
509,-2.0579655
510,-1.6923290000000002
511,-0.61890584
512,-0.96565515
513,-1.8931148999999998
514,-1.4152496
515,-1.0807055
516,-1.4215189
517,-1.8151424999999999
518,-0.8004312
519,-1.9382028999999998
520,-3.3292434
521,-1.1302538999999998
522,-4.463185299999999
523,-3.338782
524,-1.8038691999999998
525,-2.418138
526,-0.9376317
527,-0.9896895
528,-5.158653
529,-0.5859955
530,-3.3988370000000003
531,-3.333913
532,-0.85230166
533,-1.5166625
534,-0.28769892
535,-3.1960083999999997
536,-1.6260122
537,-1.8090805
538,-2.0439136
539,-2.7810981
540,-1.58046
541,-3.9121989999999998
542,-2.7110608
543,-1.0821207
544,-2.2734644
545,-1.3925409
546,-2.2173007
547,-1.543457
548,-2.7893744
549,-4.5578365
550,-3.4977858
551,-0.34321535
552,-0.33055615
553,-2.8596630000000003
554,-0.41334724
555,-0.41687357
556,-0.29552543
557,-0.30949438
558,-2.24188
559,-2.1552743999999997
560,-0.97385883
561,-1.1294643
562,-0.83737934
563,-0.77260923
564,-4.064412600000001
565,-2.3489242000000004
566,-2.726096
567,-4.4049510000000005
568,-0.4581442
569,-0.51454073
570,-2.3093052000000003
571,-3.3603485
572,-0.37618962
573,-1.3841639
574,-3.336442
575,-0.8599026
576,-2.4131517000000002
577,-2.582486
578,-1.084878
579,-1.806112
580,-4.004573000000001
581,-0.71787226
582,-2.074158
583,-1.320288
584,-2.2760346
585,-0.5539123
586,-1.4401393
587,-3.8037004
588,-5.3188353
589,-1.5506008999999998
590,-2.421335
591,-2.5858088
592,-2.7727382
593,-1.539477
594,-3.0674148
595,-1.2187581
596,-2.2850224999999997
597,-1.5269213
598,-0.57570326
599,-0.6024764
600,-0.36110149999999996
601,-1.6699156000000002
602,-0.76342803
603,-4.2168837
604,-1.3598171000000001
605,-2.043484
606,-1.585775
607,-0.7011214
608,-0.32994562
609,-2.1088772000000002
610,-3.4846833
611,-1.8834532
612,-0.15325187
613,-1.5630141000000002
614,-0.79353166
615,-3.3591312999999996
616,-3.6497555
617,-0.69564295
618,-2.6670506
619,-2.2700270000000002
620,-0.9327725
621,-0.6221260000000001
622,-0.72514063
623,-0.9840408000000002
624,-1.8976886999999998
625,-1.1073177
626,-2.0466344
627,-1.0346210999999998
628,-1.7607262
629,-1.2773135
630,-0.8209083
631,-2.6488557
632,-0.64584064
633,-1.6149440000000002
634,-0.30314097
635,-0.50331616
636,-0.81046116
637,-2.2589307
638,-3.513758
639,-1.054065
640,-1.1784649
641,-0.9481139999999999
642,-1.8051853
643,-2.1522577000000003
644,-2.8360612
645,-1.6650146000000001
646,-2.1313367000000003
647,-1.8604158
648,-1.9466067999999999
649,-1.2216637
650,-2.4206305
651,-1.3702362
652,-2.4484744
653,-0.8243719
654,-0.783602
655,-2.7256377
656,-2.3513718
657,-0.7518454000000001
658,-0.28879184
659,-1.1095741000000001
660,-3.4069644999999995
661,-2.0027885
662,-1.4425383
663,-0.26406258
664,-0.6512627
665,-5.806816599999999
666,-0.8773741
667,-1.43587
668,-0.7854073
669,-0.59821147
670,-0.35525116
671,-2.0061986000000003
672,-0.6680972
673,-1.6915066000000003
674,-0.74287903
675,-2.012037
676,-3.193014
677,-0.83163494
678,-1.3036549
679,-3.2835953
680,-4.236401
681,-0.67753255
682,-2.9547404999999998
683,-2.4285686
684,-1.1639348
685,-1.9793308
686,-0.7869217
687,-2.0099661
688,-0.91633797
689,-1.1529483
690,-2.388873
691,-4.4019184000000005
692,-1.012141
693,-4.547477
694,-1.695858
695,-2.2141208999999997
696,-0.7019622
697,-1.0805788
698,-2.1171124
699,-0.12824516
700,-1.1233497
701,-1.3909314
702,-4.302153
703,-0.85771954
704,-1.4511521
705,-2.251268
706,-1.7297778000000001
707,-0.26844263
708,-0.91854984
709,-2.8121674
710,-0.09448304
711,-2.535955
712,-3.2317696
713,-1.4524295
714,-1.448242
715,-2.5138047
716,-2.2200463
717,-1.9147365
718,-1.132247
719,-1.5081545
720,-2.3886369999999997
721,-0.82767946
722,-0.9812734000000001
723,-0.53782505
724,-1.4896003
725,-0.5222032
726,-0.44152892
727,-4.5986233
728,-1.8525531000000002
729,-1.2695242
730,-1.7722325
731,-2.595355
732,-1.549132
733,-0.09689423
734,-1.7581423999999999
735,-3.4767822999999995
736,-2.2163975
737,-2.6698341
738,-1.564108
739,-0.9375919
740,-0.7174878
741,-0.37925452
742,-2.8338243999999997
743,-4.201704
744,-0.7684863000000001
745,-4.4410386
746,-1.8410034
747,-2.53741
748,-4.3063126
749,-1.41309
750,-1.0165457
751,-0.44304395
752,-1.6982186000000001
753,-0.5043954
754,-1.5574621000000002
755,-0.81441224
756,-1.6334548999999998
757,-0.48333755
758,-0.37984204
759,-1.0901392
760,-4.7867737
761,-1.7230183999999997
762,-1.0893357
763,-1.1844455
764,-4.31484
765,-0.77457505
766,-0.7230306
767,-0.41951838
768,-3.9581267999999996
769,-0.09013774
770,-0.13497849
771,-0.59687984
772,-0.6506501
773,-2.6400373
774,-0.28577748
775,-5.664013400000001
776,-0.21443923
777,-1.8548763
778,-2.4296615000000004
779,-1.6971433999999999
780,-2.0084846
781,-1.1740001
782,-0.8716931
783,-0.6902659999999999
784,-3.9274714
785,-0.3082841
786,-0.8475891
787,-1.8358335
788,-1.1724793
789,-1.5734073
790,-2.8400595
791,-1.0087864
792,-0.94291455
793,-1.7508799
794,-2.8022892
795,-2.7280493
796,-2.7383432
797,-0.5352155
798,-1.2806848
799,-6.963108
800,-0.6875149
801,-0.15445806
802,-1.8330634999999997
803,-2.082745
804,-0.7721194
805,-2.2305977
806,-0.8692273000000001
807,-2.0782928
808,-3.656371
809,-2.0169039
810,-0.19443488
811,-0.53331786
812,-1.7007306
813,-1.7881409
814,-2.2134774
815,-0.60182834
816,-0.6280415
817,-0.60465366
818,-1.0517838
819,-0.7325586
820,-3.1081176
821,-0.19921939
822,-3.1297650000000004
823,-0.67634386
824,-5.398746
825,-1.3885020000000001
826,-3.5775146
827,-2.4591284
828,-1.0524218
829,-1.228537
830,-2.4758197999999996
831,-2.1926042999999997
832,-0.31293365
833,-1.4212103999999999
834,-1.1194346000000002
835,-2.4666424
836,-0.34043118
837,-2.114007
838,-0.7849086
839,-0.8063800999999999
840,-2.5974112000000003
841,-2.5503937999999997
842,-0.38642728
843,-1.769714
844,-0.7451097
845,-1.7528003
846,-0.38324368
847,-2.0433613999999998
848,-0.9132886
849,-1.0176107
850,-0.92223775
851,-0.95564944
852,-0.81413126
853,-0.9373511
854,-2.3287125
855,-0.37598476
856,-2.7370197999999997
857,-1.1516613000000002
858,-2.8471333999999997
859,-0.62654257
860,-3.1421053
861,-0.10572673
862,-1.9866016
863,-1.0554953999999999
864,-0.721738
865,-1.1265622
866,-2.8781316
867,-0.7494399
868,-1.6123163
869,-4.582775
870,-1.092695
871,-3.2919864999999997
872,-1.4086667
873,-1.7467732
874,-1.0981815000000001
875,-2.6776876
876,-1.4864838
877,-0.88783926
878,-1.3449721000000001
879,-1.5227928
880,-3.1872368
881,-1.0808537
882,-1.000992
883,-2.1769068
884,-0.714345
885,-2.0785408
886,-3.4818949999999997
887,-1.2071341999999998
888,-1.3665451000000002
889,-1.6232096
890,-0.13165629
891,-1.4003681000000001
892,-0.9271883
893,-2.5328009999999996
894,-1.6496451
895,-0.6520018
896,-1.0378965
897,-1.5182171999999998
898,-0.80298465
899,-2.0309074000000003
900,-3.071012
901,-3.135469
902,-0.8762163000000001
903,-0.66788083
904,-2.3370542999999997
905,-1.6124356000000002
906,-1.3210621
907,-3.0559585
908,-1.5874851
909,-1.171724
910,-0.23246224
911,-0.21833093
912,-1.045412
913,-2.0856695
914,-1.6876848000000002
915,-3.2781682
916,-0.10196549
917,-2.4919672000000004
918,-0.900824
919,-2.4778557
920,-3.2215407000000003
921,-0.38206485
922,-3.2419024
923,-1.3224059
924,-3.5611181000000003
925,-2.2594
926,-1.3007917
927,-0.8623703000000001
928,-1.7010009999999998
929,-1.742705
930,-3.2144334
931,-1.4549875
932,-2.163009
933,-3.176917
934,-1.4905760000000001
935,-0.96093625
936,-1.7945131999999997
937,-0.16571683
938,-2.6903012000000004
939,-2.1464827
940,-4.2826166
941,-1.1229795
942,-0.6838786
943,-3.8242621
944,-1.9629797999999998
945,-0.7969242
946,-0.21135098
947,-3.0233893
948,-2.4361134
949,-2.1163642000000005
950,-0.5178922
951,-0.43246654
952,-0.94412464
953,-1.1995924999999998
954,-1.5390574
955,-0.9830825999999999
956,-1.7618359000000001
957,-0.77210766
958,-0.94765145
959,-2.9987879
960,-1.4316398000000001
961,-2.4995897
962,-0.15621607
963,-0.71200633
964,-1.3769982
965,-3.5620604
966,-2.271714
967,-0.58216774
968,-1.2660493
969,-0.26130432
970,-2.0744363999999997
971,-0.9643509
972,-3.6956818
973,-0.23201448
974,-2.5848298
975,-2.2983015
976,-2.7194414
977,-0.12394418
978,-2.5449286
979,-1.5625091
980,-1.4398296999999998
981,-1.8842279999999998
982,-2.3991043999999997
983,-1.740607
984,-0.40544212
985,-0.44707197
986,-1.8859381999999998
987,-0.30363292
988,-0.7258631999999999
989,-0.64731616
990,-0.6868783
991,-2.3130363999999997
992,-0.86174554
993,-3.4768686
994,-3.2674768
995,-1.25155
996,-0.4363212
997,-1.5078651
998,-0.26224664
999,-1.8042473999999997
1000,-0.38573596
1001,-4.289853
1002,-1.1234049
1003,-0.79819614
1004,-0.8729996999999999
1005,-1.6424238999999998
1006,-1.200611
1007,-1.8594116000000003
1008,-1.8652022000000001
1009,-3.641895
1010,-2.307927
1011,-2.1654427000000003
1012,-1.1899203
1013,-2.4402502
1014,-0.08011085
1015,-1.8228633
1016,-1.2913204
1017,-0.79004014
1018,-2.5881531000000004
1019,-1.5960758999999998
1020,-0.07953989999999998
1021,-0.4061054
1022,-2.6085842
1023,-2.793279
1024,-3.0978599
1025,-2.627128
1026,-0.40534213
1027,-1.2924398000000001
1028,-0.30799523
1029,-0.4577016
1030,-1.7278984
1031,-0.8266314
1032,-1.6092792
1033,-3.7274196
1034,-1.1135008
1035,-0.5012966
1036,-0.3846476
1037,-1.4049777
1038,-1.1009276000000001
1039,-0.67936474
1040,-0.61531657
1041,-2.410324
1042,-2.2869778
1043,-0.8485411
1044,-2.3621072999999995
1045,-0.6284542
1046,-0.7219682
1047,-3.794657
1048,-0.560304
1049,-1.7256767
1050,-0.46280995
1051,-1.0219609
1052,-2.237596
1053,-2.2545838
1054,-0.6729625
1055,-0.8854003
1056,-1.2800953000000002
1057,-0.14991015
1058,-1.5440108000000001
1059,-0.7245505
1060,-0.19603278
1061,-0.9567210999999999
1062,-0.6273569
1063,-2.279983
1064,-0.7968075
1065,-2.8265853
1066,-1.1440146
1067,-1.5171529
1068,-2.427284
1069,-1.6300441
1070,-3.937907
1071,-2.8807235
1072,-0.8978976000000001
1073,-1.6269851999999998
1074,-1.9400080000000002
1075,-0.21904679
1076,-0.18321295
1077,-0.9433062
1078,-0.76347685
1079,-1.349744
1080,-2.8512785
1081,-0.6080869000000001
1082,-2.3420753
1083,-1.2353272
1084,-1.8804375
1085,-0.891747
1086,-2.2596521000000003
1087,-0.93461424
1088,-0.18014535
1089,-2.7167703999999997
1090,-1.7598699
1091,-0.87846845
1092,-2.2122362
1093,-2.580114
1094,-0.36286986
1095,-1.4764708
1096,-2.6271775
1097,-0.8678360999999999
1098,-1.8121575
1099,-2.0964582
1100,-1.3394848999999998
1101,-0.63412327
1102,-1.5283847
1103,-3.4278607000000005
1104,-0.38445896
1105,-2.1053855
1106,-2.6194754000000002
1107,-1.3329035
1108,-1.6288296999999998
1109,-2.049026
1110,-0.927868
1111,-0.6908361999999999
1112,-1.4186126000000001
1113,-0.34181458
1114,-0.25295836
1115,-5.0029497
1116,-1.6606754000000001
1117,-2.2880847
1118,-1.4787909
1119,-1.040759
1120,-0.8218875
1121,-1.2964135
1122,-1.8899571
1123,-0.10033274
1124,-3.0082299999999997
1125,-1.2872833000000001
1126,-0.77516645
1127,-1.0987551000000002
1128,-3.9009662000000005
1129,-1.7580143
1130,-1.3846126
1131,-1.7466158999999999
1132,-1.2999039
1133,-1.2550179
1134,-1.2599747
1135,-1.179783
1136,-0.08020142
1137,-1.2872193
1138,-0.9148004999999999
1139,-0.18043889999999999
1140,-1.1362778999999998
1141,-1.476283
1142,-1.6043575
1143,-1.1665375
1144,-1.8852400000000002
1145,-2.3977017000000003
1146,-3.8584392
1147,-1.3380016000000001
1148,-1.4795729
1149,-0.6397874
1150,-1.0484761
1151,-2.5147195
1152,-2.116737
1153,-1.6932857
1154,-0.8924632
1155,-2.4836156000000003
1156,-1.2880038999999999
1157,-1.9233657
1158,-2.0837154
1159,-1.017747
1160,-1.1980757
1161,-2.0175886000000003
1162,-0.1709091
1163,-1.5559348999999998
1164,-0.8646630999999999
1165,-0.32713726
1166,-3.513326
1167,-0.45227095
1168,-1.1224631
1169,-1.1602756
1170,-4.001579799999999
1171,-1.5129288
1172,-1.7321246
1173,-0.39085308
1174,-0.45644236
1175,-2.5254784
1176,-0.80452067
1177,-2.968316
1178,-4.779329
1179,-0.9490339
1180,-0.90023154
1181,-1.0540051000000001
1182,-1.3137987
1183,-1.8187834999999999
1184,-1.7799196
1185,-1.6111213
1186,-4.682173000000001
1187,-3.194399
1188,-0.8466203000000001
1189,-1.8580773000000002
1190,-0.1470428
1191,-1.4773148
1192,-1.2404373
1193,-2.0593126
1194,-2.7416107999999997
1195,-0.44654736
1196,-1.6748165000000002
1197,-0.23295793
1198,-1.7072096
1199,-4.6568966
1200,-1.0608941
1201,-1.5517206000000001
1202,-0.24910378
1203,-1.0063373
1204,-0.42662323
1205,-3.5967392999999994
1206,-2.3428507
1207,-1.8702903999999998
1208,-2.4730582
1209,-0.64179116
1210,-2.162428
1211,-0.37382376
1212,-1.2262455
1213,-1.2519208
1214,-0.47547668
1215,-1.8183755000000001
1216,-0.9851061
1217,-0.81689394
1218,-3.3513696000000004
1219,-0.32042974
1220,-2.4683704
1221,-1.901014
1222,-3.4338443
1223,-0.37555277
1224,-2.184069
1225,-2.2651193
1226,-0.879315
1227,-2.1879517999999996
1228,-1.7865859
1229,-1.9473188000000001
1230,-4.2202015
1231,-2.28563
1232,-2.4524267
1233,-0.9336558
1234,-0.28703701
1235,-3.9423676
1236,-1.0857021999999998
1237,-1.4761030000000002
1238,-2.0968584999999997
1239,-2.6622846
1240,-2.9963722
1241,-0.16986059
1242,-0.07685036
1243,-1.0472909
1244,-0.9790624
1245,-2.2614477
1246,-1.4424728
1247,-3.5385449999999996
1248,-2.5731087
1249,-1.0773959
1250,-1.2854527
1251,-1.5846628999999999
1252,-1.6777992
1253,-0.7888338
1254,-1.6420468999999998
1255,-1.4122231
1256,-3.3265848
1257,-1.5299636
1258,-1.4883893
1259,-0.6569377
1260,-1.1602848999999997
1261,-0.38198555
1262,-1.8939593999999997
1263,-2.218598
1264,-1.1332704
1265,-2.0127273
1266,-2.5377702999999996
1267,-2.7081049999999998
1268,-0.5695553000000001
1269,-3.886358
1270,-1.2518482
1271,-3.7630913
1272,-0.8461168
1273,-1.3111924
1274,-4.299030999999999
1275,-3.541568
1276,-1.5276083999999999
1277,-1.8420478999999998
1278,-2.2727408
1279,-2.9174740000000003
1280,-1.1159993000000001
1281,-2.478488
1282,-1.3952069
1283,-3.0442817000000004
1284,-0.57936275
1285,-2.2241432999999997
1286,-2.3584732999999996
1287,-0.245628
1288,-0.28877044
1289,-5.9190907
1290,-2.74735
1291,-1.7760552
1292,-6.5251884
1293,-3.6141434
1294,-2.191554
1295,-0.27720812
1296,-1.365358
1297,-4.5021315
1298,-1.427254
1299,-1.7183848999999998
1300,-1.7229792000000002
1301,-0.4186411
1302,-2.141265
1303,-2.9335584999999997
1304,-2.394709
1305,-2.332271
1306,-2.435526
1307,-1.3899021
1308,-2.9386973
1309,-0.38164085
1310,-1.6958891
1311,-3.4776971
1312,-2.1958246
1313,-0.7609429
1314,-1.5311153999999998
1315,-1.7082853
1316,-2.2842187999999997
1317,-3.4500709
1318,-0.5875602
1319,-2.1271687000000004
1320,-1.0450606
1321,-1.31437
1322,-0.5699906
1323,-1.3151937
1324,-2.081473
1325,-2.1145139
1326,-2.6101294
1327,-2.5061169
1328,-2.6969258999999997
1329,-1.6556548999999998
1330,-1.1712128000000002
1331,-2.2595617999999997
1332,-1.1542313
1333,-1.0321014000000002
1334,-0.34188232
1335,-2.470392
1336,-0.98307526
1337,-1.2770567
1338,-3.1170592
1339,-1.1019788000000001
1340,-1.7134869
1341,-2.5835103999999998
1342,-3.7230146
1343,-1.4008267
1344,-1.4083823
1345,-1.4200244
1346,-0.638594
1347,-2.7592537
1348,-3.1463007999999997
1349,-0.08727353
1350,-1.8023813000000002
1351,-1.4261343
1352,-6.5955973
1353,-2.3347807
1354,-4.0692205
1355,-1.587673
1356,-1.7913561999999998
1357,-1.6990118000000003
1358,-3.0279272
1359,-0.7007477
1360,-1.5488006
1361,-2.6273087999999998
1362,-2.0950279999999997
1363,-1.8137854
1364,-5.014958
1365,-5.170362
1366,-3.1376276
1367,-0.7698986999999999
1368,-4.247768
1369,-2.1954154999999997
1370,-3.1072984
1371,-0.8143324000000001
1372,-3.3696556
1373,-0.5010462
1374,-0.17302048
1375,-1.9384533
1376,-2.4946308
1377,-1.9322926
1378,-0.87438583
1379,-0.512965
1380,-2.1686199
1381,-0.42518973
1382,-0.5604228
1383,-0.51935416
1384,-2.1948947999999997
1385,-0.54935443
1386,-1.4878938
1387,-3.7948866000000003
1388,-0.27756423
1389,-0.5300552
1390,-1.3872265
1391,-2.3838150000000002
1392,-1.4386348999999998
1393,-2.3333779999999997
1394,-1.3391568999999999
1395,-2.5497172000000004
1396,-1.7277297999999999
1397,-1.6596109
1398,-3.6091235
1399,-1.7325536
1400,-1.9564113999999997
1401,-2.6178767999999994
1402,-0.5945874
1403,-0.6500786
1404,-1.0061432
1405,-2.9690292
1406,-0.15559052
1407,-3.531222
1408,-2.0840075000000002
1409,-0.32705042
1410,-5.1429157
1411,-0.20888019
1412,-2.3795037
1413,-1.023454
1414,-0.34387836
1415,-0.9813835
1416,-0.6264887
1417,-2.895275
1418,-1.4812545
1419,-0.68871504
1420,-1.1186233
1421,-4.6034144999999995
1422,-1.0686496
1423,-2.9096158
1424,-2.534002
1425,-1.7817386000000002
1426,-1.1001908
1427,-2.5110679
1428,-1.848065
1429,-3.7174468000000003
1430,-1.6099542
1431,-1.1869421
1432,-2.313016
1433,-1.4831537000000001
1434,-1.3763508
1435,-1.7662328
1436,-1.1868563
1437,-2.181953
1438,-4.698351000000001
1439,-1.5185103000000002
1440,-0.6410425999999999
1441,-1.4714853
1442,-0.29787302
1443,-0.13108150000000002
1444,-2.8807007999999996
1445,-0.3532725
1446,-1.2234618999999998
1447,-4.0686297
1448,-0.8160354000000001
1449,-0.9135578999999999
1450,-1.3431733000000001
1451,-0.9241151
1452,-1.1555399
1453,-3.4727721
1454,-0.7277035
1455,-1.5207833
1456,-0.20191583
1457,-0.2194059
1458,-2.1131601000000004
1459,-0.7428248000000001
1460,-2.124293
1461,-2.5209465
1462,-2.6331706
1463,-2.4089593999999996
1464,-2.1478004
1465,-3.0576312999999997
1466,-2.1385142999999998
1467,-3.393082
1468,-3.2698007000000002
1469,-1.0862443000000002
1470,-3.4971532999999995
1471,-0.55711067
1472,-0.90428585
1473,-0.6902059
1474,-0.7726873000000001
1475,-1.2493571
1476,-1.3532892
1477,-0.27938417
1478,-2.521275
1479,-1.2444247
1480,-1.1248978
1481,-4.5455685
1482,-0.37873325
1483,-1.5075226000000002
1484,-1.7487238999999999
1485,-2.239626
1486,-2.0293
1487,-1.4290913
1488,-1.8729511000000003
1489,-3.7364104
1490,-1.6765154999999998
1491,-2.7071210999999997
1492,-1.6742223999999999
1493,-1.1630194999999999
1494,-0.21050946
1495,-1.3900766000000002
1496,-0.9543699000000001
1497,-1.2950243000000001
1498,-1.0526829
1499,-2.0690227
1500,-0.83115447
1501,-1.355956
1502,-1.7988176
1503,-0.8288339
1504,-0.7462986
1505,-0.22615299
1506,-0.58600175
1507,-0.7357256
1508,-1.3851377
1509,-2.1358523
1510,-2.78482
1511,-1.0767448999999998
1512,-1.7873195
1513,-2.4154153
1514,-0.11582418
1515,-1.5273626
1516,-2.5917559
1517,-1.4339013
1518,-3.649832
1519,-0.63259524
1520,-0.14176685
1521,-1.5499498
1522,-0.82579786
1523,-1.4843261
1524,-2.23939
1525,-3.0946083
1526,-2.8674192
1527,-1.441902
1528,-0.46195920000000007
1529,-2.4340289
1530,-3.294868
1531,-0.3156413
1532,-0.6535795999999999
1533,-1.517236
1534,-2.3089876
1535,-0.8728514999999999
1536,-3.4310117
1537,-2.3478779999999997
1538,-0.34019947
1539,-2.0366006000000003
1540,-1.2451048999999998
1541,-2.3032472
1542,-2.9108357000000002
1543,-2.5050027000000004
1544,-0.8939695
1545,-0.7203016999999999
1546,-1.2142807
1547,-1.4343784
1548,-2.9727144
1549,-1.2838941000000001
1550,-5.8416657
1551,-0.29626548
1552,-2.4895959999999997
1553,-3.677964
1554,-1.8429567999999998
1555,-0.65348077
1556,-0.51094717
1557,-3.1357067
1558,-0.213772
1559,-3.9596736000000003
1560,-2.4177177000000003
1561,-1.7866108
1562,-0.60717994
1563,-3.2775035000000003
1564,-2.084879
1565,-2.5633793
1566,-0.89326936
1567,-0.52777565
1568,-1.8714662
1569,-5.2812185
1570,-2.0902936000000003
1571,-1.9521365000000002
1572,-0.9419630999999999
1573,-0.45637947
1574,-2.9743880000000003
1575,-1.4722362
1576,-1.1440046999999998
1577,-2.7463257000000003
1578,-1.5545493000000001
1579,-1.4698797
1580,-1.8977279999999999
1581,-1.4310675
1582,-1.6817601999999998
1583,-3.6672235
1584,-0.47908953
1585,-1.9805238
1586,-0.5282697
1587,-1.23051
1588,-1.7616153
1589,-0.51271945
1590,-2.160751
1591,-2.9139957
1592,-0.5867821999999999
1593,-0.9917838999999999
1594,-0.24450539
1595,-0.79830635
1596,-1.2209991000000002
1597,-0.2726631
1598,-1.6019155
1599,-3.3036163
1600,-1.6541226000000002
1601,-1.8056124
1602,-0.22000332
1603,-0.8705743
1604,-0.42004183
1605,-0.16352558
1606,-0.9238036000000001
1607,-3.6081822
1608,-0.45167515
1609,-3.7936115
1610,-3.1570976
1611,-1.5102438
1612,-1.2442131
1613,-0.15978357
1614,-1.0711663
1615,-1.0570962
1616,-1.3853323
1617,-0.8624719999999999
1618,-2.457221
1619,-1.1671166000000002
1620,-2.0438099999999997
1621,-1.9921025
1622,-0.5198069000000001
1623,-1.9033711
1624,-1.330234
1625,-2.580602
1626,-4.771183000000001
1627,-0.9204711999999999
1628,-1.0375164000000001
1629,-8.174308
1630,-7.003565299999999
1631,-1.8867233
1632,-2.3359593999999997
1633,-1.8139036
1634,-0.6721611
1635,-2.6195513999999998
1636,-1.4239304
1637,-0.41965959999999997
1638,-1.461178
1639,-1.0600756000000002
1640,-1.5815952
1641,-0.8826591999999999
1642,-0.88719946
1643,-1.1235596
1644,-3.1448731
1645,-2.0160089
1646,-2.6880509999999997
1647,-0.85039026
1648,-5.3001924
1649,-0.9689113000000001
1650,-4.1117325
1651,-2.8306031000000003
1652,-1.7203331999999998
1653,-2.0135311999999996
1654,-0.22102231
1655,-2.0088453
1656,-1.038292
1657,-1.3223934
1658,-1.9032726999999998
1659,-1.1062533
1660,-0.6628455
1661,-0.255139
1662,-1.7912452
1663,-3.1788355999999998
1664,-1.0844619
1665,-1.6371692
1666,-0.25937608
1667,-1.5006077
1668,-0.38600138
1669,-1.6784582
1670,-3.6689377
1671,-3.8486447
1672,-2.5726404
1673,-0.79235524
1674,-1.0815209
1675,-2.1148977
1676,-0.28580427
1677,-1.4422164
1678,-3.618146
1679,-1.035233
1680,-5.586792
1681,-2.3841126
1682,-3.0881631
1683,-5.5660324
1684,-0.68422383
1685,-2.046016
1686,-2.3113074
1687,-1.6510164
1688,-0.37346375
1689,-1.7689751
1690,-5.0936065
1691,-2.8835453999999996
1692,-0.9226551
1693,-1.1812897
1694,-1.6876432000000001
1695,-0.5057674
1696,-2.0662336
1697,-2.5952822999999996
1698,-1.2858411
1699,-7.767376400000001
1700,-3.8710112999999997
1701,-1.1205479
1702,-2.1776737999999995
1703,-2.7234354
1704,-2.5648107999999996
1705,-0.20872906
1706,-2.281389
1707,-1.4522266000000001
1708,-2.7142470000000003
1709,-2.0292563
1710,-0.7388335
1711,-4.1208067
1712,-0.68089384
1713,-1.0798484
1714,-2.5806422
1715,-1.5562876
1716,-3.3019974000000003
1717,-2.5515635
1718,-0.08764446
1719,-1.0047821
1720,-1.8128182000000002
1721,-0.42108437
1722,-1.3718033
1723,-3.8482585
1724,-1.0201731
1725,-1.0886251
1726,-1.3195723
1727,-2.459798
1728,-2.0045469
1729,-0.7696721
1730,-1.5213798
1731,-2.6400799999999998
1732,-2.1370947
1733,-4.6460204
1734,-0.2737631
1735,-0.06468691
1736,-1.4465688
1737,-1.549644
1738,-0.29310682
1739,-0.21211411
1740,-2.9740386
1741,-2.773676
1742,-3.1417444
1743,-3.217394
1744,-3.6296383999999997
1745,-0.22935951
1746,-0.6303502
1747,-2.0618968
1748,-1.9832752
1749,-1.3837305
1750,-0.14674237
1751,-3.00483
1752,-2.1936142000000003
1753,-0.59407187
1754,-3.1277661
1755,-1.9606061000000001
1756,-1.9575169999999997
1757,-2.0612586
1758,-1.5673964
1759,-1.0086236
1760,-0.9645417
1761,-0.7885255999999999
1762,-1.3652723
1763,-2.3765507
1764,-1.2194213
1765,-1.1948152
1766,-0.16537242
1767,-1.6286001
1768,-0.56197727
1769,-1.3459017
1770,-0.79923767
1771,-0.8044636
1772,-1.9529675
1773,-2.7536244
1774,-1.9603429
1775,-0.7518751
1776,-1.0357816999999998
1777,-1.4314007
1778,-0.86036867
1779,-4.370503
1780,-1.0138288
1781,-2.108483
1782,-2.2273636000000003
1783,-2.910025
1784,-4.5153794000000005
1785,-1.4149693
1786,-1.2445883999999998
1787,-6.236433
1788,-2.4306360000000002
1789,-2.3748348
1790,-2.8557248
1791,-0.9043889
1792,-0.40238
1793,-3.3211336000000005
1794,-2.6983504000000003
1795,-1.1690359
1796,-0.8585695
1797,-2.0624888
1798,-3.065877
1799,-1.0206899999999999
1800,-0.35738477
1801,-1.2176533999999999
1802,-1.8463075
1803,-2.0005653000000003
1804,-0.90416783
1805,-1.5095273
1806,-1.2878479999999999
1807,-2.3690617
1808,-1.9151479999999999
1809,-0.65792364
1810,-1.0302517
1811,-0.27953458
1812,-1.3430833
1813,-1.3602398999999998
1814,-1.7395543999999998
1815,-2.9531313999999997
1816,-2.4046836
1817,-3.4365351000000004
1818,-2.5515003
1819,-1.9141078
1820,-2.6743292999999997
1821,-0.29224703
1822,-2.5443957000000004
1823,-1.9911232
1824,-1.4977534
1825,-0.83836573
1826,-2.8745015
1827,-0.81597435
1828,-2.9497327999999996
1829,-2.6901347999999996
1830,-0.36140263
1831,-0.12851994
1832,-3.3967544999999997
1833,-0.6875649
1834,-0.60703766
1835,-2.1004066000000003
1836,-2.3776467
1837,-1.5028551
1838,-1.7187717
1839,-1.3750592
1840,-1.2955969999999999
1841,-4.6463113
1842,-0.8379218
1843,-2.7668524
1844,-0.83553225
1845,-2.6418774
1846,-0.8495485999999999
1847,-2.8381064
1848,-1.0972016000000002
1849,-4.0544294999999995
1850,-3.5074525000000003
1851,-0.97892696
1852,-3.2681014999999998
1853,-2.8477004
1854,-1.637364
1855,-2.3311412000000002
1856,-1.5319374
1857,-0.10042867
1858,-2.5289109
1859,-5.55886
1860,-2.2910411
1861,-1.0988145
1862,-1.2526257
1863,-0.9319294
1864,-2.0442082999999998
1865,-1.7827591
1866,-2.045577
1867,-0.28876522
1868,-0.35087457
1869,-2.1477451000000003
1870,-0.12629007
1871,-0.5396718
1872,-3.9230702000000006
1873,-1.7830905
1874,-1.8897395000000001
1875,-4.677014
1876,-0.4683244000000001
1877,-1.5194623
1878,-0.30246615
1879,-2.421482
1880,-1.2839746
1881,-2.7234411
1882,-1.5626965
1883,-3.8997078000000003
1884,-0.1383552
1885,-1.4380796999999998
1886,-0.1255934
1887,-0.43379828
1888,-2.1803432000000003
1889,-1.2126598
1890,-0.92765164
1891,-1.1691954
1892,-2.1337235
1893,-0.29560888
1894,-0.83456385
1895,-2.1316697999999996
1896,-0.92698604
1897,-2.4644722999999997
1898,-1.4405508999999999
1899,-0.36655435
1900,-2.8833911
1901,-2.7573626
1902,-3.6213496
1903,-3.1395687999999997
1904,-1.6674725
1905,-0.98978233
1906,-1.6278692
1907,-1.270473
1908,-3.8956473
1909,-1.4415245
1910,-1.8812447
1911,-0.63123035
1912,-2.1500182
1913,-0.83881587
1914,-0.4828799
1915,-1.3032111000000002
1916,-1.4835931
1917,-1.3776075
1918,-0.72170484
1919,-1.6969023
1920,-2.1063209
1921,-1.9301245999999999
1922,-0.69806904
1923,-2.0653691000000003
1924,-0.32110468
1925,-1.950636
1926,-0.89238507
1927,-1.1145234
1928,-2.0248032
1929,-4.623782599999999
1930,-1.6466478999999998
1931,-1.2883835
1932,-2.1517122000000004
1933,-1.3268263
1934,-1.7777487
1935,-0.73256093
1936,-2.2734685000000003
1937,-1.1151008999999998
1938,-0.80236083
1939,-1.534985
1940,-2.3929682
1941,-1.0441684000000002
1942,-0.5935971
1943,-2.5447247
1944,-2.5440794999999996
1945,-0.9194693000000002
1946,-1.8840321
1947,-3.5017693
1948,-3.3664112
1949,-5.5102177
1950,-0.75240815
1951,-3.6684997000000004
1952,-3.5193536
1953,-0.34686345
1954,-1.381793
1955,-3.7259905
1956,-3.3683263999999995
1957,-2.23765
1958,-2.0942228
1959,-1.6379355
1960,-1.4910008
1961,-2.601985
1962,-2.8359277
1963,-0.22551042
1964,-1.9752258999999999
1965,-0.13713117
1966,-1.1166638999999998
1967,-1.5202191999999999
1968,-1.0894625
1969,-2.9799588
1970,-1.8485691999999998
1971,-0.69045
1972,-0.85857385
1973,-1.4869945
1974,-3.2771489999999996
1975,-2.3756242000000003
1976,-2.5659888
1977,-2.8706877
1978,-2.0622993000000003
1979,-0.60404396
1980,-3.1910142999999995
1981,-0.83751744
1982,-1.0134851999999999
1983,-5.4509397
1984,-0.8604741
1985,-3.5801523
1986,-0.9507515999999999
1987,-1.5815643999999998
1988,-2.1448882
1989,-1.0130085
1990,-2.4993107000000006
1991,-5.8541837
1992,-0.14407761
1993,-3.8055394000000002
1994,-2.560674
1995,-2.0663714
1996,-1.6867419999999997
1997,-0.38729984
1998,-0.48335415
1999,-1.5584639
