,value_per_image
0,-15.053055419242595
1,-19.97671110876354
2,-13.070492165465112
3,-28.03319064052856
4,-12.742623325629786
5,-40.31123233223343
6,-5.854438558355469
7,-6.76427559662045
8,-24.627481938143205
9,-90.56204586674335
10,-25.669439196073398
11,-36.421367428440135
12,-1.3761204933066438
13,-0.007682475003158551
14,-0.6283284110854765
15,-0.8365041265384434
16,-40.077756400975716
17,-11.949611391984945
18,-10.895769586658531
19,-15.112268952361774
20,-30.75832174718198
21,-0.006859979610126743
22,-6.666240373456731
23,-4.202246217575251
24,-28.833021315938822
25,-27.93716392401012
26,-42.16124676549407
27,-0.0055799907021878425
28,-12.360187823087998
29,-45.01905824083286
30,-24.331795035549476
31,-1.3172990091107124
32,-0.8719680853781853
33,-17.65563569976598
34,-4.54330864417625
35,-0.08824902012861457
36,-4.305327089810362
37,-1.0470255833754294
38,-88.03052587421553
39,-15.035829836499097
40,-8.722658191034384
41,-6.077600452973911
42,-11.244385962125172
43,-0.31106799279586994
44,-38.85426978189412
45,-2.9256939092301764
46,-0.42797669283687867
47,-10.039782419044059
48,-12.960612496388421
49,-21.43598517382717
50,-1.7934095973275674
51,-4.5478654361689905
52,-41.551245999725325
53,-11.026377992322352
54,-33.13600948010571
55,-0.234134049131014
56,-8.034370837392999
57,-12.82273382386245
58,-3.7102167757019373
59,-0.05484398558991188
60,-30.51538767162674
61,-42.372595019551596
62,-33.87680796098459
63,-21.11187437820172
64,-0.6140224649751935
65,-42.706343359081075
66,-22.84155777542219
67,-36.434067122267884
68,-16.666698063557078
69,-0.4845794544344244
70,-33.245629842725975
71,-48.700275638919265
72,-6.153841293097592
73,-6.233481311035575
74,-21.444762737946434
75,-4.148269900620278
76,-5.002761065389677
77,-36.44981711336027
78,-19.571525956798666
79,-22.716195510447506
80,-4.422485859912319
81,-4.441873799201403
82,-27.49022953865078
83,-34.41639739352087
84,-8.706080815450232
85,-4.390418615042378
86,-3.681363519997035
87,-11.650868397622617
88,-10.957491390014809
89,-18.93504609159936
90,-4.184474951845573
91,-21.409723868555147
92,-52.08490548363625
93,-24.21184358654409
94,-28.638338037775526
95,-3.4002270098116014
96,-14.337316520115305
97,-9.752856660592585
98,-0.657769700508652
99,-39.522737600920436
100,-0.6153375984225136
101,-10.980906284830766
102,-5.264518530549594
103,-11.60056561583707
104,-1.5439671569929487
105,-3.814654679342624
106,-17.55463707318819
107,-4.582698197365971
108,-43.031799393488086
109,-14.830907162971016
110,-16.645475869126592
111,-34.227447070619974
112,-1.946230825351563
113,-19.618723740267228
114,-38.24727591007468
115,-8.177605243825383
116,-12.565903855655478
117,-5.203429814277484
118,-15.852778838194013
119,-7.462496305219247
120,-14.622730901672533
121,-6.294097260693633
122,-15.678439558740138
123,-0.21174369059008313
124,-11.926098994941011
125,-8.297259057630257
126,-37.016561397706425
127,-0.022817450628508595
128,-0.6963988007628359
129,-0.43855104730255334
130,-41.46656109638866
131,-31.946547776984517
132,-32.36086691973139
133,-22.95843446727821
134,-9.704242107510254
135,-51.878872242979014
136,-2.946359602696475
137,-7.9405766333417205
138,-24.22714248205172
139,-24.875279018621768
140,-13.87560617910448
141,-1.6704963693513548
142,-10.310692275918427
143,-0.17939284315252735
144,-74.39631808205468
145,-3.75210516041534
146,-77.81648430943278
147,-4.784900052551848
148,-4.080817955220482
149,-52.99757994536094
150,-39.04011293696222
151,-26.854359786611816
152,-0.29184338866937765
153,-19.124676109337997
154,-27.732948223863588
155,-8.50475061404768
156,-24.458974942689565
157,-0.40278748574250933
158,-42.847350529971266
159,-36.838772784714365
160,-13.39508179906727
161,-4.466643568357881
162,-0.7085227102099623
163,-1.0360948637135152
164,-0.0525416437030799
165,-27.336795259073643
166,-25.516556708953118
167,-37.10772348206228
168,-0.6966196413559373
169,-0.0374322859915992
170,-11.83266859953801
171,-8.393196486200154
172,-31.58068135841309
173,-0.043228523714383904
174,-18.745578033123138
175,-1.8229667730410597
176,-5.696316025367651
177,-9.234073163308494
178,-1.8336758577858383
179,-13.006548026303221
180,-32.47752565310111
181,-6.110156339357218
182,-6.353485859144996
183,-17.700556535418066
184,-27.729286070846683
185,-6.447247112969016
186,-35.954025634183495
187,-17.442507048166362
188,-6.9738926201991305
189,-2.3459162909857696
190,-4.445853909366676
191,-1.3376494560725405
192,-14.223167068411687
193,-2.8705808292299935
194,-22.069558419248835
195,-7.752174949937995
196,-2.552236078107086
197,-8.376964824823546
198,-13.401626224270728
199,-0.0176317103169481
200,-9.119269467111735
201,-0.7573572267647251
202,-5.517279612154994
203,-28.010499827338784
204,-7.034520325504218
205,-38.94858191266485
206,-14.959077551869996
207,-12.027477384102667
208,-0.2778022747338582
209,-34.687945063853476
210,-0.7647942843217947
211,-21.182475488098206
212,-153.79732486919966
213,-5.046215878369821
214,-8.259348486225065
215,-63.65233059413731
216,-0.3123362994093881
217,-20.357364140454337
218,-56.27419398215898
219,-0.004488941531198963
220,-14.049569052993775
221,-5.62045463477893
222,-11.266420325959643
223,-14.712749785946926
224,-0.09011295420778254
225,-49.000090097862994
226,-7.928479298647289
227,-22.276920298080285
228,-0.27849520565072794
229,-60.30477277447276
230,-0.06774508066519047
231,-2.9988107445569767
232,-38.36265378487097
233,-39.10383934395577
234,-6.211606723735713
235,-2.7117396154194466
236,-45.04174458135584
237,-6.795205281450762
238,-8.296698992902463
239,-18.84874499020134
240,-21.011149101977168
241,-9.645009904914332
242,-3.5791643974589533
243,-1.686261645400009
244,-6.728445691464003
245,-46.54526552427342
246,-2.9921508015162317
247,-6.110808905885971
248,-58.10644363600295
249,-28.84518646923243
250,-48.11728321321061
251,-12.349563505241235
252,-6.84398180836196
253,-6.558965609497456
254,-34.84292633275737
255,-19.356920119469066
256,-0.9859132571779696
257,-1.554340252725524
258,-10.746136315031436
259,-3.6923826855218067
260,-1.6630196984590384
261,-0.01543396661963925
262,-20.545801232916574
263,-2.4077616951632947
264,-1.2231074610259327
265,-12.952964095416974
266,-46.103689021078026
267,-5.405080038544384
268,-0.08883054484671526
269,-2.2241739420934437
270,-25.677421133414676
271,-9.147759133661737
272,-43.70707331929589
273,-7.3312811436117045
274,-11.653011594862619
275,-11.142819900293723
276,-0.20608372518108808
277,-12.89447481049865
278,-20.95063878615883
279,-12.453583146430901
280,-30.05619744968081
281,-0.4547957666654838
282,-6.163282038502751
283,-30.491534069968864
284,-23.33043727933358
285,-4.881343561945528
286,-7.063469949818678
287,-21.05402668818283
288,-3.2164639660877583
289,-0.0020174039520952647
290,-0.25917871341971477
291,-0.7505942007007889
292,-8.912710352827844
293,-0.1939435323683938
294,-17.853568073606425
295,-0.008254873070768554
296,-14.685308020598313
297,-1.0000707253351493
298,-5.610588875105833
299,-7.72742609348893
300,-24.735985983958336
301,-27.217736500628476
302,-0.027526592701065056
303,-0.8944349605735624
304,-0.0715601722640713
305,-39.09076393526061
306,-4.53683976404541
307,-23.787662204014442
308,-32.071652800991615
309,-36.29962658763361
310,-6.881649285257289
311,-0.17447094318313106
312,-22.204792315445594
313,-0.2415119367752112
314,-0.7129072774243141
315,-0.04111951147830162
316,-2.464055907736565
317,-22.168547176828724
318,-0.8430204592391419
319,-1.980159830359753
320,-6.055608464414206
321,-2.0341649847187
322,-14.917326834074387
323,-29.191166515918155
324,-0.954840229448024
325,-23.00577895542392
326,-11.619501710054465
327,-15.380651274166794
328,-24.165558720827278
329,-58.026867714293985
330,-46.823593529144304
331,-32.15744798174592
332,-15.092226717547021
333,-5.152851606129666
334,-6.754744737063222
335,-54.654418219640775
336,-13.960334228422592
337,-6.468521440758195
338,-19.89628743196667
339,-2.6755288005214197
340,-6.640848423251384
341,-12.692368498813494
342,-0.06869228203311195
343,-14.91377115630894
344,-4.058002025529277
345,-0.2353263436496036
346,-3.528347583111099
347,-13.621689547300889
348,-20.879669471411034
349,-19.020374604347126
350,-1.6091055438282638
351,-98.03381714202987
352,-18.72036069850759
353,-28.996937107822305
354,-44.041029518870346
355,-61.0565797957388
356,-40.467807254899526
357,-63.616057331182674
358,-118.38937580920174
359,-4.9795077752833095
360,-0.4859526841240722
361,-20.120851147985093
362,-0.11961096769846336
363,-2.3178120205957384
364,-9.422214847390023
365,-45.54063462539449
366,-16.15927425046018
367,-6.676800658158754
368,-6.056204766093288
369,-32.65434376650967
370,-7.891064935777322
371,-37.56357994881475
372,-1.2605385862916592
373,-6.3779760405532215
374,-36.85753235962329
375,-28.3585621281527
376,-8.652857872322784
377,-7.92308632612378
378,-50.77034957483005
379,-5.864743578082198
380,-17.46480386232355
381,-0.47847063627045827
382,-2.154007462538857
383,-9.32661773019381
384,-3.9677249990839982
385,-19.26353245100563
386,-1.188218578696251
387,-68.86498476039196
388,-8.651966154802267
389,-0.005094221277261113
390,-40.7908717223993
391,-0.40455465656416045
392,-0.004879295982846088
393,-43.701958850043034
394,-16.221763096203688
395,-21.0834057013492
396,-13.300368660474305
397,-17.283462209883965
398,-1.2671026466200601
399,-4.6093644916256835
400,-52.28095577472238
401,-3.349929330600389
402,-21.25703337939467
403,-28.91514879606484
404,-10.836211993999314
405,-3.8756260704714123
406,-36.41060161401265
407,-27.967801817285363
408,-83.70770730457662
409,-2.6467485883171777
410,-15.827420645894705
411,-51.016444133073264
412,-6.21366995356361
413,-0.00747981805406539
414,-0.10250947755957895
415,-1.2802385596036885
416,-5.468560338692441
417,-1.6387415638728058
418,-23.596755011531684
419,-26.810679046111844
420,-8.333784232680728
421,-30.260959539738643
422,-11.468780831432468
423,-64.65543440755857
424,-20.109308546697434
425,-13.637489985588047
426,-16.44662593526584
427,-15.832748698618019
428,-15.661298630533565
429,-1.483252549689496
430,-5.572863044320343
431,-26.495360352600983
432,-2.664898041294691
433,-16.460886127077174
434,-31.64356183903317
435,-61.87793058446198
436,-37.726630071855936
437,-45.20626986112893
438,-8.373482343274944
439,-6.342622416977989
440,-49.53147330769821
441,-15.058894484846036
442,-23.713592173942743
443,-8.497545702721986
444,-3.3089506014243852
445,-12.216547258676655
446,-22.290138650031622
447,-1.1412977609990236
448,-38.53259494557169
449,-7.628245309038903
450,-41.54415262161274
451,-1.3606711496140633
452,-11.270201049812101
453,-29.349959351329574
454,-6.8905091857486696
455,-0.002776442526503331
456,-0.4147631286032265
457,-1.823566546607708
458,-23.42302439546654
459,-22.970154952855374
460,-0.22922167143582328
461,-13.436541026751684
462,-27.20051100541241
463,-0.936879484437668
464,-33.76083816910864
465,-23.552639475234628
466,-10.079723274495336
467,-50.42873809763212
468,-30.7755250450341
469,-17.424382852724165
470,-50.21952686968871
471,-16.328755040275666
472,-36.502917145491665
473,-0.08372009824620363
474,-1.7671875931555405
475,-8.386600331990394
476,-36.992874790181304
477,-44.514614740087154
478,-43.0253809414171
479,-26.612288743641898
480,-11.372943441654115
481,-0.24972476657057996
482,-15.603789312573014
483,-3.7723191277759724
484,-4.653244071912148
485,-20.310683844926984
486,-17.287392413187263
487,-0.47302178562698316
488,-25.74487445231398
489,-0.020169965118896016
490,-7.131554142005825
491,-20.45324784859511
492,-7.14997708122246
493,-0.10423116994570591
494,-34.291932459243625
495,-37.7372307251465
496,-53.17566087434284
497,-23.574174251024374
498,-3.8993592086036415
499,-29.090798070839163
500,-6.876932830562055
501,-14.616516885333112
502,-23.879555846367566
503,-0.7561153339484008
504,-0.26332022457972926
505,-5.796144630045319
506,-0.014168536513001762
507,-28.405061668302267
508,-12.511051104941679
509,-12.522426130657607
510,-10.8719213971217
511,-1.4302497892764734
512,-2.8487039610870113
513,-61.652322566482326
514,-9.069361284683282
515,-10.596527686058835
516,-8.967847407596743
517,-16.728575428738964
518,-72.32074956969345
519,-20.627612013049657
520,-7.621646792887681
521,-3.5553206423671995
522,-6.365674141741351
523,-28.537566667087958
524,-6.01428557256088
525,-20.23730714176918
526,-2.1613099216051204
527,-9.61621809863614
528,-10.191584300057002
529,-0.03773041068507155
530,-25.04629288290198
531,-11.504772230935032
532,-21.21445822130721
533,-19.052949163443373
534,-17.914958630829005
535,-17.339774332875095
536,-88.25624480561237
537,-25.271987017172705
538,-17.161327520628674
539,-34.23873008160737
540,-4.874230137674772
541,-1.8718595339867594
542,-37.486549317190565
543,-0.16862224667420378
544,-19.43762060795723
545,-37.77295714538195
546,-5.184605172939968
547,-1.2951992586628194
548,-109.39492169635446
549,-27.9608888720677
550,-29.606225139973276
551,-0.008567707213899212
552,-26.101416906706618
553,-20.3928941199797
554,-37.38633133890198
555,-7.432998801453195
556,-0.08130181745839593
557,-0.16723840588662142
558,-3.73272949969396
559,-0.26931828153897186
560,-10.389605127937443
561,-22.183300679527292
562,-24.36668593157353
563,-24.010490437804307
564,-47.082854767636945
565,-20.071864135509372
566,-8.49719363726409
567,-15.82895606673992
568,-6.006775888653152
569,-0.5499962818632014
570,-2.0631750921761522
571,-27.364382354398003
572,-0.19239658342638677
573,-16.263344547416096
574,-16.71021817770452
575,-12.047973051204048
576,-18.933488815310852
577,-38.30053300921003
578,-11.553321329423863
579,-9.993321792365208
580,-10.890365001772807
581,-13.984853472841735
582,-3.7381835176202003
583,-13.079828587871859
584,-1.8269062149817046
585,-2.024381336380145
586,-17.776261588332744
587,-10.172633588026443
588,-4.1338700671695445
589,-15.3904780998418
590,-26.529597715336422
591,-24.576246375874682
592,-13.688537889981859
593,-0.08251028215187262
594,-41.736565002057375
595,-3.1112205633216945
596,-34.84121958791451
597,-9.311107103812901
598,-0.01082313299808435
599,-0.013735272792473552
600,-131.8732220323779
601,-22.03164874540849
602,-15.097988788680759
603,-0.13904679152095412
604,-0.8577678469281977
605,-0.4869648534479438
606,-1.7878753379249588
607,-12.521559403273386
608,-48.82288383120908
609,-29.220002209603607
610,-13.94217768616943
611,-14.819982711767807
612,-0.03612004341817965
613,-1.1026979289566157
614,-44.56812621228772
615,-62.795762358698994
616,-59.23526458645931
617,-23.0418533326267
618,-1.656200678692386
619,-6.661278193142152
620,-0.949887322702395
621,-5.835132784515704
622,-1.3705074142878857
623,-18.20917048769266
624,-13.11031802281208
625,-3.679138665730079
626,-14.097277595659762
627,-23.669034672704583
628,-3.3668405544906364
629,-3.5870519554663147
630,-9.232788094755335
631,-15.986424133237819
632,-0.8017107989030592
633,-47.06441161714065
634,-10.843183364568844
635,-44.52193716943293
636,-10.747071721565362
637,-1.5604653380814852
638,-5.723646397967059
639,-27.446173199048644
640,-49.1187806412845
641,-0.006994816100359458
642,-23.395482949950747
643,-2.355545210834304
644,-7.84881689207532
645,-19.330593086607163
646,-2.7758535033972294
647,-37.956145731777724
648,-16.360874554737222
649,-8.794458249697527
650,-7.466634840358893
651,-1.0655799841369387
652,-12.208304219642137
653,-0.16611856052538876
654,-1.5195046338048996
655,-0.0838962284363467
656,-22.833274302091667
657,-0.8605588953029084
658,-4.882096762293713
659,-6.542521244618456
660,-37.258788565829825
661,-30.21273712602931
662,-0.4235643299961982
663,-0.007189041839467336
664,-0.07812428970748897
665,-33.61287331620406
666,-0.02449993040866616
667,-24.1430993550467
668,-5.248026076842507
669,-13.746480961673857
670,-0.7435259724552452
671,-11.1312617242483
672,-7.842144306189644
673,-33.48160678718705
674,-17.29055685225036
675,-30.574934750220336
676,-3.696010793245023
677,-63.16003460416459
678,-3.644194589570205
679,-37.93328543941607
680,-31.626012030162883
681,-7.4852326956151956
682,-13.796800967613535
683,-1.44480400179782
684,-0.12675438972564734
685,-16.545731591481477
686,-36.267547155982356
687,-3.3942253079030706
688,-1.278378775832607
689,-51.24715463531902
690,-2.54492247332346
691,-75.46194419818698
692,-11.044612429680456
693,-17.96040323864611
694,-7.962284412101781
695,-94.67557094608492
696,-0.1758302527544231
697,-4.465231776247947
698,-9.325389587194309
699,-0.15076695008705787
700,-0.06279718038604187
701,-2.6809956585080386
702,-33.72842309661701
703,-0.9313944147971824
704,-8.586533368077653
705,-21.320704298655983
706,-21.52748321466396
707,-8.507106744643238
708,-5.216848183714319
709,-14.185779606680853
710,-0.20456530011142604
711,-9.064287284128433
712,-16.91055917860649
713,-20.291652725847598
714,-13.482164573774266
715,-38.894967027009805
716,-47.05676527078458
717,-18.94370360056564
718,-0.8886233682773081
719,-3.393589577397506
720,-15.768172050100475
721,-16.4884213993264
722,-4.039018370822767
723,-0.2124132956058915
724,-0.1777183867666281
725,-28.17719317249339
726,-11.389296382241582
727,-36.38072905278085
728,-14.922016788380263
729,-1.7012539298568754
730,-7.401134738704513
731,-15.447296510174965
732,-3.391725294559766
733,-7.531339660294179
734,-27.53789103231793
735,-7.910641976475745
736,-1.8461035923319287
737,-42.996607932394
738,-52.67665348640941
739,-13.840448990123264
740,-0.16894729126943275
741,-0.009494690149381313
742,-48.609584585222365
743,-10.98165585938209
744,-36.861939897265984
745,-79.31765438943225
746,-17.621798380398786
747,-21.66482959272676
748,-71.60228252372781
749,-2.1466629579899177
750,-2.2583843677030018
751,-2.1504614523773853
752,-40.97884876292687
753,-6.563665802115338
754,-13.591912046471435
755,-31.417166783850263
756,-3.815300123623274
757,-17.63121371614716
758,-0.001991413218391358
759,-0.6090592334080256
760,-18.548002218376446
761,-1.9851790023831768
762,-21.301278614846524
763,-0.9885159442795839
764,-35.99518221848666
765,-13.692047335063435
766,-4.912297969611668
767,-36.13149739139567
768,-15.997965799347867
769,-0.8810335850209086
770,-0.352299188489269
771,-15.606915072524316
772,-9.289702031267097
773,-33.14409634597597
774,-5.420645343725852
775,-33.33412883246582
776,-11.992274976849103
777,-2.478286429574837
778,-4.635537271977228
779,-16.81618216164918
780,-20.422320999322267
781,-14.674862327774235
782,-4.558000235325267
783,-5.771620498333732
784,-20.901241206720442
785,-9.763398063271495
786,-40.04230239207391
787,-15.793647350928005
788,-0.3370662416699446
789,-10.114817175824498
790,-38.5810137718359
791,-15.379728615662316
792,-31.899055798922745
793,-24.29424850075793
794,-36.02301570589799
795,-14.288868822876765
796,-5.555655851448137
797,-0.40824428124687984
798,-23.794041041761375
799,-25.468806894419252
800,-0.19180885657245028
801,-9.712855501650893
802,-50.93760750589718
803,-8.191030918331307
804,-2.5127435047651803
805,-1.8156495960965513
806,-10.986476961965536
807,-3.4463000231325793
808,-31.90040237095144
809,-8.487779012499232
810,-2.189977727057908
811,-11.216569923239781
812,-3.641449103908313
813,-12.305623398540774
814,-13.022891554762055
815,-0.34238036080513723
816,-0.2932238738576416
817,-31.461592296961953
818,-18.04964323288084
819,-17.342877905563228
820,-51.12059268088706
821,-0.01601985370524517
822,-23.574578587026423
823,-43.15217040915752
824,-2.937342696531468
825,-25.521343314060232
826,-8.888083187961001
827,-10.007005540729779
828,-0.09239635063065066
829,-28.340313242886623
830,-24.18903804364163
831,-8.71842250859845
832,-11.388446796543576
833,-3.3863795596574846
834,-0.22550213169051858
835,-12.063535809030668
836,-0.8293936538470916
837,-53.1187168659053
838,-4.851295275515895
839,-5.473506083828397
840,-23.36582599925177
841,-23.62266114746416
842,-7.208029897373649
843,-33.73494117677251
844,-3.7993864764575846
845,-43.056831479191715
846,-11.033870275773694
847,-30.677203911700474
848,-0.19382131405382097
849,-1.2463000328129965
850,-20.657104568015654
851,-0.005711053889710271
852,-3.821104727196598
853,-8.066155054616054
854,-3.865829404684291
855,-1.243498384279519
856,-0.5176989593462054
857,-0.07089242594554435
858,-1.4425938099911946
859,-0.6527586271588461
860,-7.264561029289325
861,-45.90842193034973
862,-20.06435278021854
863,-0.3810003300537801
864,-0.6059583692510415
865,-48.47428656601187
866,-8.592692805026672
867,-3.3241312428435776
868,-25.158917683374057
869,-18.40505015306477
870,-5.130964689770053
871,-28.958681306811968
872,-23.434570647366854
873,-8.565243088072748
874,-0.0016301790599775046
875,-15.02443130409938
876,-0.7220124611642404
877,-0.519097041375062
878,-2.487768071679284
879,-1.3548706221104112
880,-12.829118916384004
881,-26.09459073670871
882,-7.704272327930084
883,-7.519118868169244
884,-6.771176683505402
885,-2.2297605315779947
886,-3.3138911430578446
887,-7.217015798218654
888,-25.677271429331
889,-13.896475286455825
890,-2.0870286376925833
891,-41.8402118052627
892,-0.14363645804405678
893,-24.007433114305446
894,-13.552921823138604
895,-2.5595126255465916
896,-0.11613857475595069
897,-22.034368439865716
898,-0.10358453596381878
899,-11.929268484791464
900,-25.965780983903585
901,-12.637471007823478
902,-18.75743522904486
903,-0.054006940717250984
904,-26.546935990005295
905,-19.652743028236728
906,-2.7915810564009007
907,-66.79342186986833
908,-0.3880234881951594
909,-0.7546671020389226
910,-0.9784541550929813
911,-0.35111694518855074
912,-0.09081268784575514
913,-27.016189466948433
914,-22.817592059071558
915,-29.271080878262495
916,-8.03310917613635
917,-2.3065900711988263
918,-9.616411913120544
919,-28.149375019334798
920,-9.46938679331755
921,-90.22525250169565
922,-14.955074854874795
923,-29.08135306086031
924,-59.35169252110245
925,-8.258288750924905
926,-20.350039854387433
927,-17.71820391686381
928,-31.454609400272602
929,-7.218371117065544
930,-15.812910638720723
931,-8.14073364927981
932,-17.827808423156966
933,-14.536428602300617
934,-5.4660474967652135
935,-2.730611396613398
936,-14.171946388895321
937,-3.9971141425270442
938,-13.168579142949568
939,-29.186948139673405
940,-0.9409354125618847
941,-1.7204463321641015
942,-9.136153974670378
943,-12.426965614971415
944,-11.332526502267456
945,-0.6882090043097833
946,-0.0335641213209783
947,-2.655225149564899
948,-41.36743241856699
949,-21.618470911508666
950,-0.0733122973083482
951,-0.44326131545699354
952,-0.12403145714324637
953,-25.361386145318733
954,-7.519949073868432
955,-2.9239235138914808
956,-14.457859506882784
957,-24.915612401062617
958,-5.178529994840403
959,-23.03861582168645
960,-48.972725758016935
961,-20.739311136400552
962,-13.58174311597827
963,-0.6219283007873981
964,-19.260684251765724
965,-4.143264147999304
966,-18.86003982567081
967,-0.014785494346142514
968,-0.8091645032654924
969,-27.80918940106062
970,-11.229355354405016
971,-95.25970532924839
972,-17.513264232678807
973,-38.926304653992304
974,-0.1619780675007121
975,-34.3573894563716
976,-0.2516160004734047
977,-0.033737708402725275
978,-13.767185555984838
979,-25.291291310014913
980,-25.02642248794541
981,-28.412194348812008
982,-25.266394016092818
983,-5.41111752821962
984,-0.15364534431932952
985,-2.092449216352543
986,-22.81126547339337
987,-15.100913627294858
988,-54.01138269088915
989,-19.413578986845096
990,-4.411670900364612
991,-109.69260807433056
992,-6.426231028221082
993,-2.934564572617745
994,-3.3644708999318027
995,-8.886662158420222
996,-0.34024511059942597
997,-11.979241158792874
998,-14.934635096376923
999,-18.067214232782135
1000,-2.0930603826863887
1001,-64.730988204369
1002,-36.89565751987362
1003,-0.5532730098761931
1004,-0.20884592477341357
1005,-5.0177947355441574
1006,-1.8077115118110214
1007,-26.37661081729493
1008,-53.510158799484586
1009,-22.163116877005848
1010,-36.90792387780897
1011,-32.02562291414233
1012,-10.544545282289619
1013,-34.05317467532814
1014,-3.0166583461841583
1015,-1.4981982160188636
1016,-0.6665227400735603
1017,-0.6924487194759195
1018,-45.91504745748478
1019,-5.104820881309024
1020,-2.438493391096017
1021,-9.970815624027637
1022,-33.11948453749619
1023,-21.23412489108533
1024,-39.38934616917504
1025,-18.375663341633754
1026,-19.933975941670724
1027,-0.13931700193825236
1028,-14.74626505700249
1029,-15.295775384387525
1030,-13.289559615345382
1031,-30.100422092886788
1032,-7.8167573787810625
1033,-32.4148634196804
1034,-22.214492683053948
1035,-4.316266993668705
1036,-0.0553195857186779
1037,-13.01523182132837
1038,-9.662663482995413
1039,-4.333716677862867
1040,-0.2734418897326236
1041,-20.71486646614403
1042,-8.40603000283636
1043,-19.058338695116163
1044,-11.222406859889816
1045,-15.642160894189857
1046,-4.718133074613434
1047,-20.77807769347737
1048,-0.08982138089231739
1049,-18.182611693747276
1050,-0.4981377434934018
1051,-0.8339914646403486
1052,-24.912721555770986
1053,-18.536781907416298
1054,-2.814631614995413
1055,-0.4507777951521348
1056,-0.11952894195150066
1057,-8.575188030960346
1058,-0.004818640781692807
1059,-21.133726912350518
1060,-28.714832902698618
1061,-30.410225126995158
1062,-1.832441529827065
1063,-11.85246965396425
1064,-2.27287374046864
1065,-38.30673313256557
1066,-50.950138375598954
1067,-8.953363519966388
1068,-35.305176166149806
1069,-0.22818104606176348
1070,-37.348791542365234
1071,-22.478703373664757
1072,-0.26461425931972826
1073,-25.585734358133323
1074,-12.427856080838808
1075,-2.896961805741057
1076,-6.440556135956893
1077,-10.61695791583956
1078,-20.983233981925537
1079,-8.516442517804762
1080,-5.338936461538424
1081,-0.15440562680348702
1082,-2.048066369443305
1083,-0.7608544753709428
1084,-2.8006167770193997
1085,-3.3673862947616726
1086,-9.817711577638079
1087,-0.3934383184065382
1088,-5.930815456051278
1089,-17.16769774951976
1090,-7.134964956319891
1091,-28.47535050774627
1092,-44.35789746923183
1093,-7.48940865104305
1094,-10.301917409961334
1095,-9.09544941619015
1096,-8.700108751554694
1097,-1.606295223527468
1098,-10.160665043042172
1099,-59.504420037716045
1100,-6.088282796921703
1101,-2.2101224313482817
1102,-17.18040132562176
1103,-79.838387579357
1104,-0.023093576498695256
1105,-7.408205639225798
1106,-24.48654993615132
1107,-22.585534597387294
1108,-37.40247544023083
1109,-23.480136268291744
1110,-4.935885960138876
1111,-4.710844930374648
1112,-0.9045566359500299
1113,-2.116691388952404
1114,-2.948422303352899
1115,-12.543505677385838
1116,-20.00423273362407
1117,-8.143841865682857
1118,-0.191759049395813
1119,-14.739058601490854
1120,-10.68540579836315
1121,-0.4464388583046457
1122,-8.678368898021262
1123,-6.146445283967708
1124,-26.852141084286757
1125,-43.13003718787081
1126,-7.528233418488526
1127,-0.5755624907674999
1128,-18.015741863478897
1129,-0.28194527415946347
1130,-5.662328301463276
1131,-18.005266558478866
1132,-7.71413827429933
1133,-22.90134221922426
1134,-0.5254172542637483
1135,-38.255527499770324
1136,-0.6600648480334712
1137,-2.957632757315878
1138,-3.605934644661602
1139,-7.163837239005488
1140,-0.026512512919680375
1141,-5.892299000132844
1142,-26.5508529987128
1143,-12.014617661290686
1144,-25.153617411609957
1145,-13.52670263714299
1146,-46.63136204604325
1147,-23.056888205375344
1148,-3.9966297166465665
1149,-1.3699521117384847
1150,-0.8833485837758772
1151,-1.7237043728249706
1152,-8.546523793276947
1153,-1.3348442756261534
1154,-23.377307407752898
1155,-6.086109237999089
1156,-3.7117524317910138
1157,-30.62481487813757
1158,-3.0391338491463102
1159,-0.5570280146562254
1160,-1.3980283129897693
1161,-0.027184049023844636
1162,-6.803017388200487
1163,-41.846304212798714
1164,-1.930376858837917
1165,-7.148478326605249
1166,-79.16957615179126
1167,-6.310460689429561
1168,-18.190407711050966
1169,-0.39001378724003644
1170,-21.930652350740218
1171,-3.770523209465182
1172,-14.53812008375462
1173,-0.4845166238451384
1174,-32.2458651463812
1175,-1.593552509125331
1176,-3.8742007282165787
1177,-15.095296021026055
1178,-34.91485849057426
1179,-1.7499537972441317
1180,-9.93268240810562
1181,-15.511041359673968
1182,-13.17043958408749
1183,-27.361363227261727
1184,-25.240581018263207
1185,-46.84294018741639
1186,-61.32505554373802
1187,-44.871551917662146
1188,-19.598973918240517
1189,-11.339578809364184
1190,-0.44419617100538744
1191,-8.069865441146362
1192,-16.183005809660244
1193,-9.13636148966907
1194,-15.89232916566732
1195,-0.01373894556201094
1196,-70.44402571297275
1197,-0.08756250965761359
1198,-4.230749745639855
1199,-2.6659504758656567
1200,-3.6582906023541
1201,-0.056516072846108045
1202,-12.870360113175593
1203,-5.946455307233009
1204,-25.76790416127551
1205,-47.98183250100706
1206,-23.868864646359725
1207,-20.936920274288184
1208,-50.641916968232806
1209,-2.042987548157612
1210,-1.2527230206178501
1211,-3.833709063138258
1212,-92.53997346688993
1213,-4.590885376179358
1214,-2.8423884244775763
1215,-10.947770989189912
1216,-0.018711968301523996
1217,-0.47115782644030446
1218,-91.23213657573166
1219,-21.42823197682469
1220,-10.455345959846454
1221,-9.02278899962704
1222,-31.7878713814589
1223,-1.4215136511569426
1224,-76.36277959764993
1225,-4.34970365198177
1226,-0.1692026460298237
1227,-3.441991393408525
1228,-0.5088135964188609
1229,-0.25545094951667124
1230,-11.38626413997315
1231,-117.99388587771682
1232,-5.7020213458727085
1233,-10.774984784044364
1234,-18.412738688527497
1235,-25.64591285678611
1236,-1.3971773805618568
1237,-19.934003239195917
1238,-9.390652653404828
1239,-58.465186625512615
1240,-13.875101719342723
1241,-26.3234982427347
1242,-0.537018909381004
1243,-4.167558562590273
1244,-62.15842786524445
1245,-24.7518401783571
1246,-14.889950736604078
1247,-52.09062516758058
1248,-20.68021531950758
1249,-34.905694508808665
1250,-1.2093381326481136
1251,-0.014050296870138368
1252,-23.486834604099343
1253,-12.206439133713502
1254,-39.37475667070862
1255,-9.05932916879624
1256,-13.225570737039106
1257,-3.4296251906689577
1258,-67.10138580131073
1259,-15.091212169525534
1260,-64.58138129280997
1261,-0.06290664047136829
1262,-0.04207537000909056
1263,-49.10423779206758
1264,-6.590201944249884
1265,-11.080601053551163
1266,-45.95815722938278
1267,-3.162890021302246
1268,-0.0010637539663065354
1269,-49.13869487010834
1270,-3.620262701602769
1271,-1.4213446933324576
1272,-39.62166148252936
1273,-0.3424367027734547
1274,-22.45958823022619
1275,-1.936848360642216
1276,-14.611541417614092
1277,-4.459157788934462
1278,-17.587002204474175
1279,-0.06175316161716182
1280,-2.5162632026892453
1281,-4.618491773820793
1282,-2.9279735094387433
1283,-12.977231255083097
1284,-3.1538812002327177
1285,-4.014515428949949
1286,-0.24133877558790573
1287,-1.0647636123539996
1288,-0.8009686055446537
1289,-29.3701086103938
1290,-8.59072555882534
1291,-9.6159924484175
1292,-10.81822916653175
1293,-20.461849654471052
1294,-21.405970336639257
1295,-7.694455157060133
1296,-38.59136067804502
1297,-4.004823293129448
1298,-0.7864193243726731
1299,-20.276488145916943
1300,-10.703072424788843
1301,-0.025156927950661157
1302,-2.437735425253777
1303,-7.836975475120388
1304,-53.9119420174096
1305,-33.41012862896605
1306,-20.360080549292164
1307,-7.5323646779289675
1308,-26.941155153606985
1309,-14.922629311258873
1310,-6.786295452311606
1311,-8.820332471232177
1312,-41.97284787421813
1313,-0.008503432734642047
1314,-9.171667228089063
1315,-22.707413124832783
1316,-10.82356323295246
1317,-5.520233720054353
1318,-0.08274605018073089
1319,-5.093608111602226
1320,-18.69461097865866
1321,-6.3760914220404885
1322,-0.5105814166015534
1323,-7.570103252292029
1324,-35.5157029945467
1325,-15.770808544534702
1326,-22.447594366644353
1327,-17.223440095692524
1328,-46.93473592468217
1329,-11.112599194777431
1330,-0.25504730211454785
1331,-72.11497586317813
1332,-24.72158505560759
1333,-9.431477344039195
1334,-11.399873121702115
1335,-17.58171457417641
1336,-22.181463605129466
1337,-0.06269678753733388
1338,-5.248611855465427
1339,-0.09742899442734879
1340,-38.54861430523761
1341,-3.7659190892186416
1342,-37.1699837340785
1343,-2.579517354525933
1344,-3.0820699754476664
1345,-33.10008981948431
1346,-26.577446176579542
1347,-2.297442369163221
1348,-24.89433793714933
1349,-2.6451140219151057
1350,-14.236223958760093
1351,-44.79892308203125
1352,-85.07971552911295
1353,-51.35987478830816
1354,-0.062151800048149575
1355,-53.58580365541525
1356,-0.14906429044846448
1357,-4.97419816065883
1358,-4.936235786276296
1359,-56.9946954483878
1360,-18.82742930208954
1361,-55.2502989583154
1362,-38.64309067810518
1363,-8.68753387656568
1364,-27.071257867036536
1365,-39.7682418466502
1366,-0.17586896461034662
1367,-10.193624099780209
1368,-68.54200388820027
1369,-1.1245007024272127
1370,-19.220274092607724
1371,-0.09976493770591333
1372,-32.173943277250146
1373,-0.013084647973670371
1374,-4.109698607643148
1375,-15.434193502055564
1376,-33.96798951560413
1377,-30.397161068583955
1378,-4.379366185632534
1379,-23.403632088592033
1380,-22.951588283802153
1381,-6.43454591384841
1382,-3.1683896594420276
1383,-7.426633708245845
1384,-5.969935640092444
1385,-16.90672714190382
1386,-28.975319801378646
1387,-6.26493286595047
1388,-2.0551332115458933
1389,-0.21837442093452353
1390,-19.757875887152238
1391,-65.97731007894248
1392,-7.434328370314233
1393,-14.008584070814443
1394,-8.074870779295452
1395,-5.512427931425577
1396,-7.164411254370577
1397,-0.051902632736528176
1398,-11.34299882176414
1399,-2.8997175040393586
1400,-25.76212700028201
1401,-6.086662968043129
1402,-0.006356226515357832
1403,-39.74642814908481
1404,-1.9351347310002893
1405,-22.52587674837936
1406,-1.9097891835835807
1407,-14.345690530529545
1408,-14.319067850037868
1409,-1.0361679539261104
1410,-21.8345446340104
1411,-0.20105840717522483
1412,-0.9755155465081771
1413,-0.04432177320081365
1414,-2.157075828347331
1415,-0.4607503437858327
1416,-0.23186213261032051
1417,-24.12302152489133
1418,-6.158749011709546
1419,-7.837596221533033
1420,-5.275707320046422
1421,-17.325487969275088
1422,-4.676532188617784
1423,-32.28664196168688
1424,-34.14185230797693
1425,-11.270011847711999
1426,-11.28070898365695
1427,-9.24223739110721
1428,-17.46206390174177
1429,-50.29691478541781
1430,-1.1400947047040972
1431,-9.771320824958288
1432,-3.9317635498360914
1433,-0.15697457258374925
1434,-24.40692517583375
1435,-0.6509953053910067
1436,-14.050221821758214
1437,-3.871564634229742
1438,-13.418877485779376
1439,-3.72471073292877
1440,-0.3735537765569461
1441,-6.334409588487688
1442,-11.623726090854234
1443,-0.12642342994058708
1444,-62.17622116745679
1445,-1.0798181049894993
1446,-37.051508459067236
1447,-0.30604907250472024
1448,-18.69431516087269
1449,-9.152128806254836
1450,-5.806018548886641
1451,-7.142734124470508
1452,-11.08379912447458
1453,-30.362895699664534
1454,-33.55391751603861
1455,-24.999985556884212
1456,-6.417604697736834
1457,-0.13698421502696334
1458,-9.725058559175523
1459,-0.19029241323141832
1460,-45.32450021148702
1461,-60.14772164986243
1462,-13.904620076909396
1463,-0.8877530752179297
1464,-19.495471062809983
1465,-12.784482730461605
1466,-2.0032804234997457
1467,-15.339960588233225
1468,-34.76278889852313
1469,-9.490358169388678
1470,-12.28720815045353
1471,-14.28704279668409
1472,-0.4749137081446406
1473,-13.263374772849275
1474,-12.155919622908826
1475,-13.417384921870081
1476,-0.15129311377199883
1477,-0.0038217518123203186
1478,-3.8118663128702934
1479,-27.537848741660923
1480,-10.172834159420745
1481,-6.565935762168493
1482,-0.38583643509731047
1483,-6.211728223591308
1484,-23.634014846510752
1485,-19.07736250809029
1486,-3.449831394260741
1487,-0.6722378183175977
1488,-7.388267548528958
1489,-14.121078029257092
1490,-12.396928477413212
1491,-12.206865469070635
1492,-2.4074206579348356
1493,-4.028202924433458
1494,-5.595697231098633
1495,-28.698513021311555
1496,-0.024139577354844732
1497,-0.43816039383168004
1498,-44.917892661556834
1499,-2.640753628595064
1500,-2.463860573567132
1501,-1.8690770733942372
1502,-114.17551507987082
1503,-0.4312577011269241
1504,-4.9407580145428796
1505,-0.6477981213276962
1506,-9.75573047035141
1507,-8.648605551058864
1508,-2.138549048965615
1509,-6.097424640351207
1510,-35.458126829523756
1511,-3.736368250568802
1512,-4.257514273319202
1513,-6.127572566903837
1514,-0.014245006846536512
1515,-13.732238008773493
1516,-5.15843989012285
1517,-4.306880470830492
1518,-30.636016071257018
1519,-16.160845264661702
1520,-1.207372292031716
1521,-33.917740465468
1522,-2.5724324465790005
1523,-7.701621173716262
1524,-83.09302215300858
1525,-20.931684713426826
1526,-16.78114357316936
1527,-2.5688534620185237
1528,-0.472313813939536
1529,-9.337604994922458
1530,-2.981881526069198
1531,-2.7380039095201028
1532,-0.6803220729059376
1533,-32.9014123506613
1534,-10.605155433187065
1535,-5.44958188097076
1536,-34.05950304909763
1537,-37.28206645405271
1538,-11.477009770114307
1539,-8.02672247004617
1540,-11.79565129001007
1541,-8.696211264225042
1542,-15.142334598418529
1543,-7.95858520821821
1544,-0.12422634418089729
1545,-9.250524419737701
1546,-2.8545334928498747
1547,-11.406062632764675
1548,-21.01183558336379
1549,-2.202157887066278
1550,-25.629699308181216
1551,-31.15688198353746
1552,-32.79718745987907
1553,-19.006910549166122
1554,-2.4823061865390628
1555,-9.73675248571149
1556,-1.4142987094696764
1557,-11.072324184312208
1558,-0.054374907844476184
1559,-5.312295171952993
1560,-25.226940155957596
1561,-2.8411172139106675
1562,-0.5844316259772313
1563,-5.597581077096038
1564,-5.811220629224408
1565,-0.1225880673095503
1566,-9.937023358694205
1567,-44.99059460367789
1568,-32.94839648906297
1569,-6.0199245002440875
1570,-44.26624322826274
1571,-18.814101382323543
1572,-2.1613875839036503
1573,-12.354826690146993
1574,-16.046223012377368
1575,-4.04033053705092
1576,-0.03628827094689768
1577,-28.279423221862658
1578,-8.689956413290929
1579,-3.161748240862197
1580,-45.742054730806785
1581,-32.26684299452733
1582,-9.533405938034619
1583,-0.1019592897783923
1584,-6.491920913489928
1585,-49.17323201242834
1586,-1.8471952158846854
1587,-4.321684628725052
1588,-20.79849981632306
1589,-2.640864379828656
1590,-34.115224637026664
1591,-12.71172684317753
1592,-0.18143426179813105
1593,-0.7732455924028936
1594,-3.8725602038175566
1595,-7.081631488704968
1596,-4.488461703436769
1597,-1.7268667593774296
1598,-46.49708170325175
1599,-19.03448957218214
1600,-28.24133515414883
1601,-8.377846829908101
1602,-8.157350525166407
1603,-5.8936264489653745
1604,-0.026843140917662822
1605,-10.133640921350349
1606,-0.014796083226940482
1607,-53.935443693197755
1608,-0.03687761697636294
1609,-47.01228085442915
1610,-13.898456224031957
1611,-8.625677729015706
1612,-4.852303259498768
1613,-0.4320817122432956
1614,-9.826932110125298
1615,-2.2007136608008295
1616,-27.21619546995538
1617,-1.8377297721786476
1618,-8.68824433656846
1619,-61.85491238490795
1620,-40.03552968971087
1621,-1.4854346515927377
1622,-9.181946318261907
1623,-12.673759965000045
1624,-4.23808865047954
1625,-66.85304987668496
1626,-14.80377487183614
1627,-49.66445049172944
1628,-3.2236530799909815
1629,-39.76297783816699
1630,-9.599992416423447
1631,-6.979667603656708
1632,-10.118035702361823
1633,-0.07800609408934633
1634,-0.5253589288480658
1635,-13.3485115579806
1636,-1.944207444536005
1637,-2.723773459928452
1638,-7.981796340648387
1639,-15.793114740321698
1640,-6.211080840790404
1641,-12.872618660736237
1642,-13.969054447978522
1643,-8.448521415566574
1644,-4.158122960479204
1645,-0.3648723022828919
1646,-5.239143041399757
1647,-0.38329764800172583
1648,-17.625372615791548
1649,-34.28118270179084
1650,-22.878740198322646
1651,-62.23140568565577
1652,-3.20213434167286
1653,-10.090703361827764
1654,-15.252794176657517
1655,-14.189261905469866
1656,-0.016611118996930685
1657,-35.08657518724772
1658,-22.133631377840572
1659,-15.315234683945164
1660,-10.439555763739918
1661,-1.5210149862250546
1662,-15.435596327044328
1663,-18.44664462924993
1664,-0.27452993502205914
1665,-15.05950772047072
1666,-29.572942614340718
1667,-3.07527413922071
1668,-0.007777115114492972
1669,-4.987964597839891
1670,-37.83778194466652
1671,-15.27271877416797
1672,-3.4073213174855255
1673,-1.840830376073427
1674,-2.147218026586188
1675,-0.5718662943413619
1676,-0.8218967025321717
1677,-16.225933493965385
1678,-20.942933364528876
1679,-7.440591767999347
1680,-11.129946847397726
1681,-4.215172005468048
1682,-23.67945082402548
1683,-62.066075503244065
1684,-0.9757177011097724
1685,-111.93535328935832
1686,-21.337040105875957
1687,-21.922187459424094
1688,-7.414132939181679
1689,-0.1477214647920846
1690,-46.550073100530426
1691,-7.675938257944836
1692,-31.098189421107236
1693,-1.937279712758027
1694,-10.074592429466747
1695,-20.347037605230526
1696,-1.4448101303278236
1697,-6.6232028192753205
1698,-0.05155979402201183
1699,-29.38463142621589
1700,-10.762206558090362
1701,-0.004162861314551236
1702,-80.99746954347938
1703,-35.272489941798014
1704,-37.272444278729154
1705,-38.961831364607406
1706,-7.857660057356497
1707,-8.697944983833622
1708,-1.699885421197905
1709,-32.74896100439946
1710,-48.04268893079052
1711,-30.689128205296583
1712,-10.33899656442577
1713,-17.63179213283729
1714,-0.9606662476744532
1715,-29.202386508288328
1716,-15.930553016638896
1717,-45.08684558951903
1718,-1.25768875331471
1719,-64.84325530856586
1720,-6.588268634627971
1721,-32.518658866152066
1722,-16.686225010592807
1723,-31.7354441625862
1724,-45.96393481634368
1725,-15.4686021663789
1726,-6.0499653778460925
1727,-60.647013006790075
1728,-38.25348881558375
1729,-32.728751849968376
1730,-17.076160336899193
1731,-79.56106909713617
1732,-15.46784481155646
1733,-40.16508591128331
1734,-19.480941850346426
1735,-2.359899389747625
1736,-9.300429498187441
1737,-7.086516068408173
1738,-0.3502862119603378
1739,-6.5390242514008605
1740,-23.25613775450823
1741,-50.913184138458746
1742,-25.221956324643145
1743,-25.518892716457913
1744,-6.435348071759108
1745,-18.044129169087682
1746,-1.1810273753036746
1747,-21.199011868539117
1748,-58.878749392058126
1749,-34.670591206726385
1750,-10.944896014986455
1751,-18.01409039205282
1752,-27.02389845855214
1753,-0.07903025575666334
1754,-37.38563039409928
1755,-51.30440790404111
1756,-11.251906011733677
1757,-8.087403956151661
1758,-19.314063148175805
1759,-11.432221761599067
1760,-13.468848106738733
1761,-9.659459172941972
1762,-40.39548732476288
1763,-0.6198009438739973
1764,-70.28803702662867
1765,-12.10834305600656
1766,-10.402400818637222
1767,-9.40120359510587
1768,-5.2149108026133035
1769,-30.66774397092513
1770,-8.974869831014075
1771,-0.07711961573312465
1772,-3.6719430702854083
1773,-1.541195221137059
1774,-0.13814296695272787
1775,-10.397548740033926
1776,-17.4768920784599
1777,-13.786608782438861
1778,-17.20554440439082
1779,-16.259572654718454
1780,-8.22206800387039
1781,-11.743155884180851
1782,-27.939146759912546
1783,-29.8281674184951
1784,-2.7159807948155503
1785,-0.785688194136128
1786,-14.390701798232872
1787,-29.744509267094713
1788,-28.850271005445393
1789,-16.2555785410559
1790,-10.415175244700492
1791,-33.64011920317627
1792,-1.2183993980623882
1793,-47.86698916117706
1794,-29.720268532249975
1795,-33.2716022993765
1796,-28.85364953549424
1797,-53.10766573237379
1798,-40.04819223872329
1799,-11.133962883255208
1800,-12.5785185846388
1801,-47.934885505834245
1802,-0.199127550506212
1803,-7.508221996545402
1804,-13.268496366610634
1805,-0.626774998340494
1806,-11.392526757866449
1807,-0.237892437103028
1808,-4.526326625327783
1809,-37.184712113842124
1810,-10.79591274947984
1811,-18.733359169425768
1812,-0.06983465344038109
1813,-0.38197325868158316
1814,-23.67115299114016
1815,-3.2868040812390973
1816,-42.82353700236695
1817,-19.4564479610292
1818,-12.942145753097009
1819,-4.441586939766239
1820,-35.085944231919825
1821,-0.7387369074691046
1822,-1.3789376949865755
1823,-44.81113665851973
1824,-23.416162840326407
1825,-18.554386077754316
1826,-1.4406485982103163
1827,-12.000564861911698
1828,-27.749024917673196
1829,-6.72127891350301
1830,-0.30709023205148966
1831,-5.910024670214625
1832,-44.70716529091544
1833,-17.02215089096562
1834,-12.484358161406604
1835,-18.457194636915517
1836,-12.479843794731096
1837,-21.769227130549893
1838,-0.5173706694513385
1839,-28.982338465114402
1840,-16.628167970869754
1841,-16.50997722742818
1842,-15.355781869991915
1843,-41.430980578420304
1844,-3.297706930905406
1845,-16.556553675448384
1846,-7.053364464001788
1847,-2.4395692781499747
1848,-28.578512133187147
1849,-52.22002561968111
1850,-18.55402085685705
1851,-23.98899545011227
1852,-19.531410706687325
1853,-31.749135367743293
1854,-7.622916251558763
1855,-16.175993796967077
1856,-5.543356056234984
1857,-0.11852859073405853
1858,-32.439717562952296
1859,-14.497379353124643
1860,-10.871098912495654
1861,-19.580517684536375
1862,-67.19785687032947
1863,-13.269603431079034
1864,-7.133714109641204
1865,-23.902548889844184
1866,-1.28307229074926
1867,-0.31874394162528574
1868,-65.28754371826335
1869,-16.780877760575095
1870,-41.13525554293615
1871,-0.04856865768715579
1872,-59.2730557687386
1873,-5.180632535559198
1874,-17.412996072555018
1875,-51.8946876625414
1876,-5.9572052307812555
1877,-3.2500866382343077
1878,-5.736750935480245
1879,-20.84630398130586
1880,-17.315578129695496
1881,-22.408498389406304
1882,-5.525455003957964
1883,-12.959651857666017
1884,-4.009130521192985
1885,-3.4286133204667237
1886,-1.9907490355623736
1887,-3.7603904275401874
1888,-1.617746427995371
1889,-0.008603626283466781
1890,-13.984746110210835
1891,-21.30569227698129
1892,-4.222022873122569
1893,-8.634353091898758
1894,-10.589544595780353
1895,-26.657398096232328
1896,-20.546985542598172
1897,-36.66952068086724
1898,-3.7956664812336385
1899,-5.465023959406608
1900,-38.85386036158809
1901,-20.531913790232522
1902,-30.557707577592296
1903,-51.686072662564925
1904,-12.149518139743734
1905,-0.31958183248207206
1906,-13.46123181906296
1907,-35.491585784122805
1908,-30.236833224171278
1909,-6.992585917536985
1910,-8.300686840251501
1911,-0.6104176510966681
1912,-28.95707147893073
1913,-57.826136838762295
1914,-15.652785914330316
1915,-43.822620280333
1916,-21.62589685059398
1917,-32.34639344215206
1918,-12.745574301347517
1919,-31.011774264627093
1920,-19.378716843737493
1921,-52.78203432104419
1922,-1.6040284250033991
1923,-1.2139930615514913
1924,-10.28008544649856
1925,-9.221552690766929
1926,-34.53249062098922
1927,-8.128916122370356
1928,-0.6845156216101032
1929,-10.635983245848365
1930,-15.214438075756732
1931,-3.698947781377683
1932,-9.53616323475103
1933,-14.156961244819314
1934,-1.4441384105670068
1935,-7.62311850509559
1936,-12.268168960022194
1937,-15.093503291422465
1938,-17.842278232718513
1939,-19.447104139714895
1940,-0.6039190225859556
1941,-0.250206417260074
1942,-2.102419993983858
1943,-23.668121044310737
1944,-7.302572323478671
1945,-10.793002043452361
1946,-0.04236508635949576
1947,-1.0089193786370103
1948,-22.668564174774396
1949,-17.601275114031523
1950,-39.97505789240149
1951,-6.6511039624271575
1952,-31.655445991771103
1953,-0.021999470819650924
1954,-6.024243178629604
1955,-12.115853501997478
1956,-13.641667450370733
1957,-20.797931053509274
1958,-89.68116635835759
1959,-35.52309738278473
1960,-0.5115600478984561
1961,-9.083148196508773
1962,-4.885454439965542
1963,-1.1832247475081203
1964,-1.684195959740748
1965,-16.36639145773279
1966,-55.41605109645798
1967,-37.60275446539657
1968,-13.732817190851904
1969,-42.32269622865658
1970,-5.061462120034776
1971,-12.575767852715217
1972,-0.05575261000481113
1973,-106.66788756863389
1974,-62.43111145662988
1975,-16.381462817486806
1976,-7.742465668423392
1977,-45.622700711435755
1978,-0.0656905820603697
1979,-26.920320822825033
1980,-61.71398825493816
1981,-0.0880863252641575
1982,-22.262329993660387
1983,-8.660418067015627
1984,-18.05928859638348
1985,-19.54539513294344
1986,-0.4916818127738338
1987,-12.994989051140976
1988,-13.06188765700864
1989,-0.9548770997380416
1990,-12.504148141248152
1991,-4.547208741559189
1992,-14.91058215079784
1993,-36.974192821963776
1994,-10.642492519839834
1995,-25.1997040089268
1996,-10.248357186957946
1997,-0.6073106408278903
1998,-14.037964027860184
1999,-1.310827179948319
