,value_per_image
0,-40.658758436977266
1,-34.240030875746015
2,-10.31201847772445
3,-9.892568721420197
4,-9.831322531114097
5,-23.004513815045357
6,-1.978681385917298
7,-35.56888994406927
8,-44.82495719411355
9,-35.34857124478178
10,-24.287659906314488
11,-38.134384824108565
12,-7.77572693046568
13,-0.009957403222756511
14,-9.942342397771881
15,-0.38067666476513295
16,-46.93279306348569
17,-11.371728687186987
18,-17.65824807412173
19,-14.334063759743003
20,-27.881924102804078
21,-0.14595116036669253
22,-9.035598677972303
23,-2.257365874529455
24,-55.13468654936878
25,-45.61520796607002
26,-56.26278341472789
27,-0.030370804430702947
28,-15.811500427893975
29,-100.15323458472778
30,-27.382037128400498
31,-10.98281508258205
32,-1.6720291047982343
33,-18.327907611461228
34,-23.234140683941405
35,-0.12984547388896317
36,-1.6746492362617573
37,-1.8560885938237561
38,-99.60556295432616
39,-25.277069445849946
40,-2.569489401686667
41,-9.4100312648076
42,-13.726992430186073
43,-0.22438046779916476
44,-41.98078100154356
45,-2.571588318416616
46,-0.2918769799209713
47,-6.730495301424526
48,-56.620000216403696
49,-27.942503218069184
50,-1.8086551072276507
51,-1.8377737112136856
52,-48.43944119675143
53,-7.374189385822888
54,-50.63715882503311
55,-0.1891235479358317
56,-7.832455368039518
57,-57.82440399298207
58,-23.52855340491726
59,-2.220867802913972
60,-29.709046472031332
61,-39.61636698858325
62,-69.74970877270789
63,-59.0337622625575
64,-0.7583794123814092
65,-59.2257481640554
66,-32.892964075972486
67,-44.03524335653072
68,-11.81483655097145
69,-19.67995394603713
70,-23.393309499373572
71,-73.73365919947042
72,-10.543068824339144
73,-7.057554218539735
74,-27.099636654345204
75,-6.7738657331543095
76,-4.65376275216704
77,-55.96680197040405
78,-38.92693857288077
79,-70.92912634421373
80,-2.4832021915794256
81,-14.926685665915556
82,-16.862827718951053
83,-31.645242698736492
84,-16.014409978437584
85,-5.451222964104204
86,-5.905710656310021
87,-14.91379037979641
88,-15.369744694706867
89,-14.132445406808984
90,-4.8350234492520485
91,-82.61588985121388
92,-10.428434772404671
93,-60.96890069225174
94,-51.115305067456575
95,-0.8637509821528511
96,-9.159508893926343
97,-10.64032900009488
98,-0.24970937193211284
99,-46.11987491181799
100,-0.5425056423446222
101,-18.377586744788942
102,-2.543898502218326
103,-50.164090988387386
104,-0.3327340313411469
105,-8.439578007384739
106,-3.9904304169524494
107,-4.545988997082702
108,-43.254735336498356
109,-25.31822707315814
110,-15.293378704990573
111,-32.60864835402481
112,-10.197680630986724
113,-27.99667824284353
114,-30.09857321160962
115,-5.439219093896099
116,-13.82292537858143
117,-6.734725116187597
118,-25.177129578957192
119,-8.258062169421464
120,-11.654139246219055
121,-8.143187900466131
122,-8.223807181504526
123,-0.16711981284242938
124,-18.082190252411145
125,-13.630198120233075
126,-53.794170017075544
127,-0.12882437684226034
128,-0.5866391769341135
129,-1.1214705681081796
130,-44.896000481116516
131,-61.90184612834855
132,-14.987866935300644
133,-17.628956972630135
134,-31.65350922004032
135,-62.02708530826749
136,-7.826546965243821
137,-6.176565355580351
138,-39.1499928408457
139,-70.87701507569273
140,-22.40832371159924
141,-1.8205635703114496
142,-22.677803467408467
143,-0.14868743708575494
144,-10.027173389862583
145,-11.631294343864283
146,-86.87741558426933
147,-2.6966217041295124
148,-21.292846314187045
149,-38.465183430409525
150,-43.44308185402149
151,-59.87104429089334
152,-0.21744296725410095
153,-18.29111746061426
154,-44.60749128789848
155,-7.563854586317575
156,-16.15634374412184
157,-0.025781260311070753
158,-57.56083371827003
159,-39.56206632185285
160,-9.571319666964392
161,-21.287492839011463
162,-0.3260897055419605
163,-1.3879142535471765
164,-0.09079106193075859
165,-12.156164760644543
166,-30.588711866529195
167,-118.8949538576071
168,-0.761773123027524
169,-0.0794836426762231
170,-36.055393421082044
171,-1.209618096830164
172,-58.094790885880954
173,-0.2028431870253229
174,-39.750603294280154
175,-2.603150238002968
176,-0.9278186455060791
177,-12.566727237539453
178,-0.1288885111161049
179,-9.16763062685834
180,-54.58287690585712
181,-25.897998708420346
182,-5.226362027845084
183,-29.345580124565842
184,-47.877357624150136
185,-5.338315516578405
186,-35.8854057632002
187,-5.41372865432254
188,-3.5343782084857054
189,-0.9289146531173174
190,-19.25992336734815
191,-2.202495365825598
192,-10.605299220581962
193,-2.200085954282031
194,-13.481263330908178
195,-31.71907136226408
196,-1.2782006301948456
197,-34.93055596330328
198,-15.92926566694814
199,-0.10995537973599312
200,-4.80593959115015
201,-0.3460253207454116
202,-10.130673707827896
203,-27.876275103755653
204,-24.271946460665674
205,-21.774247251539236
206,-22.32035353685933
207,-17.60734087324954
208,-0.2892826906791015
209,-65.98758882869333
210,-0.5344714020384345
211,-17.073534938206972
212,-97.46282541353139
213,-7.69012071511213
214,-5.496334767307985
215,-66.31817719925675
216,-0.23809759842219336
217,-19.612467195701925
218,-65.75181462227079
219,-0.00823417628076345
220,-14.379737489977515
221,-4.460293464883968
222,-30.979746491790138
223,-22.904179231659327
224,-0.32620725977213283
225,-46.22872096046194
226,-5.30958124215249
227,-47.37139722057691
228,-0.3226784116404815
229,-44.04914808969153
230,-0.1313191708723025
231,-11.63337251063058
232,-39.438813263292744
233,-40.61500546016032
234,-3.405070731617627
235,-5.451312275737337
236,-53.869419706111884
237,-5.670898609883125
238,-3.038764159460584
239,-50.071177419115315
240,-22.298860912322027
241,-7.205673873941123
242,-7.320194988169533
243,-2.2281498089905654
244,-4.451243275107117
245,-53.901708835452155
246,-3.31093774872204
247,-5.786263328937352
248,-46.674929917520785
249,-18.36511879976024
250,-37.39120906601147
251,-31.957400632580914
252,-56.43483116450568
253,-8.04679715615407
254,-58.35196555232591
255,-36.911620338202056
256,-2.443559647598974
257,-1.1041894626505382
258,-16.61721078054461
259,-2.853110210468003
260,-1.5691092973872856
261,-0.07095328978152793
262,-11.739290347196118
263,-4.433947765847293
264,-2.9723289566133815
265,-44.21087123022306
266,-59.61639060206653
267,-17.930957393722565
268,-0.22313475073575262
269,-2.8488194312285486
270,-63.32928028385044
271,-1.3990258099558446
272,-37.396667089895345
273,-3.8625490305566927
274,-0.9810051108288462
275,-10.88922729893784
276,-0.20213447929560857
277,-23.136940199765377
278,-79.66348038926134
279,-18.966632731433492
280,-61.59168687603915
281,-0.7861948960926384
282,-2.6407997027204413
283,-50.55078519109401
284,-16.374920932420082
285,-1.2656322219736467
286,-3.6480797460070837
287,-34.03861919726387
288,-6.8992193990561645
289,-0.0033766384618161283
290,-0.12182997282206998
291,-5.448088514876417
292,-6.25537056541566
293,-0.6114494788125739
294,-12.727539819455046
295,-0.027848245229506574
296,-41.105268016210175
297,-1.3613134156628348
298,-27.39719087444024
299,-0.12210140346269327
300,-42.642723336242845
301,-21.130848019979
302,-0.5832793053423302
303,-2.953138946675608
304,-0.04424760394249461
305,-56.70943925654137
306,-3.947015698331022
307,-32.80410002781409
308,-111.38158644980285
309,-51.25575663635618
310,-19.76684490048143
311,-0.2721045334814107
312,-23.742839735140706
313,-0.47733715643553865
314,-1.0986639448068445
315,-0.10288378072623772
316,-11.587349002904375
317,-52.26531038146686
318,-0.48001923498316046
319,-1.0066585288955139
320,-19.234127168808527
321,-2.35663304074842
322,-19.83458761015288
323,-29.9670269058621
324,-6.328401543044514
325,-61.266264042695184
326,-25.79290059337518
327,-32.33675510188621
328,-14.173071785309048
329,-75.07200434035576
330,-50.231247891205186
331,-74.69368350715558
332,-18.288481036304574
333,-4.349792492369147
334,-19.417135965098268
335,-36.9253853921041
336,-11.791085511584216
337,-5.166056808628127
338,-20.79501214824412
339,-12.230215165573554
340,-3.7107864998833975
341,-8.212190717984186
342,-0.522658571046577
343,-35.472123201463546
344,-11.690680582716595
345,-0.8076209131365886
346,-8.354166215606028
347,-30.924419832607896
348,-22.329555318923667
349,-25.296266606884274
350,-3.2782778407233764
351,-103.27387253427878
352,-32.201611065950374
353,-9.918737105435866
354,-68.33583332024864
355,-56.02405526430448
356,-31.827699607878458
357,-75.08302453462238
358,-127.69336417247541
359,-3.50000533963248
360,-0.6631101495304392
361,-78.83503744258394
362,-0.36690878313675057
363,-0.9357457192400034
364,-34.1797360296714
365,-62.35142625026492
366,-24.589108267141675
367,-7.600620119794257
368,-13.387937454001985
369,-18.224075182527656
370,-1.9115175732518566
371,-84.22807461609625
372,-0.17378868395280733
373,-5.87406833831119
374,-43.06712755596163
375,-48.20579523149172
376,-3.365956523353816
377,-3.763257178175536
378,-44.06363647224248
379,-14.110653141098737
380,-16.789160546124833
381,-0.3504814626813584
382,-4.160136994166351
383,-3.929992604078791
384,-5.299955006982373
385,-38.20340193131415
386,-5.989817409281386
387,-63.23228614762775
388,-15.115255579582481
389,-0.010585749606065065
390,-53.6892715613523
391,-1.6056548149813068
392,-0.010555985639939536
393,-19.151183371636762
394,-25.093535439829942
395,-11.318787855790106
396,-20.468372279217874
397,-28.11104885077293
398,-1.195059928032606
399,-11.143255865871652
400,-65.43146178687559
401,-1.951932231146202
402,-18.943270542084065
403,-33.60243837221651
404,-11.687018137700761
405,-6.720417258150064
406,-22.105349062996538
407,-56.9547732308929
408,-61.82179622784952
409,-3.6786787677624346
410,-51.99827617867463
411,-53.87815842502914
412,-7.298646895952393
413,-0.006126490977067078
414,-0.10651326075821999
415,-19.231467665766615
416,-6.535954024751845
417,-0.5573861149028225
418,-41.55320793427188
419,-43.15817087449258
420,-21.534275608636563
421,-31.293089923092793
422,-25.92958590520584
423,-65.90033524265164
424,-16.834186223964593
425,-11.293014430092995
426,-27.26060424857502
427,-22.30821453257713
428,-45.61110323786852
429,-3.4951327576563926
430,-3.108102249846297
431,-46.78575815925433
432,-25.62971461784568
433,-22.143195687887783
434,-33.82322608998868
435,-43.22871615343087
436,-71.49777134532627
437,-52.88638058419008
438,-45.56746602523219
439,-6.67050485391681
440,-46.355655861355444
441,-22.812959371692912
442,-22.172946670103556
443,-9.600378696311566
444,-4.783325401630691
445,-19.72224552018386
446,-34.495434980599384
447,-2.294828576095483
448,-18.449649719621178
449,-12.316446947792429
450,-66.3735574749744
451,-4.271459151877934
452,-11.580910533486588
453,-24.90458056839998
454,-26.48990533934375
455,-0.01598027394214796
456,-0.7023787408688804
457,-2.3785802624031476
458,-19.022137312508562
459,-22.892283260556667
460,-0.80745069805414
461,-18.171012389799216
462,-25.35304777449346
463,-1.1788750226187403
464,-39.248257221535596
465,-17.174303592742945
466,-10.982085888670554
467,-12.193072279410575
468,-28.055083696481233
469,-13.686560978056946
470,-67.64484106991222
471,-21.024071755706732
472,-57.38752138335485
473,-0.7751672989058989
474,-0.1931847165178624
475,-5.502289605070473
476,-21.060599422693485
477,-67.71556126692371
478,-79.4449959580561
479,-43.29897195299645
480,-30.116803855982425
481,-0.803935652198561
482,-2.4674241227793345
483,-2.5731794696803263
484,-10.63265167934847
485,-18.439450425832092
486,-22.59122491353628
487,-1.283301566860473
488,-18.028399277014614
489,-0.02149927493618975
490,-9.794195071697231
491,-33.066882537455854
492,-26.794770872293157
493,-0.26791333202345413
494,-55.52904351597368
495,-44.31313780262266
496,-40.325917071813905
497,-67.94215113497921
498,-5.479741950186508
499,-42.10284792436665
500,-2.729321689508822
501,-9.34759064051832
502,-50.05278375220769
503,-2.125084614321622
504,-0.6273927411148179
505,-26.13209052709135
506,-0.008564034151049782
507,-16.502215323792825
508,-16.217296337041386
509,-25.385482149680463
510,-20.231705923162025
511,-9.406696876268597
512,-0.46028770352995707
513,-43.620083024965425
514,-12.46423868570298
515,-40.727764978113555
516,-12.881285577846668
517,-29.97772712772766
518,-70.29598999939117
519,-6.3830807726917556
520,-9.85034081500686
521,-2.171691256743536
522,-10.179113324537866
523,-35.029679378916626
524,-4.503224534557376
525,-28.55978294655597
526,-7.509888324923875
527,-28.563164887460992
528,-17.833400813176397
529,-0.13182124551894958
530,-64.52949995649351
531,-9.610704080705545
532,-28.333930974895566
533,-44.728497636760494
534,-21.531638880212384
535,-20.79972648938383
536,-43.954687636811286
537,-24.99486607610197
538,-12.797597427033224
539,-47.450335773337656
540,-4.181180375161603
541,-3.007344323251459
542,-70.40638546696107
543,-0.3054658725659465
544,-24.54901401450934
545,-81.97620735425153
546,-21.4366430309492
547,-1.395185216196296
548,-48.2692961997443
549,-77.21360776796644
550,-34.20858713792495
551,-0.006245270431065819
552,-48.950604530135024
553,-15.646819382977128
554,-6.228297245083581
555,-14.179449516034147
556,-0.7482004447844162
557,-0.1231957780051971
558,-10.509039332624525
559,-0.5004809312913494
560,-8.52206854909059
561,-30.858976117550583
562,-30.191970702981532
563,-39.74907663596283
564,-32.200207131056686
565,-67.11709144675262
566,-45.1275966703287
567,-19.91325855262403
568,-6.21453385306485
569,-1.4238051262109366
570,-0.866871709185034
571,-19.719115905236322
572,-0.15319974074103015
573,-10.730567539191838
574,-31.17147315650095
575,-33.28490296524335
576,-10.000129447464133
577,-52.66422579414194
578,-20.6337481962065
579,-10.033462081891457
580,-6.944282483480492
581,-16.097875738179823
582,-8.524458595564795
583,-14.49425374616823
584,-13.990825992713155
585,-4.031279490685733
586,-26.163746436319713
587,-77.96881626550817
588,-6.93897149507381
589,-33.915392334602245
590,-32.719190604329924
591,-50.50371318675022
592,-16.354661711466658
593,-0.1428003675528089
594,-35.72560783356184
595,-4.839885528933337
596,-48.685363268426556
597,-11.069828504598263
598,-0.03731314221778348
599,-0.03283395092626051
600,-73.963508151528
601,-47.26101061186972
602,-13.683915011122224
603,-0.46852127844955493
604,-0.41216668001436574
605,-0.8168597647434126
606,-3.1531948883791117
607,-20.429931127608143
608,-53.92312089247122
609,-16.950169341062804
610,-24.322148773733755
611,-39.97690540736346
612,-0.150233958647636
613,-11.48111606995883
614,-33.88048850475815
615,-98.05708145826065
616,-98.47318123761943
617,-26.20254458121105
618,-1.1375207735566732
619,-9.8906185907681
620,-4.036647025543175
621,-3.0469207120610022
622,-23.19905115121537
623,-37.72826747684408
624,-9.649592959816403
625,-37.00978060392754
626,-21.165414421429887
627,-30.048977595577753
628,-2.7598562746427433
629,-4.723800345523394
630,-7.104591204744793
631,-58.72244143908054
632,-1.5798872556006245
633,-34.71523178436291
634,-0.44784688699655817
635,-45.67374540201854
636,-2.7329738264875374
637,-1.6671438457615295
638,-7.249358397839387
639,-14.474009518617095
640,-55.61925305794091
641,-0.027266380768651288
642,-70.06786639383222
643,-16.239696743166576
644,-14.411155013126063
645,-66.84194638354052
646,-2.092338469985407
647,-26.353197649266804
648,-40.4242275993372
649,-4.875516353889452
650,-23.518651143094758
651,-1.6209230002862967
652,-39.88254056375242
653,-0.3879087381905322
654,-11.214226058318673
655,-0.1588658387759665
656,-38.72394334064025
657,-0.40815888482835305
658,-5.746302034717473
659,-13.575687688943995
660,-51.615024923760444
661,-42.88646477852785
662,-0.7578164063762358
663,-0.016977020436947043
664,-0.126062136436758
665,-64.7524569574307
666,-0.01669123701344688
667,-32.423771702193505
668,-6.540511686071113
669,-11.530034342483756
670,-0.56442260278709
671,-23.2535111309449
672,-11.72074753565039
673,-42.685594668088015
674,-13.478696613066177
675,-5.81324708304146
676,-1.9266692122046152
677,-47.82790179178119
678,-4.306054406822852
679,-50.11762729187194
680,-34.21304230284659
681,-11.509944127312338
682,-66.59867758309565
683,-1.6007187790764874
684,-0.17148290244222153
685,-15.091041244467306
686,-66.88147848184235
687,-1.0318995648221971
688,-4.989957384234003
689,-48.11219981953036
690,-1.336134445644916
691,-67.80641392261532
692,-26.047573237894994
693,-34.47409349713257
694,-33.52938931382005
695,-99.68202214683697
696,-1.528984663608128
697,-33.558611736125954
698,-41.54080594099379
699,-0.7833567786523741
700,-0.5455624827772851
701,-3.101770027302728
702,-24.248842847129254
703,-1.4463997379945113
704,-30.25589750827021
705,-4.541477910388494
706,-23.80255419959576
707,-5.675881541846422
708,-26.28958399570547
709,-20.403273011878355
710,-0.16471746561001055
711,-13.166402661754578
712,-16.025571935650078
713,-38.1818089313324
714,-31.919579276556703
715,-36.17612405410068
716,-43.41531566532012
717,-11.987631573069848
718,-1.234041381523582
719,-4.042780345895153
720,-12.699539399108744
721,-6.028504608362709
722,-3.8949455269928634
723,-0.15729858035732036
724,-0.26854245720278414
725,-7.625885228153464
726,-4.456128302972502
727,-52.80737283563843
728,-34.413182825957676
729,-1.8398021651009913
730,-7.333932961117853
731,-33.689374581163065
732,-19.386818063712727
733,-14.43994926547748
734,-32.31310160223438
735,-5.0978750481790485
736,-1.9639924365237675
737,-9.012578018599015
738,-33.79694128659344
739,-12.813535092862423
740,-0.24194547053048154
741,-0.01124980214760285
742,-31.379198799405913
743,-14.352370356404137
744,-11.96021414291863
745,-78.28257724971263
746,-8.47429934102712
747,-65.79378292298838
748,-56.420684379926115
749,-2.242979382600879
750,-0.6373166996051651
751,-1.7981039974310988
752,-38.445697092772434
753,-8.599801665750476
754,-11.545036185087497
755,-44.19307687064702
756,-23.271366882032453
757,-12.678001729835614
758,-0.00665206012588726
759,-0.11379525252095846
760,-8.514013797151446
761,-5.084775522316477
762,-62.36008196524199
763,-0.7251084948629227
764,-36.79237225629913
765,-8.441558470652382
766,-4.625888976076467
767,-35.234777111167205
768,-16.2450463608443
769,-0.2889607796498712
770,-0.6974252334730409
771,-39.60029110353753
772,-15.547488999338384
773,-47.624053661857964
774,-6.059393954435109
775,-62.2220754013602
776,-10.681042508786959
777,-1.2532652485460858
778,-15.181450401712937
779,-16.370872469185457
780,-13.847232511773399
781,-26.847294900002453
782,-3.789016107372163
783,-25.384121183829166
784,-67.29551606228779
785,-3.8268879935083078
786,-73.41600122132877
787,-19.294971626269074
788,-1.0611713681939676
789,-25.023758865690525
790,-38.9029831650206
791,-20.8225145012766
792,-32.261123626063636
793,-23.173692398678668
794,-9.671145496593951
795,-18.11675059620515
796,-10.138280797538755
797,-0.4458080788135703
798,-58.812471760109474
799,-26.389229094183477
800,-0.13141148362922195
801,-26.578542033907382
802,-55.10096151502512
803,-37.09687659865449
804,-0.9136043666487854
805,-1.0303265627057598
806,-38.07643267291451
807,-4.728464782327421
808,-65.70672018937319
809,-10.506371040653903
810,-7.6834941651077315
811,-47.73904287504419
812,-16.863371327856953
813,-5.33786475926172
814,-17.60531206329803
815,-0.04622340985490325
816,-0.3304017307818867
817,-11.893270054996833
818,-40.514070139549915
819,-28.998943858807934
820,-86.76635427443125
821,-0.09839863231903223
822,-23.3808738619025
823,-26.701143943466292
824,-26.18177469047934
825,-54.57993445623657
826,-11.516600905498308
827,-21.322958838275554
828,-0.34560459006752353
829,-8.534537596235168
830,-33.37291252525756
831,-8.648456648370484
832,-3.4010958951548673
833,-7.294752621800626
834,-0.1835371131546708
835,-7.253898574334016
836,-0.22454550853876754
837,-56.1869943611091
838,-9.746601014211706
839,-3.0119945614715107
840,-9.448896224838109
841,-47.378714015018886
842,-8.539339423952242
843,-40.31451747793835
844,-4.256885213282658
845,-18.835660561493263
846,-16.02410877908119
847,-18.481594150707025
848,-0.1482373324438413
849,-0.4800828053800501
850,-17.172666121108193
851,-0.047316848198214245
852,-10.623510460034367
853,-37.505088175285806
854,-7.605558226655603
855,-0.9167317373576225
856,-1.0200745906163604
857,-0.3487236901007691
858,-33.272735316159014
859,-2.521710043216217
860,-12.583658897281566
861,-53.526386451670504
862,-34.019555612546355
863,-0.44822472138361036
864,-0.6510041608868704
865,-21.984654052917904
866,-25.120473705444965
867,-4.530206488795557
868,-41.13853195720003
869,-34.813918587738954
870,-4.65580181784253
871,-24.814948794685392
872,-8.7634445745407
873,-11.805135373041594
874,-0.0008027420769597393
875,-58.47933738656093
876,-1.2195984896584378
877,-1.9880030589447415
878,-4.1161602658658865
879,-0.1802771672275867
880,-10.18312988404523
881,-34.47654953748679
882,-6.668363017557567
883,-3.2572535117267307
884,-24.099480080140935
885,-14.373384037054166
886,-2.751852923131082
887,-36.9221830074182
888,-27.295736901266622
889,-25.190805865335278
890,-1.531424567823251
891,-33.904505389218684
892,-0.17042679927544668
893,-53.45065193058008
894,-19.483554182261287
895,-2.9098015264407806
896,-0.23710711150033603
897,-23.287918398845136
898,-0.5696873802571645
899,-20.678842770430492
900,-46.98950259992125
901,-17.9294271330873
902,-25.06225254281162
903,-0.16363006538475489
904,-37.062670597406395
905,-54.699359633130825
906,-1.449062203959329
907,-38.0232463561988
908,-0.5118046922911788
909,-2.209347060464779
910,-0.23142323479237348
911,-0.4811707246626611
912,-5.5489888476922715
913,-2.69448000213373
914,-16.97241460512396
915,-53.30046236997441
916,-11.15913140180055
917,-1.4228229292511685
918,-43.67157572722198
919,-20.22695227678554
920,-33.93521493875042
921,-75.90989724165411
922,-39.40953390025254
923,-32.24916380543995
924,-53.76800839678347
925,-9.320638091831142
926,-17.99495835826383
927,-10.598140437957227
928,-35.731769335016
929,-5.845723589813133
930,-87.49048600833794
931,-30.51949787030958
932,-13.521684631246899
933,-17.837148278594384
934,-18.210221857865122
935,-31.634446335624652
936,-24.353661894532706
937,-13.970795524884458
938,-10.836391189159286
939,-21.014413917351703
940,-0.8273628883052879
941,-0.4902360082519408
942,-30.70479019225604
943,-62.84819259695587
944,-12.665126879615855
945,-2.091052319769915
946,-0.17942921265012046
947,-4.699962029196172
948,-58.49339309291102
949,-9.100347893450817
950,-0.03038020317956125
951,-0.4664427029354101
952,-0.05688623375772295
953,-64.09005160948436
954,-12.452237857960199
955,-1.431966942241658
956,-11.772960769747861
957,-33.48442997122311
958,-4.291125136774781
959,-25.44622706614058
960,-66.98248784693297
961,-38.62247838681302
962,-10.779202269316556
963,-0.3787787634603168
964,-13.489601253366018
965,-3.7058839174474087
966,-48.16147456600811
967,-0.043019156670197845
968,-0.10890464294789126
969,-35.84531282564262
970,-10.702815021949586
971,-90.78995707233844
972,-33.2238498897932
973,-48.143369287741706
974,-0.10009418438755802
975,-19.99289116317277
976,-0.4225894121609599
977,-0.014413707607339177
978,-11.52007765919069
979,-21.34320041183537
980,-42.259374782551276
981,-19.36468571044884
982,-30.607679484677647
983,-5.416449134972936
984,-11.828689002689146
985,-2.4337916676444813
986,-26.45500473434501
987,-16.552431676573065
988,-16.252803012706863
989,-54.873898601334076
990,-8.98093896796263
991,-65.22463404387236
992,-4.704924312885851
993,-9.54269591755525
994,-18.692088186732917
995,-13.68626998228956
996,-1.5950552151261945
997,-22.499138997398887
998,-11.623771581405101
999,-69.93083270156058
1000,-2.4258562230346
1001,-86.54781211183268
1002,-34.151361372364136
1003,-0.15073995218335767
1004,-0.18980744096188573
1005,-9.969144554896047
1006,-1.836324878531741
1007,-19.2900120402428
1008,-80.5965726398772
1009,-76.62305767604539
1010,-35.98955140896487
1011,-27.992182654270437
1012,-9.640273859913577
1013,-54.429073505030175
1014,-3.912414386668843
1015,-26.784458221264686
1016,-4.026630637330527
1017,-0.9644921239450923
1018,-45.57877625067171
1019,-5.431724489887529
1020,-2.394622921517339
1021,-3.203121774644387
1022,-24.993377805335513
1023,-15.964405681512941
1024,-21.051675507218533
1025,-35.04722451603129
1026,-1.3038947687434757
1027,-0.15128400651610718
1028,-21.127175900043554
1029,-4.909446299163392
1030,-25.663082789700127
1031,-30.864911103526993
1032,-20.273587256504925
1033,-44.51016642001173
1034,-39.201615461406504
1035,-13.695455957577337
1036,-1.4268456402687661
1037,-18.246391625462834
1038,-14.760223204448266
1039,-9.018320787978155
1040,-0.6373170797305505
1041,-24.251965129104182
1042,-13.088951751808054
1043,-64.18608884907735
1044,-17.574630558399804
1045,-25.263019499541542
1046,-3.989206838712107
1047,-29.395554999959586
1048,-0.17647965352443862
1049,-42.64207972457916
1050,-6.756082188303736
1051,-1.7931535193201853
1052,-52.943636020456324
1053,-55.28508653629979
1054,-8.264889096743502
1055,-0.3250559942378004
1056,-3.243546820080155
1057,-8.381189231626223
1058,-0.061942751779838545
1059,-9.534584433928018
1060,-13.014798608944545
1061,-61.30939842826865
1062,-0.7060789881920755
1063,-15.842142928996054
1064,-1.4701838344772113
1065,-55.001653853658354
1066,-40.53713597180467
1067,-33.55479795541714
1068,-45.757938744922285
1069,-0.2925202024598548
1070,-71.94663038807539
1071,-18.41220970696304
1072,-16.664481893878133
1073,-42.63788388746616
1074,-16.45925949674256
1075,-4.610554174581182
1076,-1.023455565978793
1077,-10.6217032880581
1078,-54.54662486271968
1079,-14.473405116278656
1080,-37.92442201077574
1081,-0.027870164568231104
1082,-9.280974518803049
1083,-0.9635620839855594
1084,-3.0095136623267535
1085,-4.549143807962537
1086,-33.25102882640431
1087,-0.4931291067246093
1088,-29.27434341532171
1089,-21.467240860213224
1090,-15.88538628211245
1091,-10.191076991356752
1092,-36.511671131630465
1093,-6.090231701298762
1094,-16.35159488925251
1095,-22.07946185860237
1096,-19.510738156460107
1097,-2.377346875398189
1098,-25.661773312569153
1099,-55.261090902196884
1100,-19.49879215611145
1101,-1.054401712026447
1102,-14.101372176455968
1103,-49.37882184726186
1104,-0.18461111165379407
1105,-7.366741315527179
1106,-58.429280662965525
1107,-23.455496092621495
1108,-1.507716345443896
1109,-22.088988636343856
1110,-25.664169185600258
1111,-4.781538976081265
1112,-2.0390576419312083
1113,-0.8628143531523165
1114,-13.435394422319106
1115,-15.644918068446714
1116,-28.096363836450962
1117,-12.334332304543295
1118,-0.1638140261732275
1119,-11.304036049504141
1120,-4.48834670088911
1121,-0.788866398735081
1122,-12.464607242472113
1123,-1.149084255557952
1124,-28.230887201371864
1125,-95.34588631551924
1126,-21.18287667725417
1127,-1.8877905654695084
1128,-28.842226888911448
1129,-0.3228968402288346
1130,-12.077948207819645
1131,-7.386723031357178
1132,-29.174055432056775
1133,-37.35009583577266
1134,-0.01842008047674426
1135,-64.46976220445322
1136,-0.39519224366949857
1137,-8.833457931352314
1138,-0.19443602696625817
1139,-4.583897704287665
1140,-0.30385763738058813
1141,-15.13569414867311
1142,-71.5909107860789
1143,-10.86308679551803
1144,-56.703465716782375
1145,-20.123820518270804
1146,-23.993893355016553
1147,-22.954753066178
1148,-13.304097093743621
1149,-0.13899268236971807
1150,-31.269224875739354
1151,-4.369192160332531
1152,-16.820003680063564
1153,-1.1727773994281279
1154,-30.743497079981353
1155,-23.924070684650815
1156,-3.589932852918025
1157,-40.733924866333766
1158,-8.98451943483451
1159,-0.058306490331915484
1160,-0.379372826859143
1161,-0.08681199334656498
1162,-16.846856564438895
1163,-33.78462541135559
1164,-1.2988975062673944
1165,-6.486366814267047
1166,-38.55305986176245
1167,-16.653864101614545
1168,-16.24110425188087
1169,-0.32403302884813456
1170,-68.565336846852
1171,-1.396506518491833
1172,-85.06877946147506
1173,-4.457678668497465
1174,-36.58642138183232
1175,-3.731632348406862
1176,-4.818292490927945
1177,-27.751047756020938
1178,-37.08122861996526
1179,-1.0695757253583906
1180,-32.26296687277227
1181,-21.906559028816787
1182,-6.958180559750417
1183,-26.443051134710515
1184,-14.451071135806941
1185,-36.52785604831297
1186,-28.582289059683262
1187,-21.20814415167115
1188,-27.861854114657035
1189,-16.115827197760595
1190,-0.3842727144547098
1191,-8.125144993363847
1192,-26.077585004168213
1193,-12.164422119976734
1194,-39.18169088614741
1195,-0.023600473466103722
1196,-46.72317477581032
1197,-0.4378813459130697
1198,-27.41919314064512
1199,-0.7181330081855322
1200,-16.23949741893739
1201,-0.020410550297128793
1202,-12.522480071321525
1203,-3.3325860751137952
1204,-31.158547333878232
1205,-36.289503471652324
1206,-21.49045673807632
1207,-29.220524402171577
1208,-80.32068669443355
1209,-6.0570713227639175
1210,-0.991489217041817
1211,-8.022883012080456
1212,-92.45446797095428
1213,-9.53793514467543
1214,-18.638697220818813
1215,-27.70268392109771
1216,-0.04235770574169351
1217,-0.5423510200578221
1218,-55.44323541357194
1219,-16.04477403129067
1220,-10.836080351960845
1221,-25.050146325056858
1222,-47.96442915564148
1223,-16.762165561633765
1224,-116.40095905272756
1225,-10.886513669307305
1226,-0.45769457930913404
1227,-0.46869482872766355
1228,-10.018203355153588
1229,-0.297765473878826
1230,-8.582546493898917
1231,-93.5416992289538
1232,-5.758480776051329
1233,-6.2961323047924225
1234,-33.916959104390116
1235,-18.561925591986437
1236,-6.267270733236728
1237,-6.879432219505137
1238,-4.361077397722511
1239,-46.9795829048353
1240,-34.47664091723506
1241,-40.20154440811581
1242,-0.41085566353285685
1243,-27.862939828157096
1244,-31.357026127167046
1245,-34.03092285072765
1246,-45.1873589462607
1247,-55.96846556500532
1248,-29.352214575535996
1249,-36.46696279459866
1250,-20.076723214946398
1251,-0.02369837905348504
1252,-58.85472208156938
1253,-47.68771115205709
1254,-50.525875481594994
1255,-2.2964174959597585
1256,-42.78021870315138
1257,-10.42209115440346
1258,-25.417719579890104
1259,-40.13145995348168
1260,-30.910606308607385
1261,-1.1403171846030773
1262,-0.1295512525023952
1263,-20.137670040072408
1264,-9.616621209512004
1265,-21.495565563585956
1266,-57.64645753346849
1267,-12.704849060169408
1268,-0.0023425006544641747
1269,-72.7334938883555
1270,-2.8069706858877908
1271,-5.836185077792209
1272,-25.16959669937569
1273,-0.5010576513407159
1274,-47.33214680977221
1275,-2.533436212170159
1276,-7.6652041796800745
1277,-6.979279175848582
1278,-41.13657649503875
1279,-0.08217810186306451
1280,-4.933485369930846
1281,-0.7072179237877663
1282,-13.496278904323844
1283,-18.022208890015463
1284,-2.3835492690423052
1285,-1.7491346013174507
1286,-3.389180627475099
1287,-1.4322896911180578
1288,-1.0243552291392461
1289,-25.10469065838697
1290,-15.603437565171362
1291,-13.29154459702113
1292,-6.599027201345507
1293,-30.164978416999702
1294,-17.305163237263173
1295,-4.45614804708066
1296,-44.69880215115222
1297,-2.8150127167682513
1298,-0.9963054054405802
1299,-73.7849690135256
1300,-3.388580755883595
1301,-0.027873643217549926
1302,-6.8535843231602485
1303,-13.29485533169526
1304,-29.22130736345298
1305,-20.675945417533512
1306,-32.84243504756041
1307,-8.719349923531809
1308,-39.339462042393336
1309,-9.762785274902114
1310,-7.985298971429984
1311,-11.633963303953351
1312,-42.934385490603745
1313,-0.49100005675154534
1314,-9.8564238728286
1315,-15.086557996499323
1316,-45.87567036227901
1317,-7.3242708398611285
1318,-0.12438779314470594
1319,-13.497350746632037
1320,-35.448472770572664
1321,-22.14592785791683
1322,-0.14596846304465316
1323,-12.414456027017877
1324,-41.33714713421068
1325,-54.601718033563884
1326,-16.041824358486338
1327,-53.129481555000396
1328,-40.2358052127056
1329,-13.363290473760571
1330,-0.8905389409778195
1331,-72.76059564569698
1332,-65.60357271932975
1333,-5.795617435618624
1334,-15.878418350477432
1335,-21.00434095403037
1336,-47.233119979328436
1337,-0.0807611284989207
1338,-6.550204761122913
1339,-0.523303621741896
1340,-64.71615576048134
1341,-9.097935493784462
1342,-36.76191305096168
1343,-3.801192471030845
1344,-4.124517823267524
1345,-44.678059941486026
1346,-13.091289530115318
1347,-4.148548218217684
1348,-68.87298042855582
1349,-6.06317475219339
1350,-50.08869767231954
1351,-36.76168268188121
1352,-94.24587517454347
1353,-52.80712950850284
1354,-0.05620611949331433
1355,-26.024646580203353
1356,-0.17871195111999327
1357,-16.35989017439715
1358,-4.313652056705268
1359,-72.40390246261427
1360,-5.398002265628236
1361,-37.889619315683376
1362,-51.85406794304345
1363,-8.091288967474611
1364,-43.76801674588114
1365,-51.305162392091006
1366,-1.2383780762110064
1367,-8.781849812352846
1368,-70.60940768412547
1369,-0.6643960081114528
1370,-38.921513639485056
1371,-0.2367747827374842
1372,-46.259294246166974
1373,-0.01464822193929649
1374,-6.669508635571134
1375,-4.709630676709281
1376,-43.068337430228894
1377,-48.07421730779606
1378,-4.619349064072594
1379,-42.37676534972144
1380,-29.764480643459137
1381,-9.713794326922446
1382,-3.2062800862186123
1383,-23.638513247548815
1384,-16.728655826318573
1385,-13.301370888245968
1386,-12.047219679822774
1387,-3.491202513171629
1388,-3.5903492793456593
1389,-0.10550705416478934
1390,-68.38565206714998
1391,-39.21335648440618
1392,-19.189603925394294
1393,-35.90036241975931
1394,-7.671047070412897
1395,-6.2431864264463
1396,-22.253331988557836
1397,-0.031635450610536964
1398,-56.02501146008592
1399,-4.726572527165644
1400,-19.3768703700528
1401,-47.94961645522312
1402,-0.01215851631593523
1403,-25.313651062482904
1404,-0.852287332258129
1405,-16.76387186073262
1406,-2.5245913840116287
1407,-14.869462679087754
1408,-26.646235391543662
1409,-11.624269826875206
1410,-33.60157186720244
1411,-0.2531123362757626
1412,-1.3967625280711218
1413,-0.006965435499296291
1414,-1.3158027165968065
1415,-1.0920132213221336
1416,-4.76385789217998
1417,-33.56575893241961
1418,-16.919772586413558
1419,-10.046471902659505
1420,-8.916856228169763
1421,-24.921800228025404
1422,-4.57499983417074
1423,-64.60955084087755
1424,-41.8316421626552
1425,-9.416771648736983
1426,-11.041191799595254
1427,-16.233103582861077
1428,-23.05124966513094
1429,-32.672102857575624
1430,-10.146858403779333
1431,-2.6721452878503804
1432,-1.5273458916540221
1433,-0.28336150786050496
1434,-33.9945151603315
1435,-0.9095748499407819
1436,-13.595928743608965
1437,-19.560029071491073
1438,-5.272361732055671
1439,-1.6294519023576868
1440,-0.4681197831432655
1441,-10.820963753938486
1442,-10.669035477356374
1443,-0.16650524251144816
1444,-23.809825620210177
1445,-1.930660398577146
1446,-16.981865570364562
1447,-0.5461231278804917
1448,-26.869337322153456
1449,-16.639903264112036
1450,-2.445961147397611
1451,-16.996805691896327
1452,-15.114664426010222
1453,-91.07159575844435
1454,-22.730839461182768
1455,-24.02624684148941
1456,-18.149556795946467
1457,-0.18719920364327436
1458,-11.800857852658737
1459,-0.8951588831914705
1460,-41.87575831196364
1461,-28.591128920439587
1462,-19.547068935429706
1463,-7.156206631689997
1464,-32.5699015903386
1465,-20.887752770205907
1466,-1.7555118158397818
1467,-28.673756178644908
1468,-32.85007318543876
1469,-9.311279763163895
1470,-53.57811430568882
1471,-15.45530995153581
1472,-1.6202306599680014
1473,-31.71868579913297
1474,-5.982687871609926
1475,-38.31731377974517
1476,-0.5052363372997206
1477,-0.005953748470297171
1478,-12.888289920938917
1479,-48.754428653446894
1480,-12.564308413891581
1481,-20.75341395201758
1482,-0.25360565495739706
1483,-9.23799719183262
1484,-11.945513545505229
1485,-48.49822015287191
1486,-4.722927834503935
1487,-0.7207861522934991
1488,-10.922456513459565
1489,-15.936025302144117
1490,-29.963486337690938
1491,-7.951730699993277
1492,-1.7481875329303875
1493,-11.240261648328442
1494,-18.133637924824598
1495,-35.4691140759719
1496,-0.014150934237932233
1497,-1.1561605498307017
1498,-27.649685697746463
1499,-6.98750104841838
1500,-1.7832440194465562
1501,-2.4680791099472117
1502,-144.6688020498259
1503,-1.6324318274582765
1504,-2.8694065165677785
1505,-2.005757063476267
1506,-12.91914765605543
1507,-20.57500595032422
1508,-5.122610938106391
1509,-4.097067221952813
1510,-15.658301385824501
1511,-0.922335988181942
1512,-1.9777434740109925
1513,-8.008506799831594
1514,-0.020049047730509528
1515,-6.7128903720577
1516,-6.023911182062129
1517,-9.728275771513928
1518,-31.04847511459957
1519,-12.7585356919285
1520,-0.7444975533227058
1521,-27.297103054680406
1522,-0.8763830227537284
1523,-8.423824622016127
1524,-68.51389031062592
1525,-7.57872142461875
1526,-14.58795893683066
1527,-7.121607820736244
1528,-1.3926518226771805
1529,-5.1970435880115105
1530,-1.925920212460669
1531,-6.342781122573342
1532,-1.964775100677798
1533,-86.46051528087901
1534,-9.707659910813163
1535,-2.249879095136299
1536,-28.498410590739283
1537,-13.919147578228149
1538,-12.784242118057136
1539,-15.450611097673672
1540,-7.610479580273648
1541,-33.3273324744996
1542,-16.500836660488858
1543,-11.248187726539186
1544,-0.022396097579417074
1545,-32.876388455408915
1546,-4.715650755269813
1547,-32.02041011177002
1548,-19.435471143131053
1549,-4.349601425939909
1550,-35.32666444395272
1551,-11.987402212631423
1552,-37.309140216134494
1553,-19.733780055328566
1554,-3.0092370296085846
1555,-7.217961777741493
1556,-0.20674657248309813
1557,-12.432543800634448
1558,-0.81632268822068
1559,-9.984253225195289
1560,-7.75397488896688
1561,-65.30181910404713
1562,-0.2932578776672017
1563,-21.980305628010683
1564,-14.48647995630381
1565,-0.39052754928042077
1566,-16.27700054538036
1567,-34.03442606369299
1568,-61.25007665514342
1569,-9.950359006703366
1570,-67.53443483830165
1571,-45.7965883818033
1572,-0.24279666289926993
1573,-9.915796389857974
1574,-22.215583619865356
1575,-9.054404078016546
1576,-0.17305572970872163
1577,-18.469470954411047
1578,-5.500115621485747
1579,-2.786241354908867
1580,-40.755374315664085
1581,-15.725817499421566
1582,-20.807879680332775
1583,-0.8792863076190827
1584,-17.120695415905566
1585,-55.6009527813294
1586,-3.074868327241184
1587,-5.28945837172796
1588,-20.331885446122214
1589,-4.1400413444222295
1590,-63.76327803462027
1591,-37.07196539348479
1592,-5.545455760140612
1593,-2.065728877804591
1594,-3.9022517354023876
1595,-3.230469100027449
1596,-4.241642144281286
1597,-11.36611153188565
1598,-82.67902802978824
1599,-26.988706275176128
1600,-52.98069179660911
1601,-8.994939259531723
1602,-24.166403011884086
1603,-5.134531412857694
1604,-0.06457960487071546
1605,-3.714431008096195
1606,-0.04153961048506005
1607,-53.87332195142824
1608,-0.0785153758827164
1609,-16.60125317010761
1610,-37.49426896605064
1611,-5.254819223311642
1612,-7.314877766077458
1613,-0.37162079320054886
1614,-22.624676977561933
1615,-1.660337863722816
1616,-35.75371849318128
1617,-15.749249890928695
1618,-3.3665412756381556
1619,-23.835946278253687
1620,-51.32789963962682
1621,-2.784741568684751
1622,-11.871138023941967
1623,-10.039722425255604
1624,-8.226009233934633
1625,-66.83949806306919
1626,-53.11840567991317
1627,-41.349589538656346
1628,-0.39893614718312165
1629,-81.47910719169886
1630,-12.799025108559817
1631,-23.642074214250897
1632,-8.894290201884552
1633,-0.1939861871433095
1634,-1.3516437688853102
1635,-38.80167734605766
1636,-4.62698690313664
1637,-4.735121983007957
1638,-8.647579001752604
1639,-24.405240609840348
1640,-9.363247979586633
1641,-24.9635226608585
1642,-8.197021577198143
1643,-10.130988811499265
1644,-8.742657385120765
1645,-1.43464415245919
1646,-39.5461911957791
1647,-0.15725452286772423
1648,-34.98703437884234
1649,-54.715654653808485
1650,-35.83519757994327
1651,-22.749223819817416
1652,-3.5490037765607667
1653,-15.150252989857108
1654,-19.764443127980485
1655,-10.23319784840593
1656,-0.04167325194936211
1657,-53.47897974856903
1658,-19.291518864165596
1659,-27.002407503484392
1660,-19.243023600050947
1661,-4.337634538473139
1662,-34.01556791866497
1663,-17.891892496903893
1664,-0.11349864290059486
1665,-6.580086653926401
1666,-28.24366943811401
1667,-4.789911350584589
1668,-0.012414336016419725
1669,-9.704590443982852
1670,-18.338977535977392
1671,-43.43657612029142
1672,-12.947999675498068
1673,-3.3358625610999297
1674,-2.1065368260742616
1675,-2.312650284236952
1676,-0.20516923965823253
1677,-29.59751517118866
1678,-7.016755040301759
1679,-28.103637297446507
1680,-27.205743925530726
1681,-7.351540820964146
1682,-45.35170529783227
1683,-103.2899138549401
1684,-2.513365645468184
1685,-50.813939985004254
1686,-36.24275974887007
1687,-36.58198634345217
1688,-28.890166556878068
1689,-0.7176654516842973
1690,-54.802796020208916
1691,-7.247613564739368
1692,-39.27202884053986
1693,-3.5564808233611984
1694,-19.274581857906014
1695,-63.3585452499409
1696,-2.3974275676591787
1697,-9.349312474509588
1698,-0.5798122238425094
1699,-93.17154110881938
1700,-8.000886142238315
1701,-0.015072130068693443
1702,-88.53964732552413
1703,-69.12883190165542
1704,-23.327704251087653
1705,-57.12429905713867
1706,-18.66734889327904
1707,-3.3937407069320216
1708,-13.272826650336356
1709,-40.09905912220711
1710,-109.34634883432113
1711,-7.162290079897502
1712,-20.937736161636224
1713,-14.537959128747332
1714,-1.049081422832387
1715,-57.0505758856998
1716,-7.559315019581845
1717,-48.2745951662381
1718,-3.175949199382746
1719,-89.23691965978651
1720,-9.591395941569886
1721,-14.92635195238529
1722,-45.33992094393261
1723,-38.497655779934234
1724,-38.866698870962864
1725,-25.106533929587044
1726,-5.210274499782827
1727,-85.4688369500218
1728,-50.958751816128824
1729,-15.391544348229218
1730,-26.139703492960052
1731,-95.23244986001282
1732,-17.98969300463898
1733,-42.270129056743826
1734,-17.85978700646774
1735,-6.160242056394054
1736,-5.810053760767914
1737,-9.963221641025143
1738,-0.8363150967306865
1739,-5.037525674763629
1740,-50.623266777819026
1741,-25.393373001274995
1742,-41.65760128713828
1743,-33.197309819368456
1744,-33.25887672187855
1745,-29.98477761891263
1746,-1.0761129845276045
1747,-40.19032024420903
1748,-26.17633669427596
1749,-48.4950310143322
1750,-44.05767619485106
1751,-52.465490034119284
1752,-43.386606698084506
1753,-0.3411436158914398
1754,-42.707061959663406
1755,-25.89402328822704
1756,-38.761911878264414
1757,-8.579891802927591
1758,-39.56294136069981
1759,-9.873993967037677
1760,-1.6943672026491186
1761,-8.906445184055883
1762,-33.76873441226776
1763,-0.8382671838298847
1764,-92.2458573058666
1765,-25.051483761896407
1766,-5.48739676679476
1767,-19.954337780743565
1768,-7.68651601226702
1769,-58.243284935102565
1770,-14.901513973803958
1771,-0.31251666208845563
1772,-4.457500147940209
1773,-3.3962186531371117
1774,-0.06791627703569247
1775,-3.062748848267802
1776,-47.80993002954677
1777,-10.820637957592595
1778,-40.49945855732403
1779,-25.87815787377599
1780,-15.286590593331766
1781,-15.383660164565299
1782,-23.701604063076957
1783,-41.105165656441386
1784,-2.0231440489151282
1785,-1.4604870517609925
1786,-21.995172215042714
1787,-51.028445607478716
1788,-28.360267122508958
1789,-9.398787286129007
1790,-5.527270151053926
1791,-19.70065854209315
1792,-1.3103918236333811
1793,-56.78572614570703
1794,-11.25835742813615
1795,-33.311231161995835
1796,-29.664535838269785
1797,-48.273941330880916
1798,-69.23458625511864
1799,-12.28236083704087
1800,-18.58430640656661
1801,-69.25888076527553
1802,-0.1958158869241995
1803,-1.6848949980143857
1804,-30.086826064423803
1805,-1.786724769789231
1806,-13.89891884932149
1807,-0.49549893789740196
1808,-7.875973584130406
1809,-70.9622416968923
1810,-4.616992725870205
1811,-18.686863352761748
1812,-0.1389461069886977
1813,-0.44794601097454034
1814,-30.51866915853725
1815,-1.5680743606062606
1816,-52.693045199006974
1817,-49.94596132925767
1818,-21.74838724226717
1819,-7.241380497536738
1820,-18.917138238105736
1821,-2.1606076824983234
1822,-0.8179197457711638
1823,-83.68085705162233
1824,-36.39288300225772
1825,-57.78953042619082
1826,-1.1462422847544502
1827,-10.066194751576404
1828,-36.01830001172573
1829,-13.742136759117479
1830,-0.4642528631346181
1831,-32.60703812399879
1832,-44.553515163149996
1833,-26.830856496355075
1834,-11.073138419809714
1835,-41.664632818756104
1836,-9.814361135930994
1837,-16.294240416467574
1838,-1.1467136194914929
1839,-18.352977627746895
1840,-22.09927679696648
1841,-18.605006824280963
1842,-12.613435753391968
1843,-106.11486174062338
1844,-6.53508829646853
1845,-27.126223499555238
1846,-7.477362014451501
1847,-9.922049205641315
1848,-21.68981641580092
1849,-65.79847909975797
1850,-36.76937447336013
1851,-6.905760551991989
1852,-40.34982517826461
1853,-25.640685006066633
1854,-2.7047034467495905
1855,-38.957429591972186
1856,-4.045927326763149
1857,-0.2855828453975846
1858,-13.296505426026783
1859,-19.60101425853054
1860,-14.124316217697924
1861,-34.253510449971884
1862,-65.83923979403335
1863,-11.238702269961095
1864,-32.650153785331185
1865,-24.065086054724816
1866,-1.1755555850450037
1867,-0.22757307964990403
1868,-20.94346047701174
1869,-36.15232131103403
1870,-33.12904221079725
1871,-0.010332280163453333
1872,-33.06891387925498
1873,-2.32616988512018
1874,-16.837090603114476
1875,-48.57257351206499
1876,-4.350180854039536
1877,-1.6605721668220212
1878,-43.0654445944223
1879,-18.4987791660389
1880,-50.80530144571094
1881,-64.89430481247837
1882,-5.058065911545981
1883,-8.365393668893375
1884,-9.751517534474416
1885,-4.353489669966621
1886,-4.686664333184808
1887,-7.406816691550745
1888,-3.2121847485959734
1889,-0.02672756085075889
1890,-13.448398359527346
1891,-17.822366879736364
1892,-11.739822818371067
1893,-19.452578794337743
1894,-2.070728881340983
1895,-33.52644432753368
1896,-19.210717338956925
1897,-34.14350355377792
1898,-1.3710622831204091
1899,-18.78114316193023
1900,-95.8716412512133
1901,-27.942878504762916
1902,-30.739474850677766
1903,-75.94621071798827
1904,-19.931476446388842
1905,-0.1379424671349625
1906,-45.32688865228556
1907,-37.64265552306455
1908,-37.967798413801574
1909,-4.13087894227192
1910,-68.31181931389938
1911,-0.19201499152131873
1912,-20.0636503189221
1913,-53.45533083963346
1914,-31.759794345402376
1915,-49.710835571394256
1916,-32.95830528578608
1917,-5.536988040035013
1918,-9.606908533786509
1919,-48.89941232792671
1920,-21.137774779490428
1921,-66.60542018225533
1922,-0.6359627693422425
1923,-2.10666662743715
1924,-3.645329771341494
1925,-12.00950435833288
1926,-34.19101679973005
1927,-23.398203261971503
1928,-1.0155685174395401
1929,-22.779187726662713
1930,-16.26057866313522
1931,-1.2470204962000935
1932,-12.247106866301579
1933,-11.309176700090902
1934,-0.3258496156604451
1935,-3.9347702711565944
1936,-24.131476459365786
1937,-25.7235451009335
1938,-14.837829349246022
1939,-39.28325821904497
1940,-0.1686061098760092
1941,-0.1124802442636792
1942,-4.304652632022453
1943,-26.195750418488387
1944,-31.420470290391222
1945,-21.134225627818523
1946,-0.1427842618613795
1947,-0.3940350327064266
1948,-69.6009154103632
1949,-19.315794909401575
1950,-37.6915424424445
1951,-10.643919870195191
1952,-22.571987245952187
1953,-0.025454456146007942
1954,-7.884860597868965
1955,-74.20842967743539
1956,-20.171148021456247
1957,-29.60249943977101
1958,-80.1365007062559
1959,-24.363322691609937
1960,-0.46897531097056344
1961,-21.474459030549042
1962,-18.576752818116802
1963,-0.2203476635595507
1964,-1.5920710768219237
1965,-31.88403153977015
1966,-35.43438480756595
1967,-25.811945469314878
1968,-8.0459616632225
1969,-49.51039362768938
1970,-6.618781845380909
1971,-33.347470978915226
1972,-0.1409040656090923
1973,-142.8417791336542
1974,-128.5049307514564
1975,-13.521092951366768
1976,-6.638002887189032
1977,-34.083209741525934
1978,-0.6513103092955248
1979,-26.34432348921473
1980,-51.647331419284455
1981,-0.10323913176034694
1982,-31.161200434085913
1983,-20.818550901889807
1984,-41.37937257670484
1985,-16.29904632837099
1986,-1.8881463138864092
1987,-7.225266443304008
1988,-12.087537245259227
1989,-0.7769240362813434
1990,-14.20910727053706
1991,-3.184540440857745
1992,-10.780710654812196
1993,-24.79909603259148
1994,-30.541350714805958
1995,-15.388559004685703
1996,-15.045390120427328
1997,-0.2960285649175489
1998,-18.808182092191494
1999,-4.661309059978521
