,value_per_image
0,0.21313599071438113
1,-0.3007333284409932
2,0.4450130647902687
3,-0.22725958984967093
4,0.1294895259306064
5,0.4887938297942011
6,0.49010050565628305
7,-0.12679608832333542
8,0.3474451507340797
9,-0.47018547022783336
10,-0.05883824623303425
11,0.02873753663676161
12,0.5109708720086046
13,0.31306576975102185
14,-0.8026301187288691
15,-0.2640748070655243
16,-0.4764241127595481
17,-0.14655752640036504
18,-0.03054034381011013
19,-0.14177648717012584
20,-0.4277559345605951
21,0.2185320333071067
22,0.46795003948579467
23,-0.6389664255142568
24,0.18717277632300378
25,0.5225171138460026
26,0.445279232110144
27,0.02792609166692766
28,0.5941046713457393
29,0.12209108847821022
30,-0.7527784740789351
31,-0.6120253996976006
32,-0.40264255552711425
33,0.8139408027617663
34,-0.5048819198286785
35,-0.4449103098452845
36,0.03461359637108335
37,-0.694125648322375
38,-0.20584757597369824
39,0.059618810177430946
40,0.12017531061675843
41,-0.3993559459687702
42,-0.23848916594965236
43,-0.1983114146710103
44,0.3737484276991982
45,-0.5583879958559728
46,-0.0481648924668476
47,-0.02559860211507482
48,-0.32460555979600014
49,-0.21889475018451424
50,0.48782902320872595
51,0.26939674683280374
52,0.5359907888992204
53,-0.4978083068917564
54,0.3040671898811194
55,-1.2850360307498185
56,0.16950796769573373
57,-0.524330952568944
58,0.31810777063991363
59,0.08152774100632874
60,-0.45123795541771394
61,0.18309515829402517
62,-0.03021407951758754
63,-0.6736925884289996
64,-0.5365382456486191
65,0.1523915448945799
66,0.15867465943274997
67,-0.010300943580989005
68,0.39627614653599164
69,0.11058576859454836
70,-0.09495210766522115
71,-0.5290893456645792
72,0.3103442800590579
73,0.7130208727998868
74,-0.39332091079576526
75,-0.29465427497004354
76,0.6531129456257141
77,0.5142144809147484
78,-0.35404538213187614
79,0.12300639869979196
80,0.4312736986549349
81,-0.023225355521052513
82,0.17230349471090903
83,0.4906045653757114
84,-0.07125933951944477
85,-0.7124571687013659
86,0.18028275494988483
87,-0.35439739322483627
88,0.1379861848971581
89,-0.13115886166607324
90,-0.5022290814984895
91,-0.14662276241394107
92,-0.6156849843348868
93,-0.49718359291575953
94,-0.10292512921301208
95,-0.6599352706785836
96,-0.23590570652134035
97,0.8966585222197235
98,-0.3835151473491907
99,-0.020980283486214602
100,0.789474619174912
101,0.35705733229002357
102,0.10168237469875462
103,-0.20236469424901388
104,0.20665702026883576
105,-0.39258241587721315
106,-0.1250117564010802
107,-0.012971988371921704
108,0.8029577642725659
109,-0.37068427763918
110,-0.47373208799036204
111,0.16880548966799927
112,0.41777319825319537
113,0.4963500403536886
114,-0.0016713999358515294
115,-0.28612076841329076
116,-0.12873891754004946
117,0.1688878294474301
118,0.9513536152104264
119,-0.20322942630172958
120,0.9541989302585936
121,0.011507807395604655
122,0.18590366696827812
123,0.1824210178650925
124,0.4298504508362406
125,-0.398423441977264
126,-0.2725132671759352
127,-0.6831264572126138
128,-0.2771767552142219
129,0.24856232527779
130,-0.15616913104624924
131,0.13345661079303847
132,-0.4026042562844434
133,0.017112908990373654
134,-0.16404166616670882
135,-0.6621629945328102
136,0.36428990732495364
137,0.5817665788162788
138,0.0716408435545705
139,0.06794790093604886
140,0.40812028132074524
141,-0.04491336487880918
142,-0.08066029087732725
143,-0.09374395853975226
144,0.21764841175571362
145,0.33991971232376417
146,-0.49737547304388613
147,-0.6775918565313601
148,-0.13524876373611502
149,-0.2787445216892763
150,0.8990070734047804
151,-0.06137741442679305
152,-0.3141478198906916
153,-0.5923537395171886
154,0.17327988346591072
155,0.2014207169850043
156,0.349234199196748
157,-0.006785835686209857
158,0.29692933271762706
159,-0.3116150834347433
160,0.21739723292521548
161,-0.3846623978222917
162,0.09661794721843585
163,-0.12182678640234655
164,0.13633445023291207
165,-0.4621493153694743
166,-0.23382283039454918
167,-0.4058727457521427
168,0.41682237070904593
169,-0.5622679689924556
170,0.14135608283412215
171,0.01627979803791954
172,0.4606626015144673
173,0.19767523207628274
174,0.1633313248621718
175,0.3710005967442976
176,-0.2599834405255046
177,0.20321153758607471
178,-0.14887124250431139
179,-0.18230788316477406
180,0.13591394663707496
181,-0.8518402054080566
182,-0.09810938109466329
183,0.01413701978530972
184,-0.3181667552530568
185,0.5802304392319484
186,-0.16349035559005745
187,0.22977385824134552
188,0.037724044333808125
189,-0.026600116769379827
190,-0.16025910222968295
191,0.1364558940161174
192,-0.09051538584914365
193,-0.22084055050163123
194,0.05715443058664409
195,0.20868629237740735
196,-0.3449316205810141
197,0.687685383318165
198,-0.7511287182768792
199,-0.11172354109428993
200,-0.19554063574330083
201,-0.11361659477312193
202,-1.5937565958891606
203,-0.2523679009925248
204,0.772756792709407
205,-0.15051993658125482
206,0.0846216825642598
207,0.14597010691494217
208,-0.04514032504000854
209,0.4880490239314428
210,0.3798562372738368
211,0.09641712171570668
212,0.24777751781936785
213,-0.3089835478686999
214,0.001025230841653978
215,-0.7006800130668464
216,-0.5033202399923845
217,0.12526764376002839
218,-0.3581195552276881
219,-0.11788430382454129
220,0.18649184513598233
221,0.7358537412074191
222,0.40430836856693914
223,-0.4165042960159591
224,0.15756448820820976
225,0.36984314043170335
226,-0.019036434412830244
227,-0.25414834124367114
228,1.0449866730479267
229,-0.46620996691098826
230,-0.17990329724181578
231,-0.18481694239399002
232,-0.3010451503384189
233,0.28912390137501687
234,-0.5192283003014155
235,-0.4046590965992535
236,0.8956777458546581
237,-0.03877839067859857
238,0.5358302380009905
239,0.017603832079171256
240,0.35311266859277557
241,0.5729319976336753
242,0.347147440776243
243,-0.25042826023873943
244,0.1501003024773964
245,-0.05898436173873188
246,0.3621363982735392
247,-0.22060417151857525
248,0.10550222585965076
249,0.6273791441662925
250,0.3003928254329297
251,0.9866358336335497
252,0.6426155383113912
253,0.2631911735040798
254,0.4208277704011427
255,-0.5588188332308706
256,-0.8911218226441825
257,0.5692177583822235
258,-0.45797007816261187
259,0.08310459655270888
260,-0.7660151420612786
261,0.21495426212017466
262,0.0713235996419601
263,-0.3014359211772313
264,0.39917085595682483
265,0.7555321687645431
266,0.020791552234177724
267,-0.00838506426245591
268,0.08783818694287783
269,0.3669505144628624
270,0.5977892236840404
271,0.2857562061985816
272,-0.34948484558327525
273,0.27170567652374705
274,-0.22756979645031689
275,-0.07279601413272187
276,-0.00410098744885724
277,-0.23223999483727578
278,-0.2298246950882945
279,0.5561192837149146
280,0.8103969098939602
281,-0.3192914158554805
282,-0.115041670659445
283,0.33850820767987316
284,0.5064121797890162
285,-0.011764990979071663
286,-0.30005229708766945
287,-0.2277588685253299
288,0.18855710073708618
289,-0.18058160234763718
290,0.109803646668311
291,0.12171426596553878
292,0.5598975386466215
293,0.3703152142930646
294,-0.5696490393559791
295,-0.07698999922056764
296,0.28034541724423456
297,0.061827504375073825
298,-0.5802507449237891
299,-0.2600102733147724
300,-0.37707673283428333
301,0.2134861350532518
302,-0.5311226735031286
303,0.014749249916613796
304,-0.4134336966130765
305,0.722018988630475
306,-0.12251990696805307
307,0.051868627158661966
308,0.5218825874520825
309,0.23964752001774356
310,-0.23190518580847977
311,0.16374249301913235
312,-0.2655594737169954
313,0.3147020201050758
314,-0.4640211795221857
315,0.29082971144973463
316,0.48671134069409894
317,1.036103789272696
318,-0.5448862852288505
319,-0.6002089474509833
320,0.6514911423735111
321,0.37693122763483505
322,-1.1779911654816195
323,-0.15135633872392515
324,0.06002043183223371
325,0.18133981596464271
326,-0.3347524406024814
327,-0.26400012607397444
328,-0.47631288671938865
329,-0.3672329059015248
330,-0.6281745005184598
331,0.2960821382052913
332,-0.19249118886556474
333,0.47219138385279447
334,0.05832858227903302
335,0.04457366794509058
336,-0.2868914634863837
337,0.9365072528879977
338,-0.09306823775914692
339,0.1601103050958693
340,-0.18095766416575518
341,-0.26092368720019293
342,0.3895965612602056
343,0.48314495835162663
344,-0.43515934364398334
345,-0.1173551781156298
346,0.003982365831355107
347,-0.34644956992681086
348,0.4869655270067755
349,0.3103463590837924
350,-0.45311756580831214
351,0.03713910855945873
352,0.47236883452348805
353,0.2442550257619772
354,0.39253887140090155
355,0.2636829785236881
356,-0.17806731576612214
357,-0.12457489704574343
358,-0.4662568960737614
359,-0.14317573335046388
360,-0.0630222431709281
361,0.15490823624339542
362,-0.07137141477217196
363,0.019089368038201326
364,0.6326800652758225
365,-0.715908384882022
366,-0.2869158236690667
367,0.28545761455680785
368,-0.619505962518001
369,-0.052319834489159514
370,0.6617687692319234
371,-0.3725449192661016
372,-0.22592176543792597
373,0.021524028207989463
374,-0.3682129276143144
375,-0.21621555388668395
376,-0.1014009708145585
377,0.09782246555375225
378,-0.1665481885171448
379,-0.13719799397115987
380,1.1180724667760706
381,0.6991769910624182
382,0.5150770583158221
383,-0.4107780130936761
384,-0.17436038404191562
385,-0.21330191697479428
386,0.06440959130231559
387,0.2703254503828609
388,0.3474733623033463
389,-0.4137049055203716
390,0.4128702003063335
391,-0.220166347257294
392,-0.08678320982226094
393,0.25593422601233057
394,-0.18918670368350718
395,-0.5600072996359649
396,0.42100474385021724
397,0.2696008292343391
398,0.45613808644707016
399,-0.010361060434971864
400,-0.15828657288796097
401,-0.08982043629565958
402,0.014311518925211517
403,0.2632801007802374
404,0.2593352413941982
405,0.6441072174216059
406,-0.1494117369307073
407,-0.11168665719993671
408,-0.17035876879113238
409,-0.6395880717156693
410,1.0035504428767168
411,-0.012496764958179946
412,-0.3510404390318857
413,0.2927862887958041
414,-0.08031766290314855
415,-0.03246585551173544
416,0.27189934061545146
417,-1.0736757362867833
418,0.507166521346416
419,0.41981976264813514
420,0.20482574017504204
421,-0.28019323972746457
422,0.14531397188752712
423,-0.4992041945893082
424,-0.7369064670838172
425,-0.001001406631140306
426,0.2816785943864642
427,0.6030132597458104
428,0.5728770045267384
429,0.2138144489998294
430,-0.13982711430280761
431,0.10294270535052312
432,0.07088116092216824
433,0.36324759673769896
434,-0.5115752504289848
435,-0.17535590309866034
436,0.42547461273375003
437,-0.024732106374032944
438,-0.4398801676874826
439,-0.03080902915202423
440,-0.013980862365410839
441,-0.1871971182039489
442,-0.006288287723390195
443,-0.47001715687269935
444,-0.24764464707003525
445,-0.1860847945901653
446,0.010044766548368103
447,0.37221776351817565
448,0.6349208546703144
449,0.6635456927051083
450,0.08555936832867023
451,-0.3832541655467309
452,-0.098346374065548
453,0.31489838581545876
454,-0.07764490475724906
455,0.40366068153321416
456,-0.3376451357798006
457,0.448360752000795
458,0.08038763115443669
459,-0.46338636250535997
460,0.09950730659762141
461,0.4968127650678585
462,-0.5529029704278738
463,-0.3299750235162738
464,-0.27702227620364167
465,-0.10602444179124434
466,0.5394731166947199
467,-0.051162050775935095
468,0.881922740151736
469,-0.8992368439668809
470,-0.10605180399543888
471,-0.6904519358301198
472,0.23711618898729034
473,0.09113839562069828
474,-0.06675745646896372
475,0.4237364109860966
476,0.33943090832616485
477,-0.2372690464099468
478,0.3779831390753695
479,-0.2916031046988526
480,-0.1778514617791724
481,0.38355916960748965
482,-0.5065564221737603
483,0.2589214257340053
484,0.7302589549800081
485,-0.7895381050450665
486,0.48336639081043475
487,-0.2566269824861081
488,0.24557492592533572
489,0.22022168875368991
490,-0.2527662895968367
491,-0.42837521705707077
492,-0.1623832635849799
493,0.029698017386569166
494,-0.26516458040068036
495,0.05623673474970164
496,-0.5795016661560038
497,0.17854985490985323
498,-0.43599251418461876
499,0.3509127917450688
500,-0.4548706607003405
501,0.3085607516244272
502,-0.10360519679574802
503,-0.39064695411059447
504,-0.0838139338460249
505,0.00249547819321015
506,0.27187026457165353
507,-0.225345306945387
508,-0.9640439998821868
509,-0.2015251448327976
510,-0.44974046398513406
511,-0.3029646647267325
512,-0.5957746799393027
513,0.3237901646899644
514,0.17459336141267248
515,-0.4839387551774498
516,-0.3779997809538085
517,0.14162529452825826
518,-0.12653134541350466
519,-0.4350460261787243
520,-0.2675695294483124
521,0.6237837305338796
522,-0.4753816854730021
523,0.06007045259289554
524,0.06608093691528481
525,-0.03813391005523391
526,-0.07318151278586144
527,-0.27871953326228655
528,-0.2358242650748561
529,-0.4049446735959096
530,-0.49819959972137395
531,-0.7736878906946197
532,0.5696721951169518
533,0.16850735599438454
534,-0.38516195373290363
535,-0.5420292464178522
536,-0.0018744119104404777
537,-0.48483132888607583
538,-0.2971548583989899
539,0.24678035767876427
540,-0.187917031554191
541,-0.08431978054234382
542,0.2744523573636314
543,0.43953857674943236
544,0.33985384463664
545,-0.08207630794456877
546,0.38429104109130385
547,-0.43413861815261284
548,0.009584703657557944
549,0.06285231488701763
550,-0.6683447058990089
551,0.11266287349356567
552,0.04999684031036195
553,-0.1082763173948952
554,0.23568851334128874
555,0.27282350073159944
556,-0.852503166277686
557,-0.7833861559200022
558,0.3405310279689618
559,-0.39199743939096876
560,-0.7268025069786201
561,-0.6888824979069849
562,0.1922051784350727
563,-0.1527736515092134
564,-0.21919562443897478
565,-0.4310894309162099
566,0.13017175926397892
567,-0.4531151893568873
568,-0.2608299666230295
569,-0.09285888541909616
570,0.1145503829372069
571,0.02808432755266841
572,0.4791198156610762
573,-0.33915368457763195
574,-0.3423578896106793
575,-0.5589480359369661
576,0.43426660939091477
577,-0.7478835596464811
578,0.1200551455785995
579,-0.5335736285902818
580,-0.5008100108033986
581,-0.27957048797631506
582,-0.29880595483685635
583,-0.016516033172170083
584,-0.7979526607588641
585,0.6951404079173367
586,-0.31807748985000894
587,-0.12309855557356797
588,0.6544937385146358
589,-0.3039372151510591
590,0.302157736793393
591,-0.14935751321587593
592,-0.06888431197521099
593,0.5619414298207664
594,-0.2673271119556917
595,-0.3224692913228753
596,0.6975834066413363
597,0.48683321651362166
598,0.43342828013815127
599,-0.4845200512651342
600,0.07790577751154781
601,-0.4784639713552964
602,-0.9077020891839754
603,-0.49137176956454065
604,-0.597716973920622
605,0.6035214867783404
606,-0.1591784151995091
607,0.9327696149437205
608,-0.9139986226838217
609,0.08931749742039012
610,-0.19161448737997802
611,0.441915228675328
612,-0.18008437661676516
613,0.4976921130990634
614,0.47418519690761896
615,0.4445167354810913
616,-0.23228495094194873
617,0.6031315363613763
618,0.048592911959902556
619,0.35295755284818225
620,0.46809732984027946
621,-0.6354512140499898
622,0.573518176870589
623,-0.0942417547097698
624,0.1284589777768719
625,1.147738667535879
626,-0.14540099289653488
627,0.2291117126645879
628,-0.2614437880505633
629,-0.6230321960086131
630,-0.6235022750697615
631,-0.6143409014716652
632,0.19547993954897824
633,-0.6258778558268063
634,0.336628014396132
635,-0.40454382071071493
636,0.44581189226045
637,-0.16510486775423402
638,0.6626314993517225
639,-0.22912899370825698
640,0.6046649936009139
641,-0.3567505176426295
642,0.375645201988463
643,0.020097806270058676
644,0.3386739777899444
645,-0.6096652473852553
646,-0.08518658574773406
647,0.1385365026605685
648,0.2651924563633875
649,-0.10711369893961888
650,0.3525803727196341
651,-0.5506736663557703
652,0.10565503013416892
653,0.6094121665899768
654,0.2426813778432519
655,-0.2892918530363224
656,0.5955599658220462
657,-0.18857670235431487
658,0.34601002689008664
659,0.2054878618314309
660,-0.17469338734073867
661,-0.498982888854712
662,0.589676281365687
663,-0.6274071007387494
664,-0.265910288183899
665,-0.2133530259548134
666,-0.3269401924582448
667,-0.09078661164121606
668,0.6281087009492926
669,-0.5858553538024948
670,-0.1332017143700808
671,0.01872788579127193
672,-0.12929986161428256
673,-0.3389695650239557
674,-0.24478713702316662
675,0.3873193464732945
676,-0.5676567174717003
677,-0.08161598693109061
678,-0.1402034963614955
679,0.4386965592530068
680,0.6422134746597747
681,0.2754600672359294
682,-0.1977137748209428
683,0.23987272191779754
684,0.41048072179127376
685,0.09486270246124452
686,-1.2082575241755438
687,-0.5485780715349781
688,-0.417362603767405
689,0.6118938549563978
690,-0.24610885387832643
691,0.7681508087149905
692,-0.4018740088912785
693,-0.4466421073909732
694,0.7993243526636234
695,0.29476088439923426
696,-0.6655753156038269
697,-0.2257641035788519
698,0.3013648934080977
699,0.26000884586999795
700,0.3951437195938904
701,-0.2849311006742985
702,0.07181951797024204
703,-0.15200533265432353
704,-0.4933425561759902
705,-0.5031205416726662
706,0.05815702992317055
707,-0.12697788400929663
708,1.1485598234674554
709,-0.46782597519310454
710,0.24392054028793353
711,-0.05731299382248961
712,0.4455565049135323
713,-0.50321148511001
714,-0.3227492935619373
715,-0.3993394215749831
716,-0.1147134696743153
717,0.4088892248488736
718,-0.2413748920643563
719,-0.062231355192602124
720,0.23985351814669637
721,-0.28866256160354165
722,-0.009500133000222361
723,-0.08416020703798996
724,-1.2045972567544012
725,-0.5197323767749051
726,-0.1873175258575103
727,0.6017418299680014
728,-0.3425190551481001
729,0.13916974698047307
730,0.37711239740373775
731,0.29649769408808213
732,0.5402071230299781
733,-0.25732275427142903
734,0.5929499300482657
735,0.41910887704041255
736,0.376535319525872
737,0.33891271925170857
738,0.03870554086104184
739,-0.36506883048229233
740,-0.2507329423452725
741,-0.14395269291786253
742,-0.4007851830739565
743,0.46722883444481994
744,-0.5771936010264302
745,0.12999233516744818
746,0.08877268148495551
747,0.5756358858217354
748,0.5150984862306001
749,0.5576681476658876
750,-0.007185997505080272
751,0.11083342447237503
752,-0.24515118734034536
753,-0.8022300479347546
754,0.05279556672066504
755,-0.3393885679971068
756,-0.28634549133544884
757,0.022885867797652552
758,-0.6654208207849527
759,0.440368396114708
760,0.2668103309115418
761,-0.1913648378044221
762,-0.6797156390436996
763,-0.2671930712511107
764,-0.04323127137315835
765,-0.04724964374195916
766,0.5918157518043238
767,0.2397040783257223
768,-0.33337932978740337
769,0.007114507566220797
770,-0.024961947361933315
771,-0.4042771700066942
772,-0.40067798881233
773,0.5814159994260822
774,0.45845846086829395
775,0.253801804509355
776,-0.18457594616351425
777,-0.7404949566274988
778,-0.09397294528701565
779,-0.42108248799290143
780,0.2382192753525741
781,-0.11275343410128687
782,0.35223269289596587
783,0.4055130905510141
784,-0.8077829383253112
785,-0.33984006250346727
786,0.8203973648503753
787,0.6667637844416917
788,0.60661247015706
789,0.3305657286172096
790,-0.10172866775952427
791,0.2753918369778507
792,-0.030320749954254093
793,0.1338193429546632
794,-0.4234799993717098
795,-0.7391834990899357
796,-0.3487596269601874
797,0.09183528615066841
798,0.5136062341608622
799,0.6559528369016329
800,-0.045103437865428496
801,-0.4881581418716718
802,-0.023708764541194416
803,0.1101912256216041
804,-0.10391380714164378
805,0.6703466629197685
806,0.5076593781391665
807,0.12912140198363922
808,0.5732135236503016
809,0.1619013461130682
810,-0.5637072767510709
811,-0.8806579782160305
812,0.03274905138836881
813,0.17818885009087404
814,0.4562499465188046
815,-0.29143685258981367
816,0.08475186352953035
817,0.06272404284940906
818,0.22270075717484575
819,-0.21036792853173464
820,-0.06966857234618265
821,-0.10324381145211103
822,0.32580039138585626
823,-0.23016889335086926
824,-0.27532629382857415
825,0.11084361838805584
826,0.2412140996726595
827,0.7141931497126259
828,-0.022469423729228544
829,0.3935686127223964
830,-0.29945884071555795
831,0.27550431574639966
832,-0.45523500195276
833,-0.37201044514120746
834,0.3326880205487224
835,0.22030144557555617
836,-0.6273261788428484
837,-0.7043442557665647
838,0.30353152679900136
839,-0.20217812095072774
840,-0.17217925678128687
841,0.23933658001849034
842,-0.4532956808639731
843,0.4380076486123697
844,-0.4393652739358985
845,-0.3301072915009652
846,-0.7701034959291548
847,-1.09047465694413
848,0.27902327520077064
849,-0.02855207062683447
850,-0.1917106985742245
851,-0.1550238320323723
852,-0.059441442111603404
853,1.09855997160354
854,-0.8922534465581085
855,0.0064920537976178964
856,0.2928903524801048
857,0.19584716581759154
858,0.43514038798163307
859,0.3951741569550837
860,0.40191364367534516
861,0.9664655129834843
862,-0.14417141672741254
863,0.34715872106130113
864,-0.13586654964355924
865,-0.6494647730098217
866,-0.2868768055836603
867,0.22612000732626183
868,0.34648940009130585
869,-0.13475020809445992
870,-0.008614031237357815
871,0.06012617531825156
872,0.06647021745730293
873,-0.19800009453513268
874,0.1295983223537274
875,-0.45581389128256206
876,0.41001848528118856
877,-0.3820189493016248
878,0.4999116965830882
879,-0.1562099765168808
880,-0.6262393857459161
881,-0.20153647110268888
882,0.16850344628686165
883,-0.25455266324162706
884,-0.2621729354213456
885,-0.535317942749574
886,-0.41856300419694864
887,-0.18635467003844094
888,0.21567044955651715
889,0.6370763321829367
890,-0.5175253893860031
891,-0.926091409199163
892,-0.04418023524588722
893,1.0717090714917468
894,0.5532775179055931
895,0.23047516796421533
896,-0.17093645335824506
897,-0.08554431108157223
898,-0.4333877051732183
899,0.41555610776889906
900,-0.5275462451555617
901,0.11539445489028693
902,0.14455424218808086
903,-0.4959849343109672
904,-0.6453860272464721
905,0.2768930524593381
906,-0.08324556088223999
907,0.773979653935535
908,0.10819858365294847
909,-0.3074592293701476
910,0.1227136708461272
911,-0.7862855862928453
912,0.5815282491907322
913,-0.6052543069212908
914,0.23635001475673578
915,-0.22009216037405613
916,-0.33773392452873086
917,-0.38486519203620495
918,-0.09625093720211612
919,0.08155699335143025
920,-0.3242556593873518
921,-0.15893260156706548
922,0.21335616736575033
923,-0.5740142374198365
924,0.4870645399690733
925,0.37021231613412275
926,-0.2811044392196997
927,0.4376524536991164
928,-0.5725677915974156
929,-0.3388318120580931
930,-0.19892260060452574
931,-0.5576777026504689
932,-0.10933180006362786
933,-0.2023721216944936
934,-0.47476467220037566
935,0.5552325885864022
936,-0.6053872688619828
937,0.3494895047482469
938,0.3092272253480085
939,-0.15972719805365374
940,0.29233428854522703
941,-0.2601371287409831
942,0.05223200097002915
943,-0.30127128315061796
944,0.09514410549189953
945,-0.2830432812949331
946,-0.0775565416363886
947,0.18210546113288154
948,-0.21537217413701956
949,-0.17935942615411707
950,0.15335576933270484
951,-0.32840131269890327
952,0.26087335740218265
953,0.09420110497915146
954,-0.0230172440692444
955,0.2343267274405551
956,-0.13917487630506906
957,0.535324246100732
958,-0.6620583532378401
959,0.286886862292901
960,0.922833606552798
961,0.4830561228706436
962,-0.43957912043263825
963,-0.2241648481895773
964,0.8511279302459215
965,0.5987442405209425
966,-0.3492702057617206
967,-0.3457046928055879
968,0.25958620990797854
969,-0.5383112131094566
970,0.33729393974616273
971,0.32180239842782254
972,0.04893598065473106
973,0.3129765350817163
974,0.35446701727933605
975,-0.3948459469480161
976,-0.19390885604104277
977,0.35139622008032445
978,-0.3276107884638467
979,0.5185098148197826
980,0.341997247578048
981,-0.1348103854693906
982,-0.1632449410949836
983,0.4147261456211071
984,0.21053212357511242
985,0.4452954075704222
986,0.11675690423974981
987,-0.1886759750846954
988,0.3944565651888287
989,0.0694952083098519
990,-0.7841546416860607
991,-1.063086817472102
992,0.4414076834667458
993,0.29941161640045777
994,-0.8404291040515891
995,-0.030499362162815742
996,-0.5790600116810529
997,0.36345311771574373
998,-1.1084543614828934
999,-0.6546428506541284
1000,0.4552167702033025
1001,0.7017584885862981
1002,-0.13948088830114655
1003,0.05999347471858848
1004,0.06745831299099751
1005,-0.4105505112006453
1006,0.06182255785200565
1007,0.04329052103191522
1008,0.5861349290047894
1009,-0.0527801980171413
1010,0.01189023566012892
1011,0.5236821967150533
1012,0.5970365613907795
1013,0.13963312343156706
1014,0.35396296393416676
1015,0.01702188952033258
1016,0.24599499164922195
1017,-0.17309800210495443
1018,0.18206200647259677
1019,-0.13171562899763165
1020,0.79753026829163
1021,-0.8415037372391188
1022,-0.005585007081037452
1023,-0.22799046213888216
1024,-0.36596781292983704
1025,-0.19576048177190142
1026,0.12108571557460561
1027,-0.026213573366941925
1028,0.5889824993161139
1029,-0.7172302923741672
1030,-0.21004882035936423
1031,0.20409888253441938
1032,-0.6218481031907016
1033,-0.07022081017021359
1034,0.09054848124227227
1035,-0.3793263208988798
1036,0.0006763935186675248
1037,0.02069561814753606
1038,-0.054247441509802014
1039,-0.06937715817587804
1040,0.41388375044482634
1041,-0.07419238862035644
1042,-0.18491961863488687
1043,0.3104199684251567
1044,-0.23488044063366403
1045,0.8608256671615864
1046,-0.232951827918028
1047,-0.31318380809746427
1048,0.669780131949377
1049,0.12918559926008163
1050,0.5516291280136256
1051,0.22912270880928798
1052,-0.018144575488688152
1053,0.4626815564995649
1054,0.269576958638059
1055,-0.09136462156190706
1056,-0.7355539547864216
1057,0.45488793131550276
1058,-0.5699592089767104
1059,-0.4136548342396844
1060,0.2752575512874603
1061,-0.21580690191135057
1062,-0.04904977012028992
1063,-0.5114196816209206
1064,-0.1987965471280836
1065,-0.028870813479557358
1066,0.10504169030558405
1067,0.12828604458987367
1068,0.1524865378410486
1069,-0.16183955158033578
1070,-0.0880731592395482
1071,-0.4574850904912532
1072,0.07467701296123093
1073,0.12130137634012989
1074,0.11867706779908159
1075,-0.472707494979873
1076,-0.11998320016314569
1077,-0.33885553358675935
1078,0.48070518453453803
1079,-0.006811454513519789
1080,0.36724706173862265
1081,0.33355339080402235
1082,-0.06433497351559457
1083,0.046009149172110464
1084,0.3650678479172931
1085,0.28228571578879313
1086,0.3431735526388431
1087,1.0035653206471524
1088,0.4205982505759731
1089,-0.7723935928077568
1090,-0.06638774443075046
1091,-0.009813552333596659
1092,0.3691505247328082
1093,-0.017089188460535004
1094,-0.5449276518763139
1095,-0.10017232150056557
1096,-0.7477344573892228
1097,0.4511118836845746
1098,-0.06983942840992059
1099,-0.24832613365090458
1100,-0.5689912281443844
1101,-1.233835321191519
1102,0.6074667486160517
1103,-0.2719019200398277
1104,-0.33357896425141353
1105,-0.7326140700826226
1106,0.5637475178550735
1107,-0.45200322100694545
1108,-0.083732033381713
1109,-0.39508504312760406
1110,-0.3866773298856587
1111,-0.46899296262992096
1112,-0.6539152529745237
1113,-0.01144118771470562
1114,-0.07884244361191213
1115,-0.26304456916414143
1116,0.8484974890118078
1117,-0.2813916808147309
1118,0.17848101148279785
1119,-0.7175728094042768
1120,0.46434623214113774
1121,-0.39098725000968343
1122,0.47362519230073924
1123,0.061242325928774946
1124,0.35824471530371893
1125,-0.19380407278963527
1126,0.13111923625658758
1127,0.3448643931825987
1128,-0.549275839420819
1129,0.009150143460379415
1130,0.8796591330285677
1131,0.4603321653274802
1132,-0.1732594345945865
1133,0.005861494659686958
1134,0.09815806920665265
1135,-0.02757118238818759
1136,0.6508429204250548
1137,-0.34991351593438247
1138,-0.4595900405797943
1139,0.6333271137597685
1140,-0.2947849800796755
1141,-0.7105272511526227
1142,-0.29427840463047295
1143,0.6255075183408217
1144,0.4591063075416878
1145,0.48960840832946917
1146,0.11053537520084245
1147,0.07279814610979023
1148,0.4290289207436489
1149,0.0777473797231198
1150,-0.03317815589527585
1151,-0.3770365726171191
1152,0.2965348961988149
1153,-0.07239443647988698
1154,0.19700771065842843
1155,-0.2544708570421599
1156,0.3260648191755025
1157,-0.2821925945020844
1158,0.33701346258906384
1159,0.26261985099865637
1160,0.2659042312788716
1161,-0.7791049885570418
1162,0.5469574475013382
1163,0.3234776981017654
1164,-0.42357091136498937
1165,0.9010559848316503
1166,0.11185389932585886
1167,-0.715950272868039
1168,-0.7991650377101828
1169,0.48124172983116265
1170,0.6242381643375428
1171,-0.7051970139746011
1172,-1.1884365997770305
1173,0.8599530185207639
1174,0.42329105767574376
1175,-0.049875103497319336
1176,0.06984314575527911
1177,0.15667809502986424
1178,-0.34985237445363104
1179,-0.45111462907561095
1180,0.5963059515457552
1181,-0.07733206768402809
1182,0.061182156946577124
1183,-0.6306335716870888
1184,0.7155379884200083
1185,0.3463920111798142
1186,0.3352289507936476
1187,0.3898710434202766
1188,-0.14706845941056496
1189,-0.08691493649795763
1190,0.2188675646668853
1191,-0.3512103179526342
1192,-0.23717336827912594
1193,-0.6722334812287679
1194,0.1402830483360942
1195,-0.05592965298165663
1196,0.44691618814725526
1197,-0.1947293670659759
1198,-0.04494387785084471
1199,-0.2359400914876542
1200,0.0502273703490268
1201,-0.09002828035389435
1202,0.24387823728562252
1203,-0.418629391923063
1204,-0.4531650165603988
1205,0.11006876354825
1206,0.5621727705504432
1207,-0.0698775231360655
1208,0.116691237663549
1209,-0.377699717726015
1210,0.21030450439768367
1211,-0.34340842505081914
1212,0.2925022655224561
1213,0.05104429155991203
1214,0.3385508259879983
1215,0.3755744120026783
1216,0.07797582814111818
1217,0.08302807853869017
1218,0.09498601649181611
1219,-0.49470533721634297
1220,0.11781852215541576
1221,-0.5824417310843989
1222,0.6953858222852335
1223,0.4974789347608435
1224,0.12899957887272032
1225,-0.1465123772842454
1226,-0.20777578846440278
1227,0.20847374705453303
1228,0.9375563302925276
1229,-0.9744566632551822
1230,0.16253425397034152
1231,-0.07255964337828616
1232,-0.3370054153470249
1233,0.0845712246152735
1234,0.660807560707122
1235,-0.007529123944596148
1236,-0.03917763854482092
1237,-0.6049641445447879
1238,-0.14648659436064418
1239,0.34313255210414395
1240,0.1637612573534427
1241,-0.5288995609286696
1242,-0.10589136823923405
1243,0.2767623083692377
1244,-0.1897659383761325
1245,-0.29715699634307235
1246,-0.17442882324321957
1247,0.7172419315360847
1248,-0.19086107848771228
1249,-0.3483847442440753
1250,-0.3759549271741121
1251,0.18673836536507002
1252,0.26794868719454906
1253,0.15281279215555704
1254,0.7247565494746194
1255,-0.3276875691912651
1256,0.32433816457650244
1257,-0.45808223833418804
1258,0.015836749139934946
1259,0.2573720108337355
1260,-0.26045452374450384
1261,-0.6036137783493103
1262,-0.48427799777516806
1263,0.04857004627728742
1264,0.4992421254269596
1265,0.35793243866874835
1266,-0.32834636718270716
1267,0.8233538274131659
1268,-0.2560140435650293
1269,0.31998810864783406
1270,0.17727734163363193
1271,-0.022889121835585436
1272,0.5496993814316388
1273,-0.37017158508677483
1274,-0.006956873957836186
1275,-0.45938619094856614
1276,0.3954492231240936
1277,0.30970810216376726
1278,-0.09875412595154244
1279,-0.0185041471660653
1280,-0.5731127058527942
1281,0.4337585296068203
1282,0.09473468007690555
1283,-0.3920441773844306
1284,0.05551752462945426
1285,-0.24133322942684726
1286,0.2301270466603395
1287,0.16044873658372413
1288,0.21051497669737065
1289,0.6445070856125372
1290,-1.018850907264815
1291,0.4331193568194117
1292,0.27922429460744075
1293,-0.6007721885858504
1294,0.6482912477074408
1295,0.5006432134430018
1296,-0.3131701058637173
1297,0.4267992507468609
1298,-0.2892888584243751
1299,0.8756659564810407
1300,0.7504987550473701
1301,-0.1869183276347437
1302,-0.18521388450083692
1303,-0.19273446497356977
1304,-0.2954476616377646
1305,0.23379502610682254
1306,-0.3907718755758088
1307,-0.08824302364741805
1308,0.8383411655015915
1309,-0.19589953281612482
1310,-0.10231283178763047
1311,0.7811955003054026
1312,-0.15965444147612948
1313,0.022135629545753644
1314,-0.30319585788729414
1315,0.6917033105376003
1316,0.37283764012976334
1317,-0.06462801377490666
1318,0.3914307575389821
1319,-0.4040780126881769
1320,-0.15049203145984824
1321,-0.1666375292758026
1322,-0.10683235461770908
1323,-0.42893275776049045
1324,-0.31885789115680635
1325,-0.23113510459400063
1326,-0.3906313228667284
1327,-0.9385644731823296
1328,0.7630524686773362
1329,-0.5989250439194633
1330,-0.8422920653360588
1331,0.02431921720504523
1332,0.789606654610049
1333,-0.0634012256238738
1334,-0.4198215336087758
1335,0.05257526532478969
1336,0.19990870061133373
1337,-0.5912008442065181
1338,-0.3672641797235235
1339,0.2661175322363956
1340,0.09864054701488113
1341,-0.038672627989187046
1342,0.251690093615249
1343,0.6414709306669113
1344,0.32195615163201663
1345,0.3722674670922166
1346,-0.7689240981993342
1347,0.7865995889423409
1348,0.5838921027400114
1349,0.11956437282735202
1350,-0.3711699069493788
1351,0.4774290710976185
1352,0.15318226933017975
1353,-0.6074916560832312
1354,0.36731166079022093
1355,-0.2914312184639082
1356,0.1990362858678789
1357,-0.4227601815283185
1358,-0.15872198857672148
1359,-0.3630281782951067
1360,0.24874493381421783
1361,-0.2696397446056165
1362,0.1655049881494204
1363,0.2987426200038386
1364,0.4145900873029802
1365,0.17450791147959718
1366,-0.9917401341546954
1367,-0.03797079971505377
1368,0.11420928261191059
1369,-0.29618590289193936
1370,0.1772253673196371
1371,0.7103383030936073
1372,-0.4092315323296517
1373,0.08632711875049437
1374,0.01474511076178837
1375,0.21326085351964824
1376,0.3316597270721469
1377,0.24698618307942244
1378,-0.3687024976603396
1379,-0.5726456947223121
1380,0.12800090933031538
1381,0.05836473520967572
1382,-0.04314899152158004
1383,-0.052993330600182104
1384,-0.11286804322961853
1385,-0.5031922913660217
1386,0.256304899953321
1387,0.3519580233147364
1388,0.284654439747648
1389,0.8642935892028157
1390,0.5621076897239442
1391,-0.18267904413529157
1392,0.5213637830149366
1393,0.5076649660829007
1394,0.6030725730529046
1395,-0.09825125434324605
1396,0.15438998313440402
1397,-0.2722245788697779
1398,-0.06470391807654963
1399,0.26455085771046244
1400,-0.6715961275094207
1401,-0.5082863724198343
1402,0.5322258171968046
1403,-0.14951069256662183
1404,-0.5034464899869435
1405,0.3609213271763005
1406,0.20429336019631153
1407,0.021444056955529506
1408,0.7340648803994112
1409,-0.09076613463849777
1410,-0.8135976740313304
1411,-0.12166045430548235
1412,-0.3915967476093861
1413,0.5116872703558337
1414,-0.10518756565670467
1415,-0.05828574552369431
1416,-0.4503085211667188
1417,-0.36973582809502875
1418,-0.2219324398265245
1419,0.09033703128129612
1420,-0.3065365007978433
1421,-0.415707315604327
1422,-0.04608099216608732
1423,-0.325730458493411
1424,-0.16961443680344898
1425,-0.9864104320126265
1426,-0.24985521139477615
1427,-0.3610379649288528
1428,0.14960661161586997
1429,0.5666602405108485
1430,0.2165828350992394
1431,0.15290501618205732
1432,-0.16869407669382144
1433,-0.3374545575827349
1434,0.31892843651967956
1435,0.5774539769841351
1436,0.6134502138997376
1437,-0.31240902375444973
1438,-0.15034625344575997
1439,-0.06718936058414611
1440,-0.1933931132367136
1441,0.3535769221853177
1442,-0.22091347276172868
1443,0.30174364505971535
1444,-0.08936903404161288
1445,0.24585421136941593
1446,-0.04348855385291685
1447,0.7354615001167111
1448,0.19195958311229042
1449,0.2920148254106081
1450,0.6053537429015738
1451,0.010167007731330998
1452,0.31464881842526266
1453,0.7795804156169646
1454,-0.10475447385319396
1455,1.0731758133374736
1456,0.49273616707184503
1457,0.6344162174025716
1458,-0.7444799109687126
1459,0.3465030388494419
1460,0.2814713959769665
1461,-0.84080612942848
1462,1.0563346925782477
1463,0.009251669307172462
1464,-0.53396462028278
1465,0.9253959352499792
1466,-0.3092494629749024
1467,0.2714434912160607
1468,0.03769833939918215
1469,-0.4022237542025603
1470,-0.013224845436265698
1471,-0.3380973191427915
1472,0.043206040310537985
1473,-0.2705906572030228
1474,-0.022662689498694023
1475,0.0026597031622930525
1476,-0.9750403395842627
1477,0.4909522471129183
1478,0.32836033381984725
1479,0.8308109442068663
1480,-0.08000475969553737
1481,0.16267663769495447
1482,0.2714725333515305
1483,-0.006517413752596742
1484,0.10378430439032388
1485,-0.2185330227740346
1486,-0.23148846968923442
1487,-0.0989096667080441
1488,-0.2759830369819813
1489,-0.012239126135015101
1490,0.13059386246219945
1491,0.7017481195985832
1492,-0.7242454668458276
1493,-0.20530983817347814
1494,-0.28051701646729205
1495,-0.6440928995604779
1496,1.2331974625579616
1497,-0.010274164799985783
1498,-0.5334653136265062
1499,-0.08005836116357257
1500,-0.1501281260089275
1501,-0.31806899004588207
1502,0.04515323731651421
1503,0.4884095522295306
1504,0.18751743029846663
1505,-0.029481537309450048
1506,-0.3154289359437149
1507,-1.2040353762867289
1508,0.25384443135868995
1509,0.37394219458082595
1510,-0.1359636986519342
1511,0.5973481254828529
1512,0.15690013038950829
1513,0.007808085339787181
1514,-0.48967826659052466
1515,-0.060309906923131984
1516,0.8612723163978225
1517,0.05730852919865447
1518,0.4582691102951483
1519,-0.4912267947297365
1520,-0.36899029521394683
1521,-0.25905613800619265
1522,0.16750587757172206
1523,-0.4235833903127784
1524,0.28603336692786363
1525,0.9320658135217109
1526,-0.7431631910562635
1527,-0.023286453391886206
1528,0.5261856510850647
1529,0.3906594125361709
1530,0.0921471402879198
1531,-0.08616577400845708
1532,0.43180188039773454
1533,-0.24982764777940322
1534,0.19991540802809118
1535,-0.14673614466458157
1536,-0.013285131864041044
1537,-0.15706011380289675
1538,-0.04363337670839358
1539,0.7796147059044497
1540,0.5327212830531529
1541,0.16224134936959653
1542,0.3763027850512138
1543,-0.13006224996975543
1544,0.18898530551095433
1545,0.319913823643085
1546,0.26191661180741493
1547,0.31105715148037943
1548,-0.5059548989538787
1549,0.3032168730929698
1550,0.16429540063058096
1551,-0.11111624083542487
1552,-0.2895526903501662
1553,-0.03327375327135737
1554,-0.23357242364303607
1555,0.27752453316568776
1556,-0.11519061915064328
1557,0.6303502660380375
1558,0.02646724477246005
1559,0.07061337996272236
1560,-0.8263959931703301
1561,-0.0582676235840216
1562,-0.9780524949379729
1563,-0.13380987329125532
1564,-0.6487448510044465
1565,0.24179641820935469
1566,1.1316282300363587
1567,-0.3036348215350071
1568,-0.5316108183143549
1569,-0.286919814533749
1570,0.4142885723926631
1571,-0.0995269968596932
1572,0.47553242582923333
1573,0.35152736705939247
1574,0.18311557456226238
1575,0.09832071813503025
1576,0.2378360759194775
1577,0.09561821269291355
1578,-0.09633500263151909
1579,0.04089201697682546
1580,0.3015865678965845
1581,-1.0901687873232866
1582,0.7782995068764293
1583,0.1829320345794887
1584,0.09257234007341766
1585,0.4494715195888303
1586,0.8366186404521329
1587,0.5550543161257808
1588,0.059571887573558406
1589,-0.5569558473032087
1590,0.6929232055679266
1591,0.08520383965778576
1592,0.15685303384147894
1593,0.2159272922238596
1594,-0.6344411448232955
1595,0.43905656402269777
1596,-0.47915179088829657
1597,0.39089772822199864
1598,-0.06873141314156035
1599,-0.20110961378579378
1600,0.0025595138365276577
1601,-0.10698240111458679
1602,0.043897817233574665
1603,0.31874114433595324
1604,-0.841749193430616
1605,0.2006542153364598
1606,0.3463014151784807
1607,0.47830703245118067
1608,1.1302152061062252
1609,-0.18252657764060912
1610,0.23785739985517415
1611,-0.06937275166013954
1612,0.3343491121984116
1613,-0.18519361471993467
1614,-0.1114476636543614
1615,-0.7406466081780723
1616,0.5356037750610874
1617,0.11361424633760882
1618,0.19264530023759135
1619,0.16529839476353
1620,-0.08231775563949054
1621,-0.5566225982813104
1622,-0.3013952466542964
1623,0.3298572766746715
1624,0.19655699781067426
1625,-0.3185387095908982
1626,0.19525631646128488
1627,-0.22429677954730268
1628,-0.07010132274302415
1629,0.032825024232107196
1630,0.37375962648564387
1631,0.6491834692207354
1632,-0.09592491317979235
1633,-0.013676645029320087
1634,0.15329721078010264
1635,0.6538326209822286
1636,-0.005212210956005875
1637,0.0596473737514937
1638,0.04767193035587257
1639,0.06825256399426248
1640,-0.20162927940397044
1641,0.667059568866657
1642,-0.12030492714022828
1643,0.5120163393897
1644,0.568016549113489
1645,-0.7747337423189754
1646,0.2531287401235302
1647,0.5374852776521467
1648,-0.4726744854819952
1649,-0.02171147063065517
1650,-0.25302430554739347
1651,-0.47318189298770463
1652,-0.04874174914577857
1653,0.47417033530704633
1654,0.055864364701605926
1655,0.07566065660827577
1656,0.45787437605549514
1657,0.20500723323506861
1658,0.07345508565552589
1659,0.11210918138346918
1660,0.5033664351110659
1661,0.450261400629694
1662,0.04337713853994647
1663,0.42239433854283087
1664,-0.21839929603854222
1665,0.32942572455649544
1666,0.470659306923421
1667,-0.3366906887544363
1668,0.2167674681637052
1669,0.2500982806293375
1670,0.15435230772341174
1671,-0.36053597913550545
1672,-0.5954217286840341
1673,0.425212506646136
1674,0.503139309511822
1675,-0.4754204684293978
1676,0.4017072493923563
1677,0.5660142956601941
1678,0.016424672599170638
1679,-1.0548356596606578
1680,-0.46270526455590394
1681,-0.003378545550922463
1682,0.28050151182239846
1683,0.4029052894295555
1684,0.23909682797448667
1685,-0.10130797047945184
1686,-0.15623972178141526
1687,0.2080937208186317
1688,-0.6994594846623335
1689,0.365893269226505
1690,0.08367249098124326
1691,-0.03354370032108835
1692,0.21756768493767006
1693,0.6387147873416259
1694,-0.629749661090809
1695,-0.20213483103328697
1696,0.07686295553997709
1697,-0.47991284187557104
1698,-0.60669387175047
1699,0.43360868003001324
1700,0.01696532284463596
1701,0.6120004513720767
1702,-0.23046557326101275
1703,-0.04578908890314357
1704,1.06788262401476
1705,-0.03292104564964084
1706,0.13268005563113622
1707,-0.4494136733832183
1708,-0.21144329747271268
1709,0.17532064532613775
1710,0.1988900236951601
1711,0.15169813754999922
1712,0.27342800803391837
1713,-0.04594123747585524
1714,0.149670574009766
1715,-0.1848392200542803
1716,-0.04284151639571519
1717,-0.2124627440843693
1718,0.22135321435581629
1719,-0.26092496556614075
1720,-0.18179437067696064
1721,-0.203264961718242
1722,0.2218407718388341
1723,0.7418838654126714
1724,-0.11155513061541708
1725,0.4624002770761979
1726,-0.3712067997289264
1727,0.5276466230452425
1728,0.017703603359505545
1729,-0.33535296884239024
1730,-0.26822728038293103
1731,0.07725811490446792
1732,0.15164264979921796
1733,-0.8507523384138843
1734,-0.0659384835080203
1735,-0.33134868159738523
1736,0.450669196272374
1737,-0.07016906398490291
1738,0.5239827595191854
1739,0.08172903982813005
1740,0.3788401137642785
1741,0.4182371175153897
1742,-0.1275908591273307
1743,0.2141498330995865
1744,-0.3481425496475164
1745,0.06369418470662468
1746,0.06124128606276257
1747,0.6985924493431463
1748,0.030956354851472016
1749,0.2675844143032894
1750,0.43216454905478746
1751,-0.5456633065556348
1752,-0.7057444849042008
1753,0.003766113647318304
1754,-0.1974548491826511
1755,0.42307238749729525
1756,0.1789737117705295
1757,-0.29894314103563635
1758,-0.038801743599761844
1759,0.3965463891168818
1760,0.3094035622082422
1761,0.7940605285204632
1762,0.05409598464856518
1763,-0.6899735557142002
1764,0.019465896362237854
1765,-0.3675475827365462
1766,-0.6480204541891195
1767,0.23808187984893836
1768,0.1512047516856317
1769,0.27869351192123176
1770,-0.3358861888391693
1771,-0.6134046850107967
1772,-0.6594903178787946
1773,-0.01994195597322094
1774,-0.20071551309960176
1775,0.32086629118318183
1776,-0.008324333229978558
1777,0.42304455556131687
1778,0.044064119383100904
1779,-0.4403474689532501
1780,0.540407744665565
1781,0.12067722432820438
1782,0.11801862240617264
1783,0.1630772655047131
1784,-0.11649074191749742
1785,0.26423758046974477
1786,0.12382656568442343
1787,0.1495998251825872
1788,-0.29961046077986
1789,0.15444175627776638
1790,-0.1824007594218638
1791,0.48401751636266716
1792,0.14478300408403075
1793,-0.4026731470412963
1794,-0.22256057797180495
1795,-0.5096109630592582
1796,-0.5392351092207507
1797,-0.3999742657272242
1798,0.028533802028679386
1799,-0.4421141219887004
1800,-0.2255132723416239
1801,-0.24227883009714704
1802,0.1840202403840625
1803,0.2929994898745164
1804,0.444853043888484
1805,0.33004541997727443
1806,0.3783223438141454
1807,0.49905568569770165
1808,-0.051576435825084414
1809,0.23265736129019937
1810,-0.23454142515618184
1811,0.1726232906936259
1812,0.7543766492402013
1813,0.5236056324664092
1814,0.3231467869050408
1815,0.2970408630817597
1816,-0.03815590365245919
1817,-0.01673823907529249
1818,0.18346213689499047
1819,0.16958063668043236
1820,0.2516313716597667
1821,0.39520723305745964
1822,0.00629683752565805
1823,-0.12807573203296516
1824,0.3210583593634651
1825,0.3964968405592786
1826,0.7812379393467463
1827,-0.24124634500334696
1828,0.34458215476718423
1829,-0.23176956133821158
1830,-0.6697268282941291
1831,0.17981081705016125
1832,0.375062928539794
1833,0.22733880728965322
1834,0.6154245096151711
1835,-0.6146674767001009
1836,0.1574359456523336
1837,-0.3399694084151785
1838,0.649331711460673
1839,-0.13258655459427618
1840,-0.47531037084903077
1841,0.289891183070915
1842,-0.11132459553838789
1843,0.03650723175842992
1844,-0.3815688380603141
1845,0.30141310183385905
1846,-0.44945026890291967
1847,0.5410627322110705
1848,-0.296257563120681
1849,-0.2704481050298825
1850,0.13957600559422917
1851,0.6165955026111775
1852,0.7816165205990586
1853,0.41502126583762855
1854,-0.503686405712047
1855,0.07538306350479916
1856,0.3850938443748022
1857,-0.40678992286494026
1858,0.503151991951017
1859,-0.25471265491313916
1860,0.5081105863851524
1861,0.25900306621984037
1862,0.05229377782094378
1863,0.4020888015608311
1864,-0.19918438741845554
1865,-0.7029141470752234
1866,-0.03400322375274743
1867,-0.5320527288569162
1868,0.3909180617862539
1869,-0.5879724682104982
1870,0.01893116125776642
1871,-0.2953120585142385
1872,0.40732450262345776
1873,0.02460657060730442
1874,0.14713840897405753
1875,-0.11195216438763486
1876,-0.8451032069520626
1877,0.18774151070443817
1878,0.41834294508136544
1879,0.19533087200373261
1880,-0.13348857738536152
1881,0.6555105240744346
1882,-0.0023590015771499033
1883,0.1668572589628178
1884,0.3785862073392061
1885,0.03951963321198478
1886,-0.018503451490095617
1887,0.00920314649204591
1888,-0.7373918254531879
1889,-0.04245153278691232
1890,-0.230301769150179
1891,0.1984567875616326
1892,0.22082185674187013
1893,0.1274720091846903
1894,-0.4592945682877934
1895,-0.49150727389630394
1896,-0.19216169028804703
1897,-0.05827202366465809
1898,-0.9870649218678911
1899,0.3950050710535679
1900,0.5472753639689572
1901,-0.4957653185498247
1902,0.18120942050761485
1903,1.1529930827758255
1904,0.3373862951035258
1905,0.5345146491715136
1906,0.15076544854757779
1907,0.22384427556763517
1908,0.44710260683858055
1909,0.5059546997813081
1910,0.2529471333080932
1911,-0.20737627874231618
1912,-0.02858924809648772
1913,0.018490314930479406
1914,-0.04390455078836926
1915,-0.2864948922699502
1916,0.04550509039686503
1917,-0.7125205485015066
1918,0.06981472620442472
1919,-0.5691088834145477
1920,-0.898154104158988
1921,0.5267127424791207
1922,-0.350572401712514
1923,0.453508786237664
1924,0.17307218348767567
1925,0.5014120810288357
1926,0.5997479224170783
1927,0.18766954098116695
1928,0.07749083769658414
1929,0.31319923728835775
1930,-0.012291904104440124
1931,0.028693207538995104
1932,0.09436398359256007
1933,0.19361229109543018
1934,0.28284364477051044
1935,-0.5706512367299805
1936,-0.2641731588282362
1937,-0.03841924151778636
1938,-0.4059796157537924
1939,-0.6345761879836401
1940,-0.7842779587101432
1941,1.2434626013480172
1942,-0.06302134450131315
1943,0.5310506052116182
1944,-0.8826116808610469
1945,-0.03719539649390233
1946,0.4977610286598687
1947,-0.2553047806270615
1948,0.1288963352551611
1949,-0.9674175968263811
1950,-0.1097199316274878
1951,0.5803669269027438
1952,-0.2203836456536814
1953,-0.1380851287127341
1954,0.04811398537246479
1955,-0.18517787821885534
1956,0.060779993833468625
1957,-0.06679926503631883
1958,0.3956960972256801
1959,-0.25765391672956106
1960,-0.3186541467450819
1961,0.43085178805519214
1962,0.2514642032163033
1963,-0.33764076955971906
1964,0.028333664926110384
1965,0.49909232072327425
1966,0.28430603218834055
1967,-0.44841328753057813
1968,0.0010952048149384733
1969,-0.20680034810566242
1970,-0.8026426075791299
1971,0.09678241872904432
1972,-0.24990342603583476
1973,0.0032834173838362313
1974,-0.09338319370394996
1975,-0.05734378914963868
1976,0.40865467683207535
1977,0.030878506353832425
1978,-0.39487982142039457
1979,-0.7855442116314933
1980,-0.1641168290816788
1981,-0.4506143876899364
1982,-0.31661757144470215
1983,-0.3418972631148801
1984,-0.049717011273496876
1985,-0.6340097591976673
1986,-0.3681828198154271
1987,-0.2354736991440012
1988,0.4995558942609436
1989,-0.2592389654701631
1990,0.07507265583100958
1991,-0.6874378002834932
1992,-0.406077934313299
1993,-0.31365980412640604
1994,0.1731090473506798
1995,-0.9558516450180089
1996,-0.002600918341646236
1997,0.2781768465491242
1998,0.7024061950600128
1999,-0.2261372107099904
