,value_per_image
0,0.5294117647058824
1,0.36764705882352944
2,0.2058823529411765
3,0.3529411764705882
4,0.6529411764705881
5,-0.2529411764705882
6,0.5176470588235293
7,0.8176470588235294
8,0.2852941176470589
9,0.2418889580210937
10,0.3911764705882353
11,-0.0588235294117647
12,0.2
13,-0.2147058823529412
14,0.052941176470588235
15,0.8176470588235294
16,0.5882352941176471
17,-0.1647058823529412
18,0.1323529411764706
19,0.40294117647058825
20,0.7529411764705882
21,0.06764705882352941
22,0.4617647058823529
23,0.4058823529411764
24,0.005882352941176471
25,0.7000000000000001
26,0.3480841103230373
27,-0.2470588235294117
28,0.4617647058823529
29,0.8411764705882352
30,0.7441176470588236
31,0.12352941176470587
32,0.1
33,0.008823529411764706
34,0.5176470588235293
35,0.18529411764705886
36,0.1352941176470588
37,0.5088235294117647
38,0.02941176470588235
39,0.4205882352941176
40,0.7176470588235294
41,-0.17352941176470588
42,0.4588235294117647
43,-0.2147058823529412
44,0.6617647058823529
45,0.4970588235294117
46,-0.10588235294117647
47,-0.1411764705882353
48,0.4558823529411765
49,0.09705882352941177
50,-0.3529411764705882
51,-0.7117647058823531
52,0.011764705882352941
53,0.55
54,0.052941176470588235
55,0.5470588235294118
56,0.07058823529411765
57,-0.06764705882352941
58,-0.06176470588235294
59,0.911764705882353
60,0.4205882352941176
61,-0.18529411764705886
62,0.5558823529411765
63,0.2352941176470588
64,0.0823529411764706
65,0.017647058823529408
66,0.3296542467149457
67,-0.55
68,0.4823529411764706
69,0.4558823529411765
70,-0.6
71,0.8294117647058824
72,0.4147058823529412
73,0.18823529411764706
74,-0.22058823529411767
75,0.6764705882352942
76,0.11176470588235292
77,0.6558823529411765
78,0.3529411764705882
79,0.8588235294117647
80,0.2058823529411765
81,-0.09117647058823528
82,0.7264705882352941
83,0.07652687870168383
84,0.6911764705882353
85,-0.1764705882352941
86,0.29411764705882354
87,0.21764705882352944
88,0.4852941176470588
89,0.6941176470588235
90,0.21176470588235294
91,0.7794117647058825
92,0.40294117647058825
93,-0.035294117647058816
94,0.36764705882352944
95,-0.2264705882352941
96,0.5823529411764706
97,-0.25588235294117645
98,0.052941176470588235
99,0.6029411764705882
100,-0.02941176470588235
101,-0.6794117647058824
102,0.11176470588235292
103,0.5441176470588236
104,0.18235294117647055
105,0.4264705882352941
106,0.06764705882352941
107,0.4088235294117647
108,0.6264705882352941
109,-0.17941176470588235
110,-0.02058823529411765
111,-0.5470588235294118
112,0.38235294117647056
113,0.6264705882352941
114,-0.16764705882352945
115,0.3970588235294118
116,-0.026470588235294117
117,0.6058823529411764
118,-0.18529411764705886
119,0.2058823529411765
120,0.6411764705882352
121,0.17352941176470588
122,0.538235294117647
123,0.27058823529411763
124,0.44117647058823534
125,0.8352941176470589
126,-0.44117647058823534
127,0.05588235294117647
128,-0.4529411764705882
129,0.5176470588235293
130,0.2617647058823529
131,0.07352941176470587
132,0.5617647058823529
133,-0.411764705882353
134,0.6088235294117647
135,0.2441176470588235
136,0.3147058823529411
137,0.2647058823529412
138,0.7147058823529412
139,0.19117647058823528
140,0.07058823529411765
141,0.0588235294117647
142,0.052941176470588235
143,0.2411764705882353
144,0.4147058823529412
145,0.3941176470588235
146,-0.2823529411764706
147,0.5470588235294118
148,0.3588235294117647
149,0.7128512848908483
150,0.6941176470588235
151,0.5205882352941177
152,0.5294117647058824
153,0.026470588235294117
154,0.10882352941176472
155,0.27058823529411763
156,0.4852941176470588
157,0.4647058823529412
158,0.2852941176470589
159,-0.2764705882352941
160,0.0029411764705882357
161,0.02058823529411765
162,-0.44117647058823534
163,0.2470588235294117
164,0.2764705882352941
165,0.05
166,0.888235294117647
167,0.0823529411764706
168,0.09411764705882353
169,-0.36764705882352944
170,-0.5
171,-0.7205882352941175
172,-0.3970588235294118
173,0.5205882352941177
174,0.5029411764705883
175,0.5058823529411764
176,0.5911764705882353
177,-0.12941176470588234
178,0.4205882352941176
179,0.8294117647058824
180,0.19117647058823528
181,0.19411764705882356
182,0.06470588235294117
183,0.017647058823529408
184,0.85
185,0.29705882352941176
186,0.13823529411764704
187,0.08823529411764705
188,0.3411764705882353
189,-0.05
190,-0.4147058823529412
191,-0.2911764705882353
192,0.4382352941176471
193,0.2058823529411765
194,0.5735294117647058
195,-0.6441176470588235
196,0.6470588235294118
197,0.4647058823529412
198,0.4941176470588235
199,0.7911764705882354
200,0.15882352941176472
201,0.3558823529411765
202,0.22352941176470587
203,0.65
204,0.10588235294117647
205,0.044117647058823525
206,0.6941176470588235
207,0.4676470588235294
208,-0.17941176470588235
209,0.7794117647058825
210,-0.11176470588235292
211,-0.2470588235294117
212,0.8852941176470588
213,0.5970588235294118
214,0.5529411764705882
215,-0.06764705882352941
216,0.1176470588235294
217,0.5558823529411765
218,0.05588235294117647
219,0.2264705882352941
220,0.5852941176470587
221,0.17352941176470588
222,0.5235294117647059
223,0.12352941176470587
224,0.1176470588235294
225,0.10588235294117647
226,-0.3529411764705882
227,0.09117647058823528
228,0.3411764705882353
229,0.2852941176470589
230,-0.29705882352941176
231,-0.22058823529411767
232,0.11176470588235292
233,0.7294117647058823
234,0.8794117647058824
235,0.4264705882352941
236,0.5147058823529412
237,0.0588235294117647
238,0.4941176470588235
239,-0.10882352941176472
240,-0.11470588235294114
241,0.2470588235294117
242,0.5176470588235293
243,0.25
244,-0.45
245,0.6411764705882352
246,0.4941176470588235
247,0.6411764705882352
248,-0.3622978892312024
249,0.36764705882352944
250,-0.2647058823529412
251,0.5617647058823529
252,0.7764705882352941
253,-0.7441176470588236
254,0.8529411764705882
255,0.3764705882352941
256,-0.008823529411764706
257,-0.5588235294117647
258,0.8294117647058824
259,0.6
260,0.2529411764705882
261,0.3117647058823529
262,-0.5617647058823529
263,-0.008823529411764706
264,0.23823529411764705
265,0.6411764705882352
266,0.2529411764705882
267,0.5735294117647058
268,0.6882352941176471
269,0.5558823529411765
270,-0.2411764705882353
271,-0.29411764705882354
272,0.6147058823529412
273,0.6617647058823529
274,0.2852941176470589
275,-0.023529411764705882
276,0.1264705882352941
277,-0.008823529411764706
278,0.4352941176470588
279,0.3058823529411765
280,0.8352941176470589
281,-0.23823529411764705
282,0.2470588235294117
283,0.75
284,0.27058823529411763
285,0.23823529411764705
286,0.6911764705882353
287,0.2058823529411765
288,0.15294117647058825
289,0.6176470588235293
290,-0.19411764705882356
291,0.5323529411764706
292,0.4558823529411765
293,-0.05588235294117647
294,0.3147058823529411
295,0.3764705882352941
296,0.3941176470588235
297,0.014705882352941175
298,0.6029411764705882
299,0.6705882352941177
300,0.1264705882352941
301,0.2529411764705882
302,0.4235294117647059
303,0.18235294117647055
304,0.21764705882352944
305,0.7382352941176471
306,0.5411764705882353
307,0.2852941176470589
308,0.2045622334525779
309,0.5764705882352941
310,0.047058823529411764
311,-0.008823529411764706
312,0.4058823529411764
313,0.023529411764705882
314,0.3147058823529411
315,-0.12941176470588234
316,-0.11176470588235292
317,0.538235294117647
318,0.2470588235294117
319,0.3294117647058824
320,0.8058823529411765
321,0.27058823529411763
322,0.4058823529411764
323,0.5764705882352941
324,0.11176470588235292
325,0.6294117647058822
326,0.02941176470588235
327,-0.18235294117647055
328,0.6794117647058824
329,0.005882352941176471
330,0.6205882352941177
331,-0.3852941176470588
332,0.6441176470588235
333,-0.22058823529411767
334,-0.2588235294117647
335,0.8558823529411764
336,-0.03823529411764706
337,0.7676470588235293
338,0.2441176470588235
339,-0.10882352941176472
340,0.4264705882352941
341,0.5058823529411764
342,-0.55
343,-0.4794117647058824
344,0.5617647058823529
345,0.7999999999999999
346,0.6941176470588235
347,0.2147058823529412
348,0.2264705882352941
349,0.2
350,-0.1411764705882353
351,-0.0411764705882353
352,-0.25588235294117645
353,-0.08529411764705883
354,0.35000000000000003
355,-0.3411764705882353
356,0.09705882352941177
357,0.21764705882352944
358,0.4985272427507907
359,0.4088235294117647
360,0.3647058823529412
361,0.6823529411764706
362,-0.16176470588235295
363,0.3205882352941176
364,0.28823529411764703
365,-0.03973511009510507
366,-0.4852941176470588
367,0.008823529411764706
368,0.0588235294117647
369,0.19117647058823528
370,0.2323529411764706
371,0.6735294117647058
372,0.45
373,0.005882352941176471
374,0.6970588235294117
375,0.5147058823529412
376,0.2852941176470589
377,0.7588235294117647
378,0.29705882352941176
379,-0.4147058823529412
380,-0.4441176470588235
381,-0.2676470588235294
382,0.2147058823529412
383,-0.21176470588235294
384,0.052941176470588235
385,0.5
386,-0.3558823529411765
387,-0.2647058823529412
388,0.3205882352941176
389,0.2676470588235294
390,-0.3970588235294118
391,-0.5205882352941177
392,0.1264705882352941
393,0.8294117647058824
394,0.20897724568536735
395,0.15882352941176472
396,0.4294117647058823
397,0.45
398,0.14705882352941174
399,0.6411764705882352
400,0.4352941176470588
401,0.023529411764705882
402,0.2764705882352941
403,0.2617647058823529
404,0.19117647058823528
405,0.1647058823529412
406,0.5558823529411765
407,0.3382352941176471
408,-0.19705882352941176
409,-0.3764705882352941
410,0.8205882352941177
411,-0.0823529411764706
412,0.5352941176470588
413,-0.011764705882352941
414,0.6294117647058822
415,0.4441176470588235
416,0.8647058823529412
417,0.3794117647058824
418,0.4253128450920505
419,0.5647058823529412
420,0.2352941176470588
421,0.5147058823529412
422,0.3882352941176471
423,0.5558823529411765
424,0.4441176470588235
425,0.21764705882352944
426,0.9441176470588234
427,0.7205882352941175
428,0.3058823529411765
429,-0.10882352941176472
430,-0.07647058823529412
431,0.5647058823529412
432,0.5470588235294118
433,0.4911764705882353
434,0.9264705882352942
435,0.4441176470588235
436,0.17352941176470588
437,0.7058823529411764
438,0.6411764705882352
439,0.4294117647058823
440,0.5058823529411764
441,0.9147058823529411
442,0.10588235294117647
443,0.8058823529411765
444,-0.6176470588235293
445,0.7647058823529411
446,0.8794117647058824
447,0.25588235294117645
448,0.4323529411764706
449,0.6647058823529411
450,0.4588235294117647
451,0.2911764705882353
452,0.3970588235294118
453,-0.4176470588235294
454,-0.06470588235294117
455,0.8441176470588234
456,0.33529411764705885
457,0.27058823529411763
458,0.8676470588235294
459,0.4205882352941176
460,-0.30882352941176466
461,0.6882352941176471
462,0.4176470588235294
463,-0.12941176470588234
464,0.8558823529411764
465,0.12941176470588234
466,0.8352941176470589
467,0.3882352941176471
468,0.1340207639025993
469,0.6705882352941177
470,0.4470588235294117
471,0.7235294117647059
472,0.2323529411764706
473,0.2058823529411765
474,0.10294117647058824
475,-0.3882352941176471
476,0.2470588235294117
477,0.15294117647058825
478,-0.3235294117647059
479,0.2264705882352941
480,0.2264705882352941
481,0.17941176470588235
482,0.16176470588235295
483,0.06764705882352941
484,0.2617647058823529
485,0.7558823529411764
486,0.5029411764705883
487,0.5117647058823529
488,0.2852941176470589
489,0.5441176470588236
490,0.017647058823529408
491,0.6852941176470588
492,-0.0588235294117647
493,-0.22352941176470587
494,0.6441176470588235
495,-0.02058823529411765
496,0.4
497,0.28823529411764703
498,0.3323529411764706
499,0.5117647058823529
500,0.33529411764705885
501,-0.16176470588235295
502,0.0588235294117647
503,0.4764705882352941
504,0.0411764705882353
505,0.7852941176470588
506,-0.032352941176470584
507,0.3294117647058824
508,-0.3
509,0.5882352941176471
510,0.10294117647058824
511,-0.026470588235294117
512,0.4705882352941176
513,0.08529411764705883
514,0.55
515,-0.09117647058823528
516,0.6441176470588235
517,-0.026470588235294117
518,0.4911764705882353
519,-0.008823529411764706
520,-0.023529411764705882
521,0.09117647058823528
522,0.07647058823529412
523,-0.18235294117647055
524,0.6147058823529412
525,0.1647058823529412
526,0.6294117647058822
527,0.5117647058823529
528,0.11176470588235292
529,0.05588235294117647
530,0.17352941176470588
531,0.4441176470588235
532,0.7117647058823531
533,0.5058823529411764
534,0.6181017125905233
535,0.0029411764705882357
536,0.035294117647058816
537,0.6294117647058822
538,0.4970588235294117
539,0.5911764705882353
540,0.4176470588235294
541,0.4294117647058823
542,0.2911764705882353
543,0.5852941176470587
544,0.5823529411764706
545,-0.5352941176470588
546,-0.6264705882352941
547,-0.23823529411764705
548,0.5058823529411764
549,0.4058823529411764
550,-0.1411764705882353
551,-0.19705882352941176
552,0.4382352941176471
553,-0.2441176470588235
554,0.36764705882352944
555,0.5588235294117647
556,0.10882352941176472
557,-0.2764705882352941
558,0.4205882352941176
559,0.2617647058823529
560,0.25
561,-0.3529411764705882
562,-0.0029411764705882357
563,0.5794117647058823
564,0.4558823529411765
565,0.6970588235294117
566,0.2411764705882353
567,0.03823529411764706
568,-0.02941176470588235
569,-0.2529411764705882
570,-0.1176470588235294
571,0.411764705882353
572,0.3794117647058824
573,0.25588235294117645
574,0.911764705882353
575,0.3411764705882353
576,-0.008823529411764706
577,0.5764705882352941
578,0.5
579,0.8147058823529412
580,0.5941176470588235
581,-0.17058823529411765
582,-0.1176470588235294
583,-0.4176470588235294
584,-0.07647058823529412
585,0.2411764705882353
586,0.7264705882352941
587,0.12941176470588234
588,0.2794117647058824
589,0.4147058823529412
590,-0.005882352941176471
591,0.7999999999999999
592,0.6294117647058822
593,0.30882352941176466
594,0.08823529411764705
595,0.4235294117647059
596,0.10588235294117647
597,-0.03823529411764706
598,0.3382352941176471
599,-0.5323529411764706
600,-0.3235294117647059
601,0.5323529411764706
602,0.27058823529411763
603,0.3205882352941176
604,0.2088235294117647
605,-0.2823529411764706
606,0.09117647058823528
607,-0.06764705882352941
608,0.48823529411764705
609,0.8205882352941177
610,0.7999999999999999
611,0.08823529411764705
612,-0.12352941176470587
613,0.2529411764705882
614,-0.2045622334525779
615,-0.5676470588235295
616,0.3647058823529412
617,0.0029411764705882357
618,0.5323529411764706
619,0.7588235294117647
620,0.18823529411764706
621,0.5264705882352941
622,0.29705882352941176
623,0.7264705882352941
624,0.15588235294117647
625,0.1411764705882353
626,0.06176470588235294
627,0.5794117647058823
628,0.3705882352941177
629,0.5176470588235293
630,0.12058823529411765
631,0.19411764705882356
632,0.5558823529411765
633,0.7411764705882353
634,0.44117647058823534
635,0.23823529411764705
636,0.7029411764705883
637,0.2147058823529412
638,0.2147058823529412
639,-0.6264705882352941
640,0.8117647058823528
641,-0.3735294117647059
642,0.7823529411764706
643,0.3911764705882353
644,-0.0029411764705882357
645,0.2911764705882353
646,0.14705882352941174
647,0.12941176470588234
648,0.4294117647058823
649,0.15882352941176472
650,-0.12058823529411765
651,0.09705882352941177
652,0.6529411764705881
653,0.2529411764705882
654,0.0
655,0.5058823529411764
656,0.2088235294117647
657,0.7382352941176471
658,0.6058823529411764
659,-0.06470588235294117
660,0.2441176470588235
661,0.5852941176470587
662,-0.0588235294117647
663,-0.17058823529411765
664,0.2794117647058824
665,-0.008823529411764706
666,0.2735294117647059
667,0.5529411764705882
668,0.6647058823529411
669,-0.40294117647058825
670,0.014705882352941175
671,0.5088235294117647
672,0.2058823529411765
673,0.3882352941176471
674,0.6617647058823529
675,0.6852941176470588
676,0.7676470588235293
677,0.7058823529411764
678,-0.14705882352941174
679,0.7911764705882354
680,-0.4974247115609449
681,0.30882352941176466
682,0.8058823529411765
683,-0.1764705882352941
684,0.21176470588235294
685,0.4323529411764706
686,0.07058823529411765
687,0.21764705882352944
688,0.4382352941176471
689,-0.06176470588235294
690,-0.06176470588235294
691,0.005882352941176471
692,0.7382352941176471
693,0.3794117647058824
694,0.18823529411764706
695,-0.09705882352941177
696,0.7617647058823529
697,0.6294117647058822
698,0.3911764705882353
699,-0.2
700,0.2794117647058824
701,-0.3617647058823529
702,0.75
703,0.4088235294117647
704,0.09117647058823528
705,0.2588235294117647
706,0.3617647058823529
707,0.07647058823529412
708,0.5529411764705882
709,0.5676470588235295
710,-0.16176470588235295
711,-0.0588235294117647
712,0.4323529411764706
713,0.2588235294117647
714,0.2411764705882353
715,0.4088235294117647
716,0.36764705882352944
717,0.22058823529411767
718,-0.07941176470588236
719,0.17352941176470588
720,0.09705882352941177
721,0.05588235294117647
722,0.4235294117647059
723,0.05
724,0.1647058823529412
725,0.15
726,-0.4911764705882353
727,0.6205882352941177
728,0.3617647058823529
729,0.09117647058823528
730,0.21176470588235294
731,0.4735294117647058
732,0.3558823529411765
733,-0.3794117647058824
734,0.2794117647058824
735,0.5147058823529412
736,-0.3058823529411765
737,0.07941176470588236
738,0.5823529411764706
739,0.25
740,-0.032352941176470584
741,-0.18529411764705886
742,0.4352941176470588
743,-0.6294117647058822
744,0.7323529411764707
745,0.1352941176470588
746,0.3558823529411765
747,0.3264705882352941
748,0.032376756373789305
749,0.03823529411764706
750,0.5911764705882353
751,-0.3852941176470588
752,-0.07058823529411765
753,0.2058823529411765
754,0.017647058823529408
755,0.9352941176470588
756,0.28823529411764703
757,0.7147058823529412
758,-0.15294117647058825
759,0.2852941176470589
760,0.6029411764705882
761,0.12352941176470587
762,-0.07941176470588236
763,-0.005882352941176471
764,0.4794117647058824
765,0.4147058823529412
766,0.026470588235294117
767,-0.4735294117647058
768,0.19411764705882356
769,-0.3970588235294118
770,-0.22058823529411767
771,0.22941176470588234
772,0.5911764705882353
773,0.2470588235294117
774,0.5735294117647058
775,0.35000000000000003
776,-0.3558823529411765
777,0.2058823529411765
778,0.40294117647058825
779,0.3764705882352941
780,0.4323529411764706
781,-0.10588235294117647
782,0.9029411764705882
783,-0.5941176470588235
784,0.6852941176470588
785,-0.5764705882352941
786,0.02941176470588235
787,0.6323529411764706
788,-0.2470588235294117
789,0.7323529411764707
790,0.8058823529411765
791,-0.7999999999999999
792,0.5352941176470588
793,0.2147058823529412
794,0.2264705882352941
795,-0.6352941176470589
796,0.1176470588235294
797,-0.11470588235294114
798,0.3235294117647059
799,-0.3470588235294117
800,0.22058823529411767
801,0.5852941176470587
802,-0.18529411764705886
803,0.538235294117647
804,0.4
805,0.25588235294117645
806,-0.10588235294117647
807,0.3235294117647059
808,0.3735294117647059
809,0.48823529411764705
810,0.25
811,0.888235294117647
812,-0.03823529411764706
813,-0.0823529411764706
814,0.6147058823529412
815,-0.6470588235294118
816,0.2323529411764706
817,0.2352941176470588
818,-0.3
819,0.4941176470588235
820,0.2823529411764706
821,-0.17352941176470588
822,0.2735294117647059
823,0.4941176470588235
824,0.6558823529411765
825,0.4588235294117647
826,-0.09705882352941177
827,0.22058823529411767
828,0.4323529411764706
829,0.4352941176470588
830,0.5264705882352941
831,0.33529411764705885
832,-0.6
833,0.011764705882352941
834,0.4294117647058823
835,-0.2529411764705882
836,0.3411764705882353
837,-0.17352941176470588
838,0.6352941176470589
839,0.005882352941176471
840,-0.4941176470588235
841,0.7147058823529412
842,0.7558823529411764
843,0.2647058823529412
844,-0.16764705882352945
845,0.1323529411764706
846,-0.026470588235294117
847,0.22352941176470587
848,0.8647058823529412
849,-0.22058823529411767
850,0.044117647058823525
851,0.2264705882352941
852,-0.25
853,0.411764705882353
854,0.02941176470588235
855,0.6176470588235293
856,0.02058823529411765
857,-0.6058823529411764
858,-0.3941176470588235
859,-0.4558823529411765
860,-0.1647058823529412
861,0.4382352941176471
862,0.4488595770002609
863,-0.1764705882352941
864,0.2676470588235294
865,-0.10890363507547317
866,-0.1176470588235294
867,0.14705882352941174
868,-0.1764705882352941
869,0.6
870,0.3705882352941177
871,0.8470588235294119
872,0.8441176470588234
873,0.18529411764705886
874,0.22941176470588234
875,0.09705882352941177
876,0.5264705882352941
877,0.3970588235294118
878,0.6147058823529412
879,0.17058823529411765
880,0.29411764705882354
881,0.7911764705882354
882,0.2911764705882353
883,0.3205882352941176
884,0.8411764705882352
885,-0.005882352941176471
886,0.4264705882352941
887,0.6882352941176471
888,0.5941176470588235
889,-0.4264705882352941
890,0.5647058823529412
891,-0.5441176470588236
892,-0.3294117647058824
893,0.17941176470588235
894,-0.823529411764706
895,-0.1647058823529412
896,-0.5852941176470587
897,0.3970588235294118
898,-0.6558823529411765
899,0.2735294117647059
900,-0.6382352941176471
901,-0.3058823529411765
902,0.34411764705882353
903,-0.3294117647058824
904,0.3705882352941177
905,0.411764705882353
906,0.4735294117647058
907,-0.2852941176470589
908,0.5911764705882353
909,-0.5529411764705882
910,-0.2647058823529412
911,0.02058823529411765
912,0.5147058823529412
913,0.18823529411764706
914,0.3029411764705882
915,0.6882352941176471
916,0.09705882352941177
917,0.21764705882352944
918,0.5617647058823529
919,0.09411764705882353
920,0.15882352941176472
921,0.02941176470588235
922,0.8735294117647058
923,0.10588235294117647
924,0.3558823529411765
925,-0.06176470588235294
926,0.3529411764705882
927,0.16764705882352945
928,0.8411764705882352
929,-0.1411764705882353
930,-0.4264705882352941
931,-0.4382352941176471
932,0.5058823529411764
933,0.5176470588235293
934,0.0411764705882353
935,0.032352941176470584
936,0.5117647058823529
937,0.7676470588235293
938,0.6147058823529412
939,0.3411764705882353
940,0.19117647058823528
941,-0.16176470588235295
942,0.3117647058823529
943,0.55
944,-0.2352941176470588
945,0.6705882352941177
946,0.7705882352941176
947,0.5294117647058824
948,0.0588235294117647
949,0.29411764705882354
950,0.4676470588235294
951,0.17352941176470588
952,0.7235294117647059
953,0.6294117647058822
954,0.55
955,-0.6705882352941177
956,0.5294117647058824
957,0.22352941176470587
958,0.5088235294117647
959,-0.017647058823529408
960,0.2676470588235294
961,0.21176470588235294
962,0.34411764705882353
963,0.3382352941176471
964,0.4794117647058824
965,-0.0823529411764706
966,0.3
967,0.3058823529411765
968,-0.2058823529411765
969,-0.44117647058823534
970,-0.12352941176470587
971,-0.12941176470588234
972,0.888235294117647
973,0.3941176470588235
974,-0.10294117647058824
975,0.7970588235294117
976,0.538235294117647
977,-0.6147058823529412
978,0.3705882352941177
979,0.5764705882352941
980,0.23823529411764705
981,-0.4264705882352941
982,0.10588235294117647
983,0.5235294117647059
984,0.10588235294117647
985,0.10588235294117647
986,0.34411764705882353
987,-0.011764705882352941
988,0.8441176470588234
989,-0.5411764705882353
990,0.06764705882352941
991,-0.06764705882352941
992,0.2323529411764706
993,0.15
994,0.2323529411764706
995,0.7764705882352941
996,0.5735294117647058
997,-0.3529411764705882
998,0.7676470588235293
999,0.1176470588235294
1000,0.1323529411764706
1001,0.4470588235294117
1002,-0.4205882352941176
1003,0.5970588235294118
1004,-0.3323529411764706
1005,0.2029411764705882
1006,0.16764705882352945
1007,0.3941176470588235
1008,0.7970588235294117
1009,0.07352941176470587
1010,0.3794117647058824
1011,0.2147058823529412
1012,-0.12941176470588234
1013,0.5352941176470588
1014,0.6029411764705882
1015,0.8647058823529412
1016,-0.09705882352941177
1017,-0.29411764705882354
1018,0.11470588235294114
1019,0.7029411764705883
1020,-0.5676470588235295
1021,-0.3205882352941176
1022,0.538235294117647
1023,0.22941176470588234
1024,0.6147058823529412
1025,0.3235294117647059
1026,0.6823529411764706
1027,0.008823529411764706
1028,0.8558823529411764
1029,0.22058823529411767
1030,0.4735294117647058
1031,0.3705882352941177
1032,-0.07647058823529412
1033,0.7858721774365224
1034,0.6852941176470588
1035,0.6470588235294118
1036,-0.6647058823529411
1037,0.032352941176470584
1038,-0.3647058823529412
1039,0.017647058823529408
1040,0.17352941176470588
1041,0.6352941176470589
1042,0.7647058823529411
1043,0.02941176470588235
1044,-0.16764705882352945
1045,0.4647058823529412
1046,-0.2823529411764706
1047,0.6147058823529412
1048,0.17058823529411765
1049,0.7117647058823531
1050,-0.026470588235294117
1051,0.4617647058823529
1052,0.05588235294117647
1053,0.6970588235294117
1054,0.6941176470588235
1055,-0.3705882352941177
1056,-0.03823529411764706
1057,0.05
1058,-0.12352941176470587
1059,0.09705882352941177
1060,0.8323529411764706
1061,0.8294117647058824
1062,-0.2264705882352941
1063,0.3852941176470588
1064,-0.2088235294117647
1065,-0.44117647058823534
1066,0.6352941176470589
1067,0.5441176470588236
1068,0.02058823529411765
1069,0.2794117647058824
1070,0.3970588235294118
1071,-0.11470588235294114
1072,0.5764705882352941
1073,0.4735294117647058
1074,0.6
1075,-0.7000000000000001
1076,-0.7735294117647058
1077,-0.6088235294117647
1078,0.6794117647058824
1079,-0.3617647058823529
1080,-0.011764705882352941
1081,-0.18529411764705886
1082,0.1352941176470588
1083,0.6794117647058824
1084,0.5676470588235295
1085,-0.3470588235294117
1086,0.2264705882352941
1087,0.40294117647058825
1088,-0.15294117647058825
1089,-0.4323529411764706
1090,-0.25588235294117645
1091,0.4911764705882353
1092,0.1352941176470588
1093,0.2411764705882353
1094,0.5588235294117647
1095,0.4470588235294117
1096,0.2764705882352941
1097,0.2088235294117647
1098,-0.06176470588235294
1099,-0.4323529411764706
1100,0.7176470588235294
1101,-0.005882352941176471
1102,0.5029411764705883
1103,-0.19705882352941176
1104,0.0823529411764706
1105,0.4735294117647058
1106,0.4
1107,0.7735294117647058
1108,0.5882352941176471
1109,-0.08823529411764705
1110,-0.08529411764705883
1111,-0.11470588235294114
1112,-0.1323529411764706
1113,-0.014705882352941175
1114,-0.2764705882352941
1115,0.7970588235294117
1116,0.4323529411764706
1117,0.4911764705882353
1118,-0.4088235294117647
1119,0.09117647058823528
1120,0.6794117647058824
1121,0.1411764705882353
1122,0.6617647058823529
1123,0.18235294117647055
1124,0.017647058823529408
1125,0.21764705882352944
1126,0.7911764705882354
1127,0.1176470588235294
1128,0.5794117647058823
1129,0.25
1130,0.1647058823529412
1131,0.2411764705882353
1132,0.10882352941176472
1133,-0.4323529411764706
1134,0.4617647058823529
1135,0.2676470588235294
1136,0.07058823529411765
1137,0.02941176470588235
1138,-0.035294117647058816
1139,-0.8205882352941177
1140,0.4588235294117647
1141,0.33529411764705885
1142,-0.3323529411764706
1143,-0.3970588235294118
1144,0.35000000000000003
1145,0.09705882352941177
1146,-0.07058823529411765
1147,0.017647058823529408
1148,0.33529411764705885
1149,0.7941176470588236
1150,0.5529411764705882
1151,0.3617647058823529
1152,0.6852941176470588
1153,0.2058823529411765
1154,-0.27058823529411763
1155,0.4294117647058823
1156,0.2441176470588235
1157,-0.4470588235294117
1158,-0.2529411764705882
1159,0.4588235294117647
1160,0.5676470588235295
1161,0.0029411764705882357
1162,0.611764705882353
1163,0.2647058823529412
1164,0.3235294117647059
1165,0.6764705882352942
1166,-0.3852941176470588
1167,0.035294117647058816
1168,0.7470588235294118
1169,0.1
1170,0.5941176470588235
1171,0.1647058823529412
1172,-0.11470588235294114
1173,-0.5794117647058823
1174,0.3264705882352941
1175,0.8382352941176471
1176,-0.09705882352941177
1177,-0.1264705882352941
1178,0.3323529411764706
1179,0.5294117647058824
1180,0.4235294117647059
1181,0.6352941176470589
1182,-0.03823529411764706
1183,0.7235294117647059
1184,0.19705882352941176
1185,-0.06470588235294117
1186,0.4294117647058823
1187,0.02058823529411765
1188,0.0
1189,-0.2617647058823529
1190,-0.02941176470588235
1191,0.7470588235294118
1192,0.4970588235294117
1193,0.5529411764705882
1194,0.7470588235294118
1195,0.06470588235294117
1196,-0.21176470588235294
1197,-0.17352941176470588
1198,0.3205882352941176
1199,0.3735294117647059
1200,0.6970588235294117
1201,0.2411764705882353
1202,0.2029411764705882
1203,0.4058823529411764
1204,0.2323529411764706
1205,0.10882352941176472
1206,0.8617647058823529
1207,0.2911764705882353
1208,0.4235294117647059
1209,0.09705882352941177
1210,0.2764705882352941
1211,0.4470588235294117
1212,-0.4970588235294117
1213,0.7088235294117646
1214,0.5
1215,0.6058823529411764
1216,0.0
1217,-0.30882352941176466
1218,0.2794117647058824
1219,-0.0029411764705882357
1220,0.4264705882352941
1221,0.6470588235294118
1222,0.2794117647058824
1223,-0.30882352941176466
1224,0.25588235294117645
1225,0.8411764705882352
1226,0.8588235294117647
1227,0.2264705882352941
1228,0.33529411764705885
1229,0.5117647058823529
1230,-0.6
1231,-0.2
1232,0.4529411764705882
1233,0.6735294117647058
1234,0.65
1235,-0.3705882352941177
1236,0.8323529411764706
1237,0.6352941176470589
1238,-0.07647058823529412
1239,-0.4323529411764706
1240,0.3411764705882353
1241,-0.09705882352941177
1242,-0.29705882352941176
1243,0.5294117647058824
1244,-0.6529411764705881
1245,0.2794117647058824
1246,0.29411764705882354
1247,0.5058823529411764
1248,0.44117647058823534
1249,0.7264705882352941
1250,0.1
1251,0.29705882352941176
1252,0.5441176470588236
1253,0.8264705882352942
1254,0.0823529411764706
1255,0.5617647058823529
1256,0.4264705882352941
1257,0.09117647058823528
1258,-0.3
1259,0.1764705882352941
1260,0.29705882352941176
1261,-0.3
1262,0.3764705882352941
1263,0.09705882352941177
1264,0.5088235294117647
1265,0.7852941176470588
1266,-0.11176470588235292
1267,0.11470588235294114
1268,0.3470588235294117
1269,0.5441176470588236
1270,0.21764705882352944
1271,0.3852941176470588
1272,0.3205882352941176
1273,0.5588235294117647
1274,0.3852941176470588
1275,0.047058823529411764
1276,0.4529411764705882
1277,0.611764705882353
1278,0.0588235294117647
1279,0.3911764705882353
1280,0.6882352941176471
1281,0.5088235294117647
1282,0.28823529411764703
1283,0.7000000000000001
1284,-0.1
1285,0.3617647058823529
1286,-0.1323529411764706
1287,0.15
1288,0.33529411764705885
1289,0.2764705882352941
1290,0.3794117647058824
1291,-0.5970588235294118
1292,0.4147058823529412
1293,-0.08823529411764705
1294,0.4735294117647058
1295,0.5794117647058823
1296,0.09411764705882353
1297,0.25588235294117645
1298,0.7852941176470588
1299,0.1692421355902623
1300,0.06176470588235294
1301,0.2323529411764706
1302,-0.29411764705882354
1303,0.3617647058823529
1304,0.6617647058823529
1305,0.6764705882352942
1306,0.5117647058823529
1307,-0.25588235294117645
1308,0.7529411764705882
1309,0.2911764705882353
1310,0.15588235294117647
1311,-0.1764705882352941
1312,0.7588235294117647
1313,-0.55
1314,0.3147058823529411
1315,-0.1352941176470588
1316,0.05
1317,0.19411764705882356
1318,0.2647058823529412
1319,0.2764705882352941
1320,0.4764705882352941
1321,0.7352941176470589
1322,0.10882352941176472
1323,-0.052941176470588235
1324,-0.15588235294117647
1325,0.2852941176470589
1326,-0.35000000000000003
1327,-0.06764705882352941
1328,0.3588235294117647
1329,0.4617647058823529
1330,0.005882352941176471
1331,0.4088235294117647
1332,0.6705882352941177
1333,0.7176470588235294
1334,0.7911764705882354
1335,0.5588235294117647
1336,0.7676470588235293
1337,0.005882352941176471
1338,0.29411764705882354
1339,-0.2441176470588235
1340,0.17941176470588235
1341,-0.21176470588235294
1342,0.5647058823529412
1343,0.1
1344,0.7764705882352941
1345,0.5970588235294118
1346,-0.10588235294117647
1347,0.2529411764705882
1348,0.44117647058823534
1349,0.0588235294117647
1350,0.4941176470588235
1351,0.7970588235294117
1352,-0.08529411764705883
1353,0.7382352941176471
1354,0.28823529411764703
1355,0.6147058823529412
1356,-0.5882352941176471
1357,-0.2470588235294117
1358,0.611764705882353
1359,-0.21176470588235294
1360,-0.02941176470588235
1361,0.29411764705882354
1362,-0.6647058823529411
1363,0.5264705882352941
1364,0.4911764705882353
1365,-0.11176470588235292
1366,-0.27058823529411763
1367,0.3294117647058824
1368,-0.2264705882352941
1369,0.017647058823529408
1370,0.06176470588235294
1371,-0.3323529411764706
1372,0.3205882352941176
1373,0.2735294117647059
1374,0.3470588235294117
1375,0.4676470588235294
1376,-0.07941176470588236
1377,0.18529411764705886
1378,-0.2529411764705882
1379,0.6882352941176471
1380,0.6323529411764706
1381,0.3735294117647059
1382,0.4
1383,0.5882352941176471
1384,0.2411764705882353
1385,0.7558823529411764
1386,0.6529411764705881
1387,0.5647058823529412
1388,-0.35000000000000003
1389,0.19411764705882356
1390,0.1352941176470588
1391,0.10588235294117647
1392,0.3764705882352941
1393,0.6294117647058822
1394,-0.017647058823529408
1395,0.4441176470588235
1396,0.3382352941176471
1397,0.7441176470588236
1398,0.4529411764705882
1399,0.5823529411764706
1400,0.5029411764705883
1401,0.7999999999999999
1402,0.0029411764705882357
1403,0.6176470588235293
1404,-0.4970588235294117
1405,-0.1323529411764706
1406,0.4558823529411765
1407,0.4852941176470588
1408,0.6794117647058824
1409,0.11176470588235292
1410,-0.0411764705882353
1411,0.0411764705882353
1412,-0.4
1413,-0.2470588235294117
1414,-0.22352941176470587
1415,-0.3882352941176471
1416,0.17058823529411765
1417,0.22941176470588234
1418,0.7088235294117646
1419,0.05588235294117647
1420,-0.014705882352941175
1421,0.4294117647058823
1422,0.22352941176470587
1423,0.035294117647058816
1424,-0.3205882352941176
1425,0.11176470588235292
1426,-0.31764705882352945
1427,0.4588235294117647
1428,0.8411764705882352
1429,-0.3
1430,0.6735294117647058
1431,0.16764705882352945
1432,0.31764705882352945
1433,0.4382352941176471
1434,0.3558823529411765
1435,0.5147058823529412
1436,0.7470588235294118
1437,0.3647058823529412
1438,0.30882352941176466
1439,0.19411764705882356
1440,-0.11176470588235292
1441,0.15882352941176472
1442,0.2
1443,0.12941176470588234
1444,0.6264705882352941
1445,0.3764705882352941
1446,-0.3117647058823529
1447,0.2911764705882353
1448,0.25588235294117645
1449,0.5911764705882353
1450,0.5058823529411764
1451,-0.3588235294117647
1452,0.2852941176470589
1453,0.5323529411764706
1454,0.22058823529411767
1455,0.4382352941176471
1456,0.8058823529411765
1457,0.8735294117647058
1458,0.07058823529411765
1459,0.3617647058823529
1460,0.035294117647058816
1461,0.3
1462,0.3235294117647059
1463,0.6647058823529411
1464,0.3470588235294117
1465,-0.3911764705882353
1466,-0.0588235294117647
1467,0.3382352941176471
1468,0.5941176470588235
1469,-0.1
1470,0.4058823529411764
1471,0.3029411764705882
1472,0.6382352941176471
1473,0.5029411764705883
1474,0.7117647058823531
1475,0.5882352941176471
1476,0.023529411764705882
1477,0.2470588235294117
1478,0.3470588235294117
1479,0.10294117647058824
1480,0.5147058823529412
1481,-0.09117647058823528
1482,0.17352941176470588
1483,-0.6147058823529412
1484,0.3558823529411765
1485,0.4941176470588235
1486,0.2529411764705882
1487,0.0411764705882353
1488,0.14705882352941174
1489,0.6529411764705881
1490,0.10882352941176472
1491,0.7117647058823531
1492,0.15882352941176472
1493,0.5176470588235293
1494,0.1323529411764706
1495,0.6029411764705882
1496,-0.25588235294117645
1497,0.6058823529411764
1498,0.4588235294117647
1499,-0.008823529411764706
1500,0.09411764705882353
1501,-0.3470588235294117
1502,0.4562179307215766
1503,0.21764705882352944
1504,-0.7205882352941175
1505,0.05
1506,0.3558823529411765
1507,0.6058823529411764
1508,0.2588235294117647
1509,-0.047058823529411764
1510,-0.1411764705882353
1511,0.2147058823529412
1512,0.6794117647058824
1513,-0.17352941176470588
1514,-0.16764705882352945
1515,-0.17058823529411765
1516,0.8705882352941177
1517,-0.2823529411764706
1518,-0.4518029184887871
1519,-0.15882352941176472
1520,-0.12941176470588234
1521,-0.5176470588235293
1522,0.85
1523,0.2352941176470588
1524,-0.2764705882352941
1525,-0.2029411764705882
1526,0.8117647058823528
1527,0.2823529411764706
1528,0.1
1529,0.19117647058823528
1530,0.5235294117647059
1531,0.005882352941176471
1532,0.6882352941176471
1533,-0.02058823529411765
1534,-0.02941176470588235
1535,0.5823529411764706
1536,0.035294117647058816
1537,0.2735294117647059
1538,0.4441176470588235
1539,0.3
1540,0.1264705882352941
1541,0.7411764705882353
1542,0.6088235294117647
1543,0.09705882352941177
1544,0.09705882352941177
1545,0.538235294117647
1546,0.2
1547,0.7323529411764707
1548,0.3529411764705882
1549,0.6911764705882353
1550,0.5
1551,0.34411764705882353
1552,0.8705882352941177
1553,0.2735294117647059
1554,0.21764705882352944
1555,-0.05
1556,0.22352941176470587
1557,0.11470588235294114
1558,0.22941176470588234
1559,0.044117647058823525
1560,-0.10294117647058824
1561,0.5
1562,-0.035294117647058816
1563,-0.1352941176470588
1564,-0.35000000000000003
1565,0.5176470588235293
1566,0.14411764705882352
1567,-0.3147058823529411
1568,0.6470588235294118
1569,-0.5147058823529412
1570,0.3647058823529412
1571,0.6382352941176471
1572,-0.3852941176470588
1573,0.6294117647058822
1574,0.15
1575,-0.11176470588235292
1576,0.17058823529411765
1577,0.95
1578,0.4264705882352941
1579,0.6794117647058824
1580,0.2911764705882353
1581,0.6205882352941177
1582,0.6735294117647058
1583,0.17941176470588235
1584,-0.05588235294117647
1585,0.005882352941176471
1586,0.07647058823529412
1587,0.4147058823529412
1588,-0.011764705882352941
1589,-0.2029411764705882
1590,-0.10882352941176472
1591,0.33529411764705885
1592,0.5088235294117647
1593,0.10588235294117647
1594,-0.2058823529411765
1595,-0.035294117647058816
1596,0.4264705882352941
1597,0.2352941176470588
1598,-0.34411764705882353
1599,-0.1411764705882353
1600,0.3470588235294117
1601,0.45
1602,0.6794117647058824
1603,-0.25
1604,-0.21764705882352944
1605,0.1
1606,0.032352941176470584
1607,0.6617647058823529
1608,0.6911764705882353
1609,0.6323529411764706
1610,0.6058823529411764
1611,0.29705882352941176
1612,0.2
1613,0.09411764705882353
1614,-0.5117647058823529
1615,0.5058823529411764
1616,0.16176470588235295
1617,0.3294117647058824
1618,0.2323529411764706
1619,0.4676470588235294
1620,-0.4264705882352941
1621,0.2441176470588235
1622,-0.15588235294117647
1623,-0.05588235294117647
1624,0.4588235294117647
1625,0.3735294117647059
1626,0.5647058823529412
1627,0.7529411764705882
1628,0.3382352941176471
1629,-0.06764705882352941
1630,-0.3029411764705882
1631,0.011764705882352941
1632,0.2588235294117647
1633,0.3529411764705882
1634,0.2147058823529412
1635,0.08823529411764705
1636,0.044117647058823525
1637,0.052941176470588235
1638,0.5058823529411764
1639,0.4
1640,0.3294117647058824
1641,0.08823529411764705
1642,-0.18235294117647055
1643,-0.2441176470588235
1644,0.29411764705882354
1645,0.6823529411764706
1646,0.5470588235294118
1647,0.2264705882352941
1648,0.16176470588235295
1649,0.10882352941176472
1650,-0.10588235294117647
1651,0.09411764705882353
1652,-0.0411764705882353
1653,0.7029411764705883
1654,-0.06764705882352941
1655,-0.017647058823529408
1656,0.0411764705882353
1657,0.6352941176470589
1658,-0.3264705882352941
1659,-0.28823529411764703
1660,0.09117647058823528
1661,0.45
1662,0.3294117647058824
1663,0.17058823529411765
1664,0.5617647058823529
1665,0.2617647058823529
1666,-0.6794117647058824
1667,0.5705882352941177
1668,0.5323529411764706
1669,-0.12352941176470587
1670,0.17058823529411765
1671,0.3294117647058824
1672,0.3411764705882353
1673,0.06764705882352941
1674,0.02941176470588235
1675,-0.40294117647058825
1676,0.6794117647058824
1677,0.6382352941176471
1678,0.5764705882352941
1679,0.5323529411764706
1680,0.3294117647058824
1681,0.12058823529411765
1682,0.16176470588235295
1683,0.6254600663118389
1684,-0.11176470588235292
1685,-0.6411764705882352
1686,0.9088235294117648
1687,0.6323529411764706
1688,0.3323529411764706
1689,0.13823529411764704
1690,-0.2823529411764706
1691,0.5147058823529412
1692,-0.6823529411764706
1693,0.19117647058823528
1694,0.2441176470588235
1695,0.3264705882352941
1696,-0.23823529411764705
1697,0.55
1698,0.4705882352941176
1699,0.07352941176470587
1700,0.33529411764705885
1701,0.1176470588235294
1702,-0.02941176470588235
1703,-0.18235294117647055
1704,0.6647058823529411
1705,0.5235294117647059
1706,0.2676470588235294
1707,0.2911764705882353
1708,0.5676470588235295
1709,0.3
1710,0.411764705882353
1711,0.7294117647058823
1712,0.6088235294117647
1713,0.34411764705882353
1714,0.2647058823529412
1715,-0.38557773499694536
1716,-0.22058823529411767
1717,0.2264705882352941
1718,-0.5323529411764706
1719,-0.2911764705882353
1720,0.2617647058823529
1721,-0.45
1722,-0.19705882352941176
1723,0.023529411764705882
1724,0.16176470588235295
1725,-0.2147058823529412
1726,0.0823529411764706
1727,0.09411764705882353
1728,-0.09411764705882353
1729,0.5235294117647059
1730,0.05588235294117647
1731,-0.3382352941176471
1732,-0.2852941176470589
1733,0.7705882352941176
1734,0.5352941176470588
1735,0.22352941176470587
1736,0.5588235294117647
1737,0.3617647058823529
1738,0.27058823529411763
1739,0.3
1740,0.34411764705882353
1741,0.3205882352941176
1742,0.5352941176470588
1743,0.8352941176470589
1744,0.6470588235294118
1745,0.21764705882352944
1746,0.5970588235294118
1747,0.55
1748,0.6176470588235293
1749,-0.07352941176470587
1750,-0.017647058823529408
1751,0.3529411764705882
1752,0.4794117647058824
1753,0.02941176470588235
1754,0.07352941176470587
1755,0.36764705882352944
1756,0.09705882352941177
1757,0.10294117647058824
1758,0.05588235294117647
1759,0.3411764705882353
1760,-0.1176470588235294
1761,0.4941176470588235
1762,0.2
1763,0.16764705882352945
1764,0.5705882352941177
1765,0.11470588235294114
1766,-0.4529411764705882
1767,-0.035294117647058816
1768,0.35000000000000003
1769,0.27058823529411763
1770,-0.05
1771,-0.65
1772,-0.10294117647058824
1773,0.6205882352941177
1774,-0.0823529411764706
1775,0.2264705882352941
1776,0.10588235294117647
1777,0.2852941176470589
1778,-0.25588235294117645
1779,0.29411764705882354
1780,0.3705882352941177
1781,-0.12058823529411765
1782,0.16176470588235295
1783,0.9058823529411764
1784,-0.21764705882352944
1785,-0.2735294117647059
1786,0.6088235294117647
1787,0.3588235294117647
1788,0.0411764705882353
1789,0.08823529411764705
1790,-0.19411764705882356
1791,0.044117647058823525
1792,0.5617647058823529
1793,0.411764705882353
1794,-0.3558823529411765
1795,-0.03823529411764706
1796,0.4058823529411764
1797,0.28823529411764703
1798,0.3588235294117647
1799,0.3294117647058824
1800,0.5264705882352941
1801,0.2764705882352941
1802,0.5176470588235293
1803,0.8205882352941177
1804,-0.3058823529411765
1805,0.6235294117647059
1806,0.4264705882352941
1807,-0.014705882352941175
1808,0.44117647058823534
1809,0.25
1810,0.3235294117647059
1811,0.10588235294117647
1812,0.2735294117647059
1813,-0.3029411764705882
1814,0.4735294117647058
1815,0.65
1816,0.3235294117647059
1817,0.611764705882353
1818,0.5
1819,-0.4852941176470588
1820,0.8382352941176471
1821,0.15294117647058825
1822,0.6588235294117648
1823,0.7461370673414173
1824,0.6735294117647058
1825,0.1264705882352941
1826,0.4058823529411764
1827,-0.06176470588235294
1828,-0.21764705882352944
1829,0.538235294117647
1830,0.18235294117647055
1831,-0.25
1832,0.3235294117647059
1833,0.3
1834,0.2647058823529412
1835,0.15
1836,-0.2029411764705882
1837,0.85
1838,0.3705882352941177
1839,0.5323529411764706
1840,0.026470588235294117
1841,-0.3882352941176471
1842,0.6735294117647058
1843,0.2
1844,0.4147058823529412
1845,0.7382352941176471
1846,0.35000000000000003
1847,0.7823529411764706
1848,0.4676470588235294
1849,0.5235294117647059
1850,0.15
1851,0.4764705882352941
1852,-0.35000000000000003
1853,0.4147058823529412
1854,0.5941176470588235
1855,0.5676470588235295
1856,0.6882352941176471
1857,0.4264705882352941
1858,0.6235294117647059
1859,0.7852941176470588
1860,-0.33529411764705885
1861,0.19117647058823528
1862,0.40294117647058825
1863,-0.5588235294117647
1864,0.4852941176470588
1865,-0.1764705882352941
1866,0.2470588235294117
1867,0.014705882352941175
1868,-0.17058823529411765
1869,0.6264705882352941
1870,0.25588235294117645
1871,0.29411764705882354
1872,0.4941176470588235
1873,-0.06764705882352941
1874,0.035294117647058816
1875,-0.2352941176470588
1876,-0.3852941176470588
1877,-0.026470588235294117
1878,0.4764705882352941
1879,0.11470588235294114
1880,0.22941176470588234
1881,-0.6352941176470589
1882,0.005882352941176471
1883,-0.11470588235294114
1884,0.3882352941176471
1885,0.4558823529411765
1886,-0.2352941176470588
1887,0.2647058823529412
1888,0.3382352941176471
1889,-0.1
1890,0.2823529411764706
1891,0.8588235294117647
1892,0.5470588235294118
1893,0.10588235294117647
1894,-0.411764705882353
1895,0.5
1896,0.6823529411764706
1897,0.1352941176470588
1898,0.6852941176470588
1899,0.044117647058823525
1900,0.4705882352941176
1901,-0.3
1902,0.4852941176470588
1903,0.1352941176470588
1904,0.3
1905,-0.2441176470588235
1906,0.023529411764705882
1907,0.22058823529411767
1908,0.5058823529411764
1909,0.1323529411764706
1910,-0.4088235294117647
1911,0.5117647058823529
1912,0.06176470588235294
1913,0.2264705882352941
1914,0.8029411764705883
1915,-0.3411764705882353
1916,0.4176470588235294
1917,0.4470588235294117
1918,0.4558823529411765
1919,-0.06764705882352941
1920,0.5029411764705883
1921,0.4323529411764706
1922,0.5941176470588235
1923,-0.3117647058823529
1924,0.4647058823529412
1925,0.032352941176470584
1926,0.3911764705882353
1927,0.4352941176470588
1928,-0.34411764705882353
1929,-0.14705882352941174
1930,0.6088235294117647
1931,-0.40294117647058825
1932,-0.19411764705882356
1933,0.6588235294117648
1934,0.5676470588235295
1935,0.6676470588235294
1936,0.4794117647058824
1937,0.5558823529411765
1938,0.5323529411764706
1939,0.08529411764705883
1940,0.3617647058823529
1941,-0.06470588235294117
1942,0.09705882352941177
1943,-0.4588235294117647
1944,0.5529411764705882
1945,0.2058823529411765
1946,0.5647058823529412
1947,0.5735294117647058
1948,0.5764705882352941
1949,0.4558823529411765
1950,0.2735294117647059
1951,0.5911764705882353
1952,0.3970588235294118
1953,-0.34411764705882353
1954,-0.02941176470588235
1955,0.25588235294117645
1956,0.2
1957,0.5058823529411764
1958,-0.14705882352941174
1959,0.12941176470588234
1960,-0.25588235294117645
1961,0.14705882352941174
1962,0.3411764705882353
1963,-0.047058823529411764
1964,0.6
1965,-0.4794117647058824
1966,0.3029411764705882
1967,0.017647058823529408
1968,-0.5470588235294118
1969,0.014705882352941175
1970,0.45
1971,0.38235294117647056
1972,0.6970588235294117
1973,0.6294117647058822
1974,0.0
1975,0.6264705882352941
1976,-0.18529411764705886
1977,-0.3606847977021189
1978,0.6029411764705882
1979,-0.21764705882352944
1980,-0.4441176470588235
1981,0.05588235294117647
1982,-0.5088235294117647
1983,0.34411764705882353
1984,0.4264705882352941
1985,0.28823529411764703
1986,0.31764705882352945
1987,-0.2617647058823529
1988,0.34411764705882353
1989,0.1411764705882353
1990,0.2058823529411765
1991,-0.18529411764705886
1992,0.4058823529411764
1993,0.2911764705882353
1994,0.044117647058823525
1995,0.4647058823529412
1996,0.07941176470588236
1997,0.30882352941176466
1998,-0.3705882352941177
1999,-0.15
