,value_per_image
0,0.3300381067789997
1,0.35825371706898457
2,0.3569807722426773
3,0.4082267704235887
4,0.38607032280044196
5,0.3883032993229604
6,0.4428500110126521
7,0.3948345724494482
8,0.5441714463018855
9,0.3353111245906259
10,0.4923677830447766
11,0.27964513287504555
12,0.4118683264893719
13,0.3118930843277324
14,0.2430727317618293
15,0.3840142686184394
16,0.3015886694703549
17,0.3679977125717188
18,0.3505434481469237
19,0.32996483055786435
20,0.35197085366880565
21,0.4615771533287607
22,0.43578842570442017
23,0.3352694525121854
24,0.4535783362017042
25,0.35209518088578123
26,0.31468105485772296
27,0.4139232098056257
28,0.3446528409116573
29,0.310183578984081
30,0.4099680026964347
31,0.5364372876467912
32,0.5341719824229068
33,0.4877822009754624
34,0.3686210794237509
35,0.3222599013915973
36,0.4200046349501407
37,0.4407282694524539
38,0.2792894581719909
39,0.31689569220243924
40,0.4699137587960173
41,0.3838357096185675
42,0.4181811941759563
43,0.4117253941233519
44,0.2970039898809975
45,0.3072929911758361
46,0.3993013732224742
47,0.3755058850378959
48,0.2983362066454777
49,0.3265519029971251
50,0.27224888465131675
51,0.4025666341648287
52,0.3860207418723929
53,0.3787366144554699
54,0.20950508382378455
55,0.34353781614461393
56,0.35378590505743274
57,0.3910730971405042
58,0.3626477019792193
59,0.5621048934107901
60,0.3226671795507172
61,0.2572772487825423
62,0.3288355301979017
63,0.273128354488944
64,0.5236390159255621
65,0.25865969262868
66,0.3219748280910605
67,0.3440600783291396
68,0.2868487052257363
69,0.3759271654089707
70,0.26950744668739696
71,0.3653496742786429
72,0.4147732069770487
73,0.3264757776484644
74,0.2408252082353616
75,0.4612975215241102
76,0.2857489876600816
77,0.2964483413069684
78,0.3719073800080031
79,0.32805181444157
80,0.4985616020338444
81,0.2352073129848696
82,0.38881361318922497
83,0.4381553207445044
84,0.4307163091482873
85,0.5232675901252443
86,0.451920981098809
87,0.27120215669448555
88,0.330897099691482
89,0.3449416369744713
90,0.3963013116593909
91,0.3080152613390897
92,0.31136263419421817
93,0.32113252381182
94,0.31464616160260245
95,0.4355301196597685
96,0.2820822056133889
97,0.26141121985261184
98,0.3764523195685444
99,0.5402702265175985
100,0.2144266923923802
101,0.4475964215483304
102,0.4799872962014529
103,0.35011001982580725
104,0.4214390924500189
105,0.4790397127280273
106,0.5299218664509278
107,0.4936044982769638
108,0.3339821096069532
109,0.30398628615508017
110,0.3469492275342635
111,0.4329426248393579
112,0.4151691769194028
113,0.4134046311134749
114,0.3557046238289035
115,0.3293968146149146
116,0.26982251540605634
117,0.3024579506070053
118,0.2884781645828813
119,0.4045719316101616
120,0.4037061044504624
121,0.32367456341326023
122,0.3387974813443916
123,0.4424966550732356
124,0.23615139622667405
125,0.3956045781993108
126,0.2283069440647043
127,0.321734488335235
128,0.4498862838850726
129,0.2626934986901045
130,0.3146882924695861
131,0.31605218381593714
132,0.4720386697358784
133,0.3676595505155094
134,0.39199798259055146
135,0.34138055706291714
136,0.3962295994182623
137,0.3735599321719767
138,0.3767790118569218
139,0.3167927772101982
140,0.5085100949133592
141,0.3851840331710243
142,0.4520785424619482
143,0.4023079800418633
144,0.3859129418982105
145,0.4728100975899553
146,0.2013740012347802
147,0.3545945448592366
148,0.4636785412454281
149,0.35815866453066264
150,0.3369097596713832
151,0.32088091572273825
152,0.4956501115218458
153,0.2327979647283859
154,0.5176463593969941
155,0.4157355235425613
156,0.4255760374538423
157,0.4409790480742163
158,0.4288744250707453
159,0.35625743160112283
160,0.4749571959341977
161,0.4018352056528375
162,0.39261813941585466
163,0.34973000277321564
164,0.3731029562291477
165,0.3078369673433302
166,0.36724862905859257
167,0.23603299075302075
168,0.3388928397597462
169,0.4654391488873854
170,0.2407409917034048
171,0.4924445913435622
172,0.3632610777555227
173,0.4665549213132605
174,0.3611471709595148
175,0.4096219580253351
176,0.2565727764121738
177,0.3436956906465786
178,0.4718955437386861
179,0.3795648017704197
180,0.34688141365824543
181,0.39097473579731257
182,0.5238708221230213
183,0.3395817919005245
184,0.3571571348096012
185,0.2930136814587171
186,0.2736517408993221
187,0.35063943492226296
188,0.5770673530239792
189,0.44946510642068654
190,0.21928338197863176
191,0.3337289143850945
192,0.34978748208197746
193,0.3218722557035231
194,0.36619057392983306
195,0.3688985718527497
196,0.3556920667381768
197,0.3821487059552425
198,0.19468799054973795
199,0.3723614589256649
200,0.3397844772646023
201,0.4525986226213861
202,0.3265100808464557
203,0.2554598871467527
204,0.3396808626102385
205,0.4544831137668893
206,0.32004184115136664
207,0.448248465993056
208,0.30642100707317205
209,0.4921476202338492
210,0.4207408558222496
211,0.4316711058756603
212,0.3504064286900729
213,0.4620929228814616
214,0.3677178769987737
215,0.42121890827549896
216,0.4295775487553948
217,0.31042809859063675
218,0.4189728327216984
219,0.5118574189335787
220,0.4654039620273904
221,0.29683936090339746
222,0.4184101755437972
223,0.3277614130545209
224,0.3335534659842217
225,0.2887297704587685
226,0.29951700987457563
227,0.2288578535427966
228,0.33109810146122104
229,0.3561222607630347
230,0.2961708850161588
231,0.3110883748775563
232,0.3966220172105155
233,0.23604792188503346
234,0.2957458073585073
235,0.4530133747833421
236,0.3755297326568584
237,0.3196428913812885
238,0.39584442906460654
239,0.3224872240173709
240,0.28935506848796544
241,0.23446647917954705
242,0.4110471095716653
243,0.281116607544604
244,0.2627765426263871
245,0.30549162943313873
246,0.29954124304309626
247,0.3356746173321398
248,0.4562696430868656
249,0.360351556520356
250,0.26836158740007016
251,0.3799366939896388
252,0.4377278083068964
253,0.301394987818248
254,0.3528974874202065
255,0.4336532687256913
256,0.4049512384731885
257,0.272432721253612
258,0.4135704856841505
259,0.2363567756996769
260,0.35748641728928704
261,0.29830857561758456
262,0.36094131650606015
263,0.35768894264506346
264,0.4082910264865921
265,0.3386120197680039
266,0.2665305447813868
267,0.4421690094438936
268,0.4308694355533994
269,0.4299239382393553
270,0.2602106427612649
271,0.18488749236053445
272,0.4326513326859866
273,0.5219427150845805
274,0.32092444221691435
275,0.29508365758806154
276,0.3945245652340054
277,0.2746130485436936
278,0.32740611598825897
279,0.4378203366626083
280,0.33272580655159184
281,0.3518735195558431
282,0.4686267724244305
283,0.4197692124479485
284,0.2811076557528516
285,0.504324965310831
286,0.4863715332517649
287,0.3061105772376635
288,0.3691173025272771
289,0.3385697738517041
290,0.3435826158034381
291,0.3974370494654861
292,0.49038309182910705
293,0.500147807463947
294,0.3637343372767582
295,0.4765500147890649
296,0.3646003097559736
297,0.2294810185710804
298,0.3898123681901799
299,0.5737405605398588
300,0.33554937428924003
301,0.28022142674945155
302,0.3931225766186772
303,0.31378844634781466
304,0.4937198043899176
305,0.3158557202363391
306,0.3746972725200478
307,0.3151769178585871
308,0.4826418037922128
309,0.36107495363326825
310,0.4223329875606454
311,0.4327726794806921
312,0.287661489546796
313,0.3159458705059848
314,0.3366546909297589
315,0.4066397455715284
316,0.3040948142213237
317,0.2972446615434647
318,0.341346887977301
319,0.4480228516083229
320,0.4358794182171721
321,0.3348735452997463
322,0.3233514502951728
323,0.41775952326059546
324,0.5397512936366068
325,0.3124272426682031
326,0.3286132488570617
327,0.2788630711222088
328,0.30444675707897995
329,0.40072830449623176
330,0.1982155735430391
331,0.4533046420493501
332,0.3790695721285354
333,0.3168538505399033
334,0.2919911255104309
335,0.5022647781424451
336,0.2812804672900881
337,0.3544985337748989
338,0.508642101246802
339,0.3304735338700035
340,0.23329555849068925
341,0.4569408668400504
342,0.41613432479915496
343,0.25991730749419123
344,0.3139469680151585
345,0.35651775142858483
346,0.26267306135056484
347,0.3817146938987302
348,0.37718114381849216
349,0.3053987090739759
350,0.4240792461386052
351,0.264035192916187
352,0.3104652033398401
353,0.5015984478694979
354,0.21270690524302927
355,0.2380492004158616
356,0.5158367505807601
357,0.2805265206851281
358,0.2798112832582749
359,0.3017745476430197
360,0.4996489374558354
361,0.4061845747511182
362,0.3398407594510925
363,0.3890016048476269
364,0.4322294804062317
365,0.3015253755050093
366,0.26416903383588025
367,0.3789147173588382
368,0.3427294751941037
369,0.3108067128256889
370,0.4092293681046145
371,0.2997171944469448
372,0.41921524523466985
373,0.3415643172478735
374,0.34956828496297315
375,0.4067853763405708
376,0.25708645038495864
377,0.3341690022994453
378,0.3887526418372284
379,0.4300453459896373
380,0.4889942704816859
381,0.3382524196028147
382,0.3720458839531931
383,0.3573752258889542
384,0.3536044446002332
385,0.3431341629255468
386,0.2778758094032417
387,0.3765936539048018
388,0.5031369219717845
389,0.402919623880062
390,0.3137729814819332
391,0.2925319129031101
392,0.3322049857132571
393,0.23262640027911954
394,0.2871515259140384
395,0.3985383846015819
396,0.35281887688031816
397,0.4025835816676094
398,0.3729261906355035
399,0.3616751818565693
400,0.34716578410647586
401,0.3593740223048845
402,0.21439849436061698
403,0.2812741773880898
404,0.35538087954497943
405,0.4442643322304001
406,0.40359957523168855
407,0.4785443561303047
408,0.3173312067673393
409,0.4097968608977371
410,0.4708944913272314
411,0.3903791409556424
412,0.40299596017331946
413,0.3702630853773296
414,0.3468199882126472
415,0.3364825548396129
416,0.3123707928345585
417,0.4378949457565735
418,0.3362528593334721
419,0.3177551272620788
420,0.3039589957293797
421,0.4865574973674134
422,0.2654430678593689
423,0.3886536359789725
424,0.2204283412461868
425,0.4199469274699523
426,0.3705159147138057
427,0.4101847421302261
428,0.5116506216106163
429,0.3482640835303911
430,0.3099399827858613
431,0.3009011190096151
432,0.4158143289129036
433,0.3343978058815101
434,0.25820767088054913
435,0.4177903107589508
436,0.4787414653484106
437,0.33674202932123426
438,0.3901667814842708
439,0.36784370064927335
440,0.3952683960867801
441,0.208017464513862
442,0.2871791844965808
443,0.4986112849965082
444,0.4348120942921334
445,0.4414437478978713
446,0.253736110748439
447,0.2628930313558201
448,0.376616803817637
449,0.3059490433489224
450,0.3304349153844229
451,0.2974591230104814
452,0.429682933641901
453,0.4231270009366392
454,0.3451133033536229
455,0.2382792546593916
456,0.2187945408208806
457,0.3965130772593576
458,0.4633450673742132
459,0.3308825198717242
460,0.3159022988225553
461,0.38337711254707696
462,0.27770836239180835
463,0.4360267283705069
464,0.2768576069613954
465,0.4503516114825789
466,0.3778444465003264
467,0.4614797268476956
468,0.2197773560378844
469,0.44854789638327097
470,0.3330226519014412
471,0.3576882495305249
472,0.3237934646963381
473,0.28610518155341685
474,0.398795143979318
475,0.3650399394883706
476,0.28439808527347743
477,0.4405832763249251
478,0.26855648922087444
479,0.3899816821396138
480,0.2530573623579621
481,0.3695660453743032
482,0.381744292195844
483,0.3854988039250341
484,0.3756500582502957
485,0.3438790062726986
486,0.287303715033586
487,0.265841371874847
488,0.3633452811018811
489,0.3976516675854197
490,0.3335858925074973
491,0.3351506451748334
492,0.2177692216167979
493,0.3772028585898701
494,0.2692647503742702
495,0.43299407917449495
496,0.433744222702826
497,0.3301284968659556
498,0.31670071015441903
499,0.4125361358299854
500,0.2771133632751041
501,0.3590986283862551
502,0.4531790701522925
503,0.3313147174759579
504,0.2981572720250199
505,0.364903563789092
506,0.5574381452927007
507,0.44058190936047137
508,0.35260499702421755
509,0.391452476434232
510,0.3549040019724895
511,0.4100699152745383
512,0.5838206851230839
513,0.30729469567647405
514,0.4270343624056308
515,0.3899633659861893
516,0.4183844828732605
517,0.2649371742104975
518,0.3541327196170417
519,0.2813060764225935
520,0.3680640514689096
521,0.4339705207117648
522,0.3836866037596093
523,0.23209412543861505
524,0.29199440935206544
525,0.32786018634619724
526,0.3423249682038373
527,0.5010844085024106
528,0.30467029257855177
529,0.3238544788241646
530,0.27430871496847703
531,0.31526874917509506
532,0.23464785335541666
533,0.3809490856956154
534,0.3825079279605064
535,0.3303345439952844
536,0.4536678107450287
537,0.4719276885386034
538,0.4418285772622574
539,0.3503964383321535
540,0.2797504897705897
541,0.2568934399100285
542,0.31663059886616146
543,0.3337820853290321
544,0.3164023746846066
545,0.3711951246020119
546,0.2716615961682464
547,0.3363374781075276
548,0.39310942427112505
549,0.2615417724898713
550,0.29913941024707713
551,0.36237942043697613
552,0.4108496032512225
553,0.4014208488421765
554,0.6158278519053211
555,0.5329776162994221
556,0.3958427742223405
557,0.4884484011702286
558,0.39680923219995856
559,0.4074519983528211
560,0.4901603803515576
561,0.3346570326200299
562,0.4634097581651847
563,0.35555854710359425
564,0.3102512792900991
565,0.32614472198916633
566,0.4217888862175437
567,0.19220444743950324
568,0.495213580199752
569,0.3264417287187833
570,0.5210182427752604
571,0.16797617880276852
572,0.44909349271224985
573,0.5082144597873074
574,0.3697090882718439
575,0.5034905007484137
576,0.3689492592347776
577,0.2849531538339835
578,0.5195688785659905
579,0.3963083616003905
580,0.24871934024929884
581,0.2963259014294832
582,0.4798226453597933
583,0.3888799357631487
584,0.4956945704454548
585,0.37762174770629015
586,0.3223138144003385
587,0.1874890307817397
588,0.5065914704158808
589,0.4671465493439204
590,0.3253500538329326
591,0.3767096336873932
592,0.3916024036911125
593,0.36249714044643344
594,0.27672386367249346
595,0.3889076964004299
596,0.4702513362511304
597,0.2799908398265428
598,0.5509826729803362
599,0.4323136551748754
600,0.3863119327865939
601,0.3703517659160324
602,0.3158263616496241
603,0.4607803117736845
604,0.4039225472596639
605,0.2567259892384594
606,0.25815543260864515
607,0.4142038429209892
608,0.3856201074659375
609,0.3827957930840043
610,0.3714202539825008
611,0.3032914538256949
612,0.27691796473383884
613,0.29896667964504703
614,0.410906985551383
615,0.2737865367660461
616,0.2443304444614056
617,0.3661898269089535
618,0.3867535255869476
619,0.2896759891070504
620,0.4287264410874319
621,0.4456416795667029
622,0.4236222253110977
623,0.3771163762075127
624,0.4432901332949537
625,0.4894704323131421
626,0.3394801479080537
627,0.4228367658168716
628,0.5073664270828292
629,0.4836664661431656
630,0.3210256293238423
631,0.3939737646748814
632,0.3495846083076817
633,0.4317300300263517
634,0.4551377010441261
635,0.1580816859251098
636,0.43753045703829424
637,0.3192258410884594
638,0.3376358708877019
639,0.3133571363216777
640,0.4029398057915117
641,0.5341685350937208
642,0.3719609147688567
643,0.2807692764129485
644,0.24407726096462445
645,0.29056772915224355
646,0.4124045879214319
647,0.26946545656837106
648,0.3121868093744647
649,0.5164707679893116
650,0.1956236753063164
651,0.3323957521685376
652,0.36396555156063604
653,0.4339503036679303
654,0.3556690563864397
655,0.4854099002894825
656,0.16111448171946444
657,0.5358066224820436
658,0.3368588108611589
659,0.27596427714766264
660,0.3444774745374009
661,0.4392404357043734
662,0.3016122416333233
663,0.5557414191232543
664,0.2433708302579313
665,0.3166191505261665
666,0.4393828922039358
667,0.32023594993653515
668,0.3987738284954493
669,0.28841152937562353
670,0.3039562999289072
671,0.2881874823657061
672,0.4472802572093963
673,0.32113876588009616
674,0.4333698280462009
675,0.5431851814784463
676,0.2944695093591121
677,0.29171776292121043
678,0.4205990592046362
679,0.34217081876980154
680,0.2513063346205085
681,0.3272445980216169
682,0.3056563677269782
683,0.3624862675346676
684,0.3941241031569849
685,0.40942528805633394
686,0.25256728276176715
687,0.35204177504036865
688,0.34823430672060496
689,0.2816237459238872
690,0.19833691207735105
691,0.3346449238542103
692,0.3786457642975764
693,0.3405174413726568
694,0.43254091571147213
695,0.17912424635400476
696,0.3898652449618649
697,0.4139989400615343
698,0.4271262537928529
699,0.5239234726165574
700,0.2654920765539181
701,0.20686479636211688
702,0.3718755986734357
703,0.4972148970712394
704,0.3148284615669926
705,0.34589887956792864
706,0.3324992246591041
707,0.3633133847759234
708,0.34945818406063245
709,0.3843760969285409
710,0.30969630739915965
711,0.30445094842830395
712,0.2910795224453827
713,0.2514212917086673
714,0.3839188953852458
715,0.3196944905398376
716,0.3555514304315214
717,0.2763123306987027
718,0.32570014006726483
719,0.38623776805615
720,0.490908528789674
721,0.308933637838092
722,0.4229263572678015
723,0.4023808710362995
724,0.3892763224769159
725,0.3910041121997014
726,0.3758447974930332
727,0.5238181806946305
728,0.3706623392018487
729,0.2772312082048817
730,0.4643894352285427
731,0.2957281204928328
732,0.3527716783300467
733,0.451291667556453
734,0.3728437251717904
735,0.3234818701009073
736,0.3055086263759512
737,0.35863678222448153
738,0.4553869421328284
739,0.3324985967261819
740,0.3073422986200604
741,0.4617534431980048
742,0.32087023190525016
743,0.2903223161875543
744,0.3607637892909521
745,0.3860862517204923
746,0.4476290985578641
747,0.3063246159700987
748,0.36333788464393774
749,0.2617236592310281
750,0.3822393056953343
751,0.3002030548883309
752,0.3542243033894596
753,0.4633632978506457
754,0.21242651857625272
755,0.4392094189980145
756,0.30694220275928946
757,0.3490252002647876
758,0.4637520051519022
759,0.5322262411906429
760,0.2830875425617927
761,0.27655935046868096
762,0.4135663868181406
763,0.3562832172388078
764,0.3495315582593009
765,0.32039280511907753
766,0.5100820174051433
767,0.2575652010282635
768,0.3283750471766341
769,0.3453696234964422
770,0.5054639974906571
771,0.342231040176649
772,0.4419252784669718
773,0.3022555446804341
774,0.2473089989678303
775,0.3308258041740255
776,0.3874564242499642
777,0.2461023963144297
778,0.4533200981305354
779,0.3093852737945129
780,0.4514882932117932
781,0.4783455347231743
782,0.4288673629896134
783,0.2428853323048153
784,0.2713098422487625
785,0.4179407435536009
786,0.2911408197222736
787,0.2787869755292806
788,0.38048238577908905
789,0.3815778309252963
790,0.2989228437530142
791,0.3201272807300408
792,0.4447230118530522
793,0.3595241378305465
794,0.3601000277927752
795,0.3887110151862169
796,0.4334947919636785
797,0.4866921670231944
798,0.33585337424388595
799,0.18248238529536606
800,0.29036134844231004
801,0.3985334191872333
802,0.32792137880869066
803,0.25468793895137604
804,0.4642926356231671
805,0.488693971923216
806,0.3742991862031468
807,0.2944856857850832
808,0.4211235130421969
809,0.2804322831280073
810,0.4638027010865389
811,0.412853944680383
812,0.38636213870217057
813,0.32341805621478353
814,0.4461740894809429
815,0.562789438772827
816,0.3212398740134617
817,0.5203298701151512
818,0.3597027652020333
819,0.2986580981897523
820,0.38127321538113257
821,0.4921873339168498
822,0.3718201960790525
823,0.3529276057201112
824,0.5841006777253879
825,0.31727740548682354
826,0.494292370579525
827,0.3923748574823064
828,0.4461855629217289
829,0.36395491032914734
830,0.22474388177124915
831,0.2606388071248841
832,0.3594897175024036
833,0.35180117578827
834,0.35051271414395635
835,0.2794140796713187
836,0.36638272313377146
837,0.39071890478354937
838,0.3986979959274548
839,0.4359120323765588
840,0.33346557683202666
841,0.37593252067454425
842,0.2330220202297291
843,0.2848332272772885
844,0.2944113659316792
845,0.3996985082838671
846,0.2524747303334547
847,0.4902555414658242
848,0.3038613738876201
849,0.4879767289988887
850,0.32728558505573785
851,0.4141497943307063
852,0.2011545429712824
853,0.4522015990197095
854,0.34754630389104924
855,0.5307454491029104
856,0.4801620945833007
857,0.43959959113124497
858,0.4119304479049704
859,0.3734015065188483
860,0.2266729106509285
861,0.3422733164433188
862,0.2948600011791085
863,0.3200042825395044
864,0.22876635416293234
865,0.4180080873077981
866,0.4373269833489532
867,0.2773519589999553
868,0.3639050532960509
869,0.40341238270271396
870,0.2756583888425271
871,0.35167513224115104
872,0.4287335733424967
873,0.2846199559459104
874,0.438430675279752
875,0.3784729728773971
876,0.3824990361071381
877,0.2953537375111738
878,0.34351163167773235
879,0.3222229919221595
880,0.2584407123184919
881,0.41424248705732597
882,0.5090590819237254
883,0.3922628842673344
884,0.39744743808497823
885,0.2962893006066925
886,0.3388299785184081
887,0.3869724738496903
888,0.4118909088183013
889,0.19760241293385514
890,0.33987643740179146
891,0.421411826052604
892,0.37889450141334186
893,0.2652645519632469
894,0.24694945678019745
895,0.4883818724986491
896,0.33600563022960866
897,0.3086916200024714
898,0.3900475047377823
899,0.3601462376892262
900,0.3512946719952371
901,0.4139000022753031
902,0.3081299567351716
903,0.34143431272228963
904,0.2033191693923561
905,0.4036838507783313
906,0.3069715752343733
907,0.3976401854157041
908,0.3803133779079496
909,0.2659939368675202
910,0.25809796057673623
911,0.4232606478021351
912,0.5296307053700684
913,0.30105406511566
914,0.3690565012419978
915,0.368293787760491
916,0.4399624847629007
917,0.4115103266412142
918,0.3935282907706799
919,0.3103576247279343
920,0.4942137776052994
921,0.2740709753763596
922,0.5214311171663626
923,0.3763854746422005
924,0.3547528918089073
925,0.41841631047735534
926,0.4047457835067031
927,0.3682492411446415
928,0.4926691721038649
929,0.4685010278822784
930,0.19166547067457126
931,0.29625959856185
932,0.4132716512671543
933,0.22482552660944494
934,0.4152890594314549
935,0.4914238341390053
936,0.2104327489500331
937,0.4753105041635622
938,0.2788523156712699
939,0.25648186854777305
940,0.4756945469843951
941,0.4146545684523039
942,0.3151112937457255
943,0.4646602759969801
944,0.2832514313717359
945,0.43838277632699096
946,0.4842528975363502
947,0.3193015430646332
948,0.21538535095028769
949,0.4198901417760209
950,0.4419940310753676
951,0.3733476742830279
952,0.3171975888739966
953,0.3860131026795125
954,0.29791059529591696
955,0.4465106649287687
956,0.3708605603264615
957,0.3083739484158365
958,0.32541307915049483
959,0.41150394714374
960,0.3084370399485552
961,0.2270576281966949
962,0.3580120689440032
963,0.4758172972578303
964,0.485564451470451
965,0.38036808849706605
966,0.3935053347056594
967,0.5041301338682097
968,0.5196799896915574
969,0.3043587311774781
970,0.4246004331329205
971,0.2583538634507893
972,0.34550624752232056
973,0.397068361468606
974,0.3161984786469261
975,0.4047406178343965
976,0.31487201982803315
977,0.4118169428879645
978,0.3533339807762071
979,0.41482718941104535
980,0.22497039282924414
981,0.3651005593271605
982,0.2667856101054323
983,0.24247589030973335
984,0.4845998386862953
985,0.35201833434159874
986,0.3389818426171219
987,0.4730055586050953
988,0.3165359571601693
989,0.3902421000021796
990,0.3677137766721751
991,0.22004208099583572
992,0.3408446761872326
993,0.4495924563386393
994,0.4664037181068091
995,0.389370019417105
996,0.3182367914650253
997,0.3421957377610491
998,0.2775690511114631
999,0.5006237609012499
1000,0.44147142826946384
1001,0.45160797435146505
1002,0.3944706203055571
1003,0.3403670771854765
1004,0.3521014212755981
1005,0.2515563088584313
1006,0.380392340851588
1007,0.49630909550016405
1008,0.3728271048794153
1009,0.3502429373517366
1010,0.4544467030475261
1011,0.22509958202167205
1012,0.2770471091025923
1013,0.2538595851349353
1014,0.4373734836406414
1015,0.3548613453542346
1016,0.4656668573196717
1017,0.4280955444538742
1018,0.5661615652081329
1019,0.31112977202255665
1020,0.4376962781993867
1021,0.328904693023687
1022,0.3882882956249408
1023,0.34059844626728125
1024,0.25372612495960123
1025,0.2557744627411848
1026,0.5122195710005896
1027,0.3329151846350338
1028,0.3364426380486258
1029,0.5213836786476307
1030,0.3211433358065296
1031,0.3126893351255229
1032,0.4034274387995933
1033,0.27995163229171843
1034,0.4689825171421223
1035,0.2691714012719944
1036,0.4400999078825417
1037,0.478515232491066
1038,0.2658178147080234
1039,0.42295604639547457
1040,0.4675772433783436
1041,0.4794545061370709
1042,0.3150498496830285
1043,0.2131522892266231
1044,0.30262501912761025
1045,0.35315822335819563
1046,0.4929816446781773
1047,0.4009239186789651
1048,0.34054428624583
1049,0.397418556441755
1050,0.3523672788207658
1051,0.38484951680606827
1052,0.24946171604274905
1053,0.3018280333334801
1054,0.3440064330921407
1055,0.4296903244956495
1056,0.41513965050745816
1057,0.28703658889625244
1058,0.3954056949502461
1059,0.5038637762151938
1060,0.4647104288702649
1061,0.4515334413673052
1062,0.3435951651958497
1063,0.1881439268575452
1064,0.4332082580554976
1065,0.29519236080536737
1066,0.4201408020347361
1067,0.2267720504368445
1068,0.3815403432188049
1069,0.4072177688693053
1070,0.2510118197416324
1071,0.2364895563823121
1072,0.3785187523778396
1073,0.34515344198292225
1074,0.4134732430963016
1075,0.4591650793509486
1076,0.5613299349658986
1077,0.2669994237160527
1078,0.3349645012690908
1079,0.33995359919442736
1080,0.2745108945896088
1081,0.5754240111345758
1082,0.40709689844460906
1083,0.4880296827564814
1084,0.3181326227848563
1085,0.3868176031051812
1086,0.4637772376828306
1087,0.3812419611915507
1088,0.4633637121062213
1089,0.1889704289226149
1090,0.4334164037748656
1091,0.40732805967358293
1092,0.2013711820504136
1093,0.3159045717398654
1094,0.3218282388481048
1095,0.29714996374034314
1096,0.3178586153268821
1097,0.3684522574936813
1098,0.3460509305126058
1099,0.2103299428166932
1100,0.2460188081138528
1101,0.4209569568284751
1102,0.4150605903168769
1103,0.5343729645107839
1104,0.3374511904260257
1105,0.3809200941859624
1106,0.33383659833463303
1107,0.3300782742834061
1108,0.46749925487742894
1109,0.30088539655238794
1110,0.3066238499547393
1111,0.23621921333685614
1112,0.2999426075624623
1113,0.3189157782544997
1114,0.4516239212761039
1115,0.18473439970227346
1116,0.22678488771067265
1117,0.3616499163372921
1118,0.3088474156564298
1119,0.4493455688916781
1120,0.4196634119064389
1121,0.4015802354276125
1122,0.4331472946268627
1123,0.3513649871255744
1124,0.3701561395734703
1125,0.4558933198860621
1126,0.3791975846537944
1127,0.5214475661437474
1128,0.3430235243546775
1129,0.2983636652360428
1130,0.2811537602143685
1131,0.5017739902811226
1132,0.4331213765366168
1133,0.3788548240328949
1134,0.5374908425711057
1135,0.4665455124184812
1136,0.16529892327156054
1137,0.2712447200467978
1138,0.36650409841512094
1139,0.30733666478502897
1140,0.6432560120101046
1141,0.3515700812262227
1142,0.3800437315573536
1143,0.4763879403642824
1144,0.2972657360512835
1145,0.31484688416068946
1146,0.3714492308543368
1147,0.2495872027581081
1148,0.42475999695338135
1149,0.3586700358971644
1150,0.35562891976183314
1151,0.5849693055483305
1152,0.35452893420747456
1153,0.3274633755758915
1154,0.34912510569229377
1155,0.38615528238794505
1156,0.4246820526021184
1157,0.23523738709282654
1158,0.2875020115668873
1159,0.4328512537157536
1160,0.3561805628350038
1161,0.34994133097607183
1162,0.3994744268183593
1163,0.2909471570617368
1164,0.4470887488238307
1165,0.4881178727718958
1166,0.3680450418022909
1167,0.2732756303657483
1168,0.39938892307208096
1169,0.4559082992213662
1170,0.3019444771166184
1171,0.3872933750030905
1172,0.3586235584888092
1173,0.2146262519073104
1174,0.2787528297947598
1175,0.34945177792237875
1176,0.4573426352162617
1177,0.3600900463246642
1178,0.2274790184013765
1179,0.366401035162949
1180,0.38095989540272734
1181,0.2934231440927353
1182,0.3073331319536361
1183,0.4145145668142272
1184,0.31379897510592664
1185,0.3306331390493929
1186,0.3674079555195845
1187,0.4664300796524689
1188,0.3671569418983323
1189,0.3152021551524941
1190,0.3658982578727826
1191,0.33540341996014245
1192,0.28852576586107465
1193,0.4940432022861042
1194,0.35311031980928426
1195,0.526356205286993
1196,0.2842845905197278
1197,0.2142941985077849
1198,0.22491045203015256
1199,0.477160920281312
1200,0.4005558285959443
1201,0.37979197475753984
1202,0.33248106062695043
1203,0.4011190327961072
1204,0.2736396483445056
1205,0.3806364463295696
1206,0.30041584988146514
1207,0.3341161919147375
1208,0.3244916825688141
1209,0.3849533195428721
1210,0.3843662514275649
1211,0.3103244333632373
1212,0.36109403448076705
1213,0.4638904671080599
1214,0.32939107258345895
1215,0.40323138039759493
1216,0.5217611681680708
1217,0.4385845742689457
1218,0.4216430775654165
1219,0.3155589423001821
1220,0.3821226637514898
1221,0.4079825740910024
1222,0.3477400572409686
1223,0.35979320335053905
1224,0.2690981599089696
1225,0.3781011606728567
1226,0.4285406503361061
1227,0.3815361252062868
1228,0.3963467736753176
1229,0.3047044118493307
1230,0.27385943383653605
1231,0.2723198143063576
1232,0.386663210958346
1233,0.3313931336222388
1234,0.3350556348998209
1235,0.3278273263040292
1236,0.43169522882417616
1237,0.32432010697261904
1238,0.35471833718908075
1239,0.23982245229142785
1240,0.339695061281778
1241,0.3890840352695773
1242,0.3958411982363593
1243,0.40147997432235655
1244,0.6073207951110059
1245,0.2567431185483236
1246,0.3119376633325641
1247,0.2322560634372335
1248,0.380871870143384
1249,0.3009976118947363
1250,0.4959771011469194
1251,0.3075795297795569
1252,0.3765072667668662
1253,0.4496423692354028
1254,0.3021127356541605
1255,0.4968223649716162
1256,0.5071592845792958
1257,0.4044597573909069
1258,0.4274786060567419
1259,0.4684499794538398
1260,0.4050041428522118
1261,0.3576515792378365
1262,0.3501617620789453
1263,0.2613811176972629
1264,0.3621621868432236
1265,0.4667035821580401
1266,0.2652743902843848
1267,0.19756600315081124
1268,0.3571697734838983
1269,0.3447759958637773
1270,0.4205876444398812
1271,0.436217623042388
1272,0.20685390143770255
1273,0.4683368247215133
1274,0.4562657902895253
1275,0.44967469196123616
1276,0.3402798997927664
1277,0.4180378593069576
1278,0.3787872441718015
1279,0.23009362136646516
1280,0.4765023966563154
1281,0.44693609187354894
1282,0.2346721634280575
1283,0.5166578661023714
1284,0.3612331061500316
1285,0.2660573756141933
1286,0.4249803499794515
1287,0.33567064134804303
1288,0.3450582749455703
1289,0.2557236441963058
1290,0.3714052709453037
1291,0.3566594036600437
1292,0.5128653079636186
1293,0.2677504993649137
1294,0.3017038936291507
1295,0.5618166278218273
1296,0.3150093957018145
1297,0.2500590541624525
1298,0.5122204264150177
1299,0.2336858681675563
1300,0.3896672738716396
1301,0.4152133718552514
1302,0.3795363452440425
1303,0.2711349421446299
1304,0.212860956179498
1305,0.26187168505089403
1306,0.4307727029350789
1307,0.3561014066291098
1308,0.470198187319094
1309,0.4507141427513421
1310,0.23775618943294985
1311,0.33064282340645285
1312,0.3852687993107342
1313,0.5365124661108787
1314,0.4909023582863348
1315,0.5286544508440416
1316,0.5449235480242905
1317,0.2721816928735395
1318,0.4293658531305046
1319,0.3533391463834906
1320,0.4975932097260644
1321,0.34464959972955306
1322,0.4547878623897083
1323,0.2838356993339614
1324,0.2603971813476449
1325,0.42741933091507545
1326,0.27005934151857275
1327,0.3434255397412319
1328,0.3111417171245175
1329,0.3689253713214234
1330,0.427344773100351
1331,0.2115713675009868
1332,0.4204334649095965
1333,0.41054861008266336
1334,0.3645250018924797
1335,0.39003945293477743
1336,0.3492600601564649
1337,0.35184754428323856
1338,0.2950612400640911
1339,0.29010827168298586
1340,0.33369210178504416
1341,0.2588841981395592
1342,0.466537984243436
1343,0.35220881116128705
1344,0.3090533049685961
1345,0.33257949288563216
1346,0.4205640411457293
1347,0.4380186771775204
1348,0.3710746975342214
1349,0.383463307995995
1350,0.4517418348090582
1351,0.3178363959240109
1352,0.22791034308359898
1353,0.3310292520970473
1354,0.463737519480125
1355,0.3091731760806953
1356,0.3374728984960492
1357,0.22657143665912266
1358,0.3288359427168374
1359,0.30888720470405223
1360,0.4809445917630612
1361,0.2562957183618498
1362,0.2942723268790276
1363,0.3036324443573259
1364,0.2568191611814412
1365,0.2460230925475468
1366,0.32758756162302066
1367,0.44855339642251146
1368,0.27336724674704443
1369,0.4648738684373875
1370,0.3647236276811204
1371,0.4460573724224395
1372,0.3660289387160864
1373,0.41806911637218097
1374,0.4648855057218535
1375,0.3067782262845409
1376,0.20171322202553074
1377,0.4186736976723967
1378,0.3312697016971858
1379,0.3965291657861189
1380,0.4927241503446442
1381,0.5212089590991957
1382,0.4450725760237075
1383,0.3797805947328207
1384,0.25365006061901996
1385,0.3862978878756664
1386,0.3864708323668545
1387,0.3178681061827657
1388,0.2869643595009812
1389,0.3924704271075903
1390,0.4294456121025576
1391,0.5531704414816525
1392,0.2882014010121233
1393,0.3705723105459916
1394,0.49660082149091495
1395,0.21542197554521686
1396,0.4997834037206183
1397,0.32079254155401377
1398,0.4227125448663394
1399,0.4172941999679719
1400,0.2433381609341475
1401,0.4899239269027984
1402,0.4931070078834095
1403,0.4921650088939146
1404,0.22626867331228026
1405,0.26623790736909675
1406,0.38671464458053373
1407,0.4620471377082013
1408,0.34623709213803905
1409,0.4070763701964236
1410,0.2927701003700033
1411,0.40625708592327214
1412,0.35860222244539425
1413,0.6008977115903122
1414,0.3799412287262233
1415,0.3119258383338792
1416,0.4164275114240308
1417,0.2277387687256774
1418,0.37442223779359785
1419,0.2945759478501086
1420,0.3181712559009997
1421,0.23161376754672056
1422,0.21788440451949315
1423,0.3208745779905816
1424,0.3903953091929488
1425,0.2402251408687869
1426,0.3435163214854808
1427,0.2921527613822061
1428,0.4606072207668389
1429,0.4039108846356347
1430,0.3770447551360464
1431,0.3469654018613784
1432,0.35189422598779496
1433,0.23133107977308834
1434,0.3155914893745837
1435,0.4811891438154314
1436,0.3947944817271661
1437,0.3045997209957246
1438,0.4987530669872815
1439,0.3220316130018073
1440,0.2539369034322784
1441,0.22512688116060486
1442,0.3505024388592453
1443,0.5308093259807798
1444,0.4256554691162279
1445,0.4563397779454163
1446,0.2686715052081781
1447,0.3096920467413267
1448,0.30508966067520105
1449,0.3827846421396535
1450,0.3527737916514172
1451,0.38993472873215385
1452,0.4070898766246957
1453,0.3591168542685092
1454,0.3846250933887714
1455,0.3017376793858183
1456,0.493416305829183
1457,0.5235218099695572
1458,0.4235751645475875
1459,0.3061211158407203
1460,0.27058972748502885
1461,0.3033544267741337
1462,0.4020347537304677
1463,0.4401823133966371
1464,0.31534862870422586
1465,0.3581704924524905
1466,0.2179558630572344
1467,0.4001473306822968
1468,0.32419799425595697
1469,0.4354109427891518
1470,0.5053591265763707
1471,0.3883073566699947
1472,0.41632187111278796
1473,0.34394359564393995
1474,0.4888607821475029
1475,0.3287677385087134
1476,0.4488946714554242
1477,0.4605070060452892
1478,0.4589063441909918
1479,0.3872498634759574
1480,0.4000337672449277
1481,0.4871452817170488
1482,0.3622648073907948
1483,0.3266154062505173
1484,0.4419324586809361
1485,0.33534222678467684
1486,0.4751278097816374
1487,0.4614287816778022
1488,0.2313890499765037
1489,0.34530811949947393
1490,0.3709872994578979
1491,0.37260421331375054
1492,0.395730567645901
1493,0.34963857966615
1494,0.4595045203311913
1495,0.23785279106646495
1496,0.5345522515995291
1497,0.3737466702808389
1498,0.3854535659705273
1499,0.20423830837001997
1500,0.3990622489597394
1501,0.4355551740167551
1502,0.4113697769050743
1503,0.3294359125258669
1504,0.31115521691523884
1505,0.3367939841921131
1506,0.1916411145521672
1507,0.4630670740423436
1508,0.4309641237361672
1509,0.4279619340386806
1510,0.3029010016197464
1511,0.4032311078380392
1512,0.4062100980547655
1513,0.2859959481744613
1514,0.2188101522060008
1515,0.3697869012659981
1516,0.4567965310131503
1517,0.3967553142819655
1518,0.15094002088231734
1519,0.3213706690494504
1520,0.5250646855804677
1521,0.28245646017588383
1522,0.4204916664441281
1523,0.3524203875355975
1524,0.328454701909955
1525,0.4875614721601482
1526,0.31946611148974985
1527,0.26924152835252346
1528,0.4911744845420946
1529,0.3698369757887028
1530,0.3767907342284548
1531,0.3416229182870377
1532,0.4817540329939074
1533,0.36222194046704903
1534,0.3169908341155896
1535,0.3530896803540249
1536,0.3667331788488873
1537,0.4053892090620409
1538,0.4492684740052895
1539,0.4511811983007609
1540,0.2872747626361814
1541,0.3928571387316051
1542,0.37744119720019664
1543,0.3555663200528173
1544,0.4014201967245861
1545,0.3323586647867727
1546,0.3813886258445212
1547,0.31021260922169097
1548,0.4291989548771405
1549,0.4367483078396991
1550,0.2914750886950441
1551,0.4281472806776753
1552,0.4187530938063529
1553,0.35909114042934664
1554,0.3835116692661624
1555,0.21376595799748616
1556,0.3776051697175543
1557,0.3996558052232045
1558,0.4431265043486853
1559,0.4576142171211312
1560,0.4727310219293761
1561,0.3985351022169272
1562,0.5263070346455141
1563,0.3122704352491903
1564,0.4778362242438136
1565,0.3673527446930079
1566,0.2759967934926367
1567,0.35562597317768985
1568,0.3083343410913661
1569,0.23434495757487386
1570,0.4074547114024925
1571,0.3675122476004184
1572,0.5364675197852388
1573,0.4252511905683337
1574,0.20963756076012408
1575,0.36841043322895867
1576,0.4857102234225714
1577,0.2728374680270591
1578,0.3651919855151252
1579,0.4891404851642306
1580,0.2654556509291021
1581,0.4506821311925306
1582,0.3860895911315637
1583,0.486459166238975
1584,0.4411095251340821
1585,0.4476239320489826
1586,0.3483898121926194
1587,0.4290007076786408
1588,0.3152486898102517
1589,0.5004726409358397
1590,0.2732046216239958
1591,0.30163231238814475
1592,0.5629346771460499
1593,0.4171219179700204
1594,0.4442895317278348
1595,0.4172448949786054
1596,0.4756542005010835
1597,0.5429877663083857
1598,0.2524080574794646
1599,0.2821715359205274
1600,0.3644880616435132
1601,0.3258275783366433
1602,0.27335529777409456
1603,0.3449577315086976
1604,0.3914923699235671
1605,0.42254740630109655
1606,0.42276477568668025
1607,0.3405391744019526
1608,0.3544266413723223
1609,0.5122781684976829
1610,0.483782213436753
1611,0.33489936979512275
1612,0.4215223588495996
1613,0.4355478507716221
1614,0.3240386320653897
1615,0.38833561705407615
1616,0.32967413327935674
1617,0.3722259220235867
1618,0.4734895286929287
1619,0.4640297225377362
1620,0.16248536741022762
1621,0.3889809466613917
1622,0.46380604095076206
1623,0.27442369787578
1624,0.3544071263409089
1625,0.28944674327509473
1626,0.28664143568080963
1627,0.4266979639646709
1628,0.37025556657282005
1629,0.258779090027107
1630,0.3522350974498638
1631,0.29741755361159816
1632,0.479594682017073
1633,0.4102944536284949
1634,0.2664036467894236
1635,0.37083514413189395
1636,0.1851543369523227
1637,0.2339798940177407
1638,0.37961318602667016
1639,0.21349596431448206
1640,0.36777906376338493
1641,0.3686645136832256
1642,0.3330698078030252
1643,0.3289817582316542
1644,0.498332775661092
1645,0.3820157297689606
1646,0.5238872712627628
1647,0.38108220175606333
1648,0.28671130668796085
1649,0.24366732579497305
1650,0.3351692709093426
1651,0.3271836401479544
1652,0.2937916147259155
1653,0.4704596028642389
1654,0.3013348055160998
1655,0.4934969168013771
1656,0.3643566815937024
1657,0.32759714222495645
1658,0.2763398443607498
1659,0.2560841371639301
1660,0.2651367904469976
1661,0.37080803090363396
1662,0.2608095851364182
1663,0.2560354133967535
1664,0.4165935454524997
1665,0.28589746090369794
1666,0.2882664984374111
1667,0.3749489264017663
1668,0.4517172776300138
1669,0.3861029008773677
1670,0.24479144788321566
1671,0.1857902813248672
1672,0.3404660022684323
1673,0.34391092657955624
1674,0.2226852508674944
1675,0.3258667770821708
1676,0.4782133703291412
1677,0.465020265643227
1678,0.42409407768877017
1679,0.3803562817169863
1680,0.3405691181606004
1681,0.3528786997225377
1682,0.44201661494687067
1683,0.24337393685954814
1684,0.3806679254861912
1685,0.24562681838892694
1686,0.4534343582394167
1687,0.3135166654319301
1688,0.24019514466399464
1689,0.35395829602216744
1690,0.241062832823678
1691,0.2263037555880004
1692,0.25124100110672104
1693,0.27135676270079506
1694,0.2930020018721557
1695,0.3637348401085318
1696,0.2455976906478487
1697,0.3879309057707017
1698,0.3910615866893701
1699,0.3913392403312299
1700,0.3797295377192832
1701,0.5418783617613431
1702,0.3075988429490658
1703,0.3450483783780646
1704,0.34432041505359506
1705,0.3463652680887607
1706,0.5465886938663292
1707,0.3619461018930262
1708,0.3459956581499765
1709,0.2087259001986504
1710,0.33416880689361883
1711,0.26361990908307376
1712,0.35927179924897124
1713,0.3597476081061071
1714,0.3742304482634522
1715,0.3163585985775919
1716,0.3216248093640384
1717,0.32783071295553257
1718,0.33134247196073424
1719,0.22094193835859852
1720,0.406797594698132
1721,0.4288675794650593
1722,0.30286225447759585
1723,0.1848058342273846
1724,0.298188331475613
1725,0.3301633525869772
1726,0.27491270010150143
1727,0.2989398956314636
1728,0.39525322103314203
1729,0.41321478113385707
1730,0.287799898038199
1731,0.4172232454596042
1732,0.29227845080394244
1733,0.3896098182728165
1734,0.3218565606465207
1735,0.3035018966882592
1736,0.4260991899628111
1737,0.33816398396803365
1738,0.3719446468548137
1739,0.28030607489861764
1740,0.24430665265216325
1741,0.4022583764904372
1742,0.36450762955903204
1743,0.4330644395333249
1744,0.3200601420359922
1745,0.3066887257739557
1746,0.4107768431550848
1747,0.4124022267469396
1748,0.3728477858736707
1749,0.3425323397423242
1750,0.3784946082397685
1751,0.3928640389472386
1752,0.4195981080941664
1753,0.3068601941512077
1754,0.3126442192372247
1755,0.427409287404718
1756,0.3904561397817538
1757,0.2526581368633113
1758,0.2713822284947693
1759,0.3083669895894017
1760,0.37159794387777373
1761,0.31532743427743604
1762,0.35101839459620976
1763,0.4908396790854318
1764,0.3995680813625522
1765,0.32598398640286275
1766,0.3839355536213601
1767,0.3061035599578579
1768,0.33381354624699594
1769,0.3966216223063977
1770,0.340025243280688
1771,0.2897804799594939
1772,0.41015293611094505
1773,0.5052631400584129
1774,0.3843793315586895
1775,0.3594372289649989
1776,0.3501752429823522
1777,0.3564238685298285
1778,0.4253206923023617
1779,0.3944720760393408
1780,0.3038968183334639
1781,0.4511772828887509
1782,0.5225445993031402
1783,0.3745377560916931
1784,0.3413783075799833
1785,0.4326383295236248
1786,0.4607342818763698
1787,0.4714489478184963
1788,0.2546848829114545
1789,0.5085021998402247
1790,0.4808182439721101
1791,0.3588903921213623
1792,0.2971930589097032
1793,0.22300922695741784
1794,0.33601955512196985
1795,0.4864953686320057
1796,0.3165464726595525
1797,0.33767435853164274
1798,0.4272543886093375
1799,0.26057108978620874
1800,0.462171117458541
1801,0.5138132453038665
1802,0.31690515954418
1803,0.3198145898521311
1804,0.29090447333671965
1805,0.2803426465727901
1806,0.26100945328722364
1807,0.40713244948075095
1808,0.4266528378460634
1809,0.36423160744324573
1810,0.5087883093990796
1811,0.2735007916498599
1812,0.4826976277474106
1813,0.4536162062478338
1814,0.4646559956998515
1815,0.3908263763110572
1816,0.256797433004767
1817,0.3923704991812869
1818,0.33505581515514826
1819,0.29697515557600435
1820,0.3643477035072158
1821,0.3645831692227404
1822,0.3197326414488124
1823,0.34918424087297306
1824,0.45029925249856095
1825,0.3072374047191457
1826,0.3088818921360648
1827,0.5055301369960014
1828,0.3728701683565379
1829,0.4036990193487171
1830,0.40500763777536497
1831,0.4270580477778549
1832,0.2642756552034613
1833,0.30708926278504833
1834,0.4006529013531421
1835,0.4428681784664592
1836,0.25678669618978595
1837,0.37906320651619396
1838,0.2958287658355161
1839,0.533710065484307
1840,0.26262689537826805
1841,0.31406342427939216
1842,0.29973049662574897
1843,0.3528677827564067
1844,0.3959606894779381
1845,0.2966321999188481
1846,0.3835629330723468
1847,0.4603968985932895
1848,0.3850310879633665
1849,0.30923694334269003
1850,0.3227278585494555
1851,0.3824321698707462
1852,0.3520306737070267
1853,0.32371635002069554
1854,0.29330717557379343
1855,0.3044510282897372
1856,0.4645969362495099
1857,0.4363478306549369
1858,0.3699897834227903
1859,0.4480863035216586
1860,0.3835920128267237
1861,0.3981606510011153
1862,0.3464958110235113
1863,0.4971801566942986
1864,0.40181175604981184
1865,0.16722959871005566
1866,0.4655190058276855
1867,0.30672019585217936
1868,0.3138126416905765
1869,0.387630318040936
1870,0.26032735404729546
1871,0.3687148476758957
1872,0.3663186982740044
1873,0.3914210693163776
1874,0.4782772943324466
1875,0.4449492625651032
1876,0.31451129369645264
1877,0.3989571484680798
1878,0.5617912390040267
1879,0.4907639454521849
1880,0.3800880906010245
1881,0.4250582408602457
1882,0.2751956971540826
1883,0.3393722107911646
1884,0.3970226554621622
1885,0.4978731749755884
1886,0.5248197395938514
1887,0.4012554683011686
1888,0.28798184467667715
1889,0.3796380027273143
1890,0.358841178684849
1891,0.4726467635213925
1892,0.5290044461760104
1893,0.31597605564621056
1894,0.34478789831226075
1895,0.3376326062408016
1896,0.4499523666080192
1897,0.17273764214417844
1898,0.3707547785386691
1899,0.18999520521647967
1900,0.33661891315575193
1901,0.23919690961096685
1902,0.3739257518321337
1903,0.3778083039610831
1904,0.35033858672246065
1905,0.4340558216473629
1906,0.3432529865206186
1907,0.33908226205807845
1908,0.3649696032739975
1909,0.4978653839143796
1910,0.32129982991178685
1911,0.4298468019539058
1912,0.3854761235221668
1913,0.5121937471126515
1914,0.3378014613025077
1915,0.2862891175976251
1916,0.368989308584529
1917,0.5218098269688876
1918,0.4436199156843197
1919,0.379634557720356
1920,0.3300658377327822
1921,0.34078465401761704
1922,0.40319419139570106
1923,0.29527455233116884
1924,0.5339128826475907
1925,0.33034350965271986
1926,0.2400728449102885
1927,0.3915477462245412
1928,0.373596460661316
1929,0.31154275914892765
1930,0.3659237479794325
1931,0.35511510799011703
1932,0.3200825523705384
1933,0.25203352029947346
1934,0.3665169478439403
1935,0.4416773957690756
1936,0.23004546253931896
1937,0.4074412713802582
1938,0.3288220842537581
1939,0.3972403801337985
1940,0.3867517311738948
1941,0.2291752275408876
1942,0.33120686946376804
1943,0.3569711995304167
1944,0.24584102516826398
1945,0.3291240728083817
1946,0.25363302571072616
1947,0.4747763547184897
1948,0.2655938282028265
1949,0.2585780234387755
1950,0.3967332763295913
1951,0.3294717665488097
1952,0.2989647517026521
1953,0.5176202890180749
1954,0.2879783209295818
1955,0.31961424256209964
1956,0.292074459757764
1957,0.2979982863905873
1958,0.44049391397161
1959,0.2727674004993865
1960,0.3682790866348642
1961,0.3049006589027078
1962,0.28478144086689794
1963,0.33190841301039026
1964,0.32002194741004786
1965,0.2908276378732674
1966,0.6090581320127871
1967,0.3183658402729514
1968,0.36459897594710416
1969,0.3039602391975949
1970,0.2564132635843893
1971,0.3791448305048111
1972,0.2251110758371723
1973,0.3259059715779518
1974,0.3453602742023948
1975,0.21490758717588865
1976,0.4634076788798618
1977,0.2568963435051691
1978,0.4743528327989898
1979,0.39976873578130856
1980,0.3956625166829422
1981,0.25038461675654394
1982,0.3395785810746014
1983,0.5042396611981175
1984,0.4603130040344286
1985,0.5599096995631327
1986,0.35455862309144004
1987,0.3192081942850692
1988,0.3377029812038265
1989,0.2438421886383416
1990,0.2276981030233839
1991,0.3924329548349701
1992,0.49517710574129403
1993,0.32986059222121145
1994,0.4871829048251015
1995,0.3856451493394295
1996,0.31428861590980905
1997,0.3650232460270089
1998,0.37097287840358
1999,0.3873009133300741
