,value_per_image
0,-10.697947109303623
1,-10.682541167147095
2,-10.689564001560537
3,-10.633805886961744
4,-10.680908921399434
5,-10.662945457438283
6,-10.50949144007731
7,-10.75576543090051
8,-10.41552921069812
9,-10.67055598481936
10,-10.549474595440083
11,-10.770280280160527
12,-10.699566140478133
13,-10.7254545365006
14,-10.788369733575648
15,-10.633207380587033
16,-10.77917196454298
17,-10.707497691085893
18,-10.709300331470466
19,-10.730501043691241
20,-10.705784283363423
21,-10.543006800993213
22,-10.605994256815112
23,-10.6893029063972
24,-10.62249889408922
25,-10.712610179896902
26,-10.706519938375207
27,-10.711512627596552
28,-10.722721930824973
29,-10.698576351054326
30,-10.640098971585568
31,-10.658715937850886
32,-10.623644967875364
33,-10.542003396814438
34,-10.703834679037188
35,-10.710091679877024
36,-10.688402655089387
37,-10.659754400642273
38,-10.772433904526252
39,-10.742257209832456
40,-10.63316928078733
41,-10.670244717710457
42,-10.579495256824877
43,-10.650834167330524
44,-10.734257591595274
45,-10.719099465746208
46,-10.749273788008278
47,-10.768343303738133
48,-10.723251604694157
49,-10.7646101622793
50,-10.771390179763658
51,-10.730530047706807
52,-10.64713829199412
53,-10.665403973291854
54,-10.76146806439049
55,-10.712286037560308
56,-10.732543151184359
57,-10.697299647623405
58,-10.747867925687428
59,-10.554128183930331
60,-10.777232066658476
61,-10.774591103169668
62,-10.7089893922933
63,-10.786527079335153
64,-10.623575905205344
65,-10.770987685731065
66,-10.70612327205027
67,-10.687608932053706
68,-10.71459719565017
69,-10.647479180073233
70,-10.75723228256868
71,-10.689446637079538
72,-10.68288507975892
73,-10.723385893895284
74,-10.777123615782061
75,-10.58116368215666
76,-10.779802398898301
77,-10.728788140021663
78,-10.700970709458804
79,-10.660013003466668
80,-10.6268827223614
81,-10.709043643774788
82,-10.573562710654429
83,-10.61676748556026
84,-10.545742951506293
85,-10.529327765248071
86,-10.623415413847543
87,-10.769193240789381
88,-10.68260336579892
89,-10.732471927200017
90,-10.709803196108949
91,-10.672472224592363
92,-10.702312474567773
93,-10.728140996594776
94,-10.71465284627673
95,-10.67086620643585
96,-10.744270264296135
97,-10.79288253943054
98,-10.725197029893778
99,-10.567198900294557
100,-10.785574988554542
101,-10.669385261833703
102,-10.671575345796956
103,-10.68230009203563
104,-10.655800385183053
105,-10.595739220371225
106,-10.451241245183231
107,-10.528108663745561
108,-10.731490758130626
109,-10.74753903124588
110,-10.78407123746614
111,-10.59740697597648
112,-10.654952133950657
113,-10.667730051421868
114,-10.705431225933333
115,-10.725260718633294
116,-10.781941350619046
117,-10.718405973313674
118,-10.760626436598136
119,-10.7336907360673
120,-10.657278890806838
121,-10.692227066319404
122,-10.716408647528642
123,-10.796827177800171
124,-10.767739265326586
125,-10.648765176999863
126,-10.733998682765325
127,-10.695575321324963
128,-10.572234846738613
129,-10.729615810759732
130,-10.740504638789597
131,-10.7025596838498
132,-10.58370450529782
133,-10.736876971275324
134,-10.661322336579305
135,-10.709605545019373
136,-10.587616004209783
137,-10.708732904812829
138,-10.600999975575373
139,-10.733378709274604
140,-10.5539161546579
141,-10.705347833432453
142,-10.647043761864124
143,-10.753275563588481
144,-10.631446643702173
145,-10.5657403615292
146,-10.768246711446805
147,-10.631892287397289
148,-10.58926321261043
149,-10.684504589871905
150,-10.688783884230574
151,-10.70660117429651
152,-10.693184512143898
153,-10.763536174846456
154,-10.427828389023519
155,-10.742381782325118
156,-10.650079628190113
157,-10.59546229524584
158,-10.605623279594463
159,-10.716270781618473
160,-10.615075478569551
161,-10.677509245582169
162,-10.771526951139226
163,-10.746841504790428
164,-10.750145668154087
165,-10.71833885235856
166,-10.665698424912966
167,-10.748666291802833
168,-10.800144165445928
169,-10.679738219254418
170,-10.764038464513053
171,-10.541421547256089
172,-10.67509590111724
173,-10.517202743760054
174,-10.669349846461623
175,-10.746569107001084
176,-10.740018065239656
177,-10.730430457475707
178,-10.592501731913456
179,-10.673448226757372
180,-10.701101410374426
181,-10.719616537157842
182,-10.522655452582477
183,-10.66725394210109
184,-10.672470623880857
185,-10.75577867186946
186,-10.772956573719654
187,-10.640768198994897
188,-10.423391211536893
189,-10.66801667544164
190,-10.795049868140351
191,-10.685348608815108
192,-10.694995143397538
193,-10.764060377268574
194,-10.704289709082195
195,-10.66878625233236
196,-10.671416840336908
197,-10.677606703469003
198,-10.782031766609766
199,-10.68195101465169
200,-10.700064305963396
201,-10.774540592236788
202,-10.661651395313118
203,-10.771642171908423
204,-10.663237163906711
205,-10.61492667403018
206,-10.709183626200618
207,-10.571278257281019
208,-10.75666320014097
209,-10.461308917909257
210,-10.694710153446687
211,-10.6291484564519
212,-10.657083152570491
213,-10.636787194187256
214,-10.721708964085606
215,-10.61064513021722
216,-10.715971831939504
217,-10.709640313391894
218,-10.636843092733905
219,-10.687604293166896
220,-10.5765020475519
221,-10.734107051843557
222,-10.642560581278248
223,-10.732492547159824
224,-10.730534567735061
225,-10.72243276781897
226,-10.741010865762815
227,-10.757545747703354
228,-10.745942469874914
229,-10.698979244517316
230,-10.75094486463526
231,-10.69689807335188
232,-10.703369030474247
233,-10.748436645481556
234,-10.783240412572834
235,-10.600183940532915
236,-10.664866692089532
237,-10.703392866041288
238,-10.68795895920665
239,-10.764445915018225
240,-10.693471386418787
241,-10.764292193532436
242,-10.703098534572216
243,-10.769826422254686
244,-10.786477861185384
245,-10.708474994574138
246,-10.74560861758859
247,-10.702893242271752
248,-10.58044195903925
249,-10.739603284655885
250,-10.799632970361623
251,-10.612955504351037
252,-10.600375549067778
253,-10.769794900377796
254,-10.715046487471746
255,-10.636968753315372
256,-10.702891046076713
257,-10.779848971383176
258,-10.655517107865078
259,-10.750114279939146
260,-10.762401054255635
261,-10.662884360214884
262,-10.731633864705802
263,-10.716411272133485
264,-10.621213392352589
265,-10.71347896921692
266,-10.783616817319837
267,-10.566946507776136
268,-10.524549875192028
269,-10.772665203298724
270,-10.767600310795533
271,-10.757873901181526
272,-10.588878629228184
273,-10.5134937524604
274,-10.76707988473199
275,-10.702366712984084
276,-10.658962203783464
277,-10.781616093090653
278,-10.72647744574926
279,-10.746853411592404
280,-10.714318844725076
281,-10.730734245391867
282,-10.510631299214266
283,-10.651943566029184
284,-10.773765142097163
285,-10.561315599411655
286,-10.516093314317382
287,-10.773022771732357
288,-10.747754160285863
289,-10.749759199283105
290,-10.775498818125534
291,-10.67269530247309
292,-10.551672125271946
293,-10.777763780845847
294,-10.663799379076828
295,-10.76719596287693
296,-10.676829321840945
297,-10.784700418981659
298,-10.57863917114859
299,-10.35466354004135
300,-10.741818428209184
301,-10.741776832531752
302,-10.659043115094864
303,-10.712222693841207
304,-10.591518894769841
305,-10.712226198233294
306,-10.70299710856016
307,-10.745409770497767
308,-10.453982643393408
309,-10.651149924427939
310,-10.64010125249017
311,-10.702129427359132
312,-10.743151923941808
313,-10.765842287305777
314,-10.67489233390547
315,-10.610110399410905
316,-10.70088811253768
317,-10.745491507705749
318,-10.71956019351479
319,-10.682747584335383
320,-10.648559297464287
321,-10.728887987642047
322,-10.734338260733844
323,-10.646035978539262
324,-10.627017094205646
325,-10.7032348761039
326,-10.716162725678572
327,-10.712776233240165
328,-10.71177475423711
329,-10.663004734656267
330,-10.772920166374943
331,-10.615097147527543
332,-10.70208538184883
333,-10.746712882185323
334,-10.765612809217169
335,-10.521693611594754
336,-10.762136770508675
337,-10.672131607118214
338,-10.497558672062711
339,-10.719820359007207
340,-10.766559549137943
341,-10.606766712812119
342,-10.733643874386512
343,-10.775982472780237
344,-10.704248807680534
345,-10.716848391434997
346,-10.755955078184234
347,-10.723878292041073
348,-10.732301245343423
349,-10.728888170732777
350,-10.741049535367019
351,-10.793731223737517
352,-10.784789578350713
353,-10.623586050910227
354,-10.810601523777613
355,-10.76381352224374
356,-10.58077860962785
357,-10.717642994656494
358,-10.735953873601083
359,-10.749429557203666
360,-10.594187864263118
361,-10.618153346556237
362,-10.695959329669538
363,-10.734880988598134
364,-10.674794599417245
365,-10.767845882716577
366,-10.771128839075454
367,-10.772975108224633
368,-10.711069527285158
369,-10.73354274375208
370,-10.713558881962664
371,-10.690710775010919
372,-10.7266820596504
373,-10.680205601428524
374,-10.735257120364613
375,-10.669362561577364
376,-10.786553640379536
377,-10.681635870067536
378,-10.66224992826569
379,-10.660798479871804
380,-10.504800074003196
381,-10.64192026993599
382,-10.722774805421837
383,-10.742747850808511
384,-10.754109580231187
385,-10.64768073007868
386,-10.768786368863324
387,-10.708890808835466
388,-10.527821687303472
389,-10.618912921677053
390,-10.699015059202306
391,-10.757678093549405
392,-10.687189961879016
393,-10.742990025797997
394,-10.709656010770557
395,-10.679894762118183
396,-10.683692140457117
397,-10.653191023699506
398,-10.695360245022467
399,-10.710132809206566
400,-10.712060316610737
401,-10.802161021333035
402,-10.786977877221748
403,-10.752612189840095
404,-10.650611488320417
405,-10.634189924092675
406,-10.73431214210206
407,-10.639281766306304
408,-10.700434009991193
409,-10.615382635133123
410,-10.60417898207376
411,-10.661619054071243
412,-10.62769811891684
413,-10.697157830724704
414,-10.736308494351356
415,-10.73352086321958
416,-10.733262570337425
417,-10.554896193568183
418,-10.697276704386702
419,-10.757729787276046
420,-10.746753441669656
421,-10.534672387624124
422,-10.750061562240193
423,-10.681583929375996
424,-10.7602881472844
425,-10.701979929847413
426,-10.761198396520697
427,-10.642804453207935
428,-10.589417585882654
429,-10.723843326700173
430,-10.756135478180354
431,-10.749950821383543
432,-10.57390478258744
433,-10.723168070020076
434,-10.771871203534813
435,-10.662973472307428
436,-10.581628169589075
437,-10.708837945273737
438,-10.668178411105762
439,-10.695064090953585
440,-10.634389355817119
441,-10.78547507451262
442,-10.776845803855405
443,-10.504404397612882
444,-10.588305271254724
445,-10.746055642324519
446,-10.753686445394822
447,-10.767978268442793
448,-10.645911029508165
449,-10.780957809315934
450,-10.661612987182584
451,-10.76162554314347
452,-10.629888510880187
453,-10.65186190042661
454,-10.70062376174871
455,-10.735476904799043
456,-10.793142219083196
457,-10.559840870898775
458,-10.61512767043847
459,-10.735176415332472
460,-10.768740654248877
461,-10.665633354047518
462,-10.754945884297252
463,-10.6754423215789
464,-10.740632700292396
465,-10.625519223543169
466,-10.688719106613396
467,-10.635466476956939
468,-10.773830120117939
469,-10.62201890478792
470,-10.753264900374193
471,-10.710117714411727
472,-10.66000313663529
473,-10.765034046262288
474,-10.738745351721564
475,-10.737436802919193
476,-10.760685159117472
477,-10.637501244799434
478,-10.805195211211572
479,-10.708816686167623
480,-10.755975056730833
481,-10.704791203434118
482,-10.674475678936556
483,-10.692309898454322
484,-10.634421063290672
485,-10.668299359905024
486,-10.76284436082613
487,-10.779502135711232
488,-10.734532282850873
489,-10.768312949563997
490,-10.725783002524908
491,-10.692810927707761
492,-10.803119037208749
493,-10.672681806359213
494,-10.749315651344357
495,-10.697965292222856
496,-10.650483899996017
497,-10.684850883129977
498,-10.790562320452144
499,-10.613197543064267
500,-10.733625800415076
501,-10.675117569877887
502,-10.650978854175221
503,-10.773617229685712
504,-10.736239702169234
505,-10.716901762257004
506,-10.703696348059305
507,-10.624076393086565
508,-10.689643144094326
509,-10.735177198368133
510,-10.703999742600011
511,-10.654551766046943
512,-10.47259476254207
513,-10.743352514393127
514,-10.636271531878114
515,-10.598359430021247
516,-10.613360468053141
517,-10.742976031547109
518,-10.685296159914444
519,-10.737798822980595
520,-10.70098060498368
521,-10.694368500252683
522,-10.628061297474261
523,-10.758172559888429
524,-10.78627714661314
525,-10.730049825892497
526,-10.679020760901462
527,-10.545797508880948
528,-10.703730872007093
529,-10.668708472154695
530,-10.757514828978493
531,-10.736321337311372
532,-10.751628818989337
533,-10.682940167025043
534,-10.659124171967283
535,-10.763832807595088
536,-10.561728586381637
537,-10.628616295919
538,-10.658276162192367
539,-10.695672020484276
540,-10.79647336880035
541,-10.715855391546135
542,-10.692234566002536
543,-10.717833545287407
544,-10.713999770469147
545,-10.741807218893387
546,-10.758020846066891
547,-10.54553109294576
548,-10.660114519687603
549,-10.748433239567756
550,-10.759849048389178
551,-10.76106989098666
552,-10.721007826037004
553,-10.686295118507733
554,-10.348419582140128
555,-10.515966827900689
556,-10.63335507157371
557,-10.623911237631573
558,-10.683088972865935
559,-10.704117785193759
560,-10.55305684938118
561,-10.748107217684028
562,-10.635456354275881
563,-10.661598124290734
564,-10.734461583281682
565,-10.675548479550839
566,-10.707826152941195
567,-10.783277634386652
568,-10.608265287164734
569,-10.727963755326227
570,-10.524823154788386
571,-10.771928313853323
572,-10.598414950898276
573,-10.523994596534335
574,-10.678700726092734
575,-10.436580299325977
576,-10.716891354217749
577,-10.749369863551669
578,-10.44929393151206
579,-10.703618716492773
580,-10.779708078781736
581,-10.757263519442285
582,-10.569881882365225
583,-10.699248608076493
584,-10.580711608109851
585,-10.68748783619941
586,-10.698903250752439
587,-10.78756330834918
588,-10.597810595449065
589,-10.639783024694175
590,-10.735231107188637
591,-10.675039321644688
592,-10.720991943053916
593,-10.751986739908183
594,-10.711456276320938
595,-10.690582641858676
596,-10.650670978569293
597,-10.73834673471818
598,-10.527235631473193
599,-10.678870478298126
600,-10.685922552369997
601,-10.7601552288139
602,-10.764434223301349
603,-10.69780611362238
604,-10.592033275217071
605,-10.785199028683419
606,-10.716965580799881
607,-10.657396358996982
608,-10.670375508978816
609,-10.717522137185936
610,-10.7287029513285
611,-10.740286815132494
612,-10.729668577541313
613,-10.76359526483196
614,-10.621592687050843
615,-10.680781001137529
616,-10.768224237162825
617,-10.698586624354117
618,-10.46857912975151
619,-10.741522824338102
620,-10.715485927334523
621,-10.634717558888164
622,-10.62192879223868
623,-10.69463014675562
624,-10.665648212959447
625,-10.563877118133533
626,-10.725650825945378
627,-10.617009208904818
628,-10.648958638250877
629,-10.595853083878726
630,-10.670738071252838
631,-10.65716435399125
632,-10.720995652609002
633,-10.573891485846588
634,-10.6229944178908
635,-10.809303067156243
636,-10.67050174292907
637,-10.75892856393879
638,-10.762719845282056
639,-10.719875187933397
640,-10.579590923154813
641,-10.725383783339982
642,-10.651856490669353
643,-10.750780095043464
644,-10.795127892612694
645,-10.712029187236416
646,-10.711394282334306
647,-10.744562049191286
648,-10.686436911622312
649,-10.459895493842364
650,-10.758264527489883
651,-10.707736017069793
652,-10.672803647089182
653,-10.594199980526644
654,-10.758863781193867
655,-10.66779579130909
656,-10.765207717725477
657,-10.433523269235934
658,-10.647502874789222
659,-10.78097613987442
660,-10.69064954187221
661,-10.602994227638774
662,-10.73109892731698
663,-10.584935338721571
664,-10.756492111465377
665,-10.791561603194449
666,-10.708890339879817
667,-10.723590691496325
668,-10.694941706644826
669,-10.7461602662982
670,-10.729101441222033
671,-10.763927268234553
672,-10.727087783803944
673,-10.7128664296384
674,-10.5864638421516
675,-10.445286526168056
676,-10.728249342384162
677,-10.754122309612555
678,-10.621969546548797
679,-10.678157382436547
680,-10.796912349307126
681,-10.71672322483467
682,-10.76407454696557
683,-10.665491682198805
684,-10.638420326609566
685,-10.636626322212981
686,-10.758113578263373
687,-10.686204680071508
688,-10.628761068411498
689,-10.730395241480242
690,-10.80748498467565
691,-10.70527225113359
692,-10.734703988975463
693,-10.749517072964881
694,-10.609616326984892
695,-10.77753967359293
696,-10.730699808070172
697,-10.642724308011084
698,-10.646593338121027
699,-10.542678226809594
700,-10.785520790741655
701,-10.794909368699384
702,-10.68703321348489
703,-10.577878901473763
704,-10.711853240327207
705,-10.649821007425565
706,-10.70730164997922
707,-10.726145890608676
708,-10.716588165490563
709,-10.646774864614473
710,-10.756487243553426
711,-10.756498047170409
712,-10.72736860126716
713,-10.74577536376287
714,-10.710801840722665
715,-10.647416418970826
716,-10.65088035321236
717,-10.743672400404883
718,-10.75698982269983
719,-10.758948704803311
720,-10.550095220875743
721,-10.683277272519883
722,-10.700903847567977
723,-10.704527922571787
724,-10.688509976845992
725,-10.64252139273713
726,-10.693634662211208
727,-10.497770334700308
728,-10.683205206279547
729,-10.69916411723206
730,-10.711379378485196
731,-10.707855292633306
732,-10.7175077941847
733,-10.74317689151342
734,-10.650756204860151
735,-10.683282954752837
736,-10.792369625119193
737,-10.751282123611137
738,-10.606595035781039
739,-10.737507241921806
740,-10.744993709555505
741,-10.679357874222868
742,-10.718722823381789
743,-10.749893778588667
744,-10.72537906922454
745,-10.699881175287068
746,-10.558955136183467
747,-10.6868665927645
748,-10.669425509328184
749,-10.774078804683587
750,-10.618225500617527
751,-10.753434892473226
752,-10.768409932505321
753,-10.675766229219693
754,-10.763933526194236
755,-10.663702934944006
756,-10.708086699245241
757,-10.747916152999396
758,-10.722306903826464
759,-10.554323033672631
760,-10.705412399976023
761,-10.745985747026264
762,-10.645620766766859
763,-10.72705011153799
764,-10.69002576761364
765,-10.748615971478076
766,-10.517459171329936
767,-10.770290796399179
768,-10.705368023981313
769,-10.72809365081955
770,-10.609450209288287
771,-10.709991857215249
772,-10.656984871502068
773,-10.746295869230199
774,-10.765766983219905
775,-10.743672363056316
776,-10.68281344036836
777,-10.772319960242868
778,-10.705927812645617
779,-10.74530095261293
780,-10.629241781670688
781,-10.6163564446938
782,-10.632348170129694
783,-10.786696010312648
784,-10.732321869835138
785,-10.629633619515193
786,-10.770290824746706
787,-10.76850353243685
788,-10.696402152595294
789,-10.674635089796851
790,-10.715912712040208
791,-10.767391784869044
792,-10.660732892963136
793,-10.68648604545166
794,-10.665614995247976
795,-10.633970343932578
796,-10.591009653950266
797,-10.681670645215645
798,-10.733238010425618
799,-10.790340320953618
800,-10.750884692377438
801,-10.654802823255762
802,-10.742250417420363
803,-10.764055187165805
804,-10.536325878149169
805,-10.612734090048214
806,-10.705633396619152
807,-10.797396674031154
808,-10.66336725291306
809,-10.744982397650654
810,-10.599472890564591
811,-10.659989527074831
812,-10.666803093376153
813,-10.713794533377099
814,-10.622725733413985
815,-10.561725688299996
816,-10.694790625887384
817,-10.563115712678853
818,-10.669322174337662
819,-10.74961691243224
820,-10.633054444674363
821,-10.501538825206653
822,-10.67465141201361
823,-10.714872386527967
824,-10.543995047142324
825,-10.752342822263898
826,-10.622914098135473
827,-10.695247674214617
828,-10.664856486700609
829,-10.66724438295003
830,-10.783939692337523
831,-10.746710291716717
832,-10.670856830535037
833,-10.714666271124779
834,-10.75833747065967
835,-10.797501324623244
836,-10.703439245688447
837,-10.663779908478027
838,-10.584039015382576
839,-10.731426972959586
840,-10.691275613813854
841,-10.592100071094412
842,-10.775885938507491
843,-10.733885392652356
844,-10.747766252353351
845,-10.667776564378537
846,-10.764943334255602
847,-10.5511474480571
848,-10.616574189891637
849,-10.586172537332232
850,-10.70419468456251
851,-10.710675309252355
852,-10.80511298544386
853,-10.526960690759054
854,-10.718948946327409
855,-10.6666438169163
856,-10.64842116653922
857,-10.692985352664179
858,-10.652991995108401
859,-10.650598053753
860,-10.781503314363412
861,-10.700398339547618
862,-10.7584713388936
863,-10.7446354859343
864,-10.775628449266621
865,-10.68055843954875
866,-10.754485894803837
867,-10.788134030765502
868,-10.700518659855431
869,-10.633343891051494
870,-10.784018009036043
871,-10.715201362609964
872,-10.650273813707091
873,-10.766152122792803
874,-10.662912797748408
875,-10.709267537867268
876,-10.713816720569225
877,-10.778651285698016
878,-10.725633325780988
879,-10.743982903056171
880,-10.774378729425075
881,-10.580862913908538
882,-10.55656609917708
883,-10.75280292695508
884,-10.668371749823226
885,-10.747895474927995
886,-10.742096404636534
887,-10.643953174047024
888,-10.643453575807687
889,-10.779634063729057
890,-10.709660406308423
891,-10.597343410621454
892,-10.732961936363495
893,-10.785818590806565
894,-10.799330283025334
895,-10.527296717133886
896,-10.74308729134184
897,-10.738682162786818
898,-10.773932300279968
899,-10.658588002077053
900,-10.700711288143813
901,-10.630471333204802
902,-10.653651965661496
903,-10.715959974880732
904,-10.757563693924649
905,-10.66704989864107
906,-10.744789269609985
907,-10.73288553686708
908,-10.684844955936068
909,-10.733102540101477
910,-10.768247962552895
911,-10.704053753253401
912,-10.752985688704106
913,-10.735054651685212
914,-10.654081471712017
915,-10.640134048038018
916,-10.563393857349404
917,-10.658671775325988
918,-10.719927957658262
919,-10.739911882104963
920,-10.455441939959435
921,-10.739966861440873
922,-10.582397209223318
923,-10.738894506709835
924,-10.70292742778456
925,-10.698101058108962
926,-10.66758203151186
927,-10.734205960734586
928,-10.59975530960418
929,-10.721708801594508
930,-10.7861383845694
931,-10.753166303092675
932,-10.668880331064543
933,-10.747894837077546
934,-10.657808212005264
935,-10.64940595625887
936,-10.757652359473227
937,-10.58511799845435
938,-10.734618500284624
939,-10.765566799277767
940,-10.647024608509607
941,-10.712090636554985
942,-10.772251976872008
943,-10.565003761119252
944,-10.762465184007102
945,-10.71010003018409
946,-10.589351054578742
947,-10.732133029612037
948,-10.772913308519307
949,-10.652589977841512
950,-10.73730729082713
951,-10.685652241918538
952,-10.771362347461032
953,-10.708658488840298
954,-10.743862837624212
955,-10.6784938469954
956,-10.65232083319728
957,-10.729769729024321
958,-10.721198757825693
959,-10.672227696400018
960,-10.710504975736981
961,-10.77207369782349
962,-10.633767122212948
963,-10.613652980792617
964,-10.584788111252742
965,-10.791082821828857
966,-10.693111669857602
967,-10.705409711575689
968,-10.61879160293197
969,-10.734053365091032
970,-10.652163505163204
971,-10.730528469946442
972,-10.654301732187491
973,-10.71076740621007
974,-10.690593358976146
975,-10.715702813090472
976,-10.758636361923852
977,-10.625859864048484
978,-10.727482943174467
979,-10.680392414789964
980,-10.763504106428735
981,-10.699175936830775
982,-10.784278651341241
983,-10.742617226193891
984,-10.606792577053259
985,-10.735014253953704
986,-10.696171583009775
987,-10.612731482489902
988,-10.743110002094774
989,-10.720201844971893
990,-10.707085153418422
991,-10.757058185532408
992,-10.663980973499797
993,-10.584699652412427
994,-10.614206332844427
995,-10.665369722215614
996,-10.63929265748849
997,-10.72610981516254
998,-10.747453077629592
999,-10.562407239771897
1000,-10.613699992817262
1001,-10.544659389327023
1002,-10.682627894819358
1003,-10.754403634353128
1004,-10.681212315043554
1005,-10.777481996783768
1006,-10.710746642390259
1007,-10.454597694911183
1008,-10.656122004017456
1009,-10.653999188593598
1010,-10.556763288128906
1011,-10.776760470295844
1012,-10.764889641434364
1013,-10.749066164677515
1014,-10.699156259190866
1015,-10.742077586781736
1016,-10.630165454221789
1017,-10.628091199959329
1018,-10.45205316793376
1019,-10.699570779371372
1020,-10.551277643362553
1021,-10.694224032713908
1022,-10.706849118817331
1023,-10.731583289435015
1024,-10.77951003389296
1025,-10.801807932074194
1026,-10.587046831059943
1027,-10.760025555829932
1028,-10.758287712366702
1029,-10.530792853225256
1030,-10.73358718730132
1031,-10.681666430051493
1032,-10.567629391637665
1033,-10.721309936419539
1034,-10.603201575381751
1035,-10.746476029659453
1036,-10.644646195449717
1037,-10.641281179944297
1038,-10.763303080404523
1039,-10.65834036039789
1040,-10.553857090373352
1041,-10.491622486186893
1042,-10.714064038655712
1043,-10.797204982518425
1044,-10.724344020184684
1045,-10.728595532724368
1046,-10.722482126799154
1047,-10.666691760318146
1048,-10.729081449856276
1049,-10.721616440949377
1050,-10.729890974016419
1051,-10.692350586867787
1052,-10.754203374792132
1053,-10.735522372649026
1054,-10.736493458554213
1055,-10.735067111883216
1056,-10.718561767518173
1057,-10.783966145808094
1058,-10.623253063093626
1059,-10.499267653382727
1060,-10.645436344790072
1061,-10.585142115216216
1062,-10.709845937662596
1063,-10.796957306762762
1064,-10.617676505305255
1065,-10.737293726095409
1066,-10.621750013607368
1067,-10.794905743985135
1068,-10.680892476589811
1069,-10.667974237288595
1070,-10.737757697036386
1071,-10.767268534898424
1072,-10.651998258284934
1073,-10.728228112435808
1074,-10.696898854121914
1075,-10.652378413250423
1076,-10.456736184164605
1077,-10.772359909422057
1078,-10.713435536545646
1079,-10.749859702937806
1080,-10.779514654969228
1081,-10.524171132991462
1082,-10.705791379162314
1083,-10.553911962832263
1084,-10.72536081317585
1085,-10.758265100809428
1086,-10.450684423236297
1087,-10.70146545490737
1088,-10.655444168545657
1089,-10.790782064151982
1090,-10.74045040531033
1091,-10.610484504094467
1092,-10.782994043778977
1093,-10.733314115246204
1094,-10.736671741368081
1095,-10.739504246469547
1096,-10.76631180755134
1097,-10.735866636584552
1098,-10.751707682507474
1099,-10.79677644357507
1100,-10.78419168460661
1101,-10.689789033126628
1102,-10.67920109997596
1103,-10.415742248428906
1104,-10.736120956920512
1105,-10.714158911926217
1106,-10.69409793805054
1107,-10.716671250508382
1108,-10.639634725751462
1109,-10.678930074352152
1110,-10.766202106672447
1111,-10.787550725505344
1112,-10.745047073969861
1113,-10.782377109252346
1114,-10.579615228131283
1115,-10.762224785861292
1116,-10.77516751631624
1117,-10.702561512363511
1118,-10.741830957587323
1119,-10.587871000644183
1120,-10.629063474321097
1121,-10.687987111449194
1122,-10.701324235935939
1123,-10.670934597973046
1124,-10.648551582907283
1125,-10.613444229775011
1126,-10.70382104813707
1127,-10.54609335710581
1128,-10.666616577883039
1129,-10.730555977081133
1130,-10.755001725143261
1131,-10.562886744800355
1132,-10.64522519419019
1133,-10.659736688257071
1134,-10.627115979107993
1135,-10.568266772109846
1136,-10.798414262893312
1137,-10.707777588319349
1138,-10.726569841789726
1139,-10.729544233654703
1140,-10.594687347014931
1141,-10.710597959615047
1142,-10.725550876691344
1143,-10.693187466767172
1144,-10.738194034443708
1145,-10.708097691701054
1146,-10.776881406193075
1147,-10.76365138526686
1148,-10.647201042378937
1149,-10.759333221633355
1150,-10.700923972875756
1151,-10.4257061126537
1152,-10.705280598635477
1153,-10.740369440131682
1154,-10.690686772331935
1155,-10.65044655420967
1156,-10.659251223254623
1157,-10.777197416612546
1158,-10.764545543423283
1159,-10.692288353087793
1160,-10.666959726964617
1161,-10.740876753764107
1162,-10.729877171927527
1163,-10.6994861277766
1164,-10.66344664073583
1165,-10.55134796612734
1166,-10.734852008211359
1167,-10.773044216414396
1168,-10.723938169707193
1169,-10.703385028006464
1170,-10.710908534601797
1171,-10.707958703381971
1172,-10.680991361206086
1173,-10.799539517028688
1174,-10.783551648555996
1175,-10.696719392011355
1176,-10.580310108549606
1177,-10.707406163173632
1178,-10.792413656986922
1179,-10.647993239365066
1180,-10.720193458772151
1181,-10.752649017064408
1182,-10.736560196000998
1183,-10.656653600189603
1184,-10.753276334070131
1185,-10.765128528771953
1186,-10.626744322276119
1187,-10.608777623320872
1188,-10.791549087156561
1189,-10.734674634888446
1190,-10.783150083751387
1191,-10.69610228193433
1192,-10.781848886341995
1193,-10.60155663408416
1194,-10.662708169754916
1195,-10.62933169750917
1196,-10.75518099449126
1197,-10.723980728419471
1198,-10.752679549468729
1199,-10.483399252353683
1200,-10.702139121530612
1201,-10.631273214352332
1202,-10.709065799196424
1203,-10.709852149130798
1204,-10.72897291267418
1205,-10.720957918922851
1206,-10.705397376259533
1207,-10.752425876793085
1208,-10.661933773948242
1209,-10.739830826514334
1210,-10.734945489704524
1211,-10.726916157942355
1212,-10.753600561348225
1213,-10.729923029113422
1214,-10.706448079968473
1215,-10.662353203819556
1216,-10.675174876607684
1217,-10.689176791601273
1218,-10.603352977423631
1219,-10.739238689527783
1220,-10.730674746161725
1221,-10.668456684074174
1222,-10.700180438661716
1223,-10.672681436624757
1224,-10.741640331663435
1225,-10.627522146140914
1226,-10.591852184285859
1227,-10.565917436445082
1228,-10.627841482021461
1229,-10.741031385132173
1230,-10.745029047193984
1231,-10.761177908100498
1232,-10.711870631077552
1233,-10.709971633867374
1234,-10.687825272754653
1235,-10.694131199939157
1236,-10.680245762076039
1237,-10.696650387827928
1238,-10.725878841757387
1239,-10.761107147291238
1240,-10.684343146783664
1241,-10.605506344205132
1242,-10.659231450055664
1243,-10.61407965917356
1244,-10.348625357051061
1245,-10.759017609729268
1246,-10.72101621819119
1247,-10.753618695629527
1248,-10.659517823638488
1249,-10.765570406337147
1250,-10.520045741259047
1251,-10.758148100895257
1252,-10.690303966764084
1253,-10.632112609132623
1254,-10.769251698927489
1255,-10.492883922463477
1256,-10.544831261873693
1257,-10.738426262814217
1258,-10.631252915504971
1259,-10.63971594724466
1260,-10.676780452895043
1261,-10.59611702652514
1262,-10.71274653036057
1263,-10.767994643687999
1264,-10.658617229240924
1265,-10.553515636573652
1266,-10.749766293991863
1267,-10.763759007502436
1268,-10.430317606018876
1269,-10.679339630384735
1270,-10.710012924130199
1271,-10.645297787290524
1272,-10.781475984282928
1273,-10.562406215978504
1274,-10.603852684150436
1275,-10.703587036775858
1276,-10.632108532166708
1277,-10.668055112190439
1278,-10.681683196804245
1279,-10.726708119945833
1280,-10.630745455081572
1281,-10.69721016146676
1282,-10.775631553261569
1283,-10.670680004400005
1284,-10.731161143887217
1285,-10.782564428031248
1286,-10.57541744335362
1287,-10.764812711672473
1288,-10.716213301100016
1289,-10.735026210294047
1290,-10.63280687497524
1291,-10.720501832641844
1292,-10.493493446489609
1293,-10.697680614831402
1294,-10.754439254078
1295,-10.520246146574634
1296,-10.755361614400668
1297,-10.731729154505976
1298,-10.598698983832092
1299,-10.760318040165293
1300,-10.755123364654176
1301,-10.665713604474847
1302,-10.740123399566393
1303,-10.774227952944289
1304,-10.762948922926451
1305,-10.767289944851846
1306,-10.608065010951268
1307,-10.71393128309585
1308,-10.605118256072114
1309,-10.723083879359333
1310,-10.785455565623483
1311,-10.790440471350806
1312,-10.686410480698193
1313,-10.68021452780316
1314,-10.71090848202242
1315,-10.450612724460274
1316,-10.540702364740854
1317,-10.767310586825962
1318,-10.567333885414019
1319,-10.725002481322608
1320,-10.57530752637754
1321,-10.707081187500084
1322,-10.676755133808722
1323,-10.746355552352432
1324,-10.779554472699832
1325,-10.598590569263592
1326,-10.738799343688656
1327,-10.704736643261798
1328,-10.745534206638501
1329,-10.676612772946276
1330,-10.63904341915148
1331,-10.785775591817425
1332,-10.619629538537184
1333,-10.584896321761976
1334,-10.741546027716858
1335,-10.71184388570548
1336,-10.720569292732176
1337,-10.755441940822301
1338,-10.728596703443623
1339,-10.806835809074695
1340,-10.71893375278899
1341,-10.763011918525553
1342,-10.534955731461935
1343,-10.780780752638004
1344,-10.71904282524061
1345,-10.712553669427011
1346,-10.601330379040967
1347,-10.642291492105002
1348,-10.670224643017685
1349,-10.698314263889714
1350,-10.488355877438714
1351,-10.721612669561528
1352,-10.774989675745408
1353,-10.706101647331213
1354,-10.666786165485727
1355,-10.741237957100664
1356,-10.721034621921573
1357,-10.774532018927795
1358,-10.702285684032175
1359,-10.754382407222717
1360,-10.568222262726726
1361,-10.757412264107797
1362,-10.743056226091934
1363,-10.711878467499991
1364,-10.751721806606076
1365,-10.758795939769087
1366,-10.787493120349476
1367,-10.606746468014286
1368,-10.783760027191372
1369,-10.775492675669119
1370,-10.724381778322057
1371,-10.731355548784133
1372,-10.708350927833814
1373,-10.659855440549046
1374,-10.635115957246214
1375,-10.716709925771273
1376,-10.794117630400743
1377,-10.601757131308483
1378,-10.701409376968526
1379,-10.68201636152996
1380,-10.600777017618645
1381,-10.499752523450043
1382,-10.650305793700833
1383,-10.713659671996458
1384,-10.789386681707036
1385,-10.62154675245932
1386,-10.663934301874152
1387,-10.752500580378237
1388,-10.737577683351386
1389,-10.690965242358123
1390,-10.700771893111037
1391,-10.524553085100084
1392,-10.761687515528758
1393,-10.68504025502791
1394,-10.656728691287926
1395,-10.7790054706761
1396,-10.592069695933244
1397,-10.745501747680867
1398,-10.622873638356584
1399,-10.595533478814136
1400,-10.753887789751106
1401,-10.527940502476378
1402,-10.597945220390423
1403,-10.584532429069151
1404,-10.763990181858912
1405,-10.753941948035123
1406,-10.693083288938153
1407,-10.630352382764912
1408,-10.670704694798529
1409,-10.622379665963773
1410,-10.72421036917855
1411,-10.467764720365382
1412,-10.713500754608614
1413,-10.5463583984946
1414,-10.645443229037706
1415,-10.694842405128568
1416,-10.666397921336689
1417,-10.779864342455973
1418,-10.700523110353952
1419,-10.746664437603162
1420,-10.763693129843169
1421,-10.742427084173901
1422,-10.759688447065578
1423,-10.69524751284434
1424,-10.690981212944376
1425,-10.786486069610937
1426,-10.72514810161989
1427,-10.77355413130767
1428,-10.6995257380682
1429,-10.697895946109973
1430,-10.66407226638031
1431,-10.662153864121896
1432,-10.766157318904668
1433,-10.790928831969916
1434,-10.736051525070813
1435,-10.660721912590898
1436,-10.66301159081524
1437,-10.687621544634297
1438,-10.675135741489882
1439,-10.706918536382467
1440,-10.776737260674908
1441,-10.763107157287273
1442,-10.732667690233344
1443,-10.723481273618317
1444,-10.599103295617397
1445,-10.664359290288708
1446,-10.758463882668808
1447,-10.77370759984746
1448,-10.683502371605304
1449,-10.737892724479416
1450,-10.706914542883263
1451,-10.709169166962226
1452,-10.63337281233954
1453,-10.683444894165897
1454,-10.589222909996574
1455,-10.721342848366225
1456,-10.580956274578693
1457,-10.508355282932373
1458,-10.617956005545029
1459,-10.743537915695569
1460,-10.761530518618988
1461,-10.695340420530544
1462,-10.681912265403449
1463,-10.573800782107355
1464,-10.75633557663599
1465,-10.679656708437903
1466,-10.789177464804675
1467,-10.678333695411311
1468,-10.72272872523277
1469,-10.666995969953009
1470,-10.479939062803163
1471,-10.635827967899708
1472,-10.702321852528305
1473,-10.678183626245431
1474,-10.589782913688707
1475,-10.72386641049283
1476,-10.765015919135294
1477,-10.766144098889905
1478,-10.598818279234557
1479,-10.686754279919997
1480,-10.632809466579982
1481,-10.639012114009263
1482,-10.724972545542908
1483,-10.744524532349788
1484,-10.637148808377397
1485,-10.730057273077833
1486,-10.714886896288148
1487,-10.609754470518572
1488,-10.770909035695569
1489,-10.757251157011904
1490,-10.543890159060863
1491,-10.764319478692752
1492,-10.76232212244334
1493,-10.733441043243984
1494,-10.599450289022933
1495,-10.74935887076427
1496,-10.597853711674674
1497,-10.754920530794077
1498,-10.62811382507118
1499,-10.785091904194283
1500,-10.73746743703025
1501,-10.678472685392354
1502,-10.635378316636118
1503,-10.725515047093136
1504,-10.695814503614663
1505,-10.684539547343013
1506,-10.797520448156817
1507,-10.544516807161646
1508,-10.63386939528553
1509,-10.631705649334043
1510,-10.758548663915896
1511,-10.671143799514457
1512,-10.629706411352995
1513,-10.74515568404177
1514,-10.772394626381288
1515,-10.626832274118359
1516,-10.651632736269796
1517,-10.630707866424869
1518,-10.802538830665364
1519,-10.728457275492827
1520,-10.569779927945136
1521,-10.748136454799068
1522,-10.694622978609118
1523,-10.731740594197284
1524,-10.695819000469896
1525,-10.560302678467222
1526,-10.710642824828811
1527,-10.727999215310634
1528,-10.535397698882912
1529,-10.656888553153786
1530,-10.647555262625989
1531,-10.714186252212755
1532,-10.60198140870444
1533,-10.734505313433587
1534,-10.723208768167556
1535,-10.721875308148656
1536,-10.669610354150011
1537,-10.609318044275694
1538,-10.650061780761881
1539,-10.620809685014645
1540,-10.750300944724367
1541,-10.67583362249842
1542,-10.718239976187318
1543,-10.690814247988424
1544,-10.660385122842788
1545,-10.703222900241474
1546,-10.67861006212505
1547,-10.734523574488687
1548,-10.731601692918579
1549,-10.649772914640872
1550,-10.761533286727733
1551,-10.643767999223755
1552,-10.752725164505405
1553,-10.67669409489091
1554,-10.703521424145515
1555,-10.796300946567273
1556,-10.767283201535463
1557,-10.595668392510193
1558,-10.629965594949859
1559,-10.607909505498627
1560,-10.537835891751898
1561,-10.610268389208908
1562,-10.606380242176154
1563,-10.716571375121713
1564,-10.562837187814257
1565,-10.735287434920334
1566,-10.758210041412285
1567,-10.721409295914016
1568,-10.727357753271628
1569,-10.735271581733985
1570,-10.622563374608378
1571,-10.752031946440589
1572,-10.378907522041892
1573,-10.678220277951146
1574,-10.790951765380399
1575,-10.688770059045677
1576,-10.694364427051546
1577,-10.70981439473094
1578,-10.763163853769633
1579,-10.644058754678493
1580,-10.762645045602959
1581,-10.520005012866397
1582,-10.678482458108293
1583,-10.565313494514534
1584,-10.60814956734609
1585,-10.60041672497498
1586,-10.790170423094963
1587,-10.72591396577945
1588,-10.7257875070389
1589,-10.48342859691632
1590,-10.742079282359393
1591,-10.804132647945538
1592,-10.73239552161507
1593,-10.661489368466556
1594,-10.726348604213928
1595,-10.640321379702057
1596,-10.589804134805911
1597,-10.568898380010204
1598,-10.786510609379745
1599,-10.764054546468177
1600,-10.702839024033107
1601,-10.703688628203476
1602,-10.79129898385668
1603,-10.707448684628917
1604,-10.693911129677018
1605,-10.660850548058832
1606,-10.713977038996005
1607,-10.707649281703238
1608,-10.638105298092519
1609,-10.558757855986812
1610,-10.494556756384986
1611,-10.777114275055208
1612,-10.628788527811203
1613,-10.677483494519468
1614,-10.71403250182112
1615,-10.703578351142387
1616,-10.758605651606796
1617,-10.673215165793435
1618,-10.652571889718267
1619,-10.57799615378103
1620,-10.808713027173582
1621,-10.777306179647772
1622,-10.658463645664447
1623,-10.758882698462648
1624,-10.747398649146
1625,-10.718011133053556
1626,-10.711187107382571
1627,-10.609524930748373
1628,-10.701000324110634
1629,-10.754108798567646
1630,-10.622242976967517
1631,-10.792884094331779
1632,-10.583068028343083
1633,-10.74835357452726
1634,-10.773011555339382
1635,-10.69263459549564
1636,-10.771874511297677
1637,-10.770735261010024
1638,-10.651564254180633
1639,-10.78056709540092
1640,-10.734228969307157
1641,-10.714571529942573
1642,-10.758515612794021
1643,-10.72798454079793
1644,-10.631436256297619
1645,-10.733677147975346
1646,-10.430852113156142
1647,-10.635195955082773
1648,-10.704997417803314
1649,-10.779813578424985
1650,-10.734189681563892
1651,-10.782183481021566
1652,-10.764127398551938
1653,-10.48992653807102
1654,-10.714061800136497
1655,-10.469314757694104
1656,-10.724453867772773
1657,-10.69838275006852
1658,-10.73831058073264
1659,-10.749646563578208
1660,-10.777113409618408
1661,-10.759096350088859
1662,-10.775736653323717
1663,-10.720076757753466
1664,-10.67404688339701
1665,-10.772687306637671
1666,-10.729397569104895
1667,-10.7963139567096
1668,-10.674007873786564
1669,-10.714749596806849
1670,-10.785965126845024
1671,-10.795444865426306
1672,-10.745222857694252
1673,-10.68618405511366
1674,-10.786091367149224
1675,-10.764259932696724
1676,-10.648321017736322
1677,-10.572469682372283
1678,-10.61430625139481
1679,-10.664740066326496
1680,-10.692711504116764
1681,-10.789926190151567
1682,-10.626616963250543
1683,-10.779632481144304
1684,-10.707036538358999
1685,-10.782185637120163
1686,-10.540439487493554
1687,-10.736344112925064
1688,-10.760317672983254
1689,-10.744886984381619
1690,-10.792712563517046
1691,-10.762380847086682
1692,-10.809424528465913
1693,-10.795052828341394
1694,-10.733842559553775
1695,-10.73251522988281
1696,-10.761857960839913
1697,-10.758321170754805
1698,-10.734066708547047
1699,-10.720849376760556
1700,-10.665983652114948
1701,-10.614729535209765
1702,-10.7353986061727
1703,-10.669799851948056
1704,-10.639231953264641
1705,-10.711588670276962
1706,-10.541144769531936
1707,-10.703507066490216
1708,-10.712325736664598
1709,-10.78628954844993
1710,-10.757901080231907
1711,-10.751353250443248
1712,-10.721017683828938
1713,-10.68254652092174
1714,-10.694540460440551
1715,-10.733887257814503
1716,-10.719553853697262
1717,-10.702385770185817
1718,-10.694455542100384
1719,-10.775145745941787
1720,-10.597513142006429
1721,-10.65879772122323
1722,-10.744733690992312
1723,-10.781670350614581
1724,-10.777398954714933
1725,-10.744727253012634
1726,-10.733569385070624
1727,-10.674960512056833
1728,-10.706501317970083
1729,-10.665961119384196
1730,-10.780543692049177
1731,-10.604039819434833
1732,-10.759710808083035
1733,-10.690076026003393
1734,-10.719209794921902
1735,-10.72635985615578
1736,-10.626865533294106
1737,-10.69898907943441
1738,-10.720591772761148
1739,-10.782446930341859
1740,-10.768090298936986
1741,-10.69875748208834
1742,-10.641958186046258
1743,-10.602886114736503
1744,-10.72874100969033
1745,-10.763399087780137
1746,-10.633427835372498
1747,-10.607380354722046
1748,-10.68625152700039
1749,-10.727338146111247
1750,-10.621863149935225
1751,-10.58504637839619
1752,-10.678586483342812
1753,-10.721292001527194
1754,-10.777352738144515
1755,-10.60328942835983
1756,-10.679792582075807
1757,-10.755463576178752
1758,-10.769782616671783
1759,-10.694362677905763
1760,-10.658335013539636
1761,-10.747707338053177
1762,-10.732103670751565
1763,-10.663395507434917
1764,-10.672155562854515
1765,-10.750365559091835
1766,-10.654339530353461
1767,-10.727000075504986
1768,-10.740215392697673
1769,-10.634049858053784
1770,-10.749981243875325
1771,-10.648546718186351
1772,-10.72008459973295
1773,-10.624988200837732
1774,-10.781029136234496
1775,-10.749795320833833
1776,-10.771076164527008
1777,-10.674994583380254
1778,-10.686139241647977
1779,-10.673835225738527
1780,-10.699657604639825
1781,-10.631423554616976
1782,-10.482433565708561
1783,-10.675357939311764
1784,-10.701908316047854
1785,-10.688402027169223
1786,-10.549161950974987
1787,-10.50738815049746
1788,-10.738488966227028
1789,-10.517756656148798
1790,-10.558187926683276
1791,-10.700445242915428
1792,-10.7208888623665
1793,-10.782223627909268
1794,-10.63827533563037
1795,-10.567376679145527
1796,-10.713359661553396
1797,-10.699479261237604
1798,-10.670633336730363
1799,-10.752709396835186
1800,-10.694869206043524
1801,-10.429392009915393
1802,-10.677430567137476
1803,-10.715835379380737
1804,-10.746773065704478
1805,-10.736449270812015
1806,-10.771239702581651
1807,-10.642200931102844
1808,-10.739935566014388
1809,-10.635006885050217
1810,-10.606391885402214
1811,-10.790712906084245
1812,-10.696894936532225
1813,-10.646697576923922
1814,-10.585240533948369
1815,-10.611777415279544
1816,-10.774778830471972
1817,-10.65351470374349
1818,-10.711927790666504
1819,-10.756693838450573
1820,-10.656129248153693
1821,-10.680655614761136
1822,-10.717400600316626
1823,-10.68088723530676
1824,-10.615176235555133
1825,-10.7289098225335
1826,-10.744103198091716
1827,-10.686554471309432
1828,-10.640908264713756
1829,-10.638873080840321
1830,-10.692943296964735
1831,-10.613971997436886
1832,-10.750448939743366
1833,-10.725837895543853
1834,-10.613799636206217
1835,-10.658348201757507
1836,-10.75893331716145
1837,-10.681175043640788
1838,-10.770782624807104
1839,-10.518866728545618
1840,-10.773985072478263
1841,-10.720443617900592
1842,-10.750614650669222
1843,-10.679790514002386
1844,-10.629465347992324
1845,-10.74833489747524
1846,-10.682238589176682
1847,-10.605265382998356
1848,-10.6704424894762
1849,-10.730818902920307
1850,-10.725249891832867
1851,-10.653680894495473
1852,-10.721850165318502
1853,-10.687938871127797
1854,-10.725762508299336
1855,-10.65832599355676
1856,-10.642461534041484
1857,-10.67195324802017
1858,-10.706940206116778
1859,-10.567310453790553
1860,-10.722607755796327
1861,-10.690322147860108
1862,-10.70398098145592
1863,-10.443838168889137
1864,-10.609038148064794
1865,-10.789287073209689
1866,-10.575611891409688
1867,-10.725451769732393
1868,-10.767507936620516
1869,-10.672904160406326
1870,-10.740854875216911
1871,-10.684658047954454
1872,-10.656800650199024
1873,-10.755287110913846
1874,-10.552765806313856
1875,-10.573239296193448
1876,-10.691633088104187
1877,-10.662710854850328
1878,-10.530611767781817
1879,-10.547382581545731
1880,-10.722157332408774
1881,-10.659051102057775
1882,-10.725052675772783
1883,-10.692672655705623
1884,-10.677881888235683
1885,-10.577521874187195
1886,-10.504238788512954
1887,-10.620318607512466
1888,-10.755000712281449
1889,-10.751429025268807
1890,-10.691872051271664
1891,-10.590937634486773
1892,-10.564667250045376
1893,-10.76620315320294
1894,-10.74380804224815
1895,-10.762929590730524
1896,-10.577530003510141
1897,-10.800273371560335
1898,-10.66357374449852
1899,-10.778149762542457
1900,-10.70307336077089
1901,-10.766715721442079
1902,-10.60256520154708
1903,-10.665039229893676
1904,-10.703000087286263
1905,-10.72041653978559
1906,-10.69442922838584
1907,-10.698146943806117
1908,-10.729166511091186
1909,-10.531744077183435
1910,-10.740376501419632
1911,-10.655821378855332
1912,-10.668563867229164
1913,-10.507044458588961
1914,-10.723588766417649
1915,-10.729341405875985
1916,-10.682074358561911
1917,-10.518242082022796
1918,-10.599696355336471
1919,-10.691171303887922
1920,-10.721391302698537
1921,-10.726461840788662
1922,-10.65692739344674
1923,-10.694079069656368
1924,-10.548808773063108
1925,-10.708656085204742
1926,-10.753098202531877
1927,-10.687272881164462
1928,-10.745105515181873
1929,-10.786786891037245
1930,-10.664651069761668
1931,-10.694899617113288
1932,-10.73485243552852
1933,-10.769035797213581
1934,-10.70429331929477
1935,-10.696341977922023
1936,-10.746678710963304
1937,-10.717390313279957
1938,-10.680359707190462
1939,-10.657562295566663
1940,-10.699024641268714
1941,-10.774040305070336
1942,-10.779966795947079
1943,-10.742152225336902
1944,-10.77208833794202
1945,-10.734550917193824
1946,-10.766174435214126
1947,-10.580856750007888
1948,-10.705972316510671
1949,-10.76654428233619
1950,-10.667000105631574
1951,-10.744718140521655
1952,-10.776730045229593
1953,-10.683413427759293
1954,-10.749200569959669
1955,-10.69663837758982
1956,-10.730933004373556
1957,-10.71641602143074
1958,-10.577119567832346
1959,-10.768162641597495
1960,-10.654458306116325
1961,-10.781489673081147
1962,-10.743588007119785
1963,-10.774906640396287
1964,-10.766642405369
1965,-10.759062233067558
1966,-10.402131273080432
1967,-10.741981754197946
1968,-10.733888014668086
1969,-10.711457042983572
1970,-10.770631280692873
1971,-10.671192396153993
1972,-10.73886613442185
1973,-10.726150479558068
1974,-10.64628940574764
1975,-10.779799220026376
1976,-10.602446557031437
1977,-10.762331492917818
1978,-10.696932994056409
1979,-10.630810404214014
1980,-10.71064400947367
1981,-10.784326361344853
1982,-10.740993270182024
1983,-10.529387768186151
1984,-10.5819651499583
1985,-10.483879271685128
1986,-10.682814390111878
1987,-10.723223223079934
1988,-10.72871805437392
1989,-10.803409019173918
1990,-10.809604130910206
1991,-10.662267584896664
1992,-10.545803744193892
1993,-10.699581415090892
1994,-10.526504150377264
1995,-10.689169532940477
1996,-10.72034903685671
1997,-10.755274815575318
1998,-10.697440992815483
1999,-10.723572282579383
