,value_per_image
0,0.3548503816871796
1,0.20018580439148734
2,0.4266730538675016
3,0.14492138655088102
4,0.13880476741183706
5,0.11418788492193607
6,0.2959597645463599
7,0.24236166289357255
8,0.11863150471967708
9,0.0753732816452535
10,0.15121920654772586
11,0.090751452861875
12,0.2555857441783284
13,-0.1525760089696606
14,0.289037427992369
15,0.08933134533690268
16,0.13944403462365154
17,-0.06317146579775956
18,0.6550834992076651
19,0.19626232937586474
20,0.3053685620371813
21,0.7081785399179996
22,0.42183259071131396
23,0.5134383002489521
24,0.3895368784992776
25,0.20359153114411466
26,0.04007700153743265
27,0.4423936993744997
28,0.1613509495056239
29,0.07243992544032889
30,0.13605776095834504
31,0.14859622432479966
32,0.3227994840949305
33,0.08728843089011185
34,0.10012683750139333
35,0.335015919149213
36,0.0991844703705277
37,0.14602306811287846
38,0.15318364671603935
39,0.32101795446265113
40,0.06753169110306394
41,0.1905075701710616
42,0.04582979128559027
43,0.4354515137263377
44,0.04754328795595294
45,0.4456351348950208
46,0.7690946231248714
47,0.15336941851509778
48,0.08353796946807422
49,0.12268515288729467
50,0.07958490600681739
51,-0.052001964708416185
52,0.05795840927382431
53,0.2730345894531149
54,0.013626127175143806
55,0.34359520530342635
56,0.07780322836608419
57,0.05905141505292653
58,0.2423431554396735
59,0.7042792760463161
60,0.34918810933893696
61,0.05226535133251544
62,0.04402279421191578
63,0.047941395366661484
64,0.4513978081417284
65,0.14496718037146564
66,0.11858700150317622
67,0.11833647004625125
68,0.09413048138969887
69,0.19422848598594586
70,0.07406888302023552
71,0.10819753958627014
72,0.6923225803859727
73,0.11290522855448484
74,0.06517033015116262
75,0.15535691826726267
76,0.6405476536284436
77,0.02794647855367285
78,0.21132481738391096
79,0.10711384977021722
80,0.652837241687587
81,0.13393636151880706
82,0.7594351947338865
83,0.17620171528121722
84,0.1620707967940652
85,0.5440529766538026
86,0.07975619663519896
87,0.18001660465524388
88,-0.13404255814046018
89,0.20384616654586046
90,0.5816982530802562
91,0.05754431643682364
92,0.22232052144461392
93,0.20846652037973928
94,0.12615898070125162
95,0.2083672614904031
96,0.1290402151782341
97,0.03510809726640916
98,0.05085452513886728
99,0.2525455836101769
100,0.15970741891593054
101,-0.08732708933698786
102,0.07797352424027186
103,0.1456764629849886
104,0.12791945192569715
105,0.1018257690298072
106,0.6628824850767839
107,0.12050145777204672
108,0.08361770212223342
109,0.05525387522594371
110,0.15220513676154154
111,0.040075614273069014
112,0.052001971114859005
113,0.06721056314229443
114,0.12260838127359955
115,0.07991101108941581
116,0.052326217954083584
117,0.1161143900672312
118,0.04785940941161992
119,0.07876611227718737
120,0.09588767395402886
121,0.011387592367180495
122,0.05002691628308293
123,0.030397447947975567
124,0.021739256125679902
125,0.09894550211459564
126,0.026174512303880116
127,0.4450873357040537
128,0.16215039286758764
129,0.38649093753845537
130,0.1240488435787932
131,0.03698697386115797
132,0.16930725161592836
133,0.058787337394488035
134,0.09797906450936912
135,0.046850596303768116
136,0.047474065559034634
137,0.2000080255967154
138,0.11966884620803267
139,0.07242589306139392
140,0.2920981247430247
141,0.3693619993195095
142,0.12156324320449945
143,0.08564031719214707
144,0.08557257358714691
145,0.10461973433965883
146,0.11280020714490767
147,0.7647027293218306
148,0.3209599639584053
149,0.06229188336675383
150,0.4249940574770611
151,0.1038064858603659
152,0.2003658449273198
153,-0.053550666108192736
154,0.14921847357510634
155,0.3339703679835665
156,0.25843006856635564
157,0.2349869092303769
158,0.2818952933613204
159,0.4478108610273245
160,0.15968076478727408
161,0.06825292031752757
162,0.28916764225939223
163,0.4007750999734908
164,0.17724713739319575
165,0.0681961696265083
166,0.07342883872507945
167,0.08682315655125801
168,-0.08180900346513292
169,-0.054894406797688006
170,0.09459836439793687
171,-0.012162501480710521
172,0.1005904821230506
173,0.4601912368254546
174,0.1680616559473011
175,0.6162791836527131
176,0.1422346115653983
177,0.11490740979389945
178,0.13107728169796973
179,0.2458864162922743
180,0.06490882290657167
181,0.0464757914248884
182,0.03388344147906245
183,0.04088608079363616
184,0.0492660065387792
185,0.03714495567043916
186,0.08086687800746789
187,0.04003343583232778
188,0.07789498211915083
189,0.21048512427522048
190,0.012882436598104514
191,0.19446457359031696
192,0.14861833974266106
193,-0.024020037138599598
194,0.03827017299174328
195,0.12419140707222105
196,0.5864827286401393
197,0.049760006694475854
198,0.07209410972674933
199,0.0749473732661323
200,0.02414618432884794
201,0.017636055660087677
202,0.03740479616952835
203,0.026189968560553882
204,0.043715846639389024
205,0.08545613540460864
206,0.02281561334291557
207,0.07172792194940585
208,0.11987676566655292
209,0.12694507209139153
210,0.6635208647738076
211,0.2762217947567587
212,0.22453690248621166
213,0.2852687972078561
214,0.1923311437269829
215,0.07067911384411146
216,0.10643111459668804
217,0.31500714961232856
218,0.10883679735488246
219,0.4083641020533469
220,0.2793487125530598
221,0.06262796740517286
222,0.6187935275537102
223,0.257853144541114
224,0.08385785477715219
225,0.040476565127818255
226,0.08548433517573857
227,0.05732687142440366
228,0.4671911773208557
229,0.034450924661664314
230,0.279977459761817
231,0.7424774554170155
232,0.090655991229462
233,0.07559122140080297
234,0.2394245621458495
235,0.09106671670739493
236,0.0348559933219206
237,0.04187868297205321
238,0.6921600572383861
239,0.04325955721896082
240,0.07698714118408184
241,0.1940232727410803
242,0.06356791211479637
243,0.04420276446254411
244,0.04135326573153048
245,0.06337027512780337
246,0.20432405236347187
247,0.1526445616304337
248,0.07317835470464379
249,0.10336112364137556
250,0.04708266706854322
251,0.028970519667953543
252,0.048984658704001
253,0.5534786836997527
254,0.024798762146731587
255,0.14101615753774774
256,-0.09026340797789734
257,0.09806541947661666
258,0.09433228567152403
259,0.10548542579513924
260,0.2828141176793557
261,-0.05843615727547856
262,0.03178150108144248
263,-0.02509408467369498
264,0.20044503903760091
265,0.04849211045828415
266,0.03743134443479988
267,0.20979619760000184
268,-0.04615390793680632
269,0.09055653402334177
270,0.03218511920195378
271,0.030363926689399006
272,0.16669578415623654
273,0.1982743356718823
274,0.09029021382952608
275,0.05206798240532666
276,0.20723191722596349
277,0.10162184784318437
278,0.08164695706618523
279,0.09925729468839274
280,0.0901697998590959
281,0.18192493444472368
282,0.027635564419018797
283,0.08222049120943553
284,0.055217777332383824
285,0.1294854742962513
286,0.06310882521459106
287,0.3429937043914688
288,0.1927499579612477
289,0.10041218099258774
290,-0.07610296760556318
291,-0.03652614374757456
292,0.1032774686917866
293,0.10435860759207563
294,0.04073450205766778
295,0.09988451773901848
296,0.08415687558628605
297,0.054682413292560524
298,0.0182478515092504
299,0.1847447175781549
300,0.0715095700891954
301,0.10619615430718866
302,0.12387775219252932
303,0.1987712211083812
304,0.06751069594628498
305,0.07532846431324185
306,0.120971268923808
307,0.07836690267658603
308,0.10911753842484992
309,0.12016772464095847
310,0.5253058417426518
311,0.35604227268947697
312,0.07419915586310494
313,0.4396349249702064
314,0.09381693516719997
315,0.1606238534272179
316,0.0929256089182245
317,0.1667313510974179
318,0.1467425614277748
319,0.5317486120873901
320,0.18434900234195165
321,0.11294030658319705
322,0.04566851274515417
323,0.13054041373804254
324,0.10330459957777896
325,0.07998958643606033
326,0.07232524564123143
327,0.06692601738650576
328,0.06389680384758148
329,0.4007031986345469
330,0.05647475904395754
331,0.034271186926989314
332,0.04572191512148485
333,0.022550553048465042
334,0.23186540438550235
335,0.06488949423987223
336,0.1602733342465216
337,0.10163026651215233
338,0.03898220080850753
339,0.06485309284971201
340,0.1719127438620523
341,0.1732686619865189
342,0.1795149426769561
343,0.3889087528965288
344,0.11392944377451802
345,0.09813006950441346
346,0.2073700640463074
347,0.057049704575976135
348,0.061545292713946174
349,0.07617981158863953
350,0.6418197633373042
351,0.05429476151486444
352,0.035668717591422164
353,0.11116325624186144
354,0.18365949650245145
355,0.039864934872436204
356,0.10679929089969707
357,0.057378896898060035
358,0.07481778124920008
359,0.1527157080505479
360,0.29681887934821605
361,0.5175390546675122
362,0.6327767412949896
363,-0.009218698391766587
364,0.3901859219628743
365,0.05572967926195853
366,0.4943831789219863
367,0.08519833689267423
368,0.11329305446310385
369,0.1538952775312172
370,0.10224315693519544
371,0.05291651311186492
372,0.14368187446462408
373,0.13896562226719222
374,0.1644175616546482
375,0.08790697239765194
376,0.32650001773546483
377,0.05534809818652841
378,0.08683410218376826
379,0.10736044070627544
380,0.14457248319539998
381,0.16804273826409286
382,0.10754225571994952
383,0.5007847157529544
384,0.3284976925112074
385,0.2920086561645945
386,0.19617442957446565
387,0.06379693465920222
388,0.07380458673063903
389,-0.046066961139411416
390,0.12390738251591753
391,0.06625602593353104
392,0.7261641472683721
393,0.05595874813745808
394,0.15002209393076832
395,0.04438905004746633
396,0.1830684247075656
397,0.13418418957621828
398,0.16624160968858762
399,0.2169849472902292
400,0.03608384598044221
401,0.03500699503379531
402,0.03130271898101602
403,0.09280980435828963
404,0.12041135864873068
405,0.1245332735577828
406,0.061527332553548315
407,0.12717990012100988
408,0.06564479819900852
409,0.35953162899213004
410,0.05020374639980935
411,0.05771376826243135
412,0.07307749917251384
413,0.3057398481013464
414,0.2694473192028557
415,0.125525956451581
416,0.17280195614061555
417,0.07964232660212234
418,0.041717584291983516
419,0.20490392881850453
420,0.041044588580284654
421,0.034598265878660515
422,0.09596142272541226
423,0.33479763713431593
424,0.02538965740016958
425,0.2666990626216505
426,0.051143788531547364
427,0.032503983664545606
428,0.06110117178419944
429,0.10572430613284192
430,0.04168126359375894
431,0.0945546252727552
432,0.18456671879420197
433,0.28056117447532336
434,0.12551411364204515
435,0.1085782249914421
436,0.0629138839243803
437,0.11877737657089235
438,0.22897186590453156
439,0.3007382649320197
440,0.08427543721668747
441,0.04418132653021255
442,0.0616988764678269
443,0.2604233890660115
444,-0.08159223135656553
445,0.3375736233614755
446,0.19958071995824309
447,0.5456540198703733
448,0.19905843424143185
449,0.13474310478324564
450,0.05358283772626704
451,0.11097217682421948
452,0.17760453907795545
453,0.08960241801132357
454,0.10764426436221967
455,0.3205111944270171
456,0.2259618955766992
457,0.14844756618510424
458,0.05715591495872236
459,0.09402321906836816
460,0.061143206785100164
461,0.15371957159611732
462,0.04661177205220676
463,0.0742111423238388
464,0.12289302636514135
465,0.2473846016559013
466,0.15074028271728065
467,0.07936430129584371
468,0.026614266313983358
469,0.11152509787922417
470,0.07981165982018959
471,0.20309561776664234
472,0.04339625506920048
473,0.5457642589746801
474,0.5328914264609448
475,0.6509895281646629
476,0.04352869008252784
477,0.1749866671113415
478,0.05448526604701029
479,0.28351265426375416
480,0.05803027540916001
481,0.5993855436428868
482,0.15510876613799227
483,0.16888546059500276
484,-0.10086978499379276
485,0.11167573229797173
486,0.08537441422690938
487,0.25815861386079725
488,0.14797765075412697
489,0.13241909809617738
490,0.10835286852387048
491,0.07731841991998764
492,0.05646659939517192
493,0.2302867327491369
494,0.10307319240135196
495,0.07563253601239643
496,0.03881760802138905
497,0.17207078979912538
498,0.07680482718451641
499,0.12925273044504634
500,0.16432196170992694
501,0.10361837859562682
502,0.06083484958049494
503,0.19177645214380187
504,0.06774157324084856
505,0.15782537590704884
506,0.6646552285283688
507,0.05830821572921395
508,0.043820968862323735
509,0.09049181684464416
510,0.11155638076914096
511,0.38097493090062223
512,0.1572270152088309
513,0.051479856900496564
514,0.14935372464606814
515,0.19235960375089026
516,0.12810737530227312
517,0.10181200727068583
518,0.10608665222227456
519,0.06320443816104514
520,0.08076055667349928
521,0.29274414586813263
522,0.06430333765548754
523,0.08546058304922703
524,0.11113286771931648
525,0.05037845449229951
526,0.20008641926017426
527,0.28859312893800143
528,0.03116687365156205
529,0.2138629692498404
530,0.05699592809522708
531,0.03045636228145948
532,0.2924287125026261
533,0.11902350533240542
534,0.5985790020452276
535,0.06862258733593066
536,0.06798671252826625
537,0.10686115958178978
538,0.09190309894468338
539,0.10886674625964274
540,0.17685356421679413
541,0.10092459763378908
542,0.0645425350255609
543,0.1615044318278778
544,0.0773611919590392
545,0.17321716873478296
546,0.06335829460309536
547,0.16991490939053253
548,0.058621172249108885
549,0.033456198077781656
550,0.1414609767966331
551,-0.07791025128314122
552,0.6734284737705358
553,0.13669090026433425
554,0.4836168609487139
555,0.6657528445128339
556,0.5635546765997835
557,0.07348758486479602
558,0.07621737013730423
559,0.09551957894364646
560,0.3036891539139869
561,0.18827871753061395
562,0.18343041378411432
563,0.3793321769518226
564,0.06340264971490069
565,0.04954855609251264
566,0.05646049971024913
567,0.0769904977733293
568,0.4782147496891926
569,0.377988677124519
570,0.08063840827666474
571,0.09344295341077803
572,0.5119261122864435
573,0.19260277908762446
574,0.08914442942474979
575,0.3132310141127453
576,0.08573076593070905
577,0.03837291758760137
578,0.1232333664669666
579,0.09420881802386953
580,0.03039463454118323
581,0.16677400131296094
582,0.08759198092423287
583,0.0936703636481963
584,0.07594659859490913
585,0.20283637885245606
586,0.0531694006656707
587,0.009400231552817807
588,0.03571171164115379
589,0.20899914842478012
590,0.07193204734333061
591,0.04306321219270665
592,0.05198381450380859
593,0.08826877650745786
594,0.031466343571038016
595,0.09468793143747156
596,0.05961512631540574
597,0.08008286517675174
598,0.4116441496047742
599,0.4707259800354157
600,0.4256169432016059
601,0.0705061215865939
602,0.2473706255106856
603,0.13553147387774564
604,0.22967874082460635
605,0.036571190958877536
606,0.1194634941679986
607,0.2854357773182293
608,0.4879676830546271
609,0.051359980064021926
610,0.0681231225476906
611,0.09771913870707234
612,0.044166627219108696
613,0.13101132855451195
614,0.2517756108552676
615,0.02666220838296936
616,0.02645002933186497
617,0.17971054960461028
618,0.05831592255618177
619,0.06600970310213418
620,0.14533190709127208
621,0.361952684040261
622,0.2808833601614447
623,0.09299161683015104
624,0.08852088204068027
625,0.13354659750899836
626,0.11666688232641273
627,0.1980580611921985
628,0.12763629752068892
629,0.06969877689949112
630,0.13841928487206615
631,0.032851339715512726
632,0.2047541173724452
633,0.14688728635578244
634,0.17952916525129828
635,0.1671600742236252
636,0.2737388151250995
637,0.05716872133385336
638,0.04540152713882527
639,0.10433836594097376
640,0.07773016043398502
641,0.1510128137523571
642,0.04161673510247914
643,0.08914667944898519
644,0.04291027087415852
645,0.028466447579396162
646,0.05410096815754584
647,0.030069538226216743
648,0.07092220686617047
649,0.07618433648038367
650,0.05885439303358143
651,0.06926897215857977
652,0.06262107639199835
653,0.1640645244628457
654,0.1870475482425801
655,0.0395777353363053
656,0.10091212761048388
657,0.3128110642779009
658,0.6360775265789188
659,0.1479178771167958
660,0.0714046037560249
661,0.10392098057304504
662,0.11600144943090605
663,-0.07649321282720478
664,0.3380566337452346
665,0.01896125475100736
666,0.16902779814361552
667,0.2263424357492904
668,0.14777566248464505
669,0.3987459906744267
670,0.6451478001235942
671,0.10846063576349853
672,0.4284184983714105
673,0.12709757004134414
674,0.4174108649456444
675,0.10086376501510608
676,0.08568894152457326
677,0.2517336808215958
678,0.15508024591406058
679,0.05556319797784128
680,0.043145149971843405
681,0.3729093383656856
682,0.04736935796236735
683,0.08051812599321394
684,0.24173587649846806
685,0.12033810353349135
686,0.3554056175856912
687,0.13021646763599232
688,0.24192262002788015
689,0.07481554904304785
690,0.12270340429259195
691,0.02513113020659748
692,0.11113948289806924
693,0.12640624164863726
694,0.12692751002512634
695,0.024594751807050928
696,-0.0453458278644507
697,0.14285571128998725
698,0.0743504137465055
699,0.0586578153635982
700,0.16709508483240762
701,0.04920340327802917
702,0.07498024511861064
703,0.2443055715576001
704,0.1971934792310748
705,0.10907854974969246
706,0.11810044929025194
707,0.5806232205038352
708,0.24383564199116214
709,0.08656547829470472
710,0.13669761296516705
711,0.05592217103085108
712,0.09026269909251633
713,0.2098494292387808
714,0.09600950853744304
715,0.04149634204982177
716,0.09246420333673973
717,0.09523758362066866
718,0.15967124885396253
719,0.13642245881825252
720,0.07438413662303557
721,0.18651200359256911
722,0.18694943448973053
723,0.3307320626493776
724,0.34315119610844297
725,0.3354511349756202
726,0.35824965563433264
727,0.030722719824651818
728,0.0813802179379787
729,0.09010568395489407
730,0.10658418666411734
731,0.13001709911904272
732,0.10422859545522373
733,0.2609806869643517
734,0.041405584243793016
735,0.04836358540696633
736,0.042419860719806905
737,0.053100153933945085
738,0.14973676506821967
739,0.2045758528261412
740,0.16540894669677209
741,0.543971766051531
742,0.047279830915879
743,0.03219853006256438
744,0.3031597166195384
745,0.022939319369532685
746,0.10422133283815106
747,0.06187401056916742
748,0.1007371432829473
749,0.08873452238786059
750,0.2610590580613971
751,0.4457876132451813
752,0.060740861215309215
753,-0.0367266815921459
754,0.09262384214257134
755,0.16941758883931002
756,0.1004614434211864
757,0.20989641997401093
758,-0.05071702361186472
759,0.16574725120170392
760,0.047378639668617564
761,0.07054273562456834
762,0.060396931458688574
763,0.1380824537647419
764,0.08144051513180935
765,0.2133717629714734
766,0.16436423597776048
767,0.3056433066334416
768,0.07560708769768824
769,0.3452950617842378
770,0.4971371273296578
771,0.3587522518059036
772,0.3405968782727922
773,0.0928053283981514
774,0.7483339689122519
775,0.04845949479875143
776,0.08636721671427151
777,0.23474154862582103
778,0.10135634554646372
779,0.09734203195106923
780,0.102442777593291
781,0.21482670777331606
782,0.4545615084190126
783,0.1749893836626211
784,0.04891094413428358
785,-0.009296728945998093
786,0.26170472151475266
787,0.07613080418452424
788,0.3161807233390103
789,0.1829772283489808
790,0.14657094981924193
791,0.2375011431616121
792,0.2456693688407912
793,0.2138747010764662
794,0.06956993664071136
795,0.06488546946256586
796,0.07227495047626714
797,0.47143871473237203
798,0.13329025758469346
799,0.021765902458918625
800,0.32773361866612444
801,0.7432752747215644
802,0.17380785892714012
803,0.0404247905217365
804,0.17886574890855114
805,0.0952304821913642
806,0.131432371322572
807,0.027962157234353864
808,0.09266707036207612
809,0.1275557434086515
810,0.5915379173232113
811,0.2795831613640624
812,0.0644443236479548
813,0.14121867749938036
814,0.11355603014608392
815,-0.054285541596828565
816,0.4143828417145745
817,0.43490489697982665
818,0.14641982435345507
819,0.4412551004823482
820,0.024306122950631483
821,0.1670725808039566
822,0.046909016064701034
823,0.14515579338639362
824,0.0598604272899361
825,0.046221203940464056
826,0.02583709716548033
827,0.09976333445808684
828,0.05922247203583377
829,0.11039123583342958
830,0.0448721266380599
831,0.0775075515413251
832,0.2774042396294018
833,0.05953725433852899
834,0.06442782816720112
835,0.040343148326192166
836,0.4316735776419736
837,0.05491919066249088
838,0.3016909613877161
839,0.14691946610254442
840,0.05319653595222254
841,0.03521109313651353
842,0.4398268918180272
843,0.05223178707527467
844,0.2338349627880374
845,0.06296574911921296
846,0.248212280304713
847,0.15130314708386453
848,0.13597778541525835
849,0.15290894618048856
850,0.18515708217000448
851,0.15920822447867913
852,0.20295019836089087
853,0.2675385756420801
854,0.05001324755853409
855,0.1861271929096832
856,0.03339476248329048
857,0.12599271960758476
858,0.08596340823040162
859,0.25675426918856586
860,0.040591211197545086
861,0.6179095727638496
862,0.07772719561355701
863,0.18743738891816372
864,0.33185454269320525
865,0.09700667597078723
866,0.08607028240818015
867,0.3313464418357323
868,0.1674868883986456
869,0.048181441180981235
870,0.13566867955955692
871,0.09001355703642326
872,0.13416854433027758
873,0.3001422898225725
874,0.40140301211131374
875,0.09764969611599096
876,0.19436764557724676
877,0.18429743422064254
878,0.20363933849520646
879,0.1456793362013394
880,0.056029383846678736
881,0.0481480461913678
882,0.12099491670391363
883,0.06762682998298415
884,0.10973364946781217
885,0.05334238066217898
886,0.034118380568721456
887,0.17619046255153462
888,0.08468777070531816
889,0.03115429081436145
890,0.672155214460731
891,0.07215301192156562
892,0.1190780014056584
893,0.02320147664306152
894,0.03931110570807205
895,0.24967269572765916
896,0.15399074073961105
897,0.1521934714055445
898,0.1477695398765917
899,0.061680516890493885
900,0.02798865929524213
901,0.060794409608486234
902,0.14210516672777462
903,0.4139706683489562
904,0.05164379147597018
905,0.1646716951606255
906,0.07199525345807037
907,0.10950666694258293
908,0.05941896055044836
909,0.1260359489200245
910,0.7224585959416108
911,0.636522002530886
912,0.1726448482595264
913,0.08363248700734903
914,0.1051710931816652
915,0.05250192873424206
916,0.3179446972809219
917,0.07790621880554027
918,0.291762672581086
919,0.10593769967718243
920,0.04514173613376699
921,0.33246734559933977
922,0.19093504913514364
923,0.07191699561764142
924,0.05195904843247941
925,0.12631087454807371
926,0.0869789926719291
927,0.2309437184563571
928,0.08998304985291722
929,0.28678891205462576
930,0.07977771441295718
931,0.09444664361644801
932,0.19676017685065103
933,0.057853933964841675
934,0.07213940713472942
935,0.2779896600263255
936,0.12882722509341404
937,0.722332855439653
938,0.13588097824059606
939,0.06766477841154359
940,0.032900833098781425
941,0.15571425262803704
942,0.3063077822910503
943,0.043104111818358735
944,0.04020927294023511
945,0.09783780417090047
946,0.34836274242083914
947,0.044060195746024274
948,0.022848427287609763
949,0.0436634211637171
950,0.17899598650428608
951,0.2123423053729126
952,0.17079093484625665
953,0.09593144323316137
954,0.06312339390705635
955,-0.04528592446824424
956,0.0793435776220456
957,0.1425407548251998
958,0.12806152009652275
959,0.05204977059690625
960,0.0924826900347754
961,0.025906160014798653
962,0.7410993721255457
963,0.18039480373805408
964,0.07543848621944299
965,0.01665687847256275
966,0.05654077718626744
967,0.17237079489793505
968,0.11979958649568047
969,0.120288108333738
970,0.04278249595912375
971,0.0863365808576093
972,0.04623575591705354
973,0.06314924110447846
974,0.03323209278984598
975,0.071040805598425
976,0.06014808751521114
977,0.18081244826430512
978,0.062499412841290077
979,0.050435900225749404
980,0.07024143141140622
981,0.049289933440724916
982,0.05288664875942817
983,0.05159238779604382
984,0.4661640227418664
985,0.8164332705002835
986,0.06360309502077956
987,-0.02122757409761516
988,0.2642609760454803
989,0.26783983289619256
990,0.27631606104567824
991,0.027459926083022185
992,0.2759655109475441
993,0.19307797996108975
994,0.030458121821468075
995,0.1939894436328611
996,0.3656832573023187
997,0.09138087667440352
998,0.5992430772037451
999,0.05468546290046025
1000,0.5096402252946499
1001,0.0623699566595537
1002,0.15687087968133653
1003,0.16326115528963994
1004,0.16203710568501864
1005,0.21059544331726235
1006,0.28758866569728625
1007,0.07054959927141281
1008,0.08711064256168383
1009,0.030054978011283658
1010,0.07210521024083044
1011,0.05275626718449965
1012,0.05537887571397363
1013,0.09140506196282218
1014,0.4468386545912413
1015,0.09371302403464693
1016,0.17135038627109248
1017,0.15129730923909554
1018,0.07270860830355727
1019,0.15466035037177664
1020,0.21971074043361755
1021,0.5322932367596404
1022,0.14085944826964233
1023,0.06153685087785466
1024,0.02445243588134161
1025,0.029645942255111333
1026,0.4922505767759759
1027,0.09662014393038262
1028,0.5214268955193007
1029,0.21472308291903835
1030,0.08840081411907898
1031,0.1473585252616854
1032,0.09220326752418596
1033,0.02433900290283636
1034,0.09574140350252483
1035,0.1999564788597013
1036,0.007355397982305456
1037,0.03996800126666409
1038,0.11721832742632395
1039,0.15713500420093085
1040,0.7161597040909379
1041,0.057669079767082326
1042,0.06336687592378724
1043,0.15658771540273114
1044,0.06614154697707167
1045,0.21888867665489867
1046,0.2782166605251337
1047,0.02460798987996157
1048,0.4457269380963225
1049,0.10982920035626313
1050,0.5996665423414088
1051,0.09821775016024596
1052,0.06254274145725469
1053,0.05992710547070065
1054,0.23290985805740425
1055,0.276939902391425
1056,0.1216121536248154
1057,-0.05604998691741127
1058,0.09365462654878924
1059,0.20372997573366172
1060,0.7295167556578243
1061,0.15154940726137867
1062,0.2272356554236911
1063,0.12429040329702888
1064,0.19776868604848305
1065,0.02578310577340594
1066,0.16804784775320095
1067,0.1844406109967432
1068,0.10621098246125037
1069,0.1417892638731652
1070,0.05516364611756861
1071,0.04303877125243577
1072,0.19484596151987768
1073,0.057746007382736164
1074,0.09869031911308028
1075,-0.019042755103470182
1076,-0.0370694704458471
1077,0.12510996067160265
1078,0.1672121887794182
1079,0.0758191902633368
1080,0.028730745113200257
1081,-0.017602874329610302
1082,0.04885139726920995
1083,0.06948689821857319
1084,0.05350903342536452
1085,0.2044283806291595
1086,0.08579572767443165
1087,0.07877365231637609
1088,0.6145256529939197
1089,0.07769935477037894
1090,0.2848490839855638
1091,0.2607972547690554
1092,0.21358832125358013
1093,0.1465184352214201
1094,0.6287879319002792
1095,0.13801175683505873
1096,0.10810819340210368
1097,0.3587567587618289
1098,0.1296004070294508
1099,0.06946809737062654
1100,0.2112331794958004
1101,0.40292168306348297
1102,0.1366292045545817
1103,0.11613741402683855
1104,0.30621970359667416
1105,0.0993601360223528
1106,0.033962158782879885
1107,0.08475129176679318
1108,0.08385515726316785
1109,0.027372418893300682
1110,0.14623770886005227
1111,0.16435123146091155
1112,0.1383699536785032
1113,-0.04442659913470184
1114,0.1397564234802718
1115,0.05326362615276721
1116,0.04339040032946589
1117,0.07246733182192501
1118,0.10337712231076562
1119,0.15083496954254189
1120,0.16397723826637853
1121,0.19239235591549536
1122,0.11483402903521615
1123,0.5675811706770598
1124,0.06423873281130972
1125,0.1009322493613874
1126,0.25335658794836635
1127,0.1393073120265635
1128,0.028856803542255494
1129,0.06448408775928176
1130,0.1638030267890839
1131,0.07325785882651839
1132,0.11086353595343132
1133,0.06674489249011774
1134,0.1020791828696584
1135,0.1128265372926519
1136,0.6196760135850183
1137,0.2913742852541871
1138,0.3123511905684096
1139,-0.042114456133657316
1140,0.2353606067930521
1141,0.09790563878187647
1142,0.1806795522786316
1143,0.11889526655280082
1144,0.0565756361296882
1145,0.11567068952528355
1146,0.06437659532116502
1147,0.1463956455979292
1148,0.09392284309277664
1149,0.3615845684058636
1150,0.1599804873124748
1151,0.09695846647722507
1152,0.05438197134189807
1153,0.11808191397791115
1154,0.24038181406753395
1155,0.04561098020920856
1156,0.07096488338445724
1157,0.035336274536232226
1158,0.04242813364126104
1159,0.1783984986719918
1160,0.20986806579303235
1161,0.08888913118582124
1162,0.5268069792037773
1163,0.05510211018275545
1164,0.1517486298441566
1165,0.5089564676944353
1166,0.02838068726962721
1167,0.15518761629775948
1168,0.21267751698609227
1169,0.2781887611814953
1170,0.03805035922117754
1171,0.10233906212257056
1172,0.13524164155274868
1173,-0.07242094598777381
1174,0.4415864924938289
1175,0.0889172968532625
1176,0.2706388231545823
1177,0.08830193667465594
1178,0.05640289825982254
1179,0.2975678720307856
1180,0.24542718850869225
1181,0.2698861380892002
1182,0.1176730452133248
1183,0.13117854040307644
1184,0.14807244329391211
1185,0.20785342468220191
1186,0.05598618745643631
1187,0.06397998578226638
1188,0.15473519544982112
1189,0.08114864731312188
1190,0.6235686535701855
1191,0.19200193271856214
1192,0.06730501050413923
1193,0.14130721850892355
1194,0.09537374084024214
1195,0.5644782081213333
1196,0.08862275465708824
1197,-0.06063071567496759
1198,0.2449075720803684
1199,0.08387976927485613
1200,0.11641540550516362
1201,0.10070027039754444
1202,0.5075556967114263
1203,0.050157818744615834
1204,0.33890541258238543
1205,0.024345101113342982
1206,0.034482375457629486
1207,0.08006190982514884
1208,0.03339773022938384
1209,-0.04274186235043802
1210,0.07706053620930156
1211,0.5070718160975418
1212,0.15702111754742412
1213,0.15815618874801066
1214,0.4434526386425176
1215,0.058617409047187465
1216,0.18285049009561027
1217,0.289202156951935
1218,0.10740602040167348
1219,0.4650824402873857
1220,0.031428919903733886
1221,0.18430652411174545
1222,0.0386802757970946
1223,0.3129219452393306
1224,0.05076223248161059
1225,0.16514731662010804
1226,0.2617791734840769
1227,0.07930629339127789
1228,0.08418764605441012
1229,0.15159517959902274
1230,0.04193561344578467
1231,0.02566830502475489
1232,0.0483252326309
1233,0.12830326601445974
1234,0.5305586722950275
1235,0.06547706308497127
1236,0.2534841875279668
1237,0.10480540443929452
1238,0.05232048365661534
1239,0.048707322646416015
1240,0.0489895492883786
1241,0.4800636091655635
1242,0.3462725540294532
1243,0.1567286643579243
1244,0.16230647990943034
1245,0.06423496505294203
1246,0.13182467686460506
1247,0.02573829953395757
1248,0.07016023114985027
1249,0.09725704527385227
1250,0.0932318499241264
1251,0.0812674166819384
1252,0.07085576869778666
1253,0.23279634317064485
1254,0.03482508397183515
1255,0.04331349910289615
1256,0.04339832229850131
1257,0.09667644382367023
1258,0.09609506630221963
1259,0.21498450804134214
1260,0.09635891520845367
1261,0.5994958622246526
1262,0.08633015006138332
1263,0.052524086897043694
1264,0.11646290288598404
1265,0.19496353313309012
1266,0.09408902400367232
1267,0.13090476115500208
1268,0.565890532090461
1269,0.08524040999203614
1270,0.29115084432958754
1271,0.16620858611662173
1272,0.4442911078305445
1273,0.3485598184905303
1274,0.08921209388032544
1275,0.09795525797013656
1276,0.3552200621000283
1277,0.15913593603967466
1278,0.1121449754624454
1279,0.14072178699386406
1280,0.2514476222736631
1281,0.10218335701698816
1282,0.09900484195778038
1283,0.034833258578798085
1284,0.3262335305944759
1285,0.07654403591346985
1286,0.06133823542720539
1287,0.5529679530213486
1288,0.5532294419030339
1289,0.0647892915319311
1290,0.08801101448891682
1291,0.1345809033214051
1292,0.0372210449707216
1293,0.06606628743084049
1294,0.1588671934267609
1295,0.7605519087813354
1296,0.170899448549356
1297,0.047978923125956405
1298,0.18549212372509288
1299,0.07101268146623957
1300,0.08642290081663248
1301,0.4681671792106287
1302,0.17642095853174164
1303,0.08910039855493614
1304,0.056732424060823926
1305,0.033170460334791325
1306,0.06440753125565102
1307,0.17905208092822938
1308,0.04816521423296527
1309,0.5002966590539045
1310,0.09626901881484907
1311,0.0419864197054047
1312,0.08789576842769453
1313,0.1764367203862485
1314,0.12542842397996104
1315,0.12549907643316793
1316,0.10251183812865697
1317,0.01688362110890849
1318,0.3725324778119056
1319,0.061506737956789466
1320,0.13269923487371876
1321,0.14551230297662066
1322,0.2512573348473737
1323,0.11723449719800225
1324,0.04753080178859692
1325,0.05903747720193346
1326,0.0338847672729015
1327,0.10270470049602548
1328,0.0956679276253535
1329,0.1285884620679254
1330,0.12196620382113875
1331,0.03536081868371425
1332,0.18713478737216413
1333,0.16927727471572251
1334,0.5290195933804018
1335,0.07491807726688737
1336,0.4256678925711125
1337,0.12413351309357833
1338,0.04642324352836304
1339,0.13706418503092915
1340,0.07650591330524799
1341,0.084672648716738
1342,0.0392028330269483
1343,0.07496141723108578
1344,0.11173820694309276
1345,0.15002489066364394
1346,0.2232934549588243
1347,0.0976614868743592
1348,0.047355205765915134
1349,0.3165026342168773
1350,0.07194252466158828
1351,0.05857327115317412
1352,0.04041716349357117
1353,0.039500435538941635
1354,0.0709713086911056
1355,0.044737885534712835
1356,0.07801047465538441
1357,0.0940806261102101
1358,0.049392606842281285
1359,0.14233635610115405
1360,0.09124595551531207
1361,0.02245092949919935
1362,0.06679550331307381
1363,0.07886718510560438
1364,0.09539616596901616
1365,0.019860614025879943
1366,0.07016438196517359
1367,0.32081097616961285
1368,0.03430662775595143
1369,0.13074799981439747
1370,0.01876435325376022
1371,0.1488011945479356
1372,0.027349995655869555
1373,-0.04707687338173864
1374,0.6534761823060454
1375,0.099780550486196
1376,0.044686552550115
1377,0.11089206622814723
1378,0.3059406712965391
1379,0.33639131895830243
1380,0.05532986868330394
1381,0.4074288448014029
1382,0.24133014377701836
1383,0.3509627617289696
1384,0.0606436000262473
1385,0.3381191518884661
1386,0.19069206699903832
1387,0.01865292506111284
1388,0.5839212225745263
1389,0.43309843887979466
1390,0.07618449568610734
1391,0.03356389685562528
1392,0.14066763082211026
1393,0.0762163115633202
1394,0.18731950162997926
1395,0.06552296831649937
1396,0.06656782924791084
1397,0.14652666421571867
1398,0.06274330995704787
1399,0.06895289309088938
1400,0.09412764868618637
1401,0.09706455679455343
1402,0.26549906133432205
1403,0.19419210732561615
1404,0.2574255497500565
1405,0.05651882807357553
1406,0.6734139387591417
1407,0.040107271241084284
1408,0.07790845737828564
1409,0.6268237726382342
1410,0.049951967291436666
1411,-0.10125145065925076
1412,0.10859579683450593
1413,0.2408567765793725
1414,-0.058822487106200375
1415,0.13226033294247086
1416,0.5183903902275792
1417,0.10690836638790638
1418,0.1443850233970451
1419,0.2660875389381771
1420,0.15864522505961084
1421,0.0518684062344936
1422,0.22021032025796625
1423,0.08180708493569594
1424,0.02835798198637067
1425,0.1031574937527027
1426,0.17269847498835764
1427,0.05209522490135885
1428,0.12310227798892028
1429,0.09675017339418752
1430,0.11553804008952882
1431,0.15934976397458306
1432,0.05432007866819701
1433,0.13921830246656786
1434,0.12603038946544956
1435,0.08066880321946944
1436,0.09976729034407754
1437,0.10999779044792504
1438,0.0696753483599964
1439,0.11653068980440805
1440,0.4021038530298277
1441,0.10387785011200386
1442,0.7649261358696923
1443,0.5832551144705129
1444,0.09151661979884372
1445,0.2690442732256796
1446,0.19837564896860485
1447,0.047504727379302884
1448,0.27571498506797343
1449,0.4582539468933137
1450,0.12177636389852088
1451,0.19683716839477525
1452,0.2373519959922851
1453,0.0595260369768718
1454,0.24577374920673714
1455,0.1378315687958483
1456,0.5747284768898788
1457,0.6952385151177247
1458,0.1336795743520674
1459,0.2669027649378525
1460,0.07904739590561828
1461,0.05343183715566392
1462,0.0763169192425381
1463,0.077127507113968
1464,0.06866549305595163
1465,0.06808566491152791
1466,0.05745648184606687
1467,0.08577731122991017
1468,0.04276798095870433
1469,0.22441438583411
1470,0.01808656392465309
1471,0.28238089301690045
1472,0.2938114906159445
1473,0.3613895138478003
1474,0.1662193095925969
1475,0.14212126555641527
1476,0.1007975973713477
1477,0.5653869441122604
1478,0.10930015672880393
1479,0.09455429654748868
1480,0.10798440847701052
1481,0.03138643840475623
1482,-0.11506857345614452
1483,0.11252811120688257
1484,0.08116036076882054
1485,0.09491638866785408
1486,0.07432065499217493
1487,0.10975980058977726
1488,0.07011063914019848
1489,0.04723019898774053
1490,0.12794529269119914
1491,0.10294309074357257
1492,0.110034597061893
1493,0.10304013484175999
1494,0.35538966544545003
1495,0.07661849991903852
1496,0.1264055344831174
1497,0.17229867845559105
1498,0.1112890705129346
1499,0.06253788706596672
1500,0.3133616718844705
1501,0.12617181847239525
1502,0.09227077126986473
1503,0.23261488253369156
1504,0.19588419683069694
1505,0.5350952979303467
1506,0.17650617969337273
1507,0.07651320789948637
1508,0.06798321735711599
1509,0.060739240008084276
1510,0.032772707927870716
1511,0.12920261417809434
1512,0.04893177302770698
1513,0.03778280958722447
1514,0.552028188521088
1515,0.044617928485997736
1516,0.08462999235324076
1517,0.09008401482035043
1518,0.020616178708019184
1519,0.3309555755378313
1520,0.7266360551464106
1521,0.15656426397870832
1522,0.21653174449620444
1523,0.07979669002040134
1524,0.054451391735322624
1525,0.04174613542283035
1526,0.1450498263843362
1527,0.11782397528936188
1528,0.2460627424175197
1529,0.06321242130804232
1530,0.058450643401979085
1531,0.7089195443583246
1532,0.2797686955517498
1533,0.09967598249482212
1534,0.0766041930378425
1535,0.20552086555609692
1536,0.053576272513889314
1537,0.06941991462558805
1538,0.7052469223018759
1539,0.13375753534034984
1540,0.24246399508095284
1541,0.06734220203459047
1542,0.11573511818405305
1543,0.04788803198921127
1544,0.3466665090797389
1545,0.35762902330878205
1546,0.14829167490299713
1547,0.16549700512276966
1548,0.05309076343068268
1549,0.2226532046749775
1550,0.09342883551511016
1551,0.5051328426923841
1552,0.08018025106982518
1553,0.04137180496693305
1554,0.0961444125840437
1555,0.2227698626288339
1556,0.3588689808516013
1557,0.04696579164858237
1558,-0.008565606727567178
1559,0.0744743741771961
1560,0.0405524574068054
1561,0.1235385919143118
1562,0.2600842217475366
1563,0.048181620121508235
1564,0.06121710611794842
1565,0.1371346627536011
1566,0.1318067911696762
1567,0.3047304408412033
1568,0.19870635982690452
1569,0.0450469406002541
1570,0.0790874744384912
1571,0.06440836704559423
1572,-0.05996372581708841
1573,0.4977514541744306
1574,0.058165575104901286
1575,0.13479642100700506
1576,0.17011341869137558
1577,0.13848098392509411
1578,0.17370789593372635
1579,0.10612921893642313
1580,0.12707355808525056
1581,0.16842978524446234
1582,0.16357866587798214
1583,0.03429003228634471
1584,0.2736159979997476
1585,0.047933862877473934
1586,0.2046708930100379
1587,0.09017187676063737
1588,0.10527546072372444
1589,0.05814916807130911
1590,0.03897485454982978
1591,0.02989713593332465
1592,0.21978152968395606
1593,0.1224072683272144
1594,0.08682883147505915
1595,0.13541897524600058
1596,0.252779762428317
1597,0.5905181926592198
1598,0.07344496142163165
1599,0.032941425554589836
1600,0.13907375101214292
1601,0.058030357044516874
1602,0.6988884472327986
1603,0.16559540785582524
1604,-0.022890217270457112
1605,0.6000726193918452
1606,0.24215978605886934
1607,0.04390643695934617
1608,0.2788439531696046
1609,0.06137391619889398
1610,0.05234823304300696
1611,0.0428406104350506
1612,0.08166386281315201
1613,0.7299643843949661
1614,0.12649399817592466
1615,0.13757762901924175
1616,0.22221664831982335
1617,0.3064954882979583
1618,0.23355989559827
1619,0.28747615387552977
1620,0.11047156256481927
1621,0.11204446681608267
1622,0.2925593263975487
1623,0.18377979002486064
1624,0.25721897805974303
1625,0.07275984502230964
1626,0.09233019119006068
1627,0.3394408756256317
1628,0.2191301660515325
1629,0.017222089155045098
1630,0.026669712144930118
1631,0.1390702143760826
1632,0.06370988784770754
1633,0.14087724080286995
1634,0.2335068843602757
1635,0.04714606757181458
1636,0.0809753975884713
1637,-0.06016869088839074
1638,0.07633750585541026
1639,0.10473713837192723
1640,0.18057663050449185
1641,0.10556499695114664
1642,0.21424011053713865
1643,0.12746693100952888
1644,0.08114740304616251
1645,0.17887906311148544
1646,0.029068206487517182
1647,-0.037353003220329625
1648,0.04931051050873337
1649,0.21400876194557952
1650,0.0415171024096914
1651,0.06114904253589468
1652,0.13821942366959253
1653,0.0995986033055875
1654,-0.0254087721799654
1655,0.048419417556782175
1656,0.12854647946532669
1657,0.19608088199023987
1658,0.12530624647998842
1659,0.2071435144711312
1660,0.1959137486671119
1661,0.7277527258140738
1662,0.04196297073030823
1663,0.09091609863455592
1664,0.18556972627823354
1665,0.10458788983172072
1666,0.5903895268223369
1667,0.0603109885178297
1668,0.4797294661408152
1669,0.11392833397024175
1670,0.03492342628957003
1671,0.0206608343434648
1672,0.07679920043261305
1673,0.2718909024484255
1674,0.12601937324763568
1675,0.08256830537277007
1676,0.5257122101387932
1677,0.08026033556234062
1678,0.0603377914024253
1679,0.12184620954478535
1680,0.09708289560866157
1681,0.0908973803270355
1682,0.10045750748959402
1683,0.017227601515944508
1684,0.3141356582277582
1685,0.06797397928131428
1686,0.1083568330000264
1687,0.14057726656263653
1688,0.6146389696135379
1689,0.1645884085296233
1690,0.011726818153587006
1691,0.1153526732095517
1692,0.20247475775001425
1693,0.2615501477493158
1694,0.17295896913451586
1695,0.2721212720929112
1696,0.1777449126801891
1697,0.0981091543687747
1698,0.14844822822714498
1699,0.06378337221822238
1700,0.10122224381054294
1701,0.13389247971627166
1702,0.0677796311266995
1703,0.06312354154699554
1704,0.12235737541560154
1705,0.6048045874455633
1706,0.04696619878316999
1707,0.3743468755355213
1708,0.14056217075714078
1709,0.07174153689876829
1710,0.3328319424136995
1711,0.04033959808333177
1712,0.4736505019755651
1713,0.1839780356172893
1714,0.09915594602605517
1715,0.12528456328178705
1716,0.1110740925122267
1717,0.09376088838565047
1718,0.2153103758992073
1719,0.21185170214612814
1720,0.2987870728898142
1721,-0.07410348872117195
1722,0.20505957302460626
1723,0.06353007781739826
1724,0.2194015232393938
1725,0.23950599225311106
1726,0.22794107265068
1727,0.06162793591359765
1728,0.0791287296826979
1729,0.2610999131105945
1730,0.21840622990429465
1731,0.0600377011063119
1732,0.10303345397549137
1733,0.07339998973749055
1734,0.5240587511669955
1735,0.4241506888877774
1736,0.1230109699496111
1737,0.11210623355220373
1738,0.6464111350761874
1739,0.464884387360203
1740,0.043605140108769785
1741,0.09077900445224442
1742,0.05368263308984094
1743,0.05373903778364938
1744,0.08485810881633166
1745,0.5395488597298614
1746,0.182440636764476
1747,0.07534519863579082
1748,0.07223811303628308
1749,0.10620525219274074
1750,-0.02311840505473293
1751,0.07920747152411779
1752,0.07863850842013016
1753,0.20332546925125056
1754,0.03807126760008216
1755,0.042115959234086266
1756,0.06746146497689781
1757,0.07505549519919252
1758,0.06138054163921763
1759,0.1650795859398678
1760,0.21174416845541494
1761,0.2176288011963339
1762,0.10653095125690926
1763,0.07384696846087606
1764,0.17598942024333147
1765,0.19247581865430585
1766,0.09099888883596946
1767,0.15764001314383205
1768,0.4413069752723073
1769,0.058102349145347225
1770,0.0584342505827209
1771,0.3195078151184343
1772,0.11516395647787225
1773,0.034783422376390434
1774,0.145596583684929
1775,0.2804175593432524
1776,0.16011138818040566
1777,0.12487592074636927
1778,0.14537166477223154
1779,0.04310853407776809
1780,0.15661627579950432
1781,0.11535861826821912
1782,0.11742951271872472
1783,0.054596371814088426
1784,0.0397197845896295
1785,0.05220938018644375
1786,0.10660820666608528
1787,0.1205001727144354
1788,0.03735442014599695
1789,0.06092296037189952
1790,0.057577849737529475
1791,0.32864911376862666
1792,0.3172672640491416
1793,0.08854960271745596
1794,0.06566446188218945
1795,0.07730564510493207
1796,0.16590483905868195
1797,0.05602268615345128
1798,0.07623152492225589
1799,0.1646956436670552
1800,0.575842299447739
1801,0.21434963163068615
1802,0.16738903464740915
1803,0.15066109921787665
1804,0.17907993755555227
1805,0.1270678093278577
1806,0.12817239523233198
1807,0.17106603497458955
1808,0.11463500653691135
1809,0.3987330089581068
1810,0.1105196867498276
1811,0.7204875888111534
1812,0.2637580584730223
1813,0.13139499410603012
1814,0.12367487136892365
1815,0.058181055819408564
1816,0.08513864234976436
1817,0.12918254120735936
1818,0.09362592862856599
1819,0.04749726702335815
1820,0.0983681074162722
1821,0.7072963600063082
1822,0.07181373499090679
1823,0.1416911205024571
1824,0.1746485671416654
1825,0.25293856053403363
1826,0.10698393683062668
1827,0.18704166412231
1828,0.03937254025296783
1829,0.09053556725398768
1830,0.6158802055233809
1831,0.17686533539882526
1832,0.05621332658962669
1833,0.5629354873160151
1834,0.21582467432278832
1835,0.10630167254168757
1836,0.06478249216425469
1837,0.16247135717173022
1838,0.1180705939268224
1839,0.14495172217222466
1840,0.1493468484964362
1841,0.07786260281610756
1842,0.37972882880421066
1843,0.07330837351779028
1844,0.3055780612872325
1845,0.1009211049862362
1846,0.22102756098340487
1847,0.1601052716996269
1848,0.2336302064179124
1849,0.07209166607600265
1850,0.04001168981411688
1851,0.11644160294148292
1852,0.056828321160629136
1853,0.06264053041566306
1854,0.24690373178366526
1855,0.1142508253511316
1856,0.05473833975985643
1857,0.3932493466378893
1858,0.04276165307999008
1859,0.09733934425398734
1860,0.08475240752704624
1861,0.09775608529711544
1862,0.04856318246218372
1863,-0.05036085931940562
1864,0.058540364770723274
1865,0.05897790553544451
1866,0.054791447280287786
1867,-0.08477007549492757
1868,-0.028104567499619117
1869,0.06856917763187909
1870,0.5453292870434295
1871,0.1476310737431792
1872,0.07480323789284846
1873,0.09900191604141766
1874,0.13887467731149766
1875,0.041866452596751334
1876,0.4065181791497989
1877,0.19655146961135114
1878,0.5482721001028982
1879,0.07731411306773202
1880,0.09882204264178887
1881,0.08005070115141838
1882,0.24471617693537046
1883,0.06401619921141011
1884,0.7912678505442347
1885,0.13837562774120352
1886,0.5880980527391296
1887,0.42111051342364136
1888,0.08493042231736216
1889,0.12316164794606868
1890,0.25361336514365634
1891,0.22827493794609915
1892,0.11422157039799395
1893,0.6168219885998403
1894,0.4137059029657301
1895,0.04835089335951509
1896,0.18382053124215855
1897,0.027470404522746687
1898,0.20358583165855415
1899,-0.01799412719875652
1900,0.08029395389746156
1901,0.04584633361103408
1902,0.03723814820720209
1903,0.08054935070773522
1904,0.058270078810534816
1905,0.15954861533563552
1906,0.06976599596904504
1907,0.07059762739307787
1908,0.01665442904458564
1909,0.16278732300405396
1910,0.05604298147449011
1911,0.1882718879643004
1912,0.049263620207706964
1913,0.12052698904913507
1914,0.5795600777045293
1915,0.06158030464675724
1916,0.05100502237246533
1917,0.05560386710807099
1918,0.28038706160622906
1919,0.03455330373813822
1920,0.03643043435055993
1921,0.018268638139271147
1922,0.2350316574047818
1923,0.03882594926621823
1924,0.25954419895691005
1925,0.030270392338529774
1926,0.05295337962191971
1927,0.031800390800934726
1928,0.0186537189308013
1929,0.0186537215028397
1930,0.03195992822165105
1931,0.051706008388586036
1932,0.03448795116532877
1933,0.038899702355243336
1934,0.05699044370378512
1935,0.07535860200617882
1936,0.09889775104429042
1937,0.1962977937423621
1938,0.294322691259667
1939,0.1831705389221737
1940,0.13016679405634052
1941,-0.041235559751755885
1942,0.3020065735306057
1943,0.0804231710392831
1944,0.12041811204842298
1945,0.3404512061677518
1946,0.2443655465353627
1947,0.2049523851297572
1948,0.09276650767292877
1949,0.0435796379557993
1950,0.4670282717787869
1951,0.1131140938529184
1952,0.021759031798525532
1953,-0.019427412516095536
1954,0.04857828496794391
1955,0.02003338954614298
1956,0.043805532275251885
1957,0.03451161429505793
1958,0.037658006841188175
1959,0.07931488959860515
1960,0.09252326334482297
1961,0.016824198140492092
1962,0.019914345180433675
1963,0.6181140879306847
1964,0.09047220966208616
1965,0.3204094758863535
1966,0.04663822622628181
1967,0.090404730344992
1968,0.22389477343956196
1969,0.07275342098041619
1970,0.18562771605948852
1971,0.3336858658866654
1972,0.19631029948553572
1973,0.14710670426853248
1974,0.022612974191928117
1975,0.10826129301061133
1976,0.0758235044575053
1977,0.05622337294137486
1978,0.13567660422039673
1979,0.2695409607354575
1980,0.08146375787572685
1981,0.23550841087051805
1982,0.2739810664954103
1983,0.07296537553033634
1984,0.2650195584892157
1985,0.06492565007828724
1986,0.3047470874525273
1987,0.15709899319985535
1988,0.1705289981468104
1989,0.2531798765284561
1990,0.10128370385291416
1991,0.06833878410870582
1992,0.5279533125635608
1993,0.08327734105390895
1994,0.20948436192769448
1995,0.10255892205012908
1996,0.2006862990738583
1997,0.4334998203924519
1998,-0.031068496713324758
1999,0.13667827746731567
