,value_per_image
0,-745.0274325711653
1,-778.0931095406413
2,-1155.8653906583786
3,-934.2431052168831
4,-467.3792955290992
5,-1274.441703420598
6,-43.31925343940384
7,-588.0102205350995
8,-343.23666589614004
9,-1790.8990746736526
10,-320.81947798654437
11,-1557.266886472702
12,-4.822679493860051
13,-4.317390238474275
14,-130.1934699639678
15,-116.02098218677565
16,-1719.6443645656109
17,-196.85689065349288
18,-1657.8565194308758
19,-673.2824348788708
20,-251.1385457200231
21,-4.999555947892077
22,-19.72645562919206
23,-202.90272788982838
24,-1416.242313876748
25,-1789.0837190449238
26,-1790.8371984958649
27,-2.24803987105588
28,-1103.9557592170313
29,-993.942964412272
30,-874.8876751959324
31,-906.7570210397243
32,-3.6183901915646857
33,-230.1446331080515
34,-1616.4991600215435
35,-6.7430512711871415
36,-838.7175887674093
37,-44.753970368046794
38,-779.1067732349038
39,-1635.2390103936195
40,-96.47555244795512
41,-260.28628541110083
42,-623.9613876827061
43,-3.9859826355823316
44,-667.2986775622703
45,-73.056302943849
46,-1.2731124909269056
47,-1156.3416565954685
48,-729.6770506352186
49,-905.9722233191133
50,-478.2263438478112
51,-164.669420736318
52,-962.1495709381998
53,-317.4291534047661
54,-1281.6444947123528
55,-20.458371086970146
56,-137.10567241953686
57,-623.5724770836532
58,-144.85372696164995
59,-0.940025316804622
60,-1731.5782493948936
61,-1358.1587773114443
62,-1514.0790503919125
63,-1535.033102184534
64,-339.064307494089
65,-934.1997693181038
66,-1424.9861749261618
67,-1705.4893515110016
68,-1130.8347390070558
69,-29.589953711954877
70,-628.7885106280446
71,-1683.8548056781292
72,-1605.7915182113647
73,-148.69530932046473
74,-1104.3460684344172
75,-380.4823420468213
76,-481.7057360531762
77,-996.3785783797503
78,-1749.569204956293
79,-1299.4217936396599
80,-857.2706479504704
81,-258.0372269945219
82,-365.3639756822804
83,-1572.7965397536755
84,-1712.602059185505
85,-1581.8092544078827
86,-1523.0442699566483
87,-223.19358508847654
88,-915.9113131687045
89,-620.1130152344704
90,-629.5835835235193
91,-905.5292130075395
92,-714.9157577287406
93,-1068.2735034525394
94,-1677.73249527812
95,-1777.0598737597466
96,-1574.87652862072
97,-1408.0572822093964
98,-16.374081547386595
99,-311.5148022219364
100,-70.21094047185034
101,-158.98230802478065
102,-230.56967391073704
103,-1033.37784537673
104,-10.755015020549763
105,-376.67525504063815
106,-54.61392685019655
107,-162.90276636276394
108,-351.7148590674624
109,-1778.7594044208527
110,-509.6435177773237
111,-1173.3656679168344
112,-278.67447004653513
113,-564.4679857343435
114,-763.925410005264
115,-680.3240289301611
116,-328.20150354714133
117,-726.3634995669127
118,-1689.8104792535305
119,-96.24470988102257
120,-531.5813824522775
121,-1716.2872997820377
122,-1221.8764568530023
123,-4.088856950364061
124,-380.39501202975225
125,-1068.7902212664485
126,-1788.7952278852463
127,-1.0579721992380655
128,-21.044210850261152
129,-84.06879160320386
130,-1735.0093648731709
131,-1782.9383129179478
132,-1163.7292900127359
133,-1323.3698473274708
134,-650.0547480918467
135,-1786.7943090498447
136,-367.4169048331678
137,-192.90473619429395
138,-1133.0499914512038
139,-140.04396869795164
140,-99.66484650212078
141,-80.12910301475495
142,-656.7341890409589
143,-1.7331698126172341
144,-73.7262669345364
145,-946.7538976669312
146,-1226.4494868814945
147,-1320.724476551637
148,-55.719574990682304
149,-1790.9587486982346
150,-1781.3545952439308
151,-1069.2896120399237
152,-4.419335261103697
153,-459.6695227302689
154,-1340.141448372975
155,-518.7049492057413
156,-1611.79021063447
157,-2.5635324447417815
158,-1106.92580011487
159,-1251.3155749589205
160,-191.60769583715592
161,-375.5174983870238
162,-252.9416488740826
163,-174.91685773106292
164,-0.16714142542924293
165,-674.9432311495766
166,-970.4457183666527
167,-1735.7677637934685
168,-44.67989533417858
169,-12.841384694633234
170,-1581.0249192714691
171,-125.4654987801041
172,-1593.869550794363
173,-1.0968418082640028
174,-530.5233924910426
175,-39.21788775990717
176,-97.96761225140654
177,-818.235641002655
178,-313.02070305868983
179,-10.761515215766167
180,-1683.8405614197254
181,-594.9715254784096
182,-509.2225716970861
183,-1669.1704095602036
184,-541.2989000361413
185,-203.46169427409768
186,-1303.3597592413425
187,-1730.740593701601
188,-369.95895569742424
189,-24.561553457220725
190,-252.56473827874288
191,-195.01155240368098
192,-391.04922310914844
193,-321.5386079172604
194,-952.3193927109241
195,-1154.2723700851202
196,-66.15831804240588
197,-1782.74207341671
198,-775.4218957799021
199,-1.4175721846258966
200,-238.29366430733353
201,-99.73782515060157
202,-271.73739381959604
203,-1251.9647546112537
204,-1223.5646247416735
205,-302.77056581006036
206,-304.13853024691343
207,-1116.278392941691
208,-35.81816206779331
209,-758.8180511896499
210,-5.904948273120681
211,-304.00017553165526
212,-1123.7345243990421
213,-796.4285648465157
214,-447.9402467980981
215,-834.7682261690497
216,-23.638312773080543
217,-1771.2137607336044
218,-779.0302394777536
219,-0.21189258042898018
220,-515.36579210544
221,-777.2757071256638
222,-237.53585415240377
223,-698.4512017909437
224,-8.760874836880248
225,-1763.8918700814247
226,-539.738783724606
227,-1240.2330080419779
228,-5.583597192540765
229,-1790.4990567564964
230,-10.343697354095639
231,-0.6481619024788188
232,-1780.134321808815
233,-1358.9743492007256
234,-61.89782345179992
235,-271.52168522030115
236,-1559.0826956778765
237,-944.3700607940555
238,-16.712977078568656
239,-1716.1656645536423
240,-1256.2973282039165
241,-581.562205966562
242,-3.6227790377765814
243,-58.75187534994984
244,-279.0420747920871
245,-618.9734902139753
246,-156.23955699894577
247,-477.67152113467455
248,-1790.999919116497
249,-167.91682639252394
250,-1683.3475244939327
251,-1570.6788532733917
252,-613.6382403280586
253,-1343.7602432183921
254,-1747.3918241858482
255,-514.6412248652778
256,-203.49908163771033
257,-79.44693171337713
258,-978.6094179729698
259,-515.472499422729
260,-24.498779700603336
261,-0.20366075067977363
262,-1179.1923861578107
263,-87.53511747001176
264,-88.74811146268621
265,-945.6157704927027
266,-1778.6365042328835
267,-315.7380238837359
268,-30.58242939185311
269,-88.03545288741589
270,-1392.5075749754906
271,-13.461443553926074
272,-1313.0337460041046
273,-7.4769342734944075
274,-863.1586485467851
275,-703.7513654567301
276,-38.15562299703015
277,-320.9868930345401
278,-575.1679252381437
279,-736.740676254034
280,-1770.7915366888046
281,-13.454757728322875
282,-1482.6037424663082
283,-767.9268714599311
284,-1269.564250767231
285,-75.71401123155374
286,-716.512984371162
287,-1751.3916171193123
288,-84.50357079319656
289,-0.05162658302327827
290,-13.437507695173963
291,-36.17588212387636
292,-490.0545034240931
293,-337.4015801783098
294,-801.3069817721844
295,-0.1554205743481134
296,-459.6283714696765
297,-51.53441730339546
298,-236.72763908705383
299,-1034.6569892928237
300,-1222.2707151919603
301,-1135.4251797050238
302,-67.64524009710294
303,-176.61496612383053
304,-34.01187076536007
305,-1783.9480111002922
306,-438.23376774415374
307,-1701.3649902045727
308,-778.5798914965708
309,-1526.5388995856047
310,-22.007158319000155
311,-45.48001032136381
312,-625.4922411888838
313,-1.2097543592394686
314,-80.73137510381639
315,-0.3011638928028333
316,-161.30422425322467
317,-780.5250118894037
318,-4.707686113732052
319,-8.364891855744645
320,-329.33471639297204
321,-77.67728278692812
322,-1659.1559433043003
323,-1088.3491687625647
324,-69.28639200527687
325,-1264.4930684417486
326,-1565.1931513249874
327,-373.56938879564404
328,-1764.0571057498455
329,-1109.39206802845
330,-1671.8164587318897
331,-730.7563075833023
332,-375.98386658821255
333,-328.90465470403433
334,-1340.262531876564
335,-258.4278298728168
336,-993.0296872910112
337,-239.15687172673643
338,-823.4073164220899
339,-984.1534983813763
340,-127.93440681742504
341,-1128.1037211492658
342,-0.10790246630585898
343,-1516.19581335783
344,-15.925761104910634
345,-50.18719971599057
346,-321.07519411155954
347,-50.95396345015615
348,-594.201731106732
349,-1626.7012602090836
350,-52.94723592628725
351,-1333.8546425439417
352,-1602.2103226780891
353,-56.15055171423592
354,-1630.6322149336338
355,-668.5008040815592
356,-1762.4762007892132
357,-1439.9869777560234
358,-958.2987008541822
359,-53.09466539382629
360,-0.5329410975865017
361,-543.4555831551552
362,-0.9548788066285852
363,-7.591944922343828
364,-309.47535620827375
365,-1790.6903666853905
366,-1510.8139022886753
367,-1375.2563119530678
368,-13.333674178233196
369,-908.3502863999456
370,-187.02108208322898
371,-1524.6958944499493
372,-7.067103905137685
373,-375.494127667509
374,-1188.0728508010507
375,-1714.1766790151596
376,-338.9726991923526
377,-75.57557340477615
378,-1417.2009546756744
379,-379.42187677975744
380,-124.69427340710536
381,-4.797243930424884
382,-25.538507432545885
383,-359.14087588340044
384,-544.9635765701532
385,-606.3143973201513
386,-62.35216657782439
387,-1781.8994114398956
388,-225.05513731454266
389,-0.2444580248437056
390,-1300.332984380424
391,-331.5143077913672
392,-0.2306577104009193
393,-977.2248191567014
394,-567.1846755044535
395,-877.1578637808561
396,-713.1589820664376
397,-1506.0745197832584
398,-1331.87497523427
399,-205.6887085456401
400,-1389.8422445058823
401,-82.18348487978801
402,-685.4992394000292
403,-1153.425812035799
404,-1110.5014965143055
405,-58.49880180362379
406,-1754.5764731168747
407,-303.72619101498276
408,-1770.8335183560848
409,-197.37869914551266
410,-317.8141078583576
411,-1454.0905770510435
412,-475.74978087842464
413,-0.07540868977451964
414,-3.645548585540382
415,-399.1514228954911
416,-1100.0975964069366
417,-3.9988265449173923
418,-895.8448634790257
419,-1038.7783676511608
420,-292.21412451798096
421,-1618.6795884668827
422,-421.7959202057682
423,-1538.7730376124382
424,-516.2679277979769
425,-262.95415307741496
426,-330.72807740140706
427,-230.815427459107
428,-588.6474290061742
429,-7.933020869211759
430,-550.5737295038998
431,-711.7923137033358
432,-783.7390695828944
433,-502.62713342905045
434,-1515.9445118010044
435,-1761.995055615902
436,-1591.3795429468155
437,-1191.129301533103
438,-1045.6918008252978
439,-525.6292980238795
440,-397.45942502468824
441,-473.71411724202335
442,-1299.1539883315563
443,-14.050374953607388
444,-128.99343367968686
445,-757.4653215259314
446,-1556.865545719862
447,-17.31457144513115
448,-1743.5239770710468
449,-216.12985724769533
450,-1665.892454445362
451,-355.9968187138438
452,-141.05614997912198
453,-1282.3542892634869
454,-1054.4916750639677
455,-0.025302050152504307
456,-432.2984642996453
457,-502.86582973226905
458,-1472.9796869009733
459,-158.84905128425453
460,-340.79601015895605
461,-1084.5235932730138
462,-1495.1659012883902
463,-111.82708842679858
464,-1227.4632237888873
465,-1116.174689590931
466,-342.8605008475424
467,-845.3107473552227
468,-1706.4762777090073
469,-233.40106535609812
470,-1028.188928231597
471,-464.80994416959584
472,-1372.3444283902645
473,-2.692757677497866
474,-0.9300700446692645
475,-118.93546702153981
476,-1343.13918992877
477,-294.37447986006737
478,-1775.8927859961987
479,-1221.4291428029537
480,-1532.4801224470139
481,-60.52880964099313
482,-159.2860407253611
483,-382.36705090105534
484,-420.93275071308017
485,-619.1144064201508
486,-1246.4652312994003
487,-344.36326962005114
488,-924.0280095245689
489,-42.88007136422675
490,-1242.5047446638346
491,-360.9029753804207
492,-1020.9090621841606
493,-19.90908677628613
494,-1722.7896816134453
495,-1415.2666851133108
496,-1752.734683841467
497,-1680.3474520742893
498,-298.5883931145072
499,-1751.5611424148083
500,-106.34473306126893
501,-1500.7766684293747
502,-453.8359513245523
503,-136.53647263385938
504,-59.1090188533999
505,-1695.0658368766308
506,-0.6506181745717186
507,-1221.3560378551483
508,-446.42290189117193
509,-860.8134109526873
510,-560.224456722266
511,-1221.8213565349579
512,-282.1188555972185
513,-1759.9702553749084
514,-311.33016650466016
515,-1320.066152567044
516,-590.7809399990365
517,-1753.2924714684486
518,-1736.895847350359
519,-174.2944497000426
520,-86.68199182522949
521,-132.44094691879582
522,-232.23056935839122
523,-1740.3283521533012
524,-257.3861547280103
525,-1583.043063789606
526,-501.49277405813336
527,-40.4198900936899
528,-289.1350367022678
529,-2.8758051542099565
530,-1602.9616501629353
531,-1318.677755355835
532,-1629.0238329470158
533,-563.839535664767
534,-652.2412258726545
535,-1523.4596337974072
536,-1668.7885931134224
537,-670.8828267287463
538,-361.61890751309693
539,-437.0267972657457
540,-158.12527710774157
541,-124.96929893177366
542,-1722.4209423661232
543,-1.0821520397657878
544,-1772.856258302927
545,-1729.541478663683
546,-1188.9034032523632
547,-4.514312294093543
548,-1771.5289125442505
549,-1663.2160294055939
550,-326.7880800886778
551,-0.0635345607664135
552,-1599.757723659277
553,-1678.9449855089188
554,-11.36220382449028
555,-845.2012066580355
556,-62.46869912411785
557,-0.42836498786633115
558,-88.70997731486568
559,-12.85457834287081
560,-18.671185483231966
561,-896.7554667145014
562,-1742.6740287542343
563,-906.3014474995434
564,-1752.977142214775
565,-976.5668136645108
566,-1456.6784248948097
567,-1789.6177271902561
568,-193.9477619403042
569,-140.79831836977974
570,-5.243764939747052
571,-1693.354673922062
572,-7.180775282526156
573,-112.97293734382401
574,-62.50556567835156
575,-352.3634906212974
576,-1550.460350304842
577,-1453.640361264348
578,-199.21697908540955
579,-219.5978379584849
580,-484.4960795597872
581,-552.1555136591196
582,-1063.8241607099771
583,-322.15446100383997
584,-44.55400588172233
585,-40.143415961181745
586,-1522.0388925373554
587,-1781.948831409216
588,-13.48920619826265
589,-1109.5960124880075
590,-600.9878825675696
591,-1585.5467144548893
592,-563.9061313417997
593,-100.89359295077156
594,-1724.1676768660545
595,-51.13252850715071
596,-1765.152014285326
597,-395.32936929166317
598,-0.6461342469251576
599,-4.312437637636322
600,-1663.2255036234856
601,-1344.8013660684228
602,-1586.7495447695255
603,-4.723435061896453
604,-38.100352452089965
605,-0.09771870400550142
606,-448.64585106732557
607,-886.9978294819593
608,-1763.9877011477947
609,-1050.0046584806405
610,-248.25151606136933
611,-257.2026771577075
612,-6.703966332297568
613,-326.7298833206296
614,-1781.6935858130455
615,-1770.4829784333706
616,-1790.1294936537743
617,-586.9835612858296
618,-0.9387282489351492
619,-290.97468652948737
620,-47.39714919729158
621,-30.55408506078402
622,-1548.261042714119
623,-773.7135242335498
624,-750.9576716534793
625,-428.8394364116466
626,-750.9849238693714
627,-569.5749139338732
628,-432.7941842842847
629,-358.2012977488339
630,-243.76996928080916
631,-1605.4218963384628
632,-3.558034526583924
633,-1773.7052129507065
634,-1461.0046241767704
635,-1758.4233556985855
636,-1291.1588392704725
637,-74.77783134067431
638,-1169.0784088373184
639,-956.1584664434195
640,-638.373986071907
641,-0.7021407208776509
642,-1560.7356152534485
643,-631.5830738898367
644,-725.4290557429194
645,-1447.3315941691399
646,-7.777456911484478
647,-733.7888007313013
648,-1338.8062958717346
649,-141.88290997111653
650,-1499.469088435173
651,-187.6115895928815
652,-452.8794004675001
653,-0.03446772800606368
654,-28.72355322086878
655,-0.07896054650112205
656,-1659.119820535183
657,-0.6063505461438581
658,-1031.2885300666094
659,-165.38098198627995
660,-1777.5791530013084
661,-825.8312523248605
662,-6.2501517027267255
663,-0.3713011825362287
664,-5.788349202499376
665,-1735.6951138973236
666,-3.366483601534128
667,-1593.3664372563362
668,-19.41651626653038
669,-648.9281278830022
670,-266.21772181335837
671,-675.7073996290565
672,-753.1051831096411
673,-764.6527223680168
674,-169.70676383702084
675,-643.4985821843147
676,-21.314088107435964
677,-1435.5447058975697
678,-857.007583886385
679,-271.0597674337332
680,-1615.1392334289849
681,-547.7750456989743
682,-624.5268573535141
683,-420.9306431096047
684,-37.467756160459544
685,-999.0440732259303
686,-1702.0360541641712
687,-142.8866020492278
688,-258.1922709341161
689,-1477.9488653838634
690,-246.98506766743958
691,-1545.2849648296833
692,-1178.232709556818
693,-717.6558499429375
694,-714.3861258327961
695,-1790.9299685060978
696,-1023.4447129163891
697,-407.1426846825052
698,-109.68896759161726
699,-1.5415374034241722
700,-0.5677815767121501
701,-131.08136365865357
702,-1750.276574730873
703,-29.344594017835334
704,-129.8343307385221
705,-983.3354270160198
706,-95.96800363669172
707,-587.0913507286459
708,-606.1851679831743
709,-573.573931178078
710,-6.018690311117098
711,-915.2003575339913
712,-1755.7464788258076
713,-1440.5625420212746
714,-1201.5378423035145
715,-1227.7964079529047
716,-1790.68325060606
717,-1757.0818513333797
718,-34.0862260007998
719,-36.134188684707624
720,-621.1397054120898
721,-119.31774233124452
722,-238.7378772906959
723,-111.3069857407827
724,-13.576165837293956
725,-733.5356341302395
726,-1180.330640129745
727,-1786.386818766594
728,-298.41224462911487
729,-162.23333288216963
730,-42.726641676686995
731,-1392.0346898883581
732,-1421.773603349924
733,-21.258654221681354
734,-278.30436964705586
735,-1100.1705559790134
736,-48.16280415514484
737,-1603.1529153585434
738,-880.1790867241216
739,-551.2829442918301
740,-2.1959487793774315
741,-1.675694549587206
742,-628.9987053829245
743,-926.4148554205894
744,-1357.6755445711315
745,-1401.068845897913
746,-182.93130432406178
747,-1787.6512397527695
748,-1780.2872365415096
749,-85.88078872580081
750,-13.041827155648207
751,-252.11821221699938
752,-1470.4459445476532
753,-133.62500438140705
754,-969.904109865427
755,-481.55557662341744
756,-91.47456540819257
757,-701.4100559707731
758,-0.6855959178583362
759,-1.8583215386061056
760,-473.11949629115406
761,-26.159828416755772
762,-436.0958742797375
763,-57.421762217534706
764,-1762.5198020637035
765,-905.2173174768686
766,-106.81350527564064
767,-764.219894727692
768,-299.0164697312084
769,-181.02988750115037
770,-16.128537837992553
771,-1515.530909344554
772,-204.4146678065881
773,-1451.7233116030693
774,-581.0972338671563
775,-1779.9373110830784
776,-1259.8574430644512
777,-465.91967644076794
778,-403.6278858296573
779,-764.824534714222
780,-1622.8259859085083
781,-1750.8796656429768
782,-42.95805185075005
783,-96.28363668266684
784,-1699.742632418871
785,-196.50255821598694
786,-1389.763932287693
787,-1165.0985977947712
788,-2.374986498412909
789,-439.61377793113934
790,-481.9812656091526
791,-1005.6244228333235
792,-1277.1427397727966
793,-145.16379237594083
794,-1149.3953572809696
795,-907.007350385189
796,-57.86568423885183
797,-37.408761756378226
798,-1255.1406904459
799,-1790.5240709483624
800,-3.840299301147752
801,-369.29855088330805
802,-1181.385838419199
803,-1253.0320588354953
804,-400.0078975920667
805,-39.07572588817402
806,-869.4597494993359
807,-280.4779155989527
808,-1705.395478785038
809,-1316.5565114319324
810,-174.9013681076467
811,-956.5673571079969
812,-543.119348693639
813,-367.1714269006625
814,-479.84465196196106
815,-39.885992192081176
816,-9.51669003587449
817,-856.792457330972
818,-1512.0048804879189
819,-734.5831656903028
820,-660.4218513742089
821,-0.7894559990609764
822,-1762.5359383821487
823,-1648.6996263861656
824,-230.81398833775893
825,-1786.5747299790382
826,-436.82100104540586
827,-574.4956182581373
828,-24.313552536419593
829,-1290.3168391883373
830,-1345.2711330652237
831,-360.95012383628637
832,-50.394486052915454
833,-1125.1617697924376
834,-22.33613424404757
835,-796.111166510731
836,-7.636172479426023
837,-1777.2916118204594
838,-69.88183314922208
839,-30.362266749587434
840,-1568.2491348981857
841,-1434.1133169084787
842,-540.6204686053097
843,-1681.8223271667957
844,-250.45703714713454
845,-13.299418275745552
846,-662.9573009349406
847,-722.6069239079952
848,-0.1340894007772988
849,-50.6205119274091
850,-1668.7076432406902
851,-0.5534637520962349
852,-953.78314916417
853,-10.647377444311871
854,-1509.5247204005718
855,-94.25174329429865
856,-22.76263661806854
857,-1.6312520573846996
858,-683.586336530745
859,-225.27813516836613
860,-399.9054476681631
861,-1284.6504865586758
862,-1790.1162750124931
863,-15.927742381129065
864,-285.9759285496548
865,-1790.9594643115997
866,-818.7239507883787
867,-451.9805892659351
868,-1702.5313037335873
869,-454.7591134235263
870,-5.394348771937075
871,-1595.2854641228914
872,-368.14342422410846
873,-1179.706972785294
874,-0.005211502066412521
875,-422.74751871684566
876,-160.10559879429638
877,-61.531129122304264
878,-1758.718491256237
879,-36.99829913349822
880,-518.9466780330986
881,-1591.9005689322948
882,-1077.7424374260008
883,-389.8044692836702
884,-33.59616709504553
885,-364.99122375808656
886,-59.27814501232933
887,-41.833640683296835
888,-1487.8134437203407
889,-1537.9939305782318
890,-72.42032599513186
891,-907.978697732091
892,-0.29294800211209804
893,-1465.5345854759216
894,-1271.6681681405753
895,-2.6905233472753025
896,-3.5138282488222785
897,-1288.0096267163754
898,-0.30890088206433575
899,-575.5479165166616
900,-330.6416993988678
901,-349.218093500298
902,-358.80862721800804
903,-111.70816114684567
904,-1779.479646295309
905,-958.5289364201017
906,-11.117431946331635
907,-535.0304151810706
908,-740.1792674604803
909,-97.99892866332084
910,-24.080986009850477
911,-2.0146443649755383
912,-0.34601162301169097
913,-793.586736921221
914,-507.5545152127743
915,-1078.4157297313213
916,-85.10893167578615
917,-131.54426956456155
918,-1121.6056470870972
919,-464.24685420018795
920,-63.8175951060839
921,-789.6342293340713
922,-40.53516571879118
923,-1271.0988048613071
924,-604.8141424767673
925,-187.61598371434957
926,-718.6595968231559
927,-353.01908835582435
928,-1601.2263554930687
929,-280.2280442053452
930,-957.0315331220627
931,-1499.250571936369
932,-191.3029253546556
933,-963.4813282042742
934,-420.3145100392867
935,-198.48308410332538
936,-1508.2326738238335
937,-39.922385098267114
938,-1050.874997195555
939,-362.3253200906329
940,-42.20805781031959
941,-117.68444707617164
942,-249.42732635793072
943,-178.8908642148599
944,-1364.3986165076494
945,-17.55359597899951
946,-3.0999020627314167
947,-550.8821903243661
948,-1744.5161178708076
949,-62.32722216821276
950,-0.032104131904020505
951,-3.8159590227151057
952,-3.2945731395157054
953,-927.0268594995141
954,-210.43240310810506
955,-42.67266994446982
956,-831.3421081570559
957,-1405.8352354168892
958,-1597.2002336382866
959,-716.910201381892
960,-1524.520726248622
961,-1341.5642274916172
962,-1215.1745307389647
963,-9.744797456463857
964,-1172.6220423330087
965,-463.74044683855027
966,-1637.189088433981
967,-1.3584291674487758
968,-2.2470325679059897
969,-1350.7422210872173
970,-639.2127407491207
971,-1782.7660252153873
972,-1568.8024134039879
973,-546.0042533245869
974,-33.30460416220012
975,-1486.1108643710613
976,-33.377938667777926
977,-0.6152195638560443
978,-994.3535554632545
979,-621.7886123582721
980,-1760.9088979363441
981,-1359.358416646719
982,-1733.679834395647
983,-169.57647521048784
984,-25.28693087026477
985,-115.88941339729354
986,-1314.3520012199879
987,-165.3594474522397
988,-239.42981936689466
989,-132.0419537248963
990,-170.63483221101342
991,-1755.5374840199947
992,-560.9927723424044
993,-692.8830297850072
994,-725.3923899978399
995,-49.11752842867281
996,-467.1144164800644
997,-515.413576900959
998,-850.8231291625416
999,-500.10494135692716
1000,-108.02840789820766
1001,-1726.8582832217216
1002,-1179.7865908443928
1003,-2.4464319940670975
1004,-1.500514484249834
1005,-548.1526727452874
1006,-141.17929205298424
1007,-173.12625981957535
1008,-1777.1411633193493
1009,-1765.8753587007523
1010,-1596.3928684592247
1011,-1428.7705416083336
1012,-394.0527970343828
1013,-1644.8883911073208
1014,-432.9914489281364
1015,-37.926761329057626
1016,-57.92967433622107
1017,-8.372438672144199
1018,-194.557516803794
1019,-1107.976960496977
1020,-101.66393007314764
1021,-135.57344854748226
1022,-1562.1584617495537
1023,-436.69300160650164
1024,-487.0571039599017
1025,-1413.4469911158085
1026,-1.872958595482487
1027,-42.35705002199393
1028,-1139.4678997844458
1029,-54.34897138926317
1030,-1365.225947022438
1031,-1388.8694476168603
1032,-957.9877374619246
1033,-1779.3920768797398
1034,-1588.21612611413
1035,-1527.088963240385
1036,-14.986803125590086
1037,-1012.5754488557577
1038,-929.6675920188427
1039,-86.6310311286943
1040,-83.47528495453298
1041,-134.85860632213735
1042,-1008.5772914141417
1043,-746.1923224404454
1044,-331.66235926374793
1045,-1679.1346172392368
1046,-213.2788920488092
1047,-739.6748005729169
1048,-4.426534704577534
1049,-285.8324361756677
1050,-58.37091008841526
1051,-233.19572259299457
1052,-1762.508707523346
1053,-1790.17396402359
1054,-11.426314310112502
1055,-90.36702132574283
1056,-18.27530702725926
1057,-762.6196205839515
1058,-3.688219359202776
1059,-994.1054087243974
1060,-624.8996804058552
1061,-501.8083568736911
1062,-5.518036814370134
1063,-1458.6066433787346
1064,-67.2801213699131
1065,-1770.2958487570286
1066,-1729.2468995153904
1067,-1776.2375906705856
1068,-877.8953109383583
1069,-330.4316440448165
1070,-1786.5925832390785
1071,-1182.2277556061745
1072,-199.6942196553573
1073,-1683.2592363357544
1074,-364.6508263796568
1075,-28.57705689285649
1076,-42.940603119757725
1077,-929.1079191714525
1078,-1600.1614908874035
1079,-464.23584761377424
1080,-1565.1323143541813
1081,-1.6536176662193611
1082,-94.16727690817788
1083,-33.57692941894493
1084,-16.552168978843838
1085,-82.36068181548399
1086,-1338.4921635527862
1087,-84.67344851256348
1088,-81.03627139166929
1089,-1136.675375983119
1090,-240.36709968886862
1091,-856.9665879607201
1092,-1780.160912901163
1093,-783.8134884685278
1094,-1084.1934910714626
1095,-1293.8896777629852
1096,-34.53076972061535
1097,-685.8462373763323
1098,-703.8907279162668
1099,-1611.6431992053986
1100,-166.109244893305
1101,-108.74839315097779
1102,-1509.4047424793243
1103,-1742.6197233498096
1104,-0.5240069364444935
1105,-1612.8456181585789
1106,-289.2076679757447
1107,-1536.2084860950708
1108,-28.27388809446711
1109,-1575.357931137085
1110,-1768.6938764750957
1111,-370.8474282287061
1112,-114.31476539000869
1113,-1046.1662266775966
1114,-237.98689068481326
1115,-184.08790867961943
1116,-1367.6679956316948
1117,-174.48108721803874
1118,-16.31150867283577
1119,-101.93924325881017
1120,-273.75623125745915
1121,-0.004244484260613746
1122,-57.43135956826154
1123,-27.089304011897184
1124,-1571.2671200037003
1125,-1601.3052116930485
1126,-879.847471550107
1127,-70.12658777215984
1128,-794.6998472474515
1129,-31.396695656701922
1130,-997.4339605085552
1131,-459.31997725879773
1132,-69.55241718114121
1133,-1055.0560470968485
1134,-81.47714979341254
1135,-1524.1264001131058
1136,-10.068309907335788
1137,-35.33587045641616
1138,-67.49467335853842
1139,-265.9360625028494
1140,-0.11519799550615062
1141,-285.36926905065775
1142,-772.6615062430501
1143,-676.8582033216953
1144,-1247.0926963463426
1145,-474.88803261332214
1146,-1196.1427035182714
1147,-640.4623641259968
1148,-117.174665174447
1149,-27.278709238476583
1150,-426.74492044281214
1151,-190.59017778467387
1152,-258.5310326516628
1153,-311.21717761456966
1154,-1616.2946329116821
1155,-646.0551014786761
1156,-40.403353400703054
1157,-1564.5337949991226
1158,-59.10278489347547
1159,-8.106580902385758
1160,-192.94673593901098
1161,-1.272089089063229
1162,-105.43929155543447
1163,-421.59116357937455
1164,-20.416793639829848
1165,-547.2330637650653
1166,-249.0756275615422
1167,-1743.9832332134247
1168,-1507.0350173264742
1169,-6.676883779320633
1170,-930.3288747146726
1171,-104.62241722660838
1172,-555.8080283607705
1173,-22.02220901014516
1174,-1761.4914391338825
1175,-597.5009142905474
1176,-38.17539241765394
1177,-619.4959287941456
1178,-1720.2261213362217
1179,-11.36004992260132
1180,-598.383401080966
1181,-1477.2659553289413
1182,-324.6349890232086
1183,-852.7131521590054
1184,-553.254033697769
1185,-1086.2155813872814
1186,-1296.883922547102
1187,-250.88542731944472
1188,-1722.347123503685
1189,-559.0499206483364
1190,-110.59588535048533
1191,-430.1554776914418
1192,-684.0169681608677
1193,-689.791578469798
1194,-598.0883435346186
1195,-0.075707560815232
1196,-1738.0862054228783
1197,-16.070329444744857
1198,-436.7412165347487
1199,-36.24148006102769
1200,-523.3025885997777
1201,-56.54301693657908
1202,-721.046564295888
1203,-891.6422418970615
1204,-1776.8753856420517
1205,-794.7256188690662
1206,-1379.7265155613422
1207,-984.1632779315114
1208,-1551.4847731292248
1209,-619.3048733510077
1210,-13.965766162436921
1211,-776.8131934190169
1212,-1787.919236034155
1213,-192.18371800985187
1214,-294.34334247210063
1215,-529.0298639434623
1216,-0.23090936801963835
1217,-8.103142285341164
1218,-1170.1082022190094
1219,-521.7553622461855
1220,-354.4167635887861
1221,-338.8278346960433
1222,-1439.719458013773
1223,-49.26201447378844
1224,-1765.505744367838
1225,-161.72671400476247
1226,-50.53097462130245
1227,-16.002789885798393
1228,-181.13789944071323
1229,-1.0731746302117244
1230,-916.3330863416195
1231,-306.32192661613226
1232,-292.95915837585926
1233,-234.67109615448862
1234,-798.6012668418698
1235,-1790.2625032663345
1236,-55.579512814991176
1237,-994.8968073707074
1238,-592.7994605191052
1239,-1778.7734471559525
1240,-1688.8513388037682
1241,-464.33876146283
1242,-3.327504339395091
1243,-151.67313853668747
1244,-1191.2495351354592
1245,-1750.3569930791855
1246,-1436.6125535964966
1247,-1568.3048308193684
1248,-709.278212916106
1249,-899.3465839326382
1250,-783.2068802877911
1251,-0.03588807428573659
1252,-554.9658874832094
1253,-44.32178698363714
1254,-1783.201570302248
1255,-176.50375984796847
1256,-191.4047752097249
1257,-343.86432506144047
1258,-900.2141539901495
1259,-396.5294694886543
1260,-1189.0339954197407
1261,-0.4147182081196661
1262,-12.38636982056778
1263,-1512.05911809206
1264,-4.821040190303393
1265,-468.91620863974094
1266,-1366.8789176493883
1267,-722.0614407211542
1268,-4.866158603505028
1269,-1781.7673369646072
1270,-60.55012045544572
1271,-9.220543802490283
1272,-1772.2431031167507
1273,-226.49041606334504
1274,-1307.692720785737
1275,-86.03340807172935
1276,-376.12431470514275
1277,-1428.8837777674198
1278,-1670.3523062765598
1279,-1.278787429597287
1280,-304.710529649572
1281,-150.81080594589002
1282,-184.18909327872097
1283,-615.0076760575175
1284,-63.0823659049056
1285,-808.7285748571157
1286,-48.40235626513777
1287,-17.33209704561159
1288,-262.2276948678773
1289,-1766.9498374164104
1290,-1243.5724828839302
1291,-461.66800425201654
1292,-89.94650571164675
1293,-695.8672266304493
1294,-524.3764683943009
1295,-1619.2627737820148
1296,-440.15235889765063
1297,-731.5972939059138
1298,-10.310182199376868
1299,-1747.7854745686054
1300,-36.48771708412096
1301,-0.4205472542366806
1302,-398.8637399021536
1303,-1056.7878617346287
1304,-1770.854593217373
1305,-1339.7275720536709
1306,-267.42639918252826
1307,-1414.8913026154041
1308,-880.3533939840272
1309,-1456.5070838034153
1310,-285.2640869189054
1311,-1344.3124339580536
1312,-1317.565930582583
1313,-0.8801493564098877
1314,-501.88488423719537
1315,-1395.686564333737
1316,-33.31109699985245
1317,-487.173181315884
1318,-1.328893199814047
1319,-1314.5670459866524
1320,-639.8679044619203
1321,-406.24225524882786
1322,-52.00920920669705
1323,-734.055241882801
1324,-1771.9532885551453
1325,-231.0220447361935
1326,-1212.1269404664636
1327,-1137.1557823717594
1328,-1512.3897835612297
1329,-472.51403185911477
1330,-39.834528485967894
1331,-1708.8765859603882
1332,-1485.651344805956
1333,-359.8740266975947
1334,-416.46782692335546
1335,-960.7534186942503
1336,-142.94433956616558
1337,-1.5748961766585126
1338,-634.718655411154
1339,-24.260415318392916
1340,-1768.0441786050797
1341,-15.31313863577816
1342,-1619.8405846953392
1343,-456.4183214828372
1344,-86.17111368710175
1345,-208.8425847470644
1346,-1166.2230277359486
1347,-1472.1068506762385
1348,-1206.7804335542023
1349,-1500.6745882630348
1350,-1128.9298594295979
1351,-1542.0749772936106
1352,-1790.3062392175198
1353,-1012.4623912349343
1354,-342.3518884110963
1355,-1565.5860317349434
1356,-11.808815834461711
1357,-195.0821873312816
1358,-132.03787348591868
1359,-1757.544699817896
1360,-133.63119643407845
1361,-1615.1362816393375
1362,-1769.4484483599663
1363,-930.1953383386135
1364,-1241.0994111597538
1365,-1773.0674739480019
1366,-56.832706568122376
1367,-4.984417282834329
1368,-1110.2495998591185
1369,-170.47707853559405
1370,-1715.9599172472954
1371,-45.678125981707126
1372,-1626.1082935035229
1373,-0.05996166990144047
1374,-560.1571015194058
1375,-537.3087268117815
1376,-1511.7078138887882
1377,-1304.4435771107674
1378,-167.9969921973534
1379,-220.60147284810228
1380,-203.54165259480942
1381,-25.090191900293576
1382,-118.42352969106287
1383,-222.12829828541726
1384,-559.0222186744213
1385,-1136.3218839743822
1386,-486.2700252458453
1387,-57.01638078313408
1388,-353.6024004817009
1389,-1.1090214538598957
1390,-1692.9709695577621
1391,-1681.9370936453342
1392,-993.3231993615627
1393,-378.57225956674665
1394,-67.05747480876744
1395,-769.8566476851702
1396,-153.9647208226379
1397,-7.84330241513635
1398,-321.1367250070907
1399,-353.9001405131421
1400,-1509.7693364620209
1401,-454.19040312059224
1402,-0.16074931300681783
1403,-531.4759427281097
1404,-88.54146659001708
1405,-917.7109062448144
1406,-180.72200578078628
1407,-167.15248124324717
1408,-1014.4529044795781
1409,-102.86532008647919
1410,-1285.5097441375256
1411,-21.708983975915544
1412,-11.27637771263835
1413,-12.541963551422668
1414,-17.486681093432708
1415,-1.836703021314861
1416,-55.24808812717674
1417,-1435.6094702482224
1418,-709.7079910077155
1419,-627.8299174383283
1420,-427.9400920420885
1421,-1590.2939941585064
1422,-76.7295336718962
1423,-1491.6552593708038
1424,-1265.9071234762669
1425,-1040.3004689961672
1426,-583.9705989062786
1427,-695.4233407229185
1428,-536.5535456347279
1429,-1771.5228297114372
1430,-517.9056330621243
1431,-377.17285166401416
1432,-196.5603807978332
1433,-0.6073329157597982
1434,-984.4453061968088
1435,-2.165112850711921
1436,-625.183786790818
1437,-345.01982985809445
1438,-229.2747524632141
1439,-89.2461997490609
1440,-134.6523759565316
1441,-1056.113553956151
1442,-134.48915141262114
1443,-0.00977427355923055
1444,-1247.7357128039002
1445,-185.430124659164
1446,-1733.9587683975697
1447,-940.7441001348197
1448,-754.7183469571173
1449,-197.44047505463095
1450,-106.49531924631447
1451,-328.3294478729367
1452,-695.3488005623221
1453,-484.1676096841693
1454,-1384.3199982065707
1455,-605.6990503845736
1456,-927.035145881222
1457,-51.522796513396315
1458,-318.13043932430446
1459,-12.3826898180414
1460,-1275.075499638915
1461,-1767.6000716686249
1462,-980.9422274678946
1463,-704.9407377096941
1464,-983.9994389340281
1465,-416.55774887805455
1466,-6.176363166387091
1467,-1711.8841844946146
1468,-280.41491086408496
1469,-155.86201527656522
1470,-1411.3787490427494
1471,-1728.0194663107395
1472,-1033.719732452184
1473,-1338.667481444776
1474,-920.1157621656603
1475,-1238.515646725893
1476,-14.386137903667986
1477,-17.06342097785091
1478,-443.758292960003
1479,-214.5966935029137
1480,-191.3035010304302
1481,-1385.1255886927247
1482,-46.2479885694338
1483,-628.8133699279279
1484,-229.08932562859263
1485,-795.1735635567456
1486,-748.3651043623686
1487,-46.005495604127645
1488,-1164.4063695669174
1489,-288.60733218770474
1490,-64.67202675738372
1491,-639.8553333580494
1492,-43.03174961276818
1493,-503.22535294201225
1494,-267.89187724888325
1495,-1094.2560385540128
1496,-1.3178384834363897
1497,-207.9079223710578
1498,-839.6316508417949
1499,-67.15403468254954
1500,-271.7330128866597
1501,-45.691286523477174
1502,-1789.721502095461
1503,-49.481669857603265
1504,-376.06713972520083
1505,-20.60859518565121
1506,-1322.70603184402
1507,-358.0656091161072
1508,-348.59073315933347
1509,-376.34064000844955
1510,-1020.636073872447
1511,-84.28845517151058
1512,-253.33936797175556
1513,-315.24481222592294
1514,-0.03762095873292992
1515,-649.3220259621739
1516,-334.16314860992134
1517,-899.9606764540076
1518,-1711.0584588348866
1519,-498.82625540718436
1520,-20.129694138420746
1521,-1218.4329141378403
1522,-30.030920039396733
1523,-484.0852768048644
1524,-883.0521444100887
1525,-894.9469285011292
1526,-1286.7456846684217
1527,-45.026873173890635
1528,-16.867570948030334
1529,-112.40532661508769
1530,-559.4611973576248
1531,-90.84079074207693
1532,-111.57618894667735
1533,-1790.621389746666
1534,-1331.328071385622
1535,-60.14120295131579
1536,-1758.1360201239586
1537,-707.8760782629251
1538,-352.6050107255578
1539,-127.20364252961008
1540,-41.43192440760322
1541,-1050.642794020474
1542,-108.45618428103626
1543,-336.7212987206876
1544,-0.18090910710520802
1545,-243.08581337332726
1546,-128.204705996548
1547,-524.076621718239
1548,-315.9341205311939
1549,-213.9111998192966
1550,-731.7259014174342
1551,-1697.3540102541447
1552,-550.8913616137579
1553,-711.6745035443455
1554,-51.92425113360514
1555,-336.13860396132804
1556,-7.751953284518095
1557,-1237.3255050480366
1558,-45.885836689936696
1559,-121.4729866029229
1560,-666.4775616056936
1561,-450.8337653108756
1562,-18.611390927806497
1563,-804.4135818295181
1564,-99.17205614596605
1565,-61.62318638432771
1566,-1419.6485798060894
1567,-157.06726226909086
1568,-1508.8687131255865
1569,-1570.020411580801
1570,-1712.323441684246
1571,-1313.1666663885117
1572,-230.1941404899262
1573,-613.270770855248
1574,-1288.4828604012728
1575,-303.0233878530562
1576,-2.9576952229908784
1577,-548.831792859346
1578,-1650.9128224253654
1579,-137.4942001423624
1580,-1757.53791898489
1581,-1558.711570173502
1582,-578.5332549642771
1583,-17.242327738538734
1584,-458.1173302838579
1585,-233.82581086829305
1586,-142.68941891071154
1587,-69.7217305162194
1588,-665.3362479507923
1589,-910.2811929662203
1590,-363.54965179786086
1591,-439.5792119652033
1592,-25.25275567240533
1593,-5.8999901041274825
1594,-26.64277001800656
1595,-422.8909995239228
1596,-376.626880264841
1597,-27.830280140362447
1598,-1641.58521515131
1599,-1544.3850434422493
1600,-625.615976519417
1601,-1201.527108862996
1602,-355.53398614035723
1603,-456.7223686017096
1604,-29.67764419800369
1605,-81.45003461441956
1606,-20.39264243474463
1607,-1700.2035864889622
1608,-12.295550049730082
1609,-165.0298321545124
1610,-1576.1320219635963
1611,-700.3170694261789
1612,-1110.0864463821054
1613,-51.04330781195313
1614,-1159.6987344548106
1615,-106.5599514618516
1616,-1780.4519682526588
1617,-32.35467894258909
1618,-113.24003152735531
1619,-1006.0081460662186
1620,-1790.4415983855724
1621,-139.69035053951666
1622,-633.5297634843737
1623,-521.1899240557104
1624,-307.7579871332273
1625,-1708.9995024502277
1626,-612.2770528644323
1627,-1357.7285833358765
1628,-162.55492585431784
1629,-802.917844069656
1630,-1108.8241932243109
1631,-83.69159601069987
1632,-207.3554944731295
1633,-4.770724677451653
1634,-25.981636332173366
1635,-988.2545961812139
1636,-181.3555994555354
1637,-50.33028415296576
1638,-300.3168221116066
1639,-968.6899720281363
1640,-315.9830808006227
1641,-1254.8105632215738
1642,-764.4255331531167
1643,-335.50336533784866
1644,-216.41447747999337
1645,-4.3423932090572634
1646,-824.5571811562404
1647,-249.93644490855513
1648,-462.07632576674223
1649,-1228.1881337463856
1650,-741.4251427315176
1651,-921.8509000390768
1652,-103.73079232964665
1653,-1118.0336328744888
1654,-1052.887094296515
1655,-254.64758710376918
1656,-0.751634873355215
1657,-1787.2580506801605
1658,-792.7531437948346
1659,-821.0957440808415
1660,-277.14926665485837
1661,-61.11074673413532
1662,-1382.8319773077965
1663,-1280.1100223064423
1664,-109.54088013796718
1665,-251.5392468906939
1666,-513.5716097410768
1667,-70.10328410053626
1668,-3.7159754833328407
1669,-502.41578103229403
1670,-1712.299558520317
1671,-1762.8710016310215
1672,-157.45703283068724
1673,-62.14435170730576
1674,-474.1104337753495
1675,-146.57893950818107
1676,-25.72462063741841
1677,-846.7364142294973
1678,-1191.8399771302938
1679,-336.7185351289809
1680,-1127.9655039310455
1681,-166.29265120765194
1682,-1714.3317962884903
1683,-1600.2055068910122
1684,-43.80953255313216
1685,-1487.9493249412626
1686,-1189.2724733389914
1687,-1682.3792315721512
1688,-839.3000362468883
1689,-11.30651987917372
1690,-1651.775225430727
1691,-1109.3476316481829
1692,-1169.6682832464576
1693,-18.000462025171146
1694,-1512.4872532486916
1695,-1477.0102219879627
1696,-57.219648820399925
1697,-362.4260939126834
1698,-0.7034330269416387
1699,-510.5508483052254
1700,-1184.793671939522
1701,-0.00011309029857464736
1702,-1697.7408796548843
1703,-1241.9726414978504
1704,-1773.2065054774284
1705,-904.2943869875744
1706,-821.1922588050365
1707,-63.166241796221584
1708,-919.807569116354
1709,-1772.6332943439484
1710,-1686.9872385561466
1711,-1544.55388366431
1712,-95.51201000262517
1713,-877.2067526665633
1714,-153.41025612794328
1715,-1789.0719861388206
1716,-1626.050132215023
1717,-1786.7461709082127
1718,-591.4610274806619
1719,-1433.3592822253704
1720,-454.03207132965326
1721,-923.4020574612077
1722,-1784.1255804896355
1723,-1779.3152100741863
1724,-1555.5140743553638
1725,-665.2625053524971
1726,-343.3185474202037
1727,-1326.8245798051357
1728,-1558.6680398583412
1729,-64.0242174428422
1730,-1439.9800922572613
1731,-1767.67650821805
1732,-1284.8602508082986
1733,-1777.207969903946
1734,-1162.7903082072735
1735,-164.33861959236674
1736,-121.92891530273482
1737,-247.58639149414375
1738,-11.033116761012934
1739,-963.4662131369114
1740,-350.16749775537755
1741,-73.76407471871062
1742,-1417.9687117962167
1743,-1452.3085968494415
1744,-1415.105303287506
1745,-1541.6716332361102
1746,-3.312188769069735
1747,-917.2349454648793
1748,-1486.4275179505348
1749,-1215.6827174723148
1750,-471.8669963143766
1751,-1755.9707745015621
1752,-1542.9711275994778
1753,-45.66803609771887
1754,-1078.2194875329733
1755,-1015.2243172973394
1756,-558.5535177418787
1757,-88.64655879698694
1758,-1022.0496482998133
1759,-483.66556626930833
1760,-1016.5925702415407
1761,-1304.700626373291
1762,-1558.997487127781
1763,-0.6843960091482586
1764,-1771.8566912412643
1765,-198.49188018590212
1766,-267.1086175250821
1767,-889.0483420342207
1768,-1180.1521809995174
1769,-942.0219363536453
1770,-87.88378686015494
1771,-15.27602944993123
1772,-1160.4329312890768
1773,-67.13461689976975
1774,-117.57642099447548
1775,-91.58826934976969
1776,-1058.2688370421529
1777,-1193.032929096371
1778,-880.4427873492241
1779,-1665.7604368031025
1780,-638.2973580402322
1781,-1570.3508103191853
1782,-1378.414261251688
1783,-999.4111206941307
1784,-481.8262290228158
1785,-42.54555934527889
1786,-168.95358785149438
1787,-220.28122245096893
1788,-1556.3744408488274
1789,-118.14924094863409
1790,-246.11954378616065
1791,-1056.5236485842615
1792,-30.633916982624214
1793,-1759.0228362977505
1794,-275.4336436961312
1795,-144.94568042922765
1796,-1418.3977696299553
1797,-1595.5161396116018
1798,-111.09819193254225
1799,-1453.9937089383602
1800,-147.1027304516174
1801,-1395.5107242763042
1802,-72.09414346236736
1803,-616.9935583546758
1804,-1426.4092348217964
1805,-1189.720276903361
1806,-592.4429635256529
1807,-41.05133736947755
1808,-1.6365174837919767
1809,-1783.8661604225636
1810,-949.7162947505713
1811,-1294.1144410446286
1812,-2.077826594817452
1813,-9.19913765520323
1814,-303.36798995453864
1815,-363.7437218949199
1816,-1501.6612521409988
1817,-660.8505388791673
1818,-562.1829086206853
1819,-482.8066127821803
1820,-1034.5209418535233
1821,-59.391584367725955
1822,-67.16212057229131
1823,-1632.596527069807
1824,-1079.6151554882526
1825,-753.9499207288027
1826,-25.588291553027375
1827,-1534.2266903370619
1828,-1790.8580145537853
1829,-337.3575627603186
1830,-78.97593218745897
1831,-308.96728964394424
1832,-953.5451612845063
1833,-845.0179857249823
1834,-1638.8854168653488
1835,-997.9301569759846
1836,-581.3766800910234
1837,-909.4755702931434
1838,-6.643058986577671
1839,-952.8509025126696
1840,-1016.9522874889662
1841,-1758.3806572556496
1842,-313.41001290269196
1843,-1702.2210848331451
1844,-186.27276511251694
1845,-1102.360713854432
1846,-502.29057571291924
1847,-118.0913321627886
1848,-1696.924103796482
1849,-1773.9143658578396
1850,-410.8015184367541
1851,-770.5715590640903
1852,-1712.501615524292
1853,-1214.9888253211975
1854,-855.061571918428
1855,-598.9561259001493
1856,-375.0077822790481
1857,-0.14061026620674966
1858,-324.8205302134156
1859,-259.54741634521633
1860,-1752.840979129076
1861,-1789.6151570677757
1862,-1735.1893267333508
1863,-123.78962298501574
1864,-72.06858562969501
1865,-1054.8826777040958
1866,-111.95126766129397
1867,-36.943754167325096
1868,-1030.1607023626566
1869,-1436.064082145691
1870,-978.9606458712369
1871,-1.606734528157176
1872,-1509.8730300068855
1873,-110.24050769145833
1874,-442.85490621662757
1875,-1397.0674782488495
1876,-370.76428191550076
1877,-170.48466005024966
1878,-19.129955547665304
1879,-1215.7047013640404
1880,-1173.2710236757994
1881,-1768.4207661151886
1882,-296.97093646228313
1883,-1362.8616171479225
1884,-63.92037264464307
1885,-710.455348238349
1886,-54.824577608378604
1887,-268.26192322251154
1888,-21.827348809543764
1889,-5.573064571522991
1890,-103.6341431029141
1891,-390.672768634744
1892,-37.34229970052729
1893,-965.8491009473801
1894,-54.37077588867396
1895,-1702.3218032121658
1896,-188.87451606569812
1897,-1257.278950870037
1898,-144.82382507948205
1899,-287.3123652096838
1900,-1219.2082210481167
1901,-1167.2556056827307
1902,-540.9791494850069
1903,-1777.0057908296585
1904,-1537.8804459571838
1905,-2.213296724788961
1906,-691.1899018473923
1907,-1789.6995168924332
1908,-746.9704414457083
1909,-126.12983755860478
1910,-1433.58545717597
1911,-2.1806947567338284
1912,-1055.5812338665128
1913,-1682.2500281780958
1914,-1739.02541410923
1915,-1691.6996266841888
1916,-1285.222139209509
1917,-1136.1641697050072
1918,-643.0902888793498
1919,-1790.7999972105026
1920,-226.17613988369703
1921,-1789.2054557204247
1922,-99.41743499529548
1923,-67.00054746493697
1924,-198.27901411801577
1925,-201.66889129011543
1926,-1499.3452513217926
1927,-111.14934381406056
1928,-25.120110965392087
1929,-1221.691256839782
1930,-1285.4394534826279
1931,-49.19552739855135
1932,-1156.6779912412167
1933,-1720.8334546089172
1934,-18.401159235741943
1935,-118.31706274236785
1936,-1619.509831160307
1937,-164.9339370630969
1938,-935.4761059880257
1939,-1624.1519391834736
1940,-3.0952455723854655
1941,-4.235343938831647
1942,-29.24471180140972
1943,-381.98050549512845
1944,-1509.8221482411027
1945,-949.2987556308508
1946,-7.547154805404716
1947,-12.24605250872628
1948,-379.9729253167752
1949,-741.9405995090492
1950,-1344.5212017595768
1951,-200.52770595811307
1952,-297.5575284854276
1953,-5.685391258462914
1954,-121.37197181303054
1955,-1489.6130142211914
1956,-764.5565587431192
1957,-1781.7079609036446
1958,-1787.875016272068
1959,-1626.1340731084347
1960,-332.8627622872591
1961,-1648.0544396340847
1962,-299.4326348602772
1963,-4.365738154980136
1964,-58.266058218781836
1965,-646.8627013266087
1966,-1625.196575164795
1967,-1313.050930261612
1968,-1601.1263963878155
1969,-1790.6134768426418
1970,-462.68194777989993
1971,-1440.6716436445713
1972,-28.60092327662278
1973,-1252.7512309402227
1974,-1786.3481779396534
1975,-1706.512228578329
1976,-655.3715410820441
1977,-1790.9582932591438
1978,-1.0659623713145265
1979,-1032.494030147791
1980,-1559.7493651211262
1981,-18.62715936085442
1982,-1758.6008937358856
1983,-334.6368258786388
1984,-658.5523858699016
1985,-124.67773403739557
1986,-209.448411103338
1987,-1418.1036253273487
1988,-1585.9903780519962
1989,-0.6905386594515903
1990,-117.69534305838533
1991,-421.99962754547596
1992,-686.8643915746361
1993,-1764.7958005964756
1994,-1550.3059450387955
1995,-481.66525945067406
1996,-1504.4108493179083
1997,-312.8278676606715
1998,-412.74269767291844
1999,-134.55280036153272
