,value_per_image
0,0.7550322855276206
1,0.7115974722360472
2,0.6906430819160091
3,0.6794410542248603
4,0.7763655782008163
5,0.7353422563934078
6,0.7553196494332456
7,0.6410946469352441
8,0.767913193489711
9,0.8285109884898231
10,0.7230639284698007
11,0.6727256396542045
12,0.740080412422937
13,0.5948283366792376
14,0.7368725631167232
15,0.6904585914426651
16,0.6112003612424258
17,0.6395621348131068
18,0.7473520462686111
19,0.785061553207235
20,0.6622047616192281
21,0.8723199499799562
22,0.7719400555709702
23,0.8224643693535848
24,0.6626123168263349
25,0.7187270639756271
26,0.7105651924686892
27,0.7453955345241828
28,0.6703176478432444
29,0.7981358029692597
30,0.7418044689755404
31,0.7300282339684849
32,0.6581078469771552
33,0.737889007935191
34,0.7142623421733182
35,0.6204139962930143
36,0.7127496650696066
37,0.7980206358084115
38,0.6693159865453242
39,0.7018954538435757
40,0.7970309253580774
41,0.7718319436037497
42,0.8140421421451997
43,0.6590431103869798
44,0.6532653829125671
45,0.7832282532176575
46,0.6168059529549981
47,0.6280263935353567
48,0.707168926640328
49,0.6695886060588421
50,0.6571844689044487
51,0.6712514967747686
52,0.6870500223419768
53,0.715550349672322
54,0.7259942889568686
55,0.7162280525468919
56,0.7069164444753474
57,0.7361749060356146
58,0.7481694218635805
59,0.8847996167853877
60,0.7169476874982259
61,0.6537674946167991
62,0.7327490988907877
63,0.7443746768155975
64,0.804583691861819
65,0.6214640462517232
66,0.7356329373622345
67,0.6650577767511142
68,0.7509354215329808
69,0.7138271748198003
70,0.6845681470693039
71,0.7579247051184871
72,0.6929837058985334
73,0.7775624534210612
74,0.6068183005278983
75,0.7870621977392346
76,0.5934390632011385
77,0.6588178363655787
78,0.8487309337497545
79,0.728176093033216
80,0.7722746273423791
81,0.7155568115742511
82,0.7629501888472487
83,0.8385126094962653
84,0.7652010975601984
85,0.7009065702260586
86,0.8418513474891823
87,0.625886195191022
88,0.712578998555761
89,0.7691822659068687
90,0.6817968696381329
91,0.6393338903700578
92,0.7341925711407494
93,0.6472776404168307
94,0.6942925710627573
95,0.7310450879666789
96,0.7769701845731296
97,0.5280034470450365
98,0.6619476221982131
99,0.7885882969196993
100,0.6657565249921942
101,0.6400405966903798
102,0.7507532338206652
103,0.7523317656534446
104,0.7404538753423144
105,0.7932381639020737
106,0.7809732072315834
107,0.7332179276524443
108,0.654975404494306
109,0.6661685755386751
110,0.6466202871250821
111,0.6489825871456399
112,0.6958290218056746
113,0.7423969208573574
114,0.7689108283459128
115,0.7603319000097599
116,0.6836081822168367
117,0.6852713078206001
118,0.6265683693728363
119,0.7413187583040194
120,0.758309417478156
121,0.6801232328833318
122,0.7528922443635429
123,0.7021502384769664
124,0.7148910175164647
125,0.6368133683752284
126,0.7888238744104497
127,0.701273238992791
128,0.7830319190522916
129,0.6442713930228864
130,0.7185330390187972
131,0.764100006642234
132,0.7617035427477004
133,0.6830408198695508
134,0.7038319256852952
135,0.8139613489514491
136,0.7396334706792291
137,0.7742939761438441
138,0.7133906260472271
139,0.7274515950449801
140,0.883339245844363
141,0.6878535114721811
142,0.7684454174589291
143,0.7068100948835756
144,0.8262723615958577
145,0.8191848366496529
146,0.6829130779092888
147,0.73149393507375
148,0.7624064071050007
149,0.7848862969614366
150,0.6844289710744272
151,0.7679158084963045
152,0.7825281781127343
153,0.6683697070619837
154,0.8348062141298457
155,0.7151832110580949
156,0.834702980116357
157,0.7710481532609005
158,0.8660936549746617
159,0.7253743321655117
160,0.8606699523189899
161,0.7496170904394152
162,0.7153214320279616
163,0.6919521882016529
164,0.5772727784819456
165,0.7031109057923409
166,0.7807478723404552
167,0.7134105703942147
168,0.6181620481841669
169,0.6630973243227496
170,0.6920327847104197
171,0.8103476860083507
172,0.6945536881874643
173,0.7553830203171803
174,0.6637230608863798
175,0.6544603028225568
176,0.7260109084986113
177,0.7097212734764301
178,0.7429589119675345
179,0.7414864852526917
180,0.7232265141222507
181,0.7018327821613436
182,0.8046115423897128
183,0.6896493607980229
184,0.727448431176855
185,0.7154774870360004
186,0.7039820870026078
187,0.7526144958626005
188,0.8361242211474076
189,0.8326718141734739
190,0.6430451122643634
191,0.7045136996000124
192,0.7592467217396365
193,0.6415539026926002
194,0.7399552582116
195,0.681233216343431
196,0.7598282085888408
197,0.8448130573351889
198,0.6540918412308936
199,0.7524013363172538
200,0.7244458843569472
201,0.6831294096860974
202,0.7205190013624115
203,0.7403923395743186
204,0.8041223466166101
205,0.7261265435031079
206,0.7987290224028869
207,0.7608504234708541
208,0.7033463167595599
209,0.8653254084215255
210,0.6567649566235476
211,0.7504880380432569
212,0.590211635643555
213,0.8458815125988417
214,0.7350253812651381
215,0.8142661822207017
216,0.7149440432616984
217,0.7896692444802436
218,0.762538704554454
219,0.6902100755869309
220,0.7480141288825629
221,0.7654232477971442
222,0.781210284273141
223,0.6666849007163924
224,0.7263347746755897
225,0.7823108085817555
226,0.7289325148115381
227,0.6670226083957354
228,0.604641207125042
229,0.642998253318352
230,0.7794961851388649
231,0.6747983691262063
232,0.6336773718943599
233,0.8251935140675537
234,0.6795797971211476
235,0.8090966411320546
236,0.6832708761779448
237,0.7029176887707791
238,0.7099667609072964
239,0.6554832262377477
240,0.7683479780585754
241,0.6902530776548318
242,0.7826578420135148
243,0.5941801935632248
244,0.6419728642461908
245,0.6753152786518368
246,0.7532263569952279
247,0.6315522795285737
248,0.8088252111810553
249,0.7003611783556666
250,0.7168051595686261
251,0.7929400570245008
252,0.8308108333275174
253,0.6985213945126679
254,0.6879736505695379
255,0.686433152302457
256,0.74533922853626
257,0.7061901778068486
258,0.8639112566299331
259,0.6855791108098943
260,0.7309310007464705
261,0.8055987522680274
262,0.7060605010714017
263,0.7008014464052651
264,0.8223573990612859
265,0.6916258708940954
266,0.6728277290108099
267,0.8083699187236921
268,0.6566701681262128
269,0.6980550359671751
270,0.7347381287005934
271,0.6944741213482685
272,0.8196989824980194
273,0.7757417486043441
274,0.6969811161562621
275,0.7170214582954936
276,0.7184554173268946
277,0.6230428287222345
278,0.6271064861428866
279,0.6812612750092337
280,0.7537030755353766
281,0.7210538446520729
282,0.8073519596887494
283,0.8145446053137617
284,0.7762538791278535
285,0.7009041290638268
286,0.8725454196937367
287,0.7031494719229839
288,0.6678043985312421
289,0.6752353756532103
290,0.6743366940213432
291,0.7188827773980789
292,0.7638289319739862
293,0.7393999716163417
294,0.7618430805220624
295,0.6168041926571091
296,0.7468953015219869
297,0.6593955115133463
298,0.8201464092475524
299,0.8916543717692955
300,0.6580851398851689
301,0.7009174295322225
302,0.6726244778188744
303,0.68586846987181
304,0.7168303740374002
305,0.7983872089296905
306,0.6546201185513447
307,0.6799844689388467
308,0.8493271681193473
309,0.6854594977165975
310,0.6753996875318262
311,0.6780624495320424
312,0.6289200819449472
313,0.6340346529470577
314,0.6294367306685177
315,0.7477114830806895
316,0.7462854504128987
317,0.7735056604464153
318,0.7644615900711977
319,0.7302115950531066
320,0.8108816415393031
321,0.8267249259007196
322,0.7664496237432983
323,0.7659103967626243
324,0.8135159254699552
325,0.6440499772316387
326,0.7421087815422089
327,0.6288529800662555
328,0.7443769179199413
329,0.6838672995769064
330,0.7047504685816395
331,0.7875073411116257
332,0.732311012600638
333,0.6986676069723132
334,0.635586871051635
335,0.8535169662262145
336,0.6278016780572886
337,0.7784515629846106
338,0.7473545992746963
339,0.7368467738794396
340,0.7338167807983474
341,0.848604994435519
342,0.7544428026029021
343,0.6430175238762369
344,0.6953254722281308
345,0.7426247761643836
346,0.6632259171161083
347,0.7123640320886323
348,0.7064134966074229
349,0.6890499643344915
350,0.7028489103359759
351,0.6762213494873148
352,0.5986315920027102
353,0.8022152282328608
354,0.6076218223662108
355,0.761814062761672
356,0.7915828579020309
357,0.7144298535680804
358,0.7450760096195322
359,0.6607295363465527
360,0.7783390726375652
361,0.7984099358607827
362,0.6348054078031076
363,0.7593048039715198
364,0.6958573405016629
365,0.6642335550816683
366,0.6838804933001805
367,0.6283966158460824
368,0.6797124775877008
369,0.7075067607580109
370,0.7198282649430362
371,0.6916484540026968
372,0.6622891254338559
373,0.7612606648594528
374,0.6706452700421611
375,0.7385863415082694
376,0.6826960467225938
377,0.7021968899471819
378,0.8184956470107536
379,0.8095531163312472
380,0.8227462859229692
381,0.634470044939605
382,0.6801269886568103
383,0.7127116195697654
384,0.6386931113132257
385,0.6566356986673947
386,0.7784378646447891
387,0.6953876498391305
388,0.7464568326761769
389,0.7791534953847673
390,0.703979038882415
391,0.64962004303953
392,0.7232677943730069
393,0.6765333966674336
394,0.6836912510360935
395,0.7854614395443975
396,0.8244759504856259
397,0.7997543733671971
398,0.6775216942907543
399,0.7575566999632184
400,0.74434217432384
401,0.6011465837434815
402,0.6301190742616612
403,0.7220919616207192
404,0.7899116674202118
405,0.7738634834792819
406,0.7651748527010183
407,0.7140477629509037
408,0.8107829059299313
409,0.7863445612191573
410,0.7485365602047083
411,0.8180528499298858
412,0.7488512413294713
413,0.7169779605092104
414,0.6312093738579843
415,0.7071402707028488
416,0.6929621334907526
417,0.8069929885632574
418,0.6163904160219248
419,0.711445105346359
420,0.7304787330875719
421,0.8201357067775221
422,0.6869103804436467
423,0.822727386712241
424,0.7112306481879858
425,0.7367346163245675
426,0.722690438791713
427,0.7338291655191398
428,0.7598791623797461
429,0.7204972879435728
430,0.6119683683215711
431,0.6594282884308762
432,0.7901246529379663
433,0.6113077438906015
434,0.6469555645367773
435,0.8461342298483103
436,0.8383957129218161
437,0.7941990842642507
438,0.7939167786103873
439,0.7755706035216438
440,0.7282931714338889
441,0.7118774001197009
442,0.626147896458485
443,0.8488350286344664
444,0.7510272617265944
445,0.7102413266108552
446,0.7470292687962544
447,0.6517844253071315
448,0.8181114356898497
449,0.6952299242810527
450,0.7788417719573815
451,0.6602699869310484
452,0.7869528526993853
453,0.8035997360820427
454,0.7402625197533185
455,0.6498113718028035
456,0.5963529418727207
457,0.7910052161108899
458,0.8396207347360393
459,0.8062616272786939
460,0.6549162765799619
461,0.7487171175560879
462,0.662524898555696
463,0.787800355860603
464,0.6820265383127666
465,0.7642458059731352
466,0.7551193744089788
467,0.8076579165831834
468,0.643286588707801
469,0.7247749581226076
470,0.7733687891837696
471,0.8198277558836428
472,0.8126260301253407
473,0.6941495690080595
474,0.7188880735836315
475,0.7052555621399801
476,0.5416340878661573
477,0.8904495245967955
478,0.5832216379762479
479,0.6586598815034328
480,0.7813569775444629
481,0.7300610739779795
482,0.8424158691699154
483,0.8339514635485751
484,0.7141573561473046
485,0.6729063816594033
486,0.7056856446276134
487,0.6239336174708053
488,0.6631094405861803
489,0.6125201014036321
490,0.7958172839993584
491,0.7441668550069565
492,0.7079314642040865
493,0.7464069814865899
494,0.6827752347178655
495,0.7847186954884432
496,0.7547385474158249
497,0.7174232991754442
498,0.6732985505861376
499,0.7694937793527841
500,0.7134439650451486
501,0.7129897234675882
502,0.7628966329701331
503,0.6556760530325901
504,0.6688190843163272
505,0.8063738962074788
506,0.6684575334287405
507,0.8597573372172786
508,0.7141046157134326
509,0.6775426258959963
510,0.7505974876028986
511,0.7745782661013886
512,0.7215880089330761
513,0.6069166641503986
514,0.7011522168796692
515,0.7300310172294342
516,0.7089800784880066
517,0.6603358059979363
518,0.6876836195454138
519,0.7053294425382279
520,0.7401477996597635
521,0.7094103051172647
522,0.7624234932180782
523,0.6319710184608841
524,0.664430659886114
525,0.6604036639370963
526,0.7080893647109859
527,0.7772567161837552
528,0.7442207842555492
529,0.6922123341207105
530,0.7283460365780033
531,0.6503617243247594
532,0.7304979213328088
533,0.6970948535743839
534,0.7815039888454449
535,0.6242106236809991
536,0.8003294520619297
537,0.7281081823892948
538,0.568685720503958
539,0.6944478773354134
540,0.6116016962343007
541,0.8130105838753178
542,0.7944681574941527
543,0.671738764610178
544,0.7865781536553308
545,0.6051175658656042
546,0.6911006663594466
547,0.7087111413125181
548,0.8500453234432312
549,0.7420198365219269
550,0.7266894202511792
551,0.6138134416406602
552,0.6834231169721675
553,0.69648061687712
554,0.8782241138088295
555,0.8188881667273249
556,0.6926956122216986
557,0.6035027026264217
558,0.7911542647695148
559,0.6781440281609618
560,0.7362692437644198
561,0.7047066513108716
562,0.6834033395101736
563,0.7901643235580935
564,0.7829806940569763
565,0.7635954481126664
566,0.7015004900257408
567,0.612316738960532
568,0.6762563890956826
569,0.7818496949479637
570,0.7854469019951393
571,0.7548736121127295
572,0.6767516502674389
573,0.8185360449955833
574,0.8112426411852336
575,0.7762044443303977
576,0.7563525849708461
577,0.7291608525587705
578,0.8440750461859821
579,0.7662725301854093
580,0.6419291112803432
581,0.6285220989188302
582,0.8126934617749776
583,0.7388690125369148
584,0.8443980927850887
585,0.7814943991573512
586,0.6794750073503812
587,0.5527855214877205
588,0.7225946065217941
589,0.8872924687167367
590,0.6991933897183281
591,0.7205997649747503
592,0.6998707693502211
593,0.6709139517310801
594,0.7843120866924949
595,0.7529341489614252
596,0.8074588623695946
597,0.7427176203756535
598,0.7156147536430895
599,0.6845398565089755
600,0.7615848369550343
601,0.663255359583647
602,0.7149901236791906
603,0.7587806257403372
604,0.7707884921056776
605,0.6388019211096011
606,0.6514046975678901
607,0.8016448433137187
608,0.7947917836559416
609,0.8091288751579312
610,0.7522314355286402
611,0.6918478097036698
612,0.6697839744513494
613,0.688272779967359
614,0.7433243754530825
615,0.6653990201399068
616,0.6307131312356405
617,0.6140874543179643
618,0.7662418854618939
619,0.6637656651565854
620,0.7278861606971302
621,0.6804193989693799
622,0.7397248232981309
623,0.7344723460976454
624,0.6234754057211368
625,0.7767093247916954
626,0.7014572220161579
627,0.8602569463082915
628,0.7650781574587351
629,0.7534582718602577
630,0.7630142178819929
631,0.6975403899611179
632,0.7439964209321591
633,0.6967477792432941
634,0.7686924038265424
635,0.5772506634490958
636,0.82571134852644
637,0.6771500492997742
638,0.6109613272549077
639,0.6505609134256248
640,0.7081503377251706
641,0.7391343138727332
642,0.7992057579080286
643,0.7428547646315401
644,0.7046393722134848
645,0.6295877921973074
646,0.7183524050071284
647,0.6842740419731486
648,0.7696241763037892
649,0.7847423547576403
650,0.6659208711213405
651,0.7242172678089853
652,0.7598841962111759
653,0.7578184113166095
654,0.6766478551025126
655,0.6327887710804968
656,0.6455222346697399
657,0.8002347832482156
658,0.7592498041609457
659,0.5926230484165198
660,0.7646367585854869
661,0.7575451733236973
662,0.664397688487386
663,0.7862219448342331
664,0.6251294618766376
665,0.6893783467647588
666,0.6418536461943951
667,0.6874588330074561
668,0.7576027977001533
669,0.7557237207691322
670,0.6767764148459091
671,0.6010214454120589
672,0.6762022523249175
673,0.6870208493612675
674,0.7887112380690996
675,0.809946879730923
676,0.7559600013775932
677,0.7566605471311256
678,0.6960459267245616
679,0.6876790489273794
680,0.5889626087055745
681,0.7494237890905954
682,0.7008596161338057
683,0.7729979384536292
684,0.6794159951924221
685,0.7386303385529935
686,0.6877442698030619
687,0.6741094241892349
688,0.7353865025725195
689,0.5993294841092051
690,0.6619849296830018
691,0.6771105784892372
692,0.689529955607451
693,0.8091706357037424
694,0.8139275968310478
695,0.6447613680494639
696,0.739440271588292
697,0.7923765208705127
698,0.7528911327182405
699,0.7393721499912027
700,0.6638286203659806
701,0.6229759228100908
702,0.8281253927895841
703,0.7998813782121912
704,0.7198310820812078
705,0.7700110040911855
706,0.7078491874947193
707,0.7408738206159163
708,0.7139938265334621
709,0.7372056048003603
710,0.6052031051869469
711,0.5639623907578826
712,0.644385361408506
713,0.6395804726671525
714,0.6358626414952391
715,0.7403627541916445
716,0.8497523546665208
717,0.7020100901634438
718,0.6497071021213978
719,0.5801169652267171
720,0.8276428961194909
721,0.6443718014832341
722,0.7182615562204432
723,0.6986480034940116
724,0.7213418483290083
725,0.7369039936690472
726,0.7707464113888006
727,0.7988159609894879
728,0.8121770821109565
729,0.7261855933280138
730,0.6978366025732583
731,0.6906605861404502
732,0.6715033573901169
733,0.6556884243832284
734,0.7387767441101913
735,0.7128943833554288
736,0.6429235015876834
737,0.7774870820011716
738,0.8161291148627672
739,0.6602736964708413
740,0.6647495958837906
741,0.8059101301450149
742,0.7008546360959204
743,0.6640733959996206
744,0.8189425692051681
745,0.7051284330262233
746,0.7412386207001527
747,0.7525981999428929
748,0.8520776816740974
749,0.5953589241395366
750,0.7430908840803158
751,0.7489751320907807
752,0.5862776452332671
753,0.6615711825261759
754,0.6725904432118688
755,0.8332848179322818
756,0.7624051649931488
757,0.7155814168019576
758,0.7882251621092181
759,0.7954450998308402
760,0.7269256154822129
761,0.6820828124022928
762,0.7992718029964042
763,0.7363528619023973
764,0.8376918952010112
765,0.7902643399350988
766,0.7670873957193288
767,0.5907129555345251
768,0.7278384905253956
769,0.6581244748021551
770,0.8312253843224776
771,0.7357026474438453
772,0.7225611902896194
773,0.7106211628424539
774,0.680628451736278
775,0.744943041019769
776,0.776890928600197
777,0.7498116302971636
778,0.6762426645805346
779,0.5951525927996401
780,0.7868505171815198
781,0.7734515546523938
782,0.81461505198779
783,0.6040867413535461
784,0.688615768277044
785,0.7239143595183986
786,0.6661762973513774
787,0.7078455808327497
788,0.7095183092704644
789,0.8445401395969891
790,0.7422167876174485
791,0.7457818747947139
792,0.729324436615461
793,0.7343960654167185
794,0.6807500566612902
795,0.7938213878577909
796,0.7368225831530641
797,0.6788303517473987
798,0.6997201113412721
799,0.7135464930871523
800,0.6310802535477931
801,0.7528675933105293
802,0.7397040495184858
803,0.7116042529423474
804,0.7696735785755788
805,0.7521030318740378
806,0.6438623820474325
807,0.5719833396482732
808,0.8847488382618407
809,0.7070233425548598
810,0.6825454430473475
811,0.7190188721601978
812,0.7091165328661821
813,0.7924523076824003
814,0.7923195936621863
815,0.8146933573661285
816,0.7711374302499225
817,0.7398100107107278
818,0.7090196393340055
819,0.7719119335750666
820,0.7869137507678285
821,0.8355679886556789
822,0.7763329638865123
823,0.7151420205988508
824,0.8654890487461195
825,0.5995668879773591
826,0.710334485136116
827,0.6363350007689924
828,0.7950369267459287
829,0.7084290523616006
830,0.6072709238529013
831,0.7693080920625868
832,0.7711878753280649
833,0.7172132427714282
834,0.6330475010598201
835,0.6018295464194818
836,0.7039222020426112
837,0.8013127191946837
838,0.763227303062295
839,0.6559043098467575
840,0.666038304782752
841,0.710143035296895
842,0.7082284263869896
843,0.6840066450056415
844,0.6395274529913532
845,0.7303067138611459
846,0.6643819335507758
847,0.8429553638663143
848,0.7039833237342094
849,0.8024656841822347
850,0.7802926204925003
851,0.7514629066716055
852,0.6448966361913135
853,0.807510913669054
854,0.6631908805244738
855,0.8260173116249059
856,0.7935077609919035
857,0.6865677345581601
858,0.8484073262837293
859,0.6998061608942643
860,0.6497422441470527
861,0.8177926572075616
862,0.7045700321013547
863,0.6002147352912238
864,0.6643580729176971
865,0.7217145895711313
866,0.6992576052126043
867,0.648405093532303
868,0.7049826861913321
869,0.7540591690345718
870,0.6306026103730311
871,0.8216254916803513
872,0.69977522845659
873,0.7104251677809873
874,0.6513985608349254
875,0.7465677432985068
876,0.6698619104797907
877,0.6755263796282243
878,0.7698681288531279
879,0.6400174753857976
880,0.6249417857346432
881,0.7797053861148263
882,0.6901624448814786
883,0.7464809712245807
884,0.7471818763649217
885,0.683928847716053
886,0.7208418581140102
887,0.7140638695161021
888,0.8342215221515721
889,0.6211481053150116
890,0.6974485191106086
891,0.7863592266578013
892,0.5604630874440664
893,0.6295506313453575
894,0.6186733681266713
895,0.7751780965057137
896,0.6603371906776814
897,0.6417100115755285
898,0.6666316451225472
899,0.8004178898433765
900,0.7258642803765334
901,0.8112094685549006
902,0.7563864183423518
903,0.8419628251006301
904,0.7301621379504499
905,0.7783459538382125
906,0.6624792306417682
907,0.830507965384143
908,0.6673499213540742
909,0.7341476227394224
910,0.6843285133746635
911,0.6818490484650637
912,0.6574034547403148
913,0.6289159213129873
914,0.7798844237132213
915,0.7519897373142275
916,0.8055083284839164
917,0.8076682910782408
918,0.6855811026869177
919,0.6646489360270011
920,0.8133128783921358
921,0.6128735681617182
922,0.8564813591682524
923,0.7374252390429817
924,0.7243883113272971
925,0.8195163082900045
926,0.7638332165726229
927,0.7476940210069001
928,0.7437949847378759
929,0.7797277628920171
930,0.6886987111176228
931,0.6504941278829622
932,0.8762329255672893
933,0.6970190824084969
934,0.7444858281901229
935,0.7042522800655127
936,0.5881557579834166
937,0.8441731836836839
938,0.6188863951420485
939,0.6739157949206722
940,0.8135991890807439
941,0.7166836306809974
942,0.6025264029075057
943,0.7603865906347814
944,0.7356705756097853
945,0.6895865029505212
946,0.7772904525125258
947,0.8067787145607879
948,0.6623302522424439
949,0.6307788617241017
950,0.6753752729164376
951,0.7469163654998265
952,0.6308411615427463
953,0.7166684125934975
954,0.7187539141558339
955,0.7089720458502086
956,0.8307953686370357
957,0.7993790599812007
958,0.7859437972066232
959,0.7985942596876195
960,0.6863165641487186
961,0.7263215075623718
962,0.7203256939104785
963,0.7146895519417781
964,0.7295252919473135
965,0.5762460627267587
966,0.8182962207924341
967,0.7372997388646215
968,0.7518615665501052
969,0.6916875952552556
970,0.8167041403854481
971,0.6452449037971739
972,0.7965956640927827
973,0.7454736179827033
974,0.6874533861528868
975,0.71072245562335
976,0.6219846878352548
977,0.7334043686025081
978,0.7276455342667617
979,0.6927799393849713
980,0.7197565637155714
981,0.696911028845606
982,0.6354790870459903
983,0.7370962541455615
984,0.7712038963956491
985,0.7113602851774257
986,0.7708846853506544
987,0.731922188524205
988,0.7246893178532133
989,0.7522329810534786
990,0.6952914793130281
991,0.7825786251884769
992,0.7195704850629774
993,0.8552414326581521
994,0.7457288415389799
995,0.7702417964516443
996,0.7513858656908301
997,0.7851350842164067
998,0.6768677225218077
999,0.7645762989224492
1000,0.6640572080029731
1001,0.8578796382199185
1002,0.7909559026156209
1003,0.6331121316979015
1004,0.6461478943101971
1005,0.6939170690074932
1006,0.7252504405611545
1007,0.7949056518100336
1008,0.7466304016123322
1009,0.8386997393894303
1010,0.7463082980048664
1011,0.6824954561093609
1012,0.7258358012686547
1013,0.7217698867992152
1014,0.8065155984467997
1015,0.7551355188505459
1016,0.6205631915063039
1017,0.7777999430046145
1018,0.9036822916094605
1019,0.7294042199789108
1020,0.7542167258220419
1021,0.6810898066541458
1022,0.8349256947373414
1023,0.6981569572216413
1024,0.6416195776678354
1025,0.6768511196635393
1026,0.9216206501041028
1027,0.7048208951790622
1028,0.729590962107718
1029,0.7919738649289291
1030,0.8027336123543738
1031,0.6611615566548309
1032,0.8330223089008068
1033,0.7579234472489679
1034,0.8327613606401847
1035,0.7455467519662287
1036,0.6950557095368277
1037,0.7421226359017947
1038,0.7459288882573628
1039,0.8087800605337372
1040,0.8275003217085924
1041,0.8385624930450166
1042,0.7729719075735817
1043,0.6378301070367552
1044,0.7567825315511675
1045,0.7238278112867423
1046,0.6773408486568278
1047,0.7389531869341566
1048,0.8179374702251111
1049,0.6565895758198341
1050,0.6978619908624724
1051,0.765782055048562
1052,0.7896432038705152
1053,0.7475683272881706
1054,0.7151440540878594
1055,0.6579321570789854
1056,0.7448667451218473
1057,0.6249711641276795
1058,0.6735998246287801
1059,0.8318669622697891
1060,0.8158505363743037
1061,0.7056666759874324
1062,0.6670514205018634
1063,0.6977957833632027
1064,0.7072025350332857
1065,0.7091870870667466
1066,0.7705672313216824
1067,0.6593758240781697
1068,0.8288827387579241
1069,0.6615264267808362
1070,0.7500866135077693
1071,0.6057232110701456
1072,0.6673168191899059
1073,0.6612953141412575
1074,0.6671517644285383
1075,0.7515548566728129
1076,0.8667723327477918
1077,0.6817279719331362
1078,0.7872694147540595
1079,0.6890956733135336
1080,0.6634139559357091
1081,0.7847425471985598
1082,0.7272900444914508
1083,0.7412674811239043
1084,0.6825882011944072
1085,0.7289089726467078
1086,0.8309889174537157
1087,0.7463924269577784
1088,0.7921488178982451
1089,0.6613289378254809
1090,0.7095703627030318
1091,0.7177864761351732
1092,0.6577285212573786
1093,0.7127791302082114
1094,0.6971973601095227
1095,0.6422124091423964
1096,0.7183511070283409
1097,0.6926161736303856
1098,0.6499001358502117
1099,0.6463348674839914
1100,0.6373544475776374
1101,0.7592807770587473
1102,0.7077912842731281
1103,0.8801023311630254
1104,0.7252135648968944
1105,0.7617533996881859
1106,0.7234651686262644
1107,0.7127124621604186
1108,0.843011876542183
1109,0.744821334765522
1110,0.6596776431655615
1111,0.6391928966691496
1112,0.6915937053316319
1113,0.6246197120136221
1114,0.7479690510582719
1115,0.7192610121449845
1116,0.6845790657767006
1117,0.7305029867947946
1118,0.7302259327769998
1119,0.7899518712959268
1120,0.6839440902848507
1121,0.6632646267369287
1122,0.6941055530025433
1123,0.6878836741817765
1124,0.7286385526834631
1125,0.7611103126943526
1126,0.6406064735895622
1127,0.7727361576668095
1128,0.7389992474541366
1129,0.6740116502450219
1130,0.7362013682662162
1131,0.7222108393500329
1132,0.7872544089403055
1133,0.6678319871765247
1134,0.6997409693707763
1135,0.7367360729548683
1136,0.5712133039211059
1137,0.7861972752368216
1138,0.6512402816346532
1139,0.6854091450963197
1140,0.7554567187897764
1141,0.6817062762758285
1142,0.7436230672802446
1143,0.7324528441331201
1144,0.6986665192233161
1145,0.6909454023147712
1146,0.6638661409927328
1147,0.6470274816661182
1148,0.7288583214058396
1149,0.6992138671425222
1150,0.6866188367164937
1151,0.8150342461332151
1152,0.70123801948471
1153,0.709177153066645
1154,0.776520881737462
1155,0.7369392451044179
1156,0.7624570274169931
1157,0.6282446127135675
1158,0.613934054468432
1159,0.7219409436775455
1160,0.794399191038558
1161,0.7337483690181521
1162,0.6656964949213761
1163,0.6787223810409816
1164,0.7143186921686301
1165,0.7438023804623934
1166,0.6020116886552618
1167,0.6220523206844187
1168,0.7092361265212406
1169,0.7196816047039569
1170,0.7908262736685719
1171,0.6357785762859106
1172,0.7014644844458099
1173,0.5902146899943725
1174,0.5943783266151976
1175,0.7497115552668259
1176,0.6724108481842916
1177,0.8475132229403656
1178,0.6203357953875639
1179,0.6636114107585015
1180,0.7934500901081896
1181,0.7349151743518122
1182,0.7044345070889367
1183,0.7932293723280738
1184,0.7240229868308127
1185,0.6606766101805642
1186,0.8026326036012094
1187,0.781117302217134
1188,0.5838777189929685
1189,0.6544056198978576
1190,0.6391453847434764
1191,0.7195921338309964
1192,0.563424293167655
1193,0.7429667723241327
1194,0.8222834009890833
1195,0.7658154867299461
1196,0.6532651175404431
1197,0.677068123855322
1198,0.6768232412123301
1199,0.8291808637802903
1200,0.7802269874908201
1201,0.8147786246671295
1202,0.5998045211536956
1203,0.702152484393585
1204,0.6787065025857807
1205,0.6864833440989419
1206,0.7256916468750926
1207,0.6295722935434414
1208,0.6795627130603541
1209,0.6701589250602701
1210,0.6937830662916451
1211,0.6655942873666568
1212,0.7483732523084734
1213,0.7421066159355104
1214,0.7185427088559423
1215,0.7537218765747287
1216,0.7028051611779194
1217,0.6847533295122359
1218,0.8018178231128169
1219,0.706983416587014
1220,0.6660145695051221
1221,0.7304357450280299
1222,0.7683470471219342
1223,0.6721785916940517
1224,0.6925356398829965
1225,0.7347325845555461
1226,0.8681793963935583
1227,0.7486529911406323
1228,0.7815555320055583
1229,0.7117690425047036
1230,0.7573578687507393
1231,0.5509799256787968
1232,0.6706192861262912
1233,0.8155032773119409
1234,0.7086695001497844
1235,0.7647628967379486
1236,0.7717823067247334
1237,0.7277103216625394
1238,0.6798250452664188
1239,0.7265619095590969
1240,0.8125980128716349
1241,0.7793492525646277
1242,0.6683493188948821
1243,0.7224739027884207
1244,0.8302964134284867
1245,0.6275016484946615
1246,0.7088755472816036
1247,0.7635168653256502
1248,0.8800199926813237
1249,0.5988697311739102
1250,0.8586204867012269
1251,0.6809499184913709
1252,0.6989949239967017
1253,0.8160815940265047
1254,0.637233865754039
1255,0.8000385667295371
1256,0.7710572849825147
1257,0.8297652244280392
1258,0.7108344245746469
1259,0.8000645892407643
1260,0.8294684449489472
1261,0.8504336224510114
1262,0.7606116338757637
1263,0.5926963526531077
1264,0.680742037499035
1265,0.7848825982469674
1266,0.6740013149966989
1267,0.624523717439302
1268,0.7004224719932581
1269,0.8047349726125209
1270,0.7205770122745848
1271,0.7839007969361007
1272,0.6440291137350119
1273,0.8364295828498874
1274,0.7911607855017312
1275,0.6369645262449635
1276,0.7260045266816222
1277,0.7499535516517858
1278,0.7720562068666038
1279,0.7836053612678721
1280,0.7621719217306347
1281,0.7288624644028822
1282,0.6107815698834852
1283,0.7057109409008201
1284,0.7552798430174588
1285,0.5660598802683114
1286,0.5950943351112343
1287,0.6294478188783851
1288,0.6938951956542847
1289,0.8041973102495845
1290,0.7522737945442968
1291,0.774354549009674
1292,0.8726070472760674
1293,0.6854840494221865
1294,0.7528780104632896
1295,0.7560055016167679
1296,0.5975086041945566
1297,0.7464882535451841
1298,0.8735160263935875
1299,0.6823234270627778
1300,0.6466777647364664
1301,0.582382634295495
1302,0.7055348647729854
1303,0.7440307241514962
1304,0.6996770770871775
1305,0.6929401710350068
1306,0.7482522972176333
1307,0.646921869545683
1308,0.8516805115554059
1309,0.7055831308294094
1310,0.6819157304014841
1311,0.6724547634079638
1312,0.7369341756837294
1313,0.6763215051929001
1314,0.7581081849817584
1315,0.7991659693356075
1316,0.819535249281836
1317,0.608936058113506
1318,0.7157872914175623
1319,0.6193725790228585
1320,0.7925401009845084
1321,0.6563351565184042
1322,0.7249718032677513
1323,0.6996156244430304
1324,0.7327295848553527
1325,0.7843561671658075
1326,0.6578835658485787
1327,0.8190924893660743
1328,0.7310121277831334
1329,0.7487765461422828
1330,0.683608616071362
1331,0.6054151560232774
1332,0.7632549961084245
1333,0.8259687978287878
1334,0.6757001582740289
1335,0.6696666545641229
1336,0.8217354931154257
1337,0.7039567124843531
1338,0.7674252815142945
1339,0.5754500158899386
1340,0.6995543669502429
1341,0.7778336673282219
1342,0.8058298680402128
1343,0.6469345854230321
1344,0.8245050098969291
1345,0.7402194191300762
1346,0.7500801975000768
1347,0.8168594283538275
1348,0.7951217938136139
1349,0.8443197060935049
1350,0.7893019198474704
1351,0.8043794135870641
1352,0.7661051240624809
1353,0.7901900605793568
1354,0.6750576897162247
1355,0.7359044635404511
1356,0.7515089379537627
1357,0.6056714789345236
1358,0.7011013279099545
1359,0.5807572156594631
1360,0.807994082147182
1361,0.7701133080065149
1362,0.7978622353713709
1363,0.7474304629078812
1364,0.7955477446184801
1365,0.654653153028785
1366,0.6629116600995981
1367,0.7873644440552353
1368,0.6127525900882994
1369,0.737122965437011
1370,0.7408685675952557
1371,0.6601161718679329
1372,0.710245186964705
1373,0.6676225254028919
1374,0.7955158539596939
1375,0.7236088204943901
1376,0.5591548808284535
1377,0.8009831135061121
1378,0.8029646301127079
1379,0.7099339104182493
1380,0.8125218168786447
1381,0.7728924977671442
1382,0.6501494062428814
1383,0.7178000268016616
1384,0.7292545424371073
1385,0.7934686616580771
1386,0.806394983537374
1387,0.6336410019342095
1388,0.630233582285406
1389,0.6958359016620032
1390,0.7222448913937577
1391,0.8069854214348514
1392,0.7297028310236137
1393,0.7753202613023473
1394,0.6885980209246174
1395,0.7258162348339025
1396,0.8202788879318693
1397,0.5703741182475502
1398,0.8336850997584562
1399,0.7532705173920026
1400,0.6746098070976609
1401,0.8096790960394786
1402,0.6893826166098462
1403,0.8729411712323492
1404,0.7458548317957767
1405,0.6284906789409986
1406,0.6693906921922885
1407,0.7592968048695937
1408,0.7034628983210965
1409,0.6802783022255593
1410,0.8034996697945339
1411,0.8101035255348201
1412,0.6322759090504638
1413,0.6530261482748824
1414,0.7770569116188858
1415,0.6562313146617578
1416,0.7588177288877214
1417,0.6941948524176349
1418,0.7677967556871292
1419,0.6185576209918598
1420,0.6999994194809026
1421,0.7216157253577061
1422,0.7005512950141007
1423,0.7653969208574108
1424,0.6949712597679887
1425,0.6582069370328524
1426,0.7996593702271411
1427,0.6410154158912384
1428,0.8101968473435991
1429,0.8039919340164804
1430,0.7772473300820448
1431,0.680485294740942
1432,0.616882601594384
1433,0.6918384265664014
1434,0.6851814790576664
1435,0.808877396614528
1436,0.7746426514545167
1437,0.7373285265434475
1438,0.6737451245414448
1439,0.6947769404686538
1440,0.5781111556638985
1441,0.6217009187691585
1442,0.6939137561504026
1443,0.6352464745494651
1444,0.7361284677754829
1445,0.8731710749108406
1446,0.64333873441105
1447,0.6056815576047063
1448,0.692344979926797
1449,0.7095990228558041
1450,0.7286511804258629
1451,0.7192902224389334
1452,0.7939463494564424
1453,0.7390742364871417
1454,0.7402653824348757
1455,0.6549811599078893
1456,0.8028578575717125
1457,0.7810427873187727
1458,0.7983620618505768
1459,0.6861122004800912
1460,0.6461552626930148
1461,0.8327331549786217
1462,0.7369215012939396
1463,0.7378830976835674
1464,0.7743597349641302
1465,0.8276897763921988
1466,0.5961988552821615
1467,0.7319035131495711
1468,0.7536387453760227
1469,0.7336373141208781
1470,0.8610153084953985
1471,0.7179804273338765
1472,0.7483467074438211
1473,0.7600813853050213
1474,0.7639345155381713
1475,0.7114171357604206
1476,0.6938128049519932
1477,0.5825513911710232
1478,0.8086973791257505
1479,0.6245585190092767
1480,0.6973637801581999
1481,0.7997409230462372
1482,0.6593823120988632
1483,0.6758121545916079
1484,0.7870360213751684
1485,0.7169580946254372
1486,0.7395274717755096
1487,0.7806270105058839
1488,0.6638172539267458
1489,0.6602420620897265
1490,0.8425459061030279
1491,0.7496868728746834
1492,0.6621209194940774
1493,0.6888939407245119
1494,0.7687549496865659
1495,0.645052808926065
1496,0.675943086593133
1497,0.7350721446008974
1498,0.7642218609350033
1499,0.605421926653268
1500,0.7435054712364217
1501,0.6619313264834102
1502,0.7882437566713003
1503,0.627073859134527
1504,0.8277905237687518
1505,0.6555998251829841
1506,0.6069249138308652
1507,0.7569018859620418
1508,0.7500686653991037
1509,0.7388753624387225
1510,0.7262085393456429
1511,0.7831735494272678
1512,0.7111573234061851
1513,0.6031259183107118
1514,0.6494630003999297
1515,0.7583016468504756
1516,0.7313622514095854
1517,0.7341534081508324
1518,0.6147524990773849
1519,0.6683040701681822
1520,0.7285224751451098
1521,0.7799861124139001
1522,0.6639019421755116
1523,0.6811090468290415
1524,0.6468388929751121
1525,0.8285800151294692
1526,0.7736907521879841
1527,0.7741692459965926
1528,0.8103766470307322
1529,0.6915829564112649
1530,0.7460881802016657
1531,0.7558827340905002
1532,0.8023662348371533
1533,0.6425494002077128
1534,0.7041234374660655
1535,0.7189714762822852
1536,0.7843004713392189
1537,0.744262510506384
1538,0.8004268658650062
1539,0.7256223594836989
1540,0.6477325879319679
1541,0.7074719250756631
1542,0.7385263279981801
1543,0.6992540354406714
1544,0.6073603131983598
1545,0.6805108698679986
1546,0.7230033466123811
1547,0.6861152886283889
1548,0.6187538508641359
1549,0.7526248995702075
1550,0.7021040872586899
1551,0.6348750303280558
1552,0.7036506241188947
1553,0.810964737931635
1554,0.7275248264347821
1555,0.6945818877023264
1556,0.7330752240254261
1557,0.8379091751112647
1558,0.7368313476477817
1559,0.8307114305457381
1560,0.7938694065059249
1561,0.8105424071631315
1562,0.8038030872978178
1563,0.6356878888006439
1564,0.8343433244255644
1565,0.6866699223916815
1566,0.6167231715478161
1567,0.6556432673441386
1568,0.8194236306454865
1569,0.7422397214054577
1570,0.7763026941837065
1571,0.6639540093692496
1572,0.7620567812970059
1573,0.6987621563750293
1574,0.6139926803898001
1575,0.7923687578959009
1576,0.6761639773808388
1577,0.6470139669768881
1578,0.7685158957447531
1579,0.7307251224867121
1580,0.7986388388304052
1581,0.7703191656904187
1582,0.760685858998938
1583,0.7324497148302674
1584,0.7098439058612284
1585,0.7523503635556734
1586,0.6765547274387459
1587,0.6561847337642723
1588,0.7558574478070059
1589,0.8194420698134849
1590,0.6963911543602351
1591,0.6429288932064448
1592,0.7386780627993664
1593,0.6745380380966822
1594,0.7060547115435346
1595,0.6668983196649951
1596,0.7899351818470329
1597,0.7752232949366109
1598,0.6559929554716624
1599,0.6999115494079974
1600,0.7640975408205866
1601,0.6319339622465157
1602,0.5754722413815536
1603,0.6422263607846773
1604,0.6894592730208445
1605,0.7090940433205969
1606,0.7356686130850627
1607,0.7237456255972613
1608,0.7705365729911824
1609,0.8136539417394714
1610,0.8116458737675832
1611,0.6656077313158734
1612,0.7178340599888656
1613,0.7340583094961945
1614,0.6264774005380812
1615,0.7388762210843738
1616,0.7000417770922841
1617,0.6516789411766579
1618,0.7679031319362691
1619,0.76080853445164
1620,0.6375155239226966
1621,0.6275152777485302
1622,0.8075096579168961
1623,0.7255612570935016
1624,0.7875050934279488
1625,0.681367074782722
1626,0.7163450126280941
1627,0.7692903781988952
1628,0.6194914080075827
1629,0.6230404797467072
1630,0.8170444626952343
1631,0.6911643251480143
1632,0.8091385315013456
1633,0.7383487938019426
1634,0.7037117022977901
1635,0.7530003916173167
1636,0.6859012568554493
1637,0.6368388262226691
1638,0.8179655052985652
1639,0.6048624708229108
1640,0.7647155441299156
1641,0.7694324420932718
1642,0.6826777396803013
1643,0.7114725628382289
1644,0.8594041196362572
1645,0.7122849915664722
1646,0.778362935799292
1647,0.64672545090433
1648,0.7560061120567071
1649,0.6777757534126243
1650,0.6926940027908983
1651,0.6203606507235164
1652,0.7123618841112873
1653,0.8408361607875032
1654,0.7138139279306424
1655,0.6798276913078398
1656,0.6150883230493579
1657,0.7203075404803114
1658,0.6546214259328617
1659,0.700382547349272
1660,0.6559152421668611
1661,0.6625824456418763
1662,0.6694601665430704
1663,0.6945787311900976
1664,0.7827037496433431
1665,0.7432808535051572
1666,0.7706822048104612
1667,0.6849718792220846
1668,0.7494381522395407
1669,0.7491737490234519
1670,0.6537676235480481
1671,0.6651596039416716
1672,0.6826353801537959
1673,0.7031233711665336
1674,0.6217683394573724
1675,0.6102336796842758
1676,0.6993384800659029
1677,0.7534419025957124
1678,0.8116040849824792
1679,0.7689114291736778
1680,0.8564038589161296
1681,0.6516832050638718
1682,0.8098387606041157
1683,0.5393729984609129
1684,0.678575852618421
1685,0.6328676089442661
1686,0.7776397942754576
1687,0.7519091733785861
1688,0.7198986608444841
1689,0.6370921219375179
1690,0.5383422296129413
1691,0.7481351423210993
1692,0.6074941039900926
1693,0.6323666632084269
1694,0.7941167795685506
1695,0.6779425879760167
1696,0.6804338165492061
1697,0.7751655971678131
1698,0.6907866519551755
1699,0.8741284593906303
1700,0.786217968089984
1701,0.6863226099310306
1702,0.6532695384179699
1703,0.6573015463197069
1704,0.7452627147880833
1705,0.6434539492078664
1706,0.8199591479207814
1707,0.8543904286570169
1708,0.82746510942763
1709,0.6973760094753113
1710,0.6483628160529253
1711,0.7527794431154314
1712,0.6382390786226088
1713,0.7346202555535511
1714,0.6948686371255912
1715,0.718037675337307
1716,0.7922378992982991
1717,0.691139002688189
1718,0.7229056312207853
1719,0.6398923855567296
1720,0.7966484287199777
1721,0.8180000213054418
1722,0.6669963209276877
1723,0.7212385715312982
1724,0.6177497515819428
1725,0.7790792760847721
1726,0.6575271037310446
1727,0.7885450461312168
1728,0.6878883295554011
1729,0.7235441642886917
1730,0.7072404250274968
1731,0.814654294456463
1732,0.5904792857851701
1733,0.8003061509714201
1734,0.7375816088305523
1735,0.76797799906166
1736,0.7205408601999216
1737,0.7545645488792162
1738,0.7025631744138364
1739,0.6684751228081096
1740,0.7071127878866769
1741,0.8283279528203409
1742,0.7255514831627602
1743,0.7744234304779928
1744,0.7678497565106199
1745,0.6769317486857626
1746,0.7694034398610204
1747,0.740313757379463
1748,0.7951890437148209
1749,0.6386580138227349
1750,0.7326667026372825
1751,0.8055726665213665
1752,0.7033607768047059
1753,0.6658999232778914
1754,0.6370922926299561
1755,0.7832239786127744
1756,0.7155595986916204
1757,0.5712206065628685
1758,0.6779260482828543
1759,0.8297137134138917
1760,0.7472506913293748
1761,0.7349857736547754
1762,0.7267268659455214
1763,0.7798867484595666
1764,0.7587713485221009
1765,0.6918320597356235
1766,0.7301223348756738
1767,0.7679413216175531
1768,0.7095936368918857
1769,0.7201716971972667
1770,0.5955768889842613
1771,0.7132590995228463
1772,0.7613780693798042
1773,0.6448164697780724
1774,0.5807877842839185
1775,0.7276387479425503
1776,0.6474660742215167
1777,0.7675134939192506
1778,0.7759367704029518
1779,0.8258505377736999
1780,0.7799427958050691
1781,0.7774359148586845
1782,0.8735072716072466
1783,0.7980062393577212
1784,0.6919852999066041
1785,0.7676723660035684
1786,0.7366203972550753
1787,0.8336710117592769
1788,0.7627975520421454
1789,0.8230300936807747
1790,0.7726844512073117
1791,0.7240418855328767
1792,0.6357396740467288
1793,0.7694043327403135
1794,0.766350856961545
1795,0.8317504939896658
1796,0.6138848475854769
1797,0.6208130845267276
1798,0.8733894403391869
1799,0.7941350310607171
1800,0.7004811680976826
1801,0.7830842251393116
1802,0.6952375089069647
1803,0.7355931668883828
1804,0.7075049671888975
1805,0.800327730400193
1806,0.6610252726611648
1807,0.7614902671468698
1808,0.5851491952837069
1809,0.7413539076944619
1810,0.6796179504846553
1811,0.5471062352783421
1812,0.6766428722425262
1813,0.6137991790143139
1814,0.796739919661749
1815,0.7314985375657391
1816,0.7218097755742434
1817,0.7839971526630376
1818,0.6856230004239032
1819,0.7202065201290685
1820,0.7784618317237006
1821,0.7655706428187309
1822,0.7211698546070431
1823,0.7944558926882707
1824,0.8096205755875242
1825,0.7171914833621381
1826,0.7065533914717947
1827,0.6365600642971613
1828,0.7181685940891734
1829,0.7007598820988219
1830,0.6479755013813695
1831,0.7073846595383089
1832,0.7340952574869634
1833,0.6921613843166033
1834,0.7420727879401515
1835,0.7356557322605848
1836,0.6954871223454765
1837,0.7802451151197748
1838,0.6245317130508053
1839,0.6802976393147748
1840,0.6573056593988115
1841,0.7908219520556781
1842,0.7119907621004671
1843,0.713504810693141
1844,0.7963992748133442
1845,0.6950069137695578
1846,0.7470545781765752
1847,0.7530469477504267
1848,0.7764836514952825
1849,0.7747122120793437
1850,0.7566879658779828
1851,0.6764946687405979
1852,0.7754973880503027
1853,0.7500361516663091
1854,0.8020473780447314
1855,0.7843701363736403
1856,0.6425806524687043
1857,0.6956202072409673
1858,0.6962702243693185
1859,0.791370440103314
1860,0.8218319799142443
1861,0.6741688031564101
1862,0.735084395898287
1863,0.7761102732006266
1864,0.6762082759356932
1865,0.6300401258258899
1866,0.7769655478690308
1867,0.6432256535326111
1868,0.6966907737874729
1869,0.7076972166167917
1870,0.7316812112783977
1871,0.7255697597617664
1872,0.8076452409718142
1873,0.6917632053998767
1874,0.7933325392481577
1875,0.7109954596031279
1876,0.7003342338213502
1877,0.7217359552665027
1878,0.8035891496885961
1879,0.7393577991349064
1880,0.7017588210177627
1881,0.7319516387164399
1882,0.6694562094312559
1883,0.6593816625406307
1884,0.7060604738006124
1885,0.8243154503277632
1886,0.8042088216604469
1887,0.7546076225032876
1888,0.6183048407047272
1889,0.6552909526138869
1890,0.6584714290571857
1891,0.8728354458889989
1892,0.7224046068223565
1893,0.6984396554956598
1894,0.7167853295571922
1895,0.7157298093896092
1896,0.8312483378511691
1897,0.6458121073786323
1898,0.7492990112422263
1899,0.6179467735641809
1900,0.7819318704702668
1901,0.7045446354564368
1902,0.8311332283919243
1903,0.8734581592782175
1904,0.8053400631470992
1905,0.7388029230477906
1906,0.7286259538693566
1907,0.6133595597903797
1908,0.7056619548923225
1909,0.8024251466366127
1910,0.6373516978591964
1911,0.7684565431004479
1912,0.7576430308958573
1913,0.7839791461090524
1914,0.7858858928114659
1915,0.6694775994295816
1916,0.7568415548783473
1917,0.7853492376462127
1918,0.7352015905136947
1919,0.7046621111644693
1920,0.6785015517728699
1921,0.7686646917639071
1922,0.8277161450692732
1923,0.7459534922238916
1924,0.7539470701553378
1925,0.6182951169466682
1926,0.7068960703725468
1927,0.6017800562507593
1928,0.5971351570297455
1929,0.5743043126689766
1930,0.789509192291543
1931,0.7334062947098143
1932,0.7752150359210692
1933,0.6362742144784718
1934,0.725950718825697
1935,0.7272269430329414
1936,0.7701599574798601
1937,0.7192786806228061
1938,0.7847678235439924
1939,0.7530094280124873
1940,0.7435627587176266
1941,0.6044436930891259
1942,0.6458567906173247
1943,0.6356717166329553
1944,0.7023937614792262
1945,0.6800535697164986
1946,0.7129090601516439
1947,0.7997299430179906
1948,0.7063351361788884
1949,0.6461507253823114
1950,0.7756910440224634
1951,0.7730704502462563
1952,0.6271538789843293
1953,0.6975383033446082
1954,0.6974775954789456
1955,0.7531150117463167
1956,0.760277796790582
1957,0.6850844832853584
1958,0.8005348470819332
1959,0.7353750561991379
1960,0.7512993480141705
1961,0.6854937829363209
1962,0.7263270294128428
1963,0.6342293487203479
1964,0.6851004705417283
1965,0.6675114872781903
1966,0.8561833874723157
1967,0.744466065521152
1968,0.7205075789841869
1969,0.7439331110828751
1970,0.6567775155290257
1971,0.6407507882847593
1972,0.6930516021496661
1973,0.7438428302835508
1974,0.6127004941662361
1975,0.6411007280315649
1976,0.7912268372141369
1977,0.6848893617302747
1978,0.6479722447209235
1979,0.7645410818469808
1980,0.7847485056086018
1981,0.5847888186833345
1982,0.6395539799735905
1983,0.8252987194822259
1984,0.7964709757860546
1985,0.8595086716392064
1986,0.7164262659749474
1987,0.7054131981909615
1988,0.6459639040008573
1989,0.5635641413242308
1990,0.6513013068468324
1991,0.8002552129979977
1992,0.7498011218246482
1993,0.8251196728738079
1994,0.8938249255822952
1995,0.754210362626582
1996,0.7842661450073378
1997,0.713727435331147
1998,0.7842228646275358
1999,0.7250654419439294
