,value_per_image
0,-13290.97831083302
1,-14242.103038062558
2,-14717.004006674822
3,-19402.6101736926
4,-7752.390651891082
5,-3544.724223628983
6,-3311.8002074932037
7,-2763.582837858773
8,-5397.466784093396
9,-12415.141254542656
10,-2627.136488578901
11,-1205.0734792964427
12,-787.0174347101022
13,-48788.45617464186
14,-26140.503186899557
15,-8605.1321526093
16,-15742.562645560069
17,-8971.469235566768
18,-1259.321413287374
19,-5430.395271649198
20,-6067.4440641450365
21,-8740.406017754165
22,-10498.864239413468
23,-10227.613583674543
24,-8607.972917888059
25,-2324.739773287784
26,-3278.931413177655
27,-16159.434459341577
28,-2059.2301818048027
29,-3816.7089068389882
30,-145032.30168066488
31,-4436.222311410778
32,-1569.6337763382965
33,-6092.518712872824
34,-2242.67457420857
35,-3904.2021727960814
36,-7137.442769962293
37,-1180.6024453205978
38,-3482.9709710118073
39,-42948.88910243862
40,-947.7732521368092
41,-11014.417710031314
42,-8572.949627790227
43,-1856.5938349726598
44,-8365.712247582107
45,-557.2636982836566
46,-4767.5255174599515
47,-42514.52829954838
48,-17910.275634026697
49,-3260.062487048607
50,-1105.9389892707964
51,-4094.026471237608
52,-10267.625510395475
53,-1414.1830665017567
54,-7670.453250217742
55,-3045.91061319011
56,-6912.342754932041
57,-4942.52120556174
58,-2434.362795728768
59,-13803.52470003958
60,-13266.174440948038
61,-2625.5742175576424
62,-2975.451449552073
63,-3555.3326748734944
64,-2759.417260359825
65,-124052.76241908172
66,-2556.901246975544
67,-12017.30632181858
68,-5986.5996076133215
69,-1934.6673740212882
70,-3155.2184348217743
71,-4990.456418532084
72,-2646.906307899149
73,-2665.37657546305
74,-829.6507226476705
75,-145380.61823804915
76,-2008.5914804455206
77,-5022.258639774039
78,-14458.713813490189
79,-5424.533629633697
80,-1642.6553609721816
81,-8275.654166760258
82,-3296.326046833701
83,-3788.898317405085
84,-9285.666791173258
85,-8515.421149158556
86,-1696.0121870690423
87,-5833.179300002403
88,-4210.010757463448
89,-6594.155180766737
90,-41962.92783482927
91,-12605.099444293595
92,-2794.049878987757
93,-2006.684083622777
94,-55669.71741631915
95,-19744.78863474
96,-2024.3239407789627
97,-1907.218001903544
98,-7681.42507415321
99,-55942.27128948507
100,-100035.16681456967
101,-1837.9357110851092
102,-27802.87410363916
103,-1543.6972869936033
104,-9181.058550748288
105,-7940.106831268798
106,-1105.2670486959482
107,-1198.3568090198125
108,-4653.551929341013
109,-138472.55985371096
110,-2771.557485890733
111,-4120.494626400562
112,-3636.218593383252
113,-97990.06241088377
114,-7929.469254786376
115,-2048.858967998354
116,-3498.1862336573736
117,-3192.167305927639
118,-3040.4688721547377
119,-1948.316553239292
120,-2015.8730912214844
121,-6752.119150645368
122,-3582.682432411753
123,-3166.0119468802836
124,-4193.162699238249
125,-1379.158567239938
126,-9880.219680768621
127,-3964.3230919869347
128,-6863.820153556166
129,-8566.48383726423
130,-2442.7485642339984
131,-3653.708464682802
132,-5019.27992331731
133,-4601.652944937002
134,-1559.6997360854575
135,-25350.95119275747
136,-9999.09999354128
137,-1774.8620313792205
138,-3145.033143512735
139,-1085.2522796235728
140,-1394.4922457236405
141,-36113.79695552712
142,-1142.4628327171695
143,-9632.635323904022
144,-5576.148864361943
145,-32124.327871154146
146,-706.9384232089743
147,-2027.2814982697646
148,-6298.038650266315
149,-3310.560197255493
150,-3032.8370763927473
151,-3121.8799504422864
152,-1100.6439782542902
153,-2459.1491825927137
154,-3969.950613291786
155,-101381.54405465088
156,-2856.2360315037513
157,-1225.0270363989825
158,-5471.830957676595
159,-5943.618669481358
160,-6851.182866099942
161,-1900.7470949962765
162,-5563.570935322698
163,-65917.14467002123
164,-29279.124529608067
165,-1954.7795700943886
166,-9779.500638427064
167,-1857.514358821873
168,-1970.6139324097962
169,-14445.367201042414
170,-2878.213940469053
171,-17238.059266375512
172,-1839.2912189583365
173,-6321.401942695463
174,-5407.717426650379
175,-3376.709768521774
176,-2275.06599943242
177,-2695.414589390177
178,-4506.8160265330325
179,-5015.523271004594
180,-4164.140890292054
181,-11130.187697049883
182,-1779.3174374878954
183,-1488.6743630344886
184,-3192.633868077711
185,-1641.5022745183485
186,-9949.861299564896
187,-3436.107029281539
188,-41242.74097579556
189,-4855.7424942302505
190,-940.3229239148137
191,-59922.328646648915
192,-2031.7499880511486
193,-1977.0603628936046
194,-5180.512352994035
195,-3506.1085243728144
196,-5829.0461925402515
197,-2466.6432863899
198,-5496.7903387924125
199,-5184.569062872638
200,-6880.439170881456
201,-2971.06257878637
202,-16561.857124248418
203,-3239.907659972278
204,-3675.370417768013
205,-34907.94211568658
206,-9614.440975575402
207,-9653.180623659484
208,-15368.58414463635
209,-2982.805266799695
210,-16876.740008668014
211,-1894.9441075234326
212,-4876.442622345639
213,-3002.0271132722673
214,-7401.1599950853415
215,-59627.013307651454
216,-1666.4608014264618
217,-5772.346075257986
218,-31431.47874305248
219,-1679.4790599506962
220,-2101.114619905752
221,-4510.22561536405
222,-224025.32031357297
223,-722017.7284294573
224,-1246.5233922236478
225,-4887.147544144623
226,-2049.400410753082
227,-22163.273893597496
228,-13077.509119777993
229,-3195.7774046950617
230,-2745.1351418286363
231,-18348.99153625177
232,-2283.872369224033
233,-7519.580568625648
234,-3426.2485752909583
235,-1012.4462952395154
236,-7331.1797433341335
237,-12202.38905712103
238,-11587.034172956675
239,-1709.6926052344566
240,-14354.91919558129
241,-6950.912774370788
242,-1815.5544308597125
243,-22448.166234285567
244,-2549.4243174875064
245,-2234.4257670323573
246,-1212.6525217958333
247,-18529.290807057067
248,-20834.27627829509
249,-4978.355125304583
250,-103765.47439506727
251,-1686.774129021331
252,-11721.360456043212
253,-7133.46744039033
254,-3775.9070786664192
255,-8842.124241871212
256,-1168.1239282850245
257,-29778.513398685853
258,-5893.92431279
259,-1698.6550551250587
260,-1957.2776928523306
261,-2305.1263448169652
262,-133094.10447915277
263,-34569.04551830049
264,-7821.007133206222
265,-2270.452335195914
266,-1398.6236922113196
267,-7365.221294975583
268,-1295.4785163590034
269,-2610.65318543573
270,-7963.155349062093
271,-12260.931468384266
272,-8420.122684007138
273,-1539.8674134314508
274,-4118.819815591533
275,-2346.968847016482
276,-732.0831191504283
277,-574.1744062022383
278,-3768.13295009372
279,-3021.314224107249
280,-14324.734484487682
281,-4387.17738158818
282,-177034.81774833452
283,-3738.946955045012
284,-3529.7554523736467
285,-2929.068442289917
286,-2797.775423246693
287,-9434.517999684163
288,-7009.099177191473
289,-2818.443142059974
290,-3777.3722668888495
291,-10019.20288238083
292,-21617.473700142782
293,-3117.3030872571812
294,-1174.3822998138253
295,-2463.889288733701
296,-3711.3660281878774
297,-1705.1727948988416
298,-7100.8554354029075
299,-9493.27516499353
300,-1613.1943311872371
301,-5754.702421073264
302,-4924.704788048703
303,-5182.13760042866
304,-931.5233011346414
305,-19603.222078870596
306,-1147.782342737609
307,-15614.112918963703
308,-847.3760055572508
309,-3570.3610991833198
310,-2152.153603420854
311,-568.4454140399828
312,-4886.042232058596
313,-1306.2433478281978
314,-8392.040574315055
315,-2555.293811490129
316,-3326.6172063130794
317,-1746.2010519893836
318,-4056.755163168879
319,-4028.9273449781927
320,-2456.604253145458
321,-4133.4647124935
322,-10304.745790377518
323,-2988.027326465149
324,-2233.58033765695
325,-727.343360163796
326,-6820.512871723679
327,-6290.729776232707
328,-3693.7166389548265
329,-7347.826194777018
330,-33433.52859522747
331,-4149.418633936049
332,-72116.0784038994
333,-4870.539368308627
334,-2944.736482659116
335,-2773.407160800845
336,-31997.906247706436
337,-1948.3086493548096
338,-10034.627374599693
339,-2536.024759916959
340,-3106.225889483645
341,-29649.976664058388
342,-1012.0256200059624
343,-3663.0999076354774
344,-2311.189262827223
345,-5876.687419914121
346,-7082.570959759157
347,-3693.9986556858503
348,-54611.00064804696
349,-6356.724161003693
350,-9635.909583097795
351,-9344.655543190636
352,-731.3328478039084
353,-679.689083651602
354,-1993.890966895447
355,-20284.117431917668
356,-7971.1223622479965
357,-30912.518178059352
358,-2265.569438309049
359,-1065.5573415423403
360,-28882.80430162583
361,-10556.384621248048
362,-4687.846415736756
363,-1785.5064962817248
364,-1313.8189612822107
365,-2959.6922657597675
366,-21767.45129253837
367,-32689.175361295802
368,-1691.3544706109626
369,-3600.7411216753108
370,-5853.643065716485
371,-1273.3989496984927
372,-10548.967973319699
373,-5404.594057567431
374,-3523.673078592179
375,-102102.75677704363
376,-667.9222946624279
377,-1675.5614831202809
378,-6988.852522847618
379,-10290.916236177329
380,-5103.285423125594
381,-1384.0701670185424
382,-6915.751669194188
383,-232341.2842164603
384,-2069.3826056266157
385,-34927.0575628824
386,-46438.45928179178
387,-8418.193244437882
388,-3966.639890877552
389,-7036.738191845778
390,-5187.399269972971
391,-5031.034384258816
392,-4980.935851689579
393,-11249.9425923502
394,-2301.5298293129704
395,-5862.536221462146
396,-4176.378332418962
397,-4852.500102195767
398,-3142.0339457419177
399,-5848.596375780186
400,-1430.3837871026153
401,-1994.917116661811
402,-2513.403037666823
403,-3314.29952042395
404,-2426.155054613789
405,-4497.1860111784135
406,-1936.8645655058826
407,-4375.113368341308
408,-1396.8808894929978
409,-2072.89000648642
410,-33664.77760883752
411,-3009.403681646888
412,-3554.7628177766683
413,-2501.531291216545
414,-845.8868257955344
415,-1339.8601082738173
416,-1714.9893795587172
417,-1254.797638979818
418,-3733.0233570730497
419,-2370.608170153146
420,-9900.034562382178
421,-11930.2862393942
422,-2306.386206451503
423,-4739.287005684643
424,-1848.5130003273919
425,-4262.041502773493
426,-4428.014342967163
427,-1899.7752209221546
428,-1307.5256059547132
429,-5680.81513252357
430,-6549.982895890018
431,-6285.965413450641
432,-1768.1063312609876
433,-6398.846164919294
434,-4884.920287629529
435,-8860.21155358131
436,-1755.4720296357943
437,-6602.894830123542
438,-1973.106181043625
439,-1990.208529574312
440,-1115.7158685626316
441,-3309.5064957032946
442,-1948.8537540096488
443,-1924.2247468419514
444,-1438.5606229338086
445,-5443.6297965987815
446,-12283.835928774448
447,-2031.142218564974
448,-4872.4414755809585
449,-51807.75311752264
450,-23651.705882038463
451,-13662.902525322725
452,-3346.2730973888206
453,-2128.2190069862713
454,-22735.834803759502
455,-21882.833952806835
456,-11856.606242215572
457,-6314.29264682863
458,-3067.044271970927
459,-1412.354393557841
460,-5167.770110140539
461,-1686.5199106213836
462,-7446.9793020534935
463,-5478.351465922783
464,-1195.5589901681305
465,-993.9211317088788
466,-15172.85978779462
467,-3421.4176383078593
468,-270487.61792477587
469,-4605.554008530414
470,-1460.9727441126754
471,-5464.073926735634
472,-3389.321599295858
473,-1063.38528841277
474,-605.2475558934677
475,-3119.1079996431026
476,-3791.0738191853225
477,-1742.2813339141917
478,-2257.7362336164256
479,-799.8527428183947
480,-877.1650526244946
481,-1142.5757926748345
482,-330073.4524667482
483,-8215.541556137045
484,-1128.1995499463935
485,-2746.122554225467
486,-1149.9117668975487
487,-2475.224435857274
488,-5895.644407056546
489,-18086.680882931207
490,-5461.708171402721
491,-40065.11325331357
492,-2822.3672377209477
493,-9998.360936993267
494,-6273.689061624301
495,-3304.1033058994844
496,-1562.5424765658813
497,-2699.856221099595
498,-959.4768162355324
499,-38238.98870543483
500,-2287.2016964736745
501,-7490.488414757651
502,-21778.32560832789
503,-850.4449772971287
504,-7979.632093247523
505,-8193.7938761722
506,-16331.108707035228
507,-5991.4490831293815
508,-21997.81116866208
509,-2411.50316794958
510,-2522.4838149303478
511,-7003.344830821197
512,-1200.6940712554324
513,-38820.230449227536
514,-185446.67339594208
515,-11885.612172240692
516,-5444.2262712486245
517,-6375.35504613872
518,-8460.57171394897
519,-3597.204597901402
520,-1866.9994388040225
521,-9027.358262051312
522,-1051.9981367133116
523,-3869.3388970493324
524,-3109.266411261738
525,-7687.387317597241
526,-17055.69866409335
527,-16917.644980838042
528,-18674.48209718035
529,-1331.9680737759586
530,-5695.159261677329
531,-2811.752704202081
532,-7558.649462178757
533,-8933.569370847528
534,-10402.1545469132
535,-58778.82387524112
536,-8671.291279840138
537,-3348.4305489668127
538,-6230.620080737349
539,-13044.45458435094
540,-4723.705294860318
541,-3432.724296644735
542,-1854.7957174339874
543,-1640.2915935250367
544,-33950.198022611265
545,-13801.329246963178
546,-6038.116748794239
547,-115663.78220562065
548,-939.5655000577408
549,-3169.541770824219
550,-9966.19471433271
551,-16116.142285010917
552,-1257.953334653382
553,-14544.379236645611
554,-11653.892055136508
555,-7708.878634164511
556,-4866.145868089943
557,-2659.618912276631
558,-1117.610419385795
559,-76420.36462710075
560,-2018.5073695537656
561,-7290.191601275074
562,-429917.22854642005
563,-3505.572643189541
564,-1342.2946036209364
565,-5136.778329743994
566,-2802.8646264955432
567,-25188.860043482382
568,-6035.782746853716
569,-1128.1275589365089
570,-10375.60958272397
571,-4919.8838674868075
572,-3273.4163314111247
573,-34583.2862958786
574,-1364.9046290779104
575,-3561.3050009835256
576,-2710.999972815553
577,-1180.4891642028724
578,-5740.352316708952
579,-951.7048211255507
580,-1794.6045710383341
581,-2484.4217230541044
582,-11629.568959277154
583,-102532.31332802416
584,-3994.7412428403904
585,-2782.909616890665
586,-3925.0446832570933
587,-4900.5455534820785
588,-12522.124460544992
589,-33334.87204716431
590,-1869.4289642397407
591,-5869.624919768548
592,-23016.796509027685
593,-2497.1768163458287
594,-1150.3827443631942
595,-6669.9505379663115
596,-1977.3652985204435
597,-1308.4721685353868
598,-10918.070615735234
599,-1553.2047565420005
600,-8349.416823266332
601,-10233.670355434951
602,-6387.492846517609
603,-4302.633904355642
604,-1472.6791656263458
605,-4608.638906874064
606,-28225.130529374648
607,-12403.728619323869
608,-16765.370731195773
609,-5855.14008832682
610,-1074.8218347115157
611,-34796.48672703395
612,-33029.751099026565
613,-5735.7420914087415
614,-46159.28396512755
615,-5097.839740615597
616,-8716.033176977113
617,-9333.558548623425
618,-2124.3138997327787
619,-9112.009348487776
620,-1760.2804248609716
621,-6239.125862065293
622,-15958.17701660788
623,-6095.0984855701645
624,-2101.621190064932
625,-973.1716095209127
626,-5990.180911630399
627,-5877.886009003485
628,-11596.359990323152
629,-84574.1186939466
630,-770.4889384215469
631,-4402.08005651759
632,-919.6161326534908
633,-3894.7183431504054
634,-4754.253832994412
635,-1421.3673722775302
636,-2393.332116944426
637,-2379.535543163272
638,-2549.3126593836323
639,-1126.2438659110835
640,-6442.913909749758
641,-68511.32118322322
642,-4834.610082283009
643,-2642.379330742324
644,-5436.455943876835
645,-2244.0412032838212
646,-3255.2052863909194
647,-6023.513467941781
648,-1465.0611847954306
649,-4073.3456366561
650,-5351.212558017748
651,-6276.699700905913
652,-2121.845443969903
653,-1231.5128387792265
654,-2665.988614912208
655,-3221.309070421436
656,-3215.2349236675336
657,-15097.079283902633
658,-2219.78554153679
659,-8036.312862181109
660,-5268.753489611129
661,-13888.604094073198
662,-6183.3326352298445
663,-3610.035570537007
664,-3361.6144329129493
665,-2878.723019453692
666,-1415.263575427753
667,-4784.5141385771285
668,-21771.492798176987
669,-7361.691764161888
670,-12935.310424351643
671,-1716.6596521453573
672,-15420.691650495759
673,-6315.832714700166
674,-2396.4236398186536
675,-9840.26432171742
676,-2332.423916939108
677,-4970.762777666479
678,-65543.49530558035
679,-1959.4884473994568
680,-1765.6853302515067
681,-7090.044919085862
682,-6522.331707230208
683,-5470.0068231061
684,-10385.488370299445
685,-4086.3305571327614
686,-2785.350227317174
687,-4526.6645610721425
688,-2301.8032416877327
689,-1698.513062912942
690,-7748.234011030978
691,-1881.7524887532431
692,-6907.866971809829
693,-20066.891109558197
694,-3738.911311207528
695,-3439.520726958579
696,-11745.454510341398
697,-2155.3201624236553
698,-2252.021129782497
699,-1944.5382229548984
700,-2170.808031723836
701,-36787.44644950948
702,-1334.6515852704488
703,-6192.375187062915
704,-2680.1178387550613
705,-16892.850167303688
706,-1390.0591247243024
707,-12160.405526322627
708,-1820.9956177420347
709,-5613.352102958139
710,-3392.4702260067097
711,-1688.7166404234633
712,-6250.394825470374
713,-286186.53740278224
714,-1366.8832135069524
715,-2652.7325971452565
716,-1270.5832574650665
717,-1814.8704394176693
718,-9025.302467797372
719,-3320.253472601801
720,-1320.184904690663
721,-1382.6610609356048
722,-4983.957758961295
723,-7986.511417617901
724,-1525.6110573989235
725,-1125.8312352744354
726,-9127.99270847393
727,-13016.642270709246
728,-4330.6646776585385
729,-695.9052887932443
730,-6190.349260473883
731,-5906.054748069617
732,-13532.850373348809
733,-1609.838957360718
734,-848.267281708262
735,-918.4413665569597
736,-7263.895632386129
737,-2144.094358648625
738,-7040.044342577315
739,-3452.388268019819
740,-1210.835057585524
741,-3703.3674149185963
742,-2177.9205681478825
743,-261132.9768592893
744,-10164.97637707077
745,-966.5348645222432
746,-2462.909039144219
747,-4367.661041548767
748,-9651.283506014284
749,-790.8711563816055
750,-1134.1733062033286
751,-2867.369436308831
752,-1072.3167479331823
753,-5952.207537855955
754,-10694.21946417927
755,-4629.793863736404
756,-32206.28829343081
757,-1885.6362803857612
758,-6577.340267972138
759,-17017.400853792675
760,-3678.195278057207
761,-3665.1604556596553
762,-10705.34482075497
763,-3102.723904100124
764,-2004.9536655343716
765,-49936.89170267394
766,-2314.1506935362963
767,-5561.2903302488085
768,-21850.94352896809
769,-689.0620629093504
770,-3483.2831860015253
771,-2408.165920724261
772,-8498.686768950316
773,-10328.978384188544
774,-3924.999067403313
775,-2362.260740278107
776,-3620.380502795295
777,-1563.1330200085683
778,-6902.94438935426
779,-1686.3588271505741
780,-945.6725385962272
781,-6589.276099161903
782,-2879.7151685778595
783,-32615.005222881387
784,-1536.8544389543601
785,-2711.266677101105
786,-2130.829903981628
787,-5307.483288991119
788,-8462.735152619238
789,-1250.0942712291885
790,-8740.694043679774
791,-6356.293648847874
792,-2369.437558567897
793,-3260.511752044179
794,-34766.63648522999
795,-1573.3302551454778
796,-10473.199016101802
797,-1841.3686320639515
798,-2839.5412330773247
799,-237081.1034254373
800,-7183.107782542757
801,-5627.0663862989095
802,-2944.232147602478
803,-3670.964854492677
804,-38046.59891962153
805,-24311.85411464557
806,-27260.279948103638
807,-2219.596937300985
808,-7552.046605275821
809,-1819.971468958574
810,-88484.13164028023
811,-34218.90854963113
812,-2836.1467688728912
813,-13274.823958258157
814,-1647.4592812675698
815,-1457.7826549991125
816,-7599.352857139015
817,-9490.422835635742
818,-10448.665618906558
819,-19226.284547023628
820,-8713.608731176424
821,-13310.879986729138
822,-2464.9122847887656
823,-849.6503982846347
824,-2187.420451806684
825,-1307.9877272273413
826,-7456.449090086258
827,-6450.938041797937
828,-3470.4753372651007
829,-1980.370301444374
830,-4092.9562998748975
831,-3941.48570357058
832,-1167.6784301798089
833,-14023.150609188762
834,-2423.944765282625
835,-6224.322386583979
836,-15709.718209446146
837,-1867.028243370507
838,-8241.42790817027
839,-3510.9925806471947
840,-3566.4724269719336
841,-8305.25948228261
842,-1819.8127239239868
843,-4817.187791561379
844,-1681.1849418922986
845,-6235.611201603395
846,-14184.021412960745
847,-3497.4536417515283
848,-1377.158400918029
849,-2495.3794487047658
850,-22272.8824254955
851,-3731.441348513702
852,-4990.000515282764
853,-1579.3793333312524
854,-13347.264793580745
855,-7866.168584885965
856,-1419.9872849593105
857,-5415.566035344668
858,-14244.025464915005
859,-6875.178678343348
860,-7441.8217915770265
861,-6286.10843648732
862,-3083.112891744719
863,-10659.964247135806
864,-13371.38694279795
865,-4889.0620988956125
866,-8278.433187543016
867,-756.6988939877557
868,-1562.3367694554304
869,-5314.555189356478
870,-2149.262306576553
871,-1567.0921190976562
872,-8664.570015678879
873,-10899.55017341051
874,-1825.88964528526
875,-2712.0615664075804
876,-6530.15996199742
877,-74190.15926379767
878,-18414.364706655448
879,-2460.705916333585
880,-13870.663698068009
881,-6805.282908025911
882,-2560.2933567467235
883,-4691.411080174214
884,-16847.52930273575
885,-7996.504076744539
886,-2846.198872860089
887,-10272.82762800127
888,-4512.2557536716695
889,-3865.674337722024
890,-2016.8819074235998
891,-749866.0933547523
892,-17364.327876862768
893,-9273.988529428532
894,-16878.990037354124
895,-3426.655785111051
896,-1688.319242389867
897,-4619.680542620608
898,-2830.011459560502
899,-6816.18810016362
900,-5815.724400071452
901,-5033.020396435143
902,-7132.478123233842
903,-12802.914978093671
904,-2385.2657366274757
905,-6242.84773409341
906,-114439.73095661149
907,-3926.012494758793
908,-1633.2039384743134
909,-2417.6799997831595
910,-1699.9136093622758
911,-12556.848052839363
912,-2295.809061357903
913,-5577.313969317785
914,-1976.5031363346734
915,-2403.581410035474
916,-2052.4508594063586
917,-811.2174233014005
918,-1777.4364682826438
919,-25331.38470256497
920,-12936.862044320935
921,-1934.9685191480266
922,-6068.002710146532
923,-2741.363758026386
924,-1415.0432677056879
925,-7140.335159123056
926,-4964.6833525043985
927,-2584.6889487744743
928,-7264.252031029511
929,-2264.6543517704567
930,-4768.0925134508925
931,-1160.3588288737512
932,-4524.231610805021
933,-3302.3997193793793
934,-1469.1966581220704
935,-5477.452864039214
936,-2734.227210120232
937,-2235.699150311602
938,-23533.740418788355
939,-2898.6827880208753
940,-1085.6675047467577
941,-18520.530838580213
942,-16893.483062224812
943,-7638.552226649681
944,-2930.1025024319483
945,-9103.387374942795
946,-4451.716678441549
947,-948.7032823840196
948,-1568.7833058763888
949,-2115.078456802081
950,-9211.12297620097
951,-2639.089276661737
952,-10167.185186233395
953,-2600.0656205096443
954,-2559.9929014677705
955,-1370.1809641893155
956,-3317.730822830908
957,-2552.695046428713
958,-2284.576168812391
959,-22538.095204051733
960,-859.5719583663307
961,-5015.866237538594
962,-7009.4974512383615
963,-41364.05097271359
964,-1124.4975699657814
965,-15823.510036028796
966,-1181.8013748476951
967,-9337.782485025718
968,-10299.298348719687
969,-3030.393813420053
970,-2459.2907635212346
971,-11381.027618130862
972,-1028.32086545904
973,-7014.622350328101
974,-4501.367767067771
975,-2960.191033529577
976,-1383.9770136014624
977,-15505.025361257976
978,-1070.6200911992817
979,-1365.995145503104
980,-7031.613058327453
981,-100473.13191497102
982,-1243.7272889318926
983,-2833.409490122376
984,-2844.7835916001777
985,-143126.45116030533
986,-8174.958438806015
987,-7313.400386169737
988,-3333.91007064376
989,-4027.118891499706
990,-5288.5837650446
991,-6868.393444079594
992,-2232.722935104606
993,-974.9849908402887
994,-3403.773187927254
995,-3668.415899137968
996,-1157.6253445826912
997,-4858.329837980669
998,-23485.211500958292
999,-3937.7461578043158
1000,-2785.641122023937
1001,-5024.39570514959
1002,-9844.108833784116
1003,-2419.0193230592145
1004,-7246.2760568366775
1005,-1299.1744371269847
1006,-96430.19697738624
1007,-61372.92991917175
1008,-4988.332461569162
1009,-11168.645146512004
1010,-2117.111634293094
1011,-6439.910921177725
1012,-2451.0975918754652
1013,-3837.73738398413
1014,-15014.346104396429
1015,-4703.83051793302
1016,-1940.983654977211
1017,-2646.3502606674656
1018,-5534.45105302824
1019,-4712.268931570769
1020,-2645.8584363479613
1021,-3564.7337731677703
1022,-25736.246194768642
1023,-5416.55997911472
1024,-2798.735593171782
1025,-2524.024927679804
1026,-6708.883438923564
1027,-5184.402301615625
1028,-1315.2652925468938
1029,-172051.37824079552
1030,-1267.1746766998622
1031,-3236.5821556497554
1032,-1825.9892232677173
1033,-2640.896167671688
1034,-2180.6620367625255
1035,-10688.718775455716
1036,-11115.70169137147
1037,-6557.228048912608
1038,-4249.994581319411
1039,-1769.2351091634446
1040,-55466.209295082685
1041,-1086.0682362792063
1042,-5487.762764876115
1043,-7838.816642869279
1044,-912.2976502419133
1045,-6477.829356781329
1046,-2328.1623219112
1047,-1756.5822141437911
1048,-13214.053116164556
1049,-6377.977013534607
1050,-2145.1480090869213
1051,-796.4863010340038
1052,-33377.250665498235
1053,-13273.02504494885
1054,-3269.924113930596
1055,-33053.31212091411
1056,-10866.612690176551
1057,-2531.464403586904
1058,-2214.3374477364787
1059,-2755.286435781634
1060,-6778.975502410464
1061,-14416.689854926084
1062,-1548.501819489737
1063,-7270.533187209678
1064,-54006.5450183134
1065,-3897.60556551754
1066,-25900.443398420142
1067,-1299.4913092617169
1068,-1973.1282939384207
1069,-5916.942277739838
1070,-13706.924289354823
1071,-956.9006791200336
1072,-3743.003127704619
1073,-9587.023447695105
1074,-7751.738707689827
1075,-1614.9372692898712
1076,-27692.629044832407
1077,-1201.7696360862435
1078,-23414.40864189668
1079,-2728.8522729754905
1080,-2314.8963517485213
1081,-1300.843499331174
1082,-4348.737653657605
1083,-1585.5683037326944
1084,-1732.5586157442788
1085,-4380.01816011567
1086,-4192.992502821034
1087,-2811.2317425548986
1088,-3104.5025389542516
1089,-48248.40424251535
1090,-1567.528669349214
1091,-8861.718861090527
1092,-868.299830330346
1093,-4603.208879168938
1094,-677369.8006771229
1095,-6286.476017889384
1096,-12059.970071569523
1097,-777.8534761452977
1098,-6990.934316547508
1099,-61152.77403085077
1100,-40835.39642311088
1101,-44165.63712006013
1102,-5566.673575344312
1103,-54994.663662208586
1104,-1273.9585816892634
1105,-1984.3208490322431
1106,-2096.6387897641293
1107,-6662.719863708145
1108,-2623.759605162405
1109,-1251.6966092344742
1110,-12347.191990859712
1111,-1852.7289269085575
1112,-2687.4868566541973
1113,-1564.7229972713535
1114,-2971.719684290153
1115,-2612.145099033729
1116,-12203.80199650195
1117,-2282.7916868987977
1118,-3844.523318222312
1119,-2003.4101015544147
1120,-8260.781813166013
1121,-8336.924123228608
1122,-1650.7609342436713
1123,-2681.452952007417
1124,-11185.862783255156
1125,-3418.7148417709745
1126,-2578.5587506700267
1127,-13975.761656058867
1128,-18357.266819518016
1129,-2021.4148743906753
1130,-8021.410891704806
1131,-19037.439324977862
1132,-2827.829233587241
1133,-10808.117761092846
1134,-1696.303007607695
1135,-812.2552362275717
1136,-34781.74824680795
1137,-2405.088664045202
1138,-9871.25125309433
1139,-26493.434931675878
1140,-11109.11806498134
1141,-1144.1087330986968
1142,-2572.0343217906325
1143,-2522.105860673222
1144,-3566.405382375548
1145,-10932.57036313092
1146,-5604.404319587832
1147,-4140.841634023706
1148,-2406.9691159988542
1149,-120481.45626375086
1150,-8313.126823557075
1151,-7023.0167371577845
1152,-29169.179944172465
1153,-1025.5225935612739
1154,-100607.35071756586
1155,-4777.52030232205
1156,-2726.4974286306233
1157,-1993.4368237478063
1158,-13605.75855697623
1159,-34711.617108446146
1160,-97689.32516068417
1161,-1197.6828687406526
1162,-6287.145422407007
1163,-19223.32802784579
1164,-12295.042962545092
1165,-20459.883371135733
1166,-2249.7795158440413
1167,-2990.367871281331
1168,-1477.763262697768
1169,-2770.7800551217742
1170,-10308.047809766696
1171,-11846.407854819743
1172,-4959.945455385194
1173,-22114.055333810084
1174,-3934.5341691615417
1175,-2787.84742748259
1176,-12697.045270736133
1177,-2208.981355671443
1178,-8342.85705550052
1179,-2917.8968472843226
1180,-1073.6128514963607
1181,-2370.5138443836954
1182,-4462.002825132336
1183,-4910.101858163086
1184,-708.7229986488521
1185,-80000.26341144688
1186,-1282.2222012137665
1187,-7150.12194727856
1188,-14563.659848600757
1189,-5716.5508002793185
1190,-2042.6950824754192
1191,-3054.901561215812
1192,-1441.080470943612
1193,-12541.134962988202
1194,-1105.3568813812399
1195,-9246.453259487227
1196,-1990.7240008023057
1197,-8282.900675311106
1198,-1543.1201820613571
1199,-3757.1081752507584
1200,-49630.50217467455
1201,-3984.526482236587
1202,-2530.649260288894
1203,-1511.02653024633
1204,-1979.8952892576988
1205,-8646.314905071662
1206,-1462.9217831258277
1207,-2689.2952837689168
1208,-106342.36308992289
1209,-1259.5650871345297
1210,-3342.3977536176867
1211,-14367.834934632
1212,-2518.5927714032423
1213,-2013.718182289867
1214,-5971.765019162552
1215,-59043.60989311124
1216,-11064.67497251923
1217,-2661.240696530961
1218,-699.5916290283712
1219,-6931.853529959546
1220,-7080.657600665483
1221,-1457015.6227665006
1222,-3054.482682403977
1223,-6268.093809868373
1224,-1873.3403618157377
1225,-231575.5918904873
1226,-10381.820937574399
1227,-3427.991917229485
1228,-85473.59683732121
1229,-1617.8567543590293
1230,-5810.037341051974
1231,-3131.8524573588484
1232,-4852.483906748241
1233,-5505.754111457155
1234,-2084.8250527306986
1235,-21901.28294163558
1236,-1170.8540364591734
1237,-2248.68714215793
1238,-28707.392564058682
1239,-3108.8244312448983
1240,-3357.5196587919604
1241,-2343.5070880754943
1242,-2409.2249367523777
1243,-3153.2521777913867
1244,-8095.8739007260965
1245,-5208.153811964708
1246,-2608.422738897113
1247,-7273.112029858598
1248,-30912.61776051804
1249,-19898.97836947892
1250,-1418.3063388302453
1251,-1497.3209372402393
1252,-3999.220686086907
1253,-127857.94713147813
1254,-3454.118597065158
1255,-3284.8815510352583
1256,-1509.7261218763895
1257,-11183.455852574272
1258,-5338.780779869216
1259,-19027.113301582533
1260,-3118.5905470920925
1261,-31421.772693114883
1262,-3304.780481180457
1263,-2334.6598775121647
1264,-2274.4438415709205
1265,-5339.658701179393
1266,-22269.238898178715
1267,-1766.4900406207728
1268,-2482.8156914289
1269,-8799.945552461886
1270,-3121.0018713176964
1271,-117601.03447821634
1272,-91720.89885756717
1273,-1508.6969873625476
1274,-44604.35143510392
1275,-9723.714646083368
1276,-34360.68328881987
1277,-12108.480311992966
1278,-6940.6368792932435
1279,-2296.510420235954
1280,-2702.2349528316918
1281,-2786.9968542785705
1282,-1742.9894596279305
1283,-10140.114564606758
1284,-3941.0279346317748
1285,-6145.058481633726
1286,-1535.9134868520391
1287,-35432.102002409236
1288,-77761.98160745153
1289,-4210.577925353268
1290,-9290.52918122946
1291,-4577.163702091697
1292,-12814.551412020575
1293,-6620.392324163021
1294,-1617.035938116958
1295,-19375.21313514669
1296,-26383.439402916767
1297,-10730.141293431809
1298,-2056.585208274981
1299,-4181.394093925587
1300,-3522.537207174493
1301,-7475.4614779052035
1302,-16653.985665311662
1303,-14002.16070185369
1304,-1071.2410260642732
1305,-2618.451108527643
1306,-230784.8592020823
1307,-43139.33064641229
1308,-9518.220065394458
1309,-16249.063970292977
1310,-77064.05436267165
1311,-1891.469899805256
1312,-1863.2449163214
1313,-23673.167770280106
1314,-1095.7550050979685
1315,-6770.475957554734
1316,-10670.770357508452
1317,-17695.97649339982
1318,-4581.907562281861
1319,-2358.3408278429692
1320,-2283.173478199053
1321,-2756.6783675656243
1322,-10149.747120067574
1323,-6295.664982194192
1324,-644.5030225248595
1325,-4809.829010138894
1326,-18428.531550715525
1327,-805.0905352323796
1328,-1550.3499103569477
1329,-17646.296184701867
1330,-2316.284636762894
1331,-4037.0224836063135
1332,-50265.99166935821
1333,-4513.513057150682
1334,-5522.393727015634
1335,-66673.72930478642
1336,-2252.190430550494
1337,-913.4155953485796
1338,-4155.340198513008
1339,-1887.431804888168
1340,-5217.6902748056955
1341,-11138.094033471478
1342,-2294.872690842989
1343,-2455.7345331920565
1344,-2811.539768381469
1345,-2596.4950889309757
1346,-1634.3391439506258
1347,-8290.447865178066
1348,-5658.455256697239
1349,-964.103553231166
1350,-3490.3400060792183
1351,-2633.445284238663
1352,-4356.1887991061785
1353,-5146.014892762977
1354,-14256.97316914621
1355,-4607.492491448042
1356,-53545.54580807909
1357,-2909.95946118775
1358,-1984.6524112191569
1359,-2968.182535327291
1360,-2707.736901173946
1361,-5442.364018614678
1362,-7433.234568432375
1363,-37869.1181569491
1364,-1128.9358791688292
1365,-5269.670145999635
1366,-1386.5458104119425
1367,-1114.7864250038683
1368,-1903.8184453943586
1369,-12373.517703957263
1370,-5495.185833213467
1371,-2157.229813675362
1372,-5624.871289596496
1373,-4918.054172296746
1374,-1911.408640979068
1375,-1281.666385552591
1376,-1665.2124163897672
1377,-14427.20459498935
1378,-7489.84151392184
1379,-6908.378722554759
1380,-3954.937289191101
1381,-47225.86945622863
1382,-1196.8880310329898
1383,-5637.658506312452
1384,-20355.2407998806
1385,-1416.7087298389135
1386,-7600.205706753287
1387,-14646.026181809904
1388,-17320.476446992358
1389,-65167.65820753493
1390,-7702.907454041731
1391,-3129.2018895831293
1392,-12221.638123620374
1393,-5576.968349755263
1394,-1114.4152338465422
1395,-2225.134254778542
1396,-2800.1679588731195
1397,-5484.61642512846
1398,-2648.2324860359586
1399,-36424.589528082746
1400,-9109.461698409808
1401,-1652.3731764458128
1402,-3412.6025660951123
1403,-2222.616530507096
1404,-2420.352571189459
1405,-4500.072677145912
1406,-10714.85430947147
1407,-1905.9770510352826
1408,-1573.9720166829065
1409,-2077.0403690295093
1410,-2294.661783756409
1411,-597.8957946406528
1412,-9400.285725396889
1413,-1622.6722712461776
1414,-823.8711866708563
1415,-7441.693835998388
1416,-102518.53265498065
1417,-7372.799932801731
1418,-3650.3291823402537
1419,-11734.712870154328
1420,-19729.3246410949
1421,-1473.953355978732
1422,-7587.804830751073
1423,-248486.8966830913
1424,-3047.022008243061
1425,-3417.716672508614
1426,-3235.9203660545945
1427,-7329.187666390778
1428,-4380.800003669568
1429,-5513.1451373064865
1430,-851.9191377981379
1431,-2778.4210854716725
1432,-17091.86643427539
1433,-2336.9223901669457
1434,-1711.0970934237678
1435,-5041.792236464035
1436,-26993.788736940634
1437,-5469.53180348832
1438,-3121.8418629482317
1439,-2108.9094209390432
1440,-1180.8791251854168
1441,-4773.34738757556
1442,-7114.65112734015
1443,-7325.951310236466
1444,-4663.576330470783
1445,-16360.077575385212
1446,-1336.5456557016662
1447,-15275.93623278118
1448,-1805.2932261103506
1449,-2816.802892723069
1450,-3589.923986622631
1451,-17423.882041112047
1452,-4126.350184063453
1453,-6332.699137090508
1454,-2980.0075877557
1455,-3194.105931404953
1456,-3647.8330059257505
1457,-27758.985097145036
1458,-1885.0528304086527
1459,-4675.07096724178
1460,-2051.4558834531954
1461,-9115.459444248947
1462,-2211.7236831077025
1463,-8405.321297112585
1464,-143326.02402834222
1465,-2095.6178933441324
1466,-8723.582856101792
1467,-11310.95991587957
1468,-132176.20025258663
1469,-10799.909227826724
1470,-75535.81793952383
1471,-1342.494756675024
1472,-21433.23451949316
1473,-4198.034498582329
1474,-3096.134099991219
1475,-3968.000567755449
1476,-1228.9947226888605
1477,-33025.303134744565
1478,-2301.7319656792115
1479,-23357.001509942973
1480,-3772.185840737251
1481,-2217.285374478948
1482,-15039.850762988002
1483,-2633.279663235437
1484,-4447.867085863146
1485,-11654.042277893555
1486,-286028.9748283155
1487,-1407547.2224786796
1488,-1458.694667214149
1489,-11845.11876882974
1490,-20181.15355214321
1491,-1749.8886165207557
1492,-6038.000824459491
1493,-5474.083960343597
1494,-1725.2905705359397
1495,-1946.5279893548634
1496,-2282.322499990937
1497,-6577.919123246206
1498,-2352.0707426503172
1499,-1798.9009235504707
1500,-5176.3750226999655
1501,-1452.5475904835828
1502,-8774.820639044654
1503,-21688.832560743394
1504,-5009.065524095313
1505,-13724.492561505796
1506,-6038.4361073731825
1507,-2092.3888088364497
1508,-97935.6225519672
1509,-1304.304802068301
1510,-13275.795317784628
1511,-3175.673787934791
1512,-2334.770480749605
1513,-1591.7256026487353
1514,-9304.439230598167
1515,-5949.665312293616
1516,-2438.508377535933
1517,-8419.449639062446
1518,-2171.479551266896
1519,-22238.14764356266
1520,-5805.753420040169
1521,-9267.995810802326
1522,-1206.1532477709509
1523,-12407.962661882582
1524,-24634.79032666165
1525,-4266.44299578239
1526,-2203.4357820497603
1527,-3347.5280750734387
1528,-1570.4030810951856
1529,-6931.657979324416
1530,-7121.885711193319
1531,-1422.352821124866
1532,-11638.415648203127
1533,-1123.817753889519
1534,-2969.088764004838
1535,-2611.212552093711
1536,-2010.8131385549766
1537,-71623.78171089597
1538,-7711.420548579092
1539,-2125.4417320803555
1540,-2529.486553980308
1541,-3173.0868467593764
1542,-24618.04855720805
1543,-2341.052909786644
1544,-6744.011375319241
1545,-3053.437129232222
1546,-3795.3124511485967
1547,-3228.9760266823682
1548,-5372.436816774475
1549,-3492.8016735716105
1550,-1555.4237072140947
1551,-5298.817391257611
1552,-6389.362083558043
1553,-9636.305130761988
1554,-3356.6671883287268
1555,-3685.570568880034
1556,-1364.1261364659676
1557,-1599.2874259892212
1558,-911.5652949070744
1559,-633.3753013438753
1560,-2219.589519373313
1561,-30274.269297778188
1562,-8184.453214270682
1563,-5094.409441867852
1564,-1177.9972498385014
1565,-4933.657832073062
1566,-75096.49991265484
1567,-3771.357379593127
1568,-3322.869353790096
1569,-1591.186734952807
1570,-7767.942100199378
1571,-6952.7994465823695
1572,-6309.606247766656
1573,-2979.742207747393
1574,-1534.392396555331
1575,-1053.0101150780536
1576,-1690.758772799512
1577,-5937.940517020319
1578,-1895.9731508360776
1579,-1182.8861580909554
1580,-3895.6127120653496
1581,-5296.059056965867
1582,-9783.918961978618
1583,-4238.498356807072
1584,-965.2825883814301
1585,-1684.6547833068093
1586,-11302.704695739152
1587,-4913.526691785603
1588,-2423.6200471755724
1589,-15029.972704037405
1590,-35752.456201273766
1591,-99270.60510124564
1592,-1861.2211068115264
1593,-3622.766046078192
1594,-3813.572238476647
1595,-2695.982790942825
1596,-739.3466160249197
1597,-10689.185777969386
1598,-4376.435085520077
1599,-2539.342348843679
1600,-1084.926948617767
1601,-2744.2228127074663
1602,-1484.6721505155097
1603,-27941.94992476359
1604,-1636.7034714761353
1605,-4280.615542841643
1606,-11834.62087059635
1607,-3326.1396338389563
1608,-2744.1574782452967
1609,-1118.3710058952029
1610,-2244.8405840628425
1611,-1902.8350613178388
1612,-6730.349747722032
1613,-3722.717983987205
1614,-4832.108327938224
1615,-1566.1263877297451
1616,-155627.4744736304
1617,-13893.596907696536
1618,-3743.5271195711625
1619,-1092.9757884089554
1620,-12648.173947509193
1621,-1115.510849574532
1622,-3799.1283292565263
1623,-6301.504145524851
1624,-1866.1148017680475
1625,-1682.2384416907732
1626,-2515.775259705009
1627,-3803.225222861368
1628,-5398.833948521255
1629,-946.4965176642469
1630,-3519.8497118550063
1631,-4104.800059365437
1632,-23590.227817586
1633,-4942.3396757226155
1634,-1138.5623875290567
1635,-2829.458714952235
1636,-3169.3780937513548
1637,-5538.247966086739
1638,-7308.438151763212
1639,-6570.36948966513
1640,-5412.574115765701
1641,-61223.95046927707
1642,-2177.286929960162
1643,-6102.660758975432
1644,-17335.56618844708
1645,-2354.371281065721
1646,-1620.9852971422079
1647,-3756.4553865854814
1648,-3949.492961092804
1649,-6417.6215433854495
1650,-4590.973642235882
1651,-7720.420939911385
1652,-1456.035416625135
1653,-1620.6450803203281
1654,-1821.2611332170666
1655,-2613.319931136008
1656,-1274.2521282117455
1657,-8445.619626445474
1658,-7352.207646873231
1659,-2074.097924304893
1660,-8456.234117017071
1661,-4545.68470758783
1662,-6426.7782917927125
1663,-3974.884569430492
1664,-1085.7142284919528
1665,-5260.5793696304045
1666,-7790.713971523643
1667,-2381.041000862829
1668,-4212.292877302166
1669,-7076.870175243304
1670,-3385.066790758114
1671,-2437.040409186153
1672,-14382.864084983103
1673,-3273.3721081994563
1674,-1425035.2984371153
1675,-7107.130131599618
1676,-14409.01522666318
1677,-8579.467301733659
1678,-3178.3991382242134
1679,-2252.7620244127065
1680,-7075.8334353534765
1681,-1412.6829978932997
1682,-31236.48976177916
1683,-1217.9664558953634
1684,-14715.133866430606
1685,-47318.85278974962
1686,-106659.28878774676
1687,-977.5833151922673
1688,-2074.288151639651
1689,-1260.5315385667222
1690,-16142.48454562269
1691,-1668.2399793153932
1692,-3526.439628611549
1693,-7526.724953807714
1694,-1551.3027549841458
1695,-6338.798092740186
1696,-4309.4907308084275
1697,-5366.048510049127
1698,-8850.117437750168
1699,-9322.169661298809
1700,-3592.587935311979
1701,-2293.316855242635
1702,-8178.985137233346
1703,-5982.857686979671
1704,-8333.674031301334
1705,-7416.585714221671
1706,-15471.008885429204
1707,-3526.350977487484
1708,-450.7841417801889
1709,-4330.619248426537
1710,-4467.906174610519
1711,-6948.730430569268
1712,-7471.00551572571
1713,-11898.964182976579
1714,-1225.4829899129304
1715,-1939.6758001248331
1716,-823.722568666415
1717,-5730.011428083564
1718,-11433.516752596379
1719,-428238.7285898788
1720,-17101.623425568658
1721,-4914.705167191468
1722,-2633.1765161523363
1723,-4571.069348735273
1724,-10095.98780740213
1725,-3181.5895963434255
1726,-45074.46145445768
1727,-167821.58648462314
1728,-1636.8370792730987
1729,-4640.0342041153035
1730,-5314.603081170431
1731,-2521.238593950525
1732,-13511.60387260873
1733,-2673.298065430909
1734,-11686.489815571147
1735,-6225.117223758595
1736,-7275.406215927262
1737,-1413.9162870954908
1738,-19776.320118107258
1739,-3861.527336063788
1740,-3237.5084052122234
1741,-19744.84290160625
1742,-1623.2355686914502
1743,-11526.942566031114
1744,-976.2333368407053
1745,-7095.999925295054
1746,-11267.817748562327
1747,-35551.524774868834
1748,-22665.532565410067
1749,-3376.638381939726
1750,-7805.3617966053125
1751,-1247.448893262685
1752,-2427.6510372790804
1753,-1225.6877365307087
1754,-2162.7232518111123
1755,-8072.7482160197205
1756,-34947.61969300516
1757,-22089.55705987251
1758,-4389.378196781343
1759,-4285.6849557346995
1760,-45787.78884776715
1761,-7588.8598801518065
1762,-2904.0078400511356
1763,-7627.442216364755
1764,-1943.787316363737
1765,-2459.084577438918
1766,-6306.245570880092
1767,-4490.0569747781865
1768,-3591.911121119978
1769,-3208.061085011417
1770,-1106.3586671480443
1771,-2500.820188682256
1772,-1900.1973418980888
1773,-23324.21213895496
1774,-4561.326164183779
1775,-7520.6006918328685
1776,-1794.1946793654333
1777,-24053.29582608176
1778,-677.4197090289897
1779,-1125.8350426603292
1780,-2862.3111953930274
1781,-9585.872359665213
1782,-974.5859533500783
1783,-2896.10046859491
1784,-1543.8281644464105
1785,-5178.274710252307
1786,-5354.248901827856
1787,-6740.348514795863
1788,-2407.5948774371163
1789,-1034.6542698848891
1790,-4766.602980349432
1791,-4357.959116973494
1792,-2863.852866355945
1793,-787.9820108467748
1794,-1273.5598843548214
1795,-2180.2231948651547
1796,-16077.555125505307
1797,-8952.066814757567
1798,-199265.32566854573
1799,-3761.082062147183
1800,-7055.6517928394205
1801,-43583.015902588064
1802,-5675.943116538197
1803,-8834.158427156308
1804,-10071.866499893298
1805,-6722.876758648255
1806,-1254.7388329633902
1807,-2725.050474513102
1808,-14258.720848606543
1809,-2635.981470468508
1810,-1408.02922027866
1811,-1188.7543630880682
1812,-15551.415448496362
1813,-2688.752860400668
1814,-10750.131559070942
1815,-1534.487260738037
1816,-4936.435000692323
1817,-18093.710217207456
1818,-1813.8883688373621
1819,-1275.3237844364971
1820,-2869.798903855194
1821,-3189.1685139758392
1822,-412.814383044322
1823,-9592.374019473404
1824,-1985.594755178076
1825,-1968.8365213605007
1826,-1345.319086677642
1827,-586.6867085987641
1828,-4557.704873245179
1829,-13443.520750646456
1830,-8237.576786533684
1831,-18944.96232680431
1832,-2550.705207260652
1833,-2811.842967104032
1834,-720.9649543548481
1835,-17813.146591082943
1836,-1782.4696917700262
1837,-2615.550794968687
1838,-1008.9176129624484
1839,-11946.569694533971
1840,-364844.46112504107
1841,-3444.1138788568883
1842,-1752.5695738926495
1843,-2050.4137526421327
1844,-2652.4842915802733
1845,-2569.311515991128
1846,-8636.972155064137
1847,-8312.103989220719
1848,-11624.266462750678
1849,-8849.613435342992
1850,-17014.548934061444
1851,-3791.452126647555
1852,-3089.797757292825
1853,-5067.259319035852
1854,-2737.1315229488628
1855,-4891.756328786948
1856,-1134.7169594222205
1857,-15937.473027690588
1858,-1787.6241719968893
1859,-2648.0859269592515
1860,-3238.6457830932573
1861,-9662.146913111745
1862,-6794.055072682191
1863,-1358.4466010590186
1864,-42971.02142772386
1865,-8483.789641482686
1866,-4792.0326924331375
1867,-15539.411164531854
1868,-8251.42554437649
1869,-45585.720105335284
1870,-2219.6564782967166
1871,-4917.941945438436
1872,-28134.41432280269
1873,-5496.425121987979
1874,-3656.775303371036
1875,-4068.0874513663593
1876,-774.0312029695195
1877,-30617.065093388686
1878,-8292.185444374243
1879,-2715.8105431251684
1880,-848.073067320164
1881,-43683.35045095466
1882,-1205.806803662562
1883,-2655.290038933231
1884,-2191.1889865210355
1885,-4639.153763307172
1886,-4769.650148579376
1887,-1867.6338406717373
1888,-44375.99969502711
1889,-58191.03596816183
1890,-29658.698726847713
1891,-19235.78247265149
1892,-4721.505020086161
1893,-5009.023796665178
1894,-17059.715956033866
1895,-2803.254181719504
1896,-8468.337277912127
1897,-1166.3243778762485
1898,-1621.744530835777
1899,-6344.249129708777
1900,-1062.465407286792
1901,-2020.798790427084
1902,-2864.744107207113
1903,-78248.56335657052
1904,-864.2110257246968
1905,-11044.278668340652
1906,-2525.672517190795
1907,-3672.086357182729
1908,-537990.3846168178
1909,-686.9129549010466
1910,-5178.961366405521
1911,-235975.2661654968
1912,-10751.914486895985
1913,-22461.179124956227
1914,-5163.494873484984
1915,-7831.563294361322
1916,-3864.539672508442
1917,-18894.579579845107
1918,-7801.210650663537
1919,-1828.0251760026513
1920,-1168.9700360647532
1921,-815.6930687230373
1922,-1195.7054256597396
1923,-7458.064522163382
1924,-6402.42987232498
1925,-1722.5220892077896
1926,-13485.41180179748
1927,-3570.6679915511195
1928,-3790.332040122334
1929,-1858.836536922863
1930,-3971.8993941395092
1931,-2495.384053574101
1932,-4036.343961850248
1933,-5403.416376634174
1934,-7020.071542626167
1935,-1353.445274250331
1936,-4550.403469494982
1937,-1169.932685347516
1938,-146017.75223729163
1939,-1494.4250464576728
1940,-4577.8950565283585
1941,-5171.360165829897
1942,-4147.1292256064935
1943,-3208.404977983985
1944,-1007.5791833803121
1945,-15279.221333299274
1946,-60395.432296998886
1947,-14923.259266967749
1948,-18940.758252734642
1949,-4527.252377719902
1950,-1647.8017775703088
1951,-3235.6749775456506
1952,-2397.5855360312007
1953,-2341.638532872304
1954,-5424.7019711478915
1955,-8722.41172522142
1956,-2572.190595799065
1957,-1061.3850035206597
1958,-2560.3027610749505
1959,-10855.779314273246
1960,-1642.9210303892044
1961,-5371.586834074486
1962,-2982.6922972093125
1963,-22215.105373475137
1964,-9214.991396694337
1965,-947.5692781347348
1966,-3531.6763109653625
1967,-856.3431196076326
1968,-578.7485878096204
1969,-1474.9655764670795
1970,-10720.436982063493
1971,-5576.3566506421885
1972,-7653.414932717113
1973,-41668.397529552254
1974,-8119.730989784427
1975,-4758.3558258083285
1976,-519678.2960111653
1977,-1871.0698810560925
1978,-1458.1039913756906
1979,-2908.4371934155915
1980,-50522.92948578436
1981,-4314.380048864737
1982,-16835.929698684722
1983,-5723.5498749074195
1984,-6372.130034842086
1985,-3083.0771857968707
1986,-868.5660023960663
1987,-2080.342704907804
1988,-7691.5163383548315
1989,-4621.945492431306
1990,-1716.0222245764292
1991,-16530.18559858185
1992,-6781.491456833503
1993,-3465.098360505002
1994,-399668.22764065664
1995,-9103.866025041823
1996,-8882.50726380175
1997,-1837.3870750294282
1998,-412002.1844772445
1999,-20893.630704572606
