,value_per_image
0,-9202.796417798536
1,-9989.150276202134
2,-7509.400048660741
3,-11933.014374158483
4,-4576.220425527884
5,-1677.0372571749465
6,-1181.9942379889646
7,-2264.3213258586525
8,-1618.51683260816
9,-6457.409071132913
10,-1160.5855984762331
11,-877.5307249279501
12,-367.48371358967177
13,-29006.122851233038
14,-17257.625264503407
15,-2683.5681196178493
16,-10341.46940541523
17,-6805.323087215029
18,-799.0610471655882
19,-2742.8046490498677
20,-3419.4492764551514
21,-1347.092293870346
22,-5519.7171086444105
23,-3086.936764721108
24,-3402.229739834874
25,-1393.1591244980393
26,-2182.4042866171867
27,-5366.971980499546
28,-1254.885998133903
29,-2035.9061062947376
30,-84281.96717708878
31,-2303.905489233117
32,-879.8265112037465
33,-2610.728763015412
34,-997.365638813002
35,-1359.1360737545149
36,-2723.216176491297
37,-569.5573118090488
38,-3318.5045450322887
39,-32247.497736901103
40,-388.7815858434882
41,-4571.576085912859
42,-1784.9889000137046
43,-920.2335951895233
44,-6745.24894103679
45,-291.6521883458942
46,-2162.9545778440174
47,-21943.285373292583
48,-11133.39468009965
49,-2154.2155826106286
50,-720.6745708429913
51,-2001.6238413342214
52,-5210.246717826064
53,-741.4679703651559
54,-5101.778973648074
55,-1473.17626135077
56,-2893.7574661263757
57,-1648.5745295657632
58,-1265.5274120939864
59,-4522.991511814723
60,-8108.244824999641
61,-1536.7854366528861
62,-2219.7877797969786
63,-2741.705968003017
64,-977.621788399597
65,-87399.50743601719
66,-1707.5570808593618
67,-8690.383141207978
68,-4021.224814984707
69,-1130.590354822455
70,-1623.893539142091
71,-1913.1581853278185
72,-1404.5527743461475
73,-1415.9992950614303
74,-732.0644437240564
75,-66223.74824607412
76,-1515.715618592591
77,-2571.907224127796
78,-4828.641529464901
79,-3456.321860420507
80,-986.699955578589
81,-5312.847283558888
82,-2409.014764519321
83,-1736.2544207629305
84,-5224.1455131543735
85,-3305.1209087088273
86,-568.3475067180543
87,-4027.732889730392
88,-2831.9284779107506
89,-4107.2451788452145
90,-30250.333118125425
91,-9309.001679238356
92,-1722.8863329791586
93,-1606.1087583588426
94,-36075.51225926278
95,-10984.632257549392
96,-1163.7497663433064
97,-1650.3816197173846
98,-4067.701386203375
99,-17465.46732103262
100,-59720.48562101256
101,-693.6568866620551
102,-14057.914446065908
103,-833.9555588599247
104,-2871.6502531037995
105,-2991.229298302113
106,-397.9293148263054
107,-459.1655030077971
108,-2540.5728872952645
109,-98964.29808806386
110,-1091.1625447723634
111,-2105.95160950215
112,-1865.538636675076
113,-54801.456640888515
114,-2896.1803436646833
115,-1175.3766817155913
116,-2291.9228062585626
117,-2138.6140972379467
118,-1706.2384566049686
119,-1055.0695418539444
120,-730.2296138870928
121,-4071.9329254217455
122,-2018.1890550969215
123,-2619.5045690621882
124,-2405.618333820409
125,-722.151995771289
126,-6476.460447964217
127,-1523.3882271551745
128,-2966.1708332720814
129,-5308.019034062562
130,-1483.6683333278604
131,-1986.3174060193369
132,-2284.8922506632794
133,-2957.8106542133587
134,-741.8932715739934
135,-16226.041945773628
136,-4843.102182925437
137,-873.1567449330583
138,-2189.557593654401
139,-734.7408823142428
140,-456.6337896733522
141,-18550.951386775207
142,-537.6656948218704
143,-3665.157392742663
144,-2415.2912225787118
145,-8873.647650179477
146,-468.35606196119795
147,-1225.133216623157
148,-2302.589570881031
149,-1511.7689430547275
150,-1950.6976681982812
151,-2183.9407953287096
152,-162.05248233412726
153,-2449.5206673311604
154,-1285.7158158403486
155,-62466.05545936815
156,-830.9146377168205
157,-513.0389698092155
158,-2100.169920577829
159,-3729.6916889093227
160,-2093.1301217755718
161,-1000.2906516092971
162,-1991.5571529064728
163,-35135.60340937686
164,-15906.950152446358
165,-854.2906953581559
166,-6281.0868397093955
167,-1280.5123673252874
168,-976.7792876010013
169,-7586.417667963116
170,-2393.5064722619404
171,-4816.5786798279305
172,-1069.815161571696
173,-2539.798563779029
174,-2413.3709991800492
175,-1750.6056710986074
176,-1167.1061030817127
177,-1291.2903558383784
178,-2034.9921512537314
179,-3523.057108224068
180,-3110.0506707905347
181,-6798.029368401858
182,-533.6351398224167
183,-856.2351934464593
184,-1751.5319089555396
185,-1211.9384015850835
186,-5786.189081880601
187,-2124.6079394182125
188,-8185.543342665009
189,-1622.6122658807242
190,-442.51454375724813
191,-33365.127056343
192,-802.1731233082097
193,-1513.637101868527
194,-3152.604390812819
195,-2019.1772999332986
196,-3143.701037737157
197,-1196.3142157481054
198,-2424.116446313118
199,-2331.049105714025
200,-5062.34295987663
201,-897.8963669236169
202,-7580.480397665793
203,-1764.9940076034063
204,-2453.143735125625
205,-15314.907549959937
206,-4826.475505216956
207,-5481.329292308594
208,-7155.5480492925435
209,-1001.5017958189728
210,-4240.115054398968
211,-875.0690150511446
212,-3039.3625455088286
213,-1184.0560428475321
214,-3759.074311682959
215,-26921.25975994555
216,-787.9454356409117
217,-2789.6336789810325
218,-14352.549664613303
219,-485.1182644080529
220,-890.0888047857657
221,-3220.033235082224
222,-88764.75979816748
223,-430685.05111014546
224,-551.5604398625181
225,-2944.0287424191633
226,-2070.847100101796
227,-18548.73202185465
228,-6387.076430901767
229,-1867.675016144713
230,-1259.0848836922141
231,-12180.246021472925
232,-1065.8195703529966
233,-4975.872915928444
234,-2916.3335150518287
235,-381.4272801859631
236,-4711.621883063356
237,-6956.241686688441
238,-5848.933407502657
239,-1081.9068262789451
240,-9947.796842952801
241,-3913.918421806536
242,-601.2372052701477
243,-12181.881332032352
244,-1055.2440534402838
245,-1635.8684514378424
246,-704.698736827616
247,-8812.752211028115
248,-8735.670228222813
249,-3760.9301655129857
250,-85316.22217860485
251,-917.1664662620652
252,-3350.7848196571576
253,-4267.463821092706
254,-2299.3241956655474
255,-3918.2062484191993
256,-447.49437122099687
257,-13667.273853251905
258,-1995.721958162563
259,-1343.185863394424
260,-1020.198467547234
261,-1017.5670619283367
262,-32838.31316455844
263,-18450.59537359259
264,-4639.082801258442
265,-1559.2666431662885
266,-910.5732238440787
267,-3041.6714392656413
268,-667.3880457268704
269,-1675.341631146254
270,-5342.98451140626
271,-6105.839663113463
272,-4467.770062351312
273,-687.0042681381029
274,-1457.8633014834384
275,-1280.5918600336445
276,-381.5377467273778
277,-510.70350807051386
278,-2837.4334890450873
279,-1548.3692867895465
280,-8347.356942895092
281,-2110.394279696848
282,-72804.4307031438
283,-1538.9853891667874
284,-2481.6565551185085
285,-1726.8489317630322
286,-1020.768415532332
287,-7148.953094787493
288,-3485.2969978185142
289,-1283.5374888075999
290,-2035.6253887895386
291,-5625.603651236863
292,-7857.122992820825
293,-1341.7243936585985
294,-583.9131525549177
295,-871.5722989943574
296,-2321.410492963132
297,-487.80989496793546
298,-3104.706636781014
299,-1470.9151068524816
300,-1057.475067746776
301,-3573.8474961488537
302,-1855.269948627133
303,-3686.7165093792255
304,-230.48411941771323
305,-9835.230978871641
306,-633.0320450960418
307,-11836.01727414053
308,-224.6226027882979
309,-2331.2320909802925
310,-822.9425727149602
311,-327.8888490135647
312,-3418.6748833117877
313,-617.5431580712318
314,-4451.259308098542
315,-996.29246135011
316,-2244.053308631529
317,-1189.812250735658
318,-1987.5535482969642
319,-2078.455100298251
320,-1308.300206005894
321,-2898.263251358021
322,-7304.104424439462
323,-1353.2463892430442
324,-571.8863231686507
325,-574.120243242226
326,-3944.0723891967427
327,-4415.7368423312455
328,-3068.818076090355
329,-4448.837985186684
330,-26122.467735016402
331,-1617.618028183194
332,-46977.66403953267
333,-2753.5546663143773
334,-1288.1322927520227
335,-750.799123379138
336,-19215.265664167408
337,-870.1528928471123
338,-3621.3065335479205
339,-937.7096042159856
340,-2876.113362970601
341,-10397.588200254606
342,-252.166753859633
343,-2704.562350878529
344,-1496.0447890907092
345,-4208.696998297998
346,-6251.341564508673
347,-1293.4479532804182
348,-29203.564739236466
349,-4920.765049202141
350,-5485.557254281402
351,-6290.579846094052
352,-393.3138175396949
353,-177.0045908862304
354,-2362.8675809812485
355,-12150.405071503665
356,-4306.959287966758
357,-22145.96145726522
358,-1843.1288660794266
359,-572.6185353428149
360,-11912.404896457649
361,-4695.790311501396
362,-2603.142109840443
363,-1080.653605816663
364,-669.5442717593161
365,-1935.2607642287808
366,-15511.152012610613
367,-24425.724372168224
368,-885.9486251472348
369,-2050.5802852989073
370,-2160.5584582568767
371,-880.6897363190492
372,-1751.2681728104733
373,-3506.581936174591
374,-2359.476840107447
375,-38702.92130648306
376,-443.2208902753697
377,-836.9416083700016
378,-3391.4696596954054
379,-5041.838027151388
380,-2492.3955233131105
381,-619.1978186997153
382,-3539.6591678115033
383,-174033.79818547386
384,-1252.4539832789305
385,-29350.881389474896
386,-36617.48900502542
387,-5231.7818074309525
388,-1116.1261196263183
389,-2071.466813692458
390,-3859.7408266502057
391,-2701.4993958095074
392,-1538.1154156841144
393,-8373.636000786479
394,-1633.2352316857418
395,-3020.987005756505
396,-2336.654796715049
397,-2403.3158909504423
398,-2098.128567807333
399,-3499.989613990953
400,-824.6341673308833
401,-1112.1710084797003
402,-1681.3323384682935
403,-1992.334736774152
404,-1184.2891270662365
405,-1804.516827687548
406,-1008.3598215873384
407,-1803.5669695130011
408,-637.4530817910577
409,-1178.9989867641555
410,-15406.144092060913
411,-1357.8918264544045
412,-1120.4906402202216
413,-737.2897742547417
414,-269.1091507029434
415,-644.9642138730247
416,-909.2096845604983
417,-315.6438448712408
418,-2495.2689413333637
419,-1221.3724945201864
420,-5143.744696328427
421,-4185.940289976974
422,-1727.6081702564318
423,-2404.4104496592417
424,-1633.7918652274502
425,-1882.8741804842466
426,-2965.548166455185
427,-1039.0355982875114
428,-453.05826310643977
429,-1617.5055973654576
430,-4950.432854122863
431,-3289.612053228147
432,-886.536361446781
433,-3576.6334045891467
434,-3139.0494852223906
435,-4645.480380710602
436,-681.4872316522833
437,-2732.5339416445504
438,-794.6342042173251
439,-1242.8611070521933
440,-545.4235001661078
441,-1657.404164178654
442,-1154.4788422792074
443,-546.6909764604193
444,-728.3433174792348
445,-3570.775032395501
446,-8040.505614469941
447,-1715.361740178818
448,-2844.8457311148804
449,-37979.62079181081
450,-17229.993213904705
451,-8729.986107299685
452,-1365.2823499307765
453,-964.4506358910887
454,-12621.206098634146
455,-15208.269165047952
456,-11193.3149943497
457,-3309.363118807454
458,-1014.5618212667397
459,-821.5679286198488
460,-3275.9266200759057
461,-1183.365709330106
462,-3926.7596772771285
463,-2416.610779959813
464,-674.995773998667
465,-478.93457387447717
466,-8846.311549232456
467,-1653.4194890184851
468,-157275.70082885755
469,-1574.5021854164374
470,-850.45614804948
471,-3295.261986809373
472,-1743.1979558833154
473,-562.2039144082139
474,-167.4572193367146
475,-1915.5777076598722
476,-3076.4747316327703
477,-570.8919824564987
478,-1366.4354584966295
479,-425.9737137406208
480,-371.85912554031637
481,-580.4562001216598
482,-125032.92082507927
483,-5373.68891471812
484,-587.1793115178325
485,-1667.0083761267208
486,-559.645889624961
487,-897.81108928271
488,-3300.839734084976
489,-8115.05897334228
490,-2838.5206222158317
491,-20662.12935293794
492,-1944.337884414007
493,-3688.963160151663
494,-5114.310890613682
495,-1051.6971998566548
496,-626.5283535289061
497,-2152.176422890206
498,-594.3205131357954
499,-15768.145356624516
500,-1123.3763592820126
501,-2093.3848299679307
502,-8152.141086255803
503,-447.7043692474058
504,-4171.558625362921
505,-6131.240113605907
506,-3283.602893715785
507,-2656.131932388401
508,-15218.280370011558
509,-1048.3725779396727
510,-1737.1132353111263
511,-3354.108436636968
512,-489.020442846782
513,-22322.81822438417
514,-95010.21737346864
515,-6391.3920093462075
516,-2987.4731201335744
517,-5597.854488094219
518,-5945.621723026389
519,-1905.1087528342166
520,-914.162227062518
521,-2393.720949480054
522,-410.87978060461853
523,-3115.731909832164
524,-2113.0631606523034
525,-4813.541392519884
526,-12095.315592347288
527,-6677.7908480467
528,-13201.282567357212
529,-371.61845202955834
530,-3166.0764477012635
531,-1779.4841213282646
532,-4905.76278850455
533,-4869.75688250713
534,-5654.248695057418
535,-41114.52220439703
536,-2546.435109578422
537,-1088.9504916948856
538,-2040.3874300808584
539,-8089.4418759410255
540,-2562.755122352613
541,-3044.672791745605
542,-1301.0790932553032
543,-927.7803573752541
544,-16138.145453199035
545,-10328.03629593328
546,-3070.2878159312486
547,-50631.48749968992
548,-371.462004405661
549,-2180.1697152133206
550,-6289.01770182322
551,-3966.421808906073
552,-681.3640613871025
553,-10128.804344109509
554,-3106.617923633043
555,-2065.029745837878
556,-1527.612132857825
557,-1695.4441781190772
558,-547.6017094207076
559,-41763.245317724446
560,-907.074887554367
561,-3581.065990805968
562,-211685.2657039462
563,-2126.8217823835407
564,-913.3327074730504
565,-2489.662740246636
566,-1367.2646423780595
567,-16792.309530595863
568,-2254.023779831581
569,-814.5581154706233
570,-2059.5363126834377
571,-2959.004393777936
572,-1826.836092404028
573,-7875.840325613535
574,-503.95291964440366
575,-1210.0889728272075
576,-1449.600704423375
577,-1013.6154639179792
578,-2153.573805937591
579,-564.1855261897185
580,-1462.800845440888
581,-1214.2618214782242
582,-3247.4021899500385
583,-49999.998548819196
584,-1176.2038220039149
585,-1994.8973451275979
586,-3255.483261612926
587,-3830.9925105881925
588,-4459.280190486864
589,-14014.599797660445
590,-1119.6098860092031
591,-3721.400542887267
592,-12182.239088479098
593,-1039.1718351722952
594,-542.6482304640061
595,-3023.370394263471
596,-701.8405517147054
597,-716.4994225852196
598,-1327.8523348773138
599,-879.5762828466177
600,-4967.252705764002
601,-5151.719357798644
602,-4905.237636941557
603,-1742.1975039312815
604,-736.2577103240269
605,-2790.5303841473888
606,-19662.625086437507
607,-6615.361544200885
608,-8371.523947825568
609,-3548.9233065078065
610,-695.6816202426073
611,-18995.34436603889
612,-16473.62271946748
613,-4985.482979143029
614,-25819.597329570955
615,-3435.542458318717
616,-7635.532995533951
617,-5910.130758225105
618,-650.7515659925033
619,-6511.5015390093595
620,-864.0288760204347
621,-2180.7271387233773
622,-8604.965971554158
623,-4272.302851001676
624,-1253.3028299048535
625,-454.0643244130737
626,-4168.206208990226
627,-2231.282451918065
628,-5134.05540832382
629,-30428.908379743614
630,-304.61762420864886
631,-2591.8976478096192
632,-321.00653170829463
633,-2048.0676230185504
634,-2220.9927752665744
635,-1470.7584866814182
636,-1211.6426498863248
637,-1083.1948245601816
638,-1590.3988753502767
639,-778.7437058761318
640,-2350.2843450493187
641,-26005.092754725552
642,-1665.4265384342266
643,-2162.660513161756
644,-3781.055800389791
645,-1512.448529575125
646,-1291.3092692760758
647,-3633.794792813906
648,-743.6415283498163
649,-1052.3619685728745
650,-4661.144707446671
651,-3240.4041815820174
652,-1347.5304543105665
653,-312.7510616976725
654,-1544.0280256081885
655,-1459.202660376931
656,-3290.3214145612983
657,-3595.752340559466
658,-1124.7128948852337
659,-7272.594247360063
660,-3153.7303048891117
661,-8723.640360997628
662,-2321.936294064281
663,-1296.6000633970061
664,-2104.4075755469767
665,-1858.4857577746536
666,-426.29123472140884
667,-3061.218895528836
668,-7021.786828684044
669,-5554.055924775509
670,-8152.462985417727
671,-1129.0426561842305
672,-9012.773374277105
673,-3170.7511783305763
674,-1168.4839014446954
675,-2534.993647021589
676,-1377.3383229135568
677,-3087.164043081565
678,-26084.120682670626
679,-966.1364023400856
680,-1221.5081982393415
681,-5804.029387649462
682,-3718.3959561325382
683,-2792.626831378725
684,-5061.094005825179
685,-2297.256613285141
686,-2562.419899464644
687,-2505.8452457987096
688,-1108.5715742190084
689,-1034.8863279834113
690,-7675.856844608348
691,-1030.8216141988091
692,-4209.23858601838
693,-11836.13282888167
694,-1950.9702173837095
695,-3313.853474838631
696,-5489.50377772325
697,-1194.2898072091593
698,-924.2147500480992
699,-867.4184926634352
700,-1136.736080648159
701,-11318.498778388348
702,-592.6207231878777
703,-1828.3744694273569
704,-1677.1442265940427
705,-9392.010116474223
706,-595.1173795797521
707,-9871.964328125308
708,-873.0275528043076
709,-2199.5030545420723
710,-2372.41345238239
711,-873.580781897915
712,-4554.47119933985
713,-255226.737854117
714,-761.9623413038878
715,-1580.5413336666404
716,-853.0820916713483
717,-1302.715517536461
718,-5889.96765509068
719,-1694.8171504431075
720,-502.61988330729173
721,-947.058025052572
722,-2788.875250165605
723,-3774.995590411366
724,-780.2349180835513
725,-739.1993131498327
726,-7049.105295790279
727,-4892.855100719619
728,-2158.4367320957167
729,-350.60730745004486
730,-2095.8062925963213
731,-3495.5593168165055
732,-7414.759772995622
733,-904.0913711814884
734,-427.1387031875403
735,-566.457334814199
736,-2547.087087690408
737,-1316.6091282440448
738,-3940.803269422319
739,-2218.8034372797038
740,-345.760580149888
741,-2291.639830031881
742,-1683.4708116093766
743,-126563.82869618277
744,-6306.262633728097
745,-519.7713294739461
746,-1223.2156573637164
747,-3397.467578473432
748,-3811.3417220303804
749,-461.92151848319605
750,-668.9934101771021
751,-1359.0898592151545
752,-607.7375251467033
753,-2715.4358543945787
754,-8942.28000794787
755,-1413.109811752536
756,-18647.9813796109
757,-983.3096969206108
758,-1278.181466564794
759,-4742.418784333235
760,-2150.7053062451278
761,-1606.911761242572
762,-4316.297375711381
763,-1685.7748524697477
764,-1285.9023159196354
765,-36024.12066029169
766,-900.3141064911678
767,-3017.9128973502075
768,-12029.206021745451
769,-558.0253174711571
770,-1265.7294327965653
771,-1587.9750276208695
772,-3248.090415487763
773,-6890.164928423632
774,-3278.9137120451333
775,-1287.320555756845
776,-2084.298546060535
777,-787.7759156655777
778,-1925.003393940349
779,-1024.8903329566754
780,-370.2305700694756
781,-3615.9034840065706
782,-846.8380101101868
783,-11896.17384404268
784,-1176.205824698136
785,-1432.8579402338587
786,-1304.6740711263087
787,-2592.6133429163106
788,-5406.696022228192
789,-577.9831174901083
790,-6041.990106929535
791,-3366.0178474211048
792,-914.8675128878384
793,-1714.767675667394
794,-21663.42840320223
795,-792.9497348813247
796,-4865.763038924473
797,-836.2221925727315
798,-1450.5614134483942
799,-137712.31477897128
800,-4293.239918274057
801,-1901.6504122946546
802,-2001.8154240613726
803,-2400.8799571981754
804,-11350.46978414709
805,-7630.2600022887655
806,-17169.87596175056
807,-1162.3609748982642
808,-3054.4134835784953
809,-1200.0327473751834
810,-32159.61538463424
811,-14303.88765938604
812,-1300.4872022988372
813,-10637.38837670984
814,-589.7480884896494
815,-568.0862072241389
816,-4817.375404043488
817,-4480.045811743309
818,-5244.08102685396
819,-11474.814170440268
820,-4366.947371302376
821,-3415.031003200177
822,-1142.349740168245
823,-481.49199968698866
824,-413.1760926616871
825,-1172.5315516250498
826,-1878.726747869976
827,-3336.9565083592047
828,-1352.9949443675532
829,-1329.0498517258545
830,-2185.052705291741
831,-2219.9147772286706
832,-610.8804284624597
833,-7627.245800296026
834,-1124.7841264687365
835,-4980.092288577042
836,-8513.652195956116
837,-1141.9294131098852
838,-4244.0005542730405
839,-1896.7960221013846
840,-1961.6440125888737
841,-5284.094383207253
842,-1642.5876805959022
843,-2360.0062104169324
844,-881.3112204301649
845,-2822.119847748449
846,-9014.60094220648
847,-1227.0325435499824
848,-698.9054985037704
849,-806.9181109675009
850,-14715.452941278372
851,-785.8754772283613
852,-4721.71039720858
853,-579.6125498493658
854,-9744.598742019149
855,-2883.7283073597114
856,-269.17557968548687
857,-1913.9885841040334
858,-5077.09058504928
859,-3019.888294642171
860,-5438.60724590979
861,-3234.2237954232396
862,-1849.2360263096966
863,-6375.221593549181
864,-5276.073529575829
865,-2200.238541637795
866,-4446.82350253908
867,-455.2622678349794
868,-889.0354809292978
869,-2812.474071567585
870,-1089.1256163492314
871,-343.4329941033931
872,-4321.728681395721
873,-6826.384252438008
874,-501.562612994625
875,-1023.5025355800203
876,-3502.464518138919
877,-41970.04838214941
878,-13612.928037656056
879,-1348.7106503941454
880,-10464.969157760328
881,-3057.371703545125
882,-1107.0834069504176
883,-3020.813319614571
884,-8292.90104271841
885,-6138.256446369885
886,-1110.1564160240448
887,-5465.296408458194
888,-1986.4936036749616
889,-2853.6615235134263
890,-1588.7205990588236
891,-440407.5659467813
892,-7842.2271392503735
893,-8234.410908720869
894,-7846.2201338005325
895,-1179.053661542683
896,-473.95597291786237
897,-3109.8864464229437
898,-858.7025870091458
899,-4448.726934240088
900,-2210.80952249632
901,-2365.930175997073
902,-3211.6302876265972
903,-5101.825490725243
904,-1333.1649634911448
905,-4337.2344952290305
906,-44321.601559746014
907,-1598.6738930747465
908,-717.9317898507413
909,-1692.1953001675415
910,-1189.9319990762738
911,-6306.12133246776
912,-659.2768725827035
913,-2837.0021687192047
914,-1402.5715560007434
915,-1470.5436545188793
916,-901.2619140663071
917,-234.1602322657079
918,-1179.664453496647
919,-18965.180211791932
920,-3242.496484998269
921,-1439.802051286486
922,-1494.4694856787085
923,-1856.1156219242184
924,-1070.8277242452232
925,-2587.581846727449
926,-2561.052536345821
927,-1637.6735925906873
928,-2990.8668909046605
929,-693.183347521419
930,-4623.537489517406
931,-820.3079187539627
932,-2480.3343822224665
933,-1975.5593684157986
934,-538.9914557064094
935,-2507.910999883591
936,-2757.5658240889347
937,-893.0881908579191
938,-21332.49974281599
939,-1605.957986073952
940,-202.05704521838172
941,-6034.062143903479
942,-9404.91810959012
943,-2470.784610062854
944,-2131.563687929993
945,-2765.407991079851
946,-1475.2184989309117
947,-581.4813471266245
948,-1038.5904991083428
949,-847.817612946987
950,-2270.6770423294142
951,-1518.7797819612408
952,-8079.682954187329
953,-1894.1599359611225
954,-1411.8030512705986
955,-785.5387934896879
956,-1448.5534680150204
957,-1686.8610134751416
958,-1131.328848729619
959,-12626.578156829986
960,-385.59850964987146
961,-3777.4291199390386
962,-2516.296786012245
963,-16978.476286225592
964,-531.8720511324568
965,-8730.62321666838
966,-645.7471840765105
967,-3412.3317792332705
968,-3384.1967163457243
969,-2194.0670741097542
970,-1199.9360480635146
971,-10821.44038875611
972,-554.3087131571722
973,-4057.616779796133
974,-2646.3840360624185
975,-1989.9573720650546
976,-787.0112957300105
977,-8890.90739328894
978,-343.6340859130395
979,-749.571427052901
980,-5849.547364767926
981,-51986.070396162286
982,-687.9691617082767
983,-2245.610450374475
984,-930.7667922473777
985,-114455.41566832221
986,-2243.39995950357
987,-3794.963059364584
988,-2224.300137603765
989,-2202.847217196048
990,-3405.7279804901145
991,-2646.5599558741424
992,-912.9094327981433
993,-341.5238083110537
994,-1357.314111130598
995,-1685.1013554970211
996,-702.5320693847751
997,-2890.674508712668
998,-12699.015483207782
999,-1222.1342019989704
1000,-1265.286013439013
1001,-1923.671256962074
1002,-5105.145111288319
1003,-1083.4556542892149
1004,-2649.16139870204
1005,-866.126773156332
1006,-33075.973636585964
1007,-14754.416219246908
1008,-2973.835593542488
1009,-6008.201992241832
1010,-1050.8874819781454
1011,-4775.7487783660135
1012,-1509.587467231433
1013,-2882.7692999984947
1014,-8835.497124118496
1015,-2292.7232667338994
1016,-1233.0901181520608
1017,-1117.9318093483755
1018,-924.8830337639129
1019,-2969.863185569673
1020,-1288.011391110546
1021,-1928.0840829602332
1022,-11198.305491464816
1023,-3896.886605638335
1024,-2352.9655560862197
1025,-2143.940694481005
1026,-2200.445880981392
1027,-966.1925279217113
1028,-824.0319418368501
1029,-64399.751714640486
1030,-626.2166192000396
1031,-2077.349528526614
1032,-892.9719824447711
1033,-1646.7712830695734
1034,-798.6676228995973
1035,-10261.737833947256
1036,-6590.228279811239
1037,-3040.7276911083227
1038,-2386.579869473544
1039,-758.7596827189085
1040,-20487.679204160544
1041,-371.4250609636584
1042,-3690.5126716128807
1043,-6497.933231635086
1044,-553.2448918326205
1045,-4382.152025878881
1046,-1124.2296965913526
1047,-573.1683865618389
1048,-7502.207073811615
1049,-3529.4729641455733
1050,-1041.7451008992787
1051,-380.8452820188359
1052,-20080.11556895936
1053,-8364.961780865995
1054,-2148.013734097836
1055,-16332.371904339656
1056,-3975.527597272298
1057,-1895.1156163295595
1058,-544.1280669927263
1059,-1238.3512313815013
1060,-2614.078250222149
1061,-7312.103133254251
1062,-428.55095671725195
1063,-5806.570939788801
1064,-29347.858812605864
1065,-2451.8181881410474
1066,-11417.151445031726
1067,-1365.587683428217
1068,-723.2838689854087
1069,-2489.614511958449
1070,-7909.135941756329
1071,-617.2411639873469
1072,-1847.5845912682728
1073,-4676.4248425758415
1074,-3956.3624550787654
1075,-966.6120905266513
1076,-9704.139445246255
1077,-984.0743243482266
1078,-13468.371703702951
1079,-1329.5740491512054
1080,-1377.2297865856306
1081,-297.59132110537496
1082,-1983.2581479655014
1083,-527.7842797732434
1084,-802.62205736371
1085,-2449.6284182104964
1086,-1333.9314113113865
1087,-1082.3425316591242
1088,-1602.485927364279
1089,-40115.12330916108
1090,-968.5951199950786
1091,-5103.401618446318
1092,-914.3617205101336
1093,-2308.1007777043
1094,-516159.30381482776
1095,-4655.098399731669
1096,-4410.61708913012
1097,-379.77193748094635
1098,-3451.1571121073407
1099,-49752.6294369042
1100,-28161.70985973475
1101,-28216.43320011245
1102,-3668.344619109599
1103,-20111.10536528437
1104,-909.450432397764
1105,-993.301628509539
1106,-1403.1595778573774
1107,-3324.0781083228844
1108,-527.9594954985636
1109,-803.1945744411557
1110,-5604.698324917164
1111,-1688.4393213947526
1112,-1536.6127268659986
1113,-780.7641443752573
1114,-1777.993296509319
1115,-2141.9129130380147
1116,-7424.570560806828
1117,-1341.6024341369266
1118,-776.0009356842512
1119,-697.2040282708027
1120,-3681.008503592461
1121,-3890.835381793031
1122,-733.833425275456
1123,-1316.963590269184
1124,-7619.606810168521
1125,-2173.8192124322986
1126,-1396.1330317271475
1127,-3662.164538634909
1128,-11993.695071803248
1129,-865.1110612443913
1130,-6212.225537164586
1131,-8326.355356422868
1132,-1235.7620501866868
1133,-6972.487703510414
1134,-535.1736593970248
1135,-407.0261487225125
1136,-19177.770919877552
1137,-1437.5179840887122
1138,-4546.562852721628
1139,-14736.780105466849
1140,-1933.5336453463945
1141,-723.6215129054157
1142,-1844.467868360726
1143,-969.3353149200752
1144,-2574.85193221723
1145,-6764.629106718943
1146,-3382.343819556287
1147,-3251.6316560690843
1148,-965.3841019879544
1149,-79362.07198528669
1150,-5725.63331779591
1151,-2295.4986462879583
1152,-19384.632656305275
1153,-731.1662086682429
1154,-55959.79854917174
1155,-3088.6292376179754
1156,-921.3500948484067
1157,-1811.9302224018836
1158,-9240.259071990944
1159,-15580.10538595922
1160,-48004.071372408805
1161,-261.2836164672974
1162,-2819.880503788347
1163,-11474.081974884126
1164,-3464.89270344242
1165,-7510.029783589894
1166,-784.7101029277572
1167,-2098.980170398928
1168,-603.5008788615987
1169,-1260.3131652441784
1170,-4412.1939882426495
1171,-6465.389431455246
1172,-2543.242606965789
1173,-14110.332730893935
1174,-3329.5765666455077
1175,-1721.8981270620247
1176,-6438.4696058506115
1177,-1032.227989945562
1178,-5941.1171017087245
1179,-1146.283451084896
1180,-532.0865869386805
1181,-1726.1021354988684
1182,-2529.5636480216244
1183,-1976.1971051556989
1184,-339.41934435989305
1185,-62830.60170037943
1186,-667.0343143087273
1187,-2770.582862426
1188,-11240.820499638188
1189,-4560.776112688337
1190,-1014.0044467119252
1191,-2213.7465683219198
1192,-1061.152334079709
1193,-5096.496776858481
1194,-627.5440042357789
1195,-2461.1205300689653
1196,-1170.2778008021405
1197,-4470.484982302053
1198,-1227.2049500842454
1199,-941.958153474238
1200,-31213.99951964647
1201,-2027.4501295951175
1202,-1711.4510831210364
1203,-748.3677943653465
1204,-1400.1236485599427
1205,-5482.151752593921
1206,-852.6881117519321
1207,-1614.2618333287287
1208,-77496.82859296315
1209,-825.0967985340891
1210,-1361.058408925643
1211,-7611.087363538339
1212,-1500.8840963258635
1213,-606.583788899784
1214,-4058.236689845098
1215,-32597.11290028165
1216,-4164.532978567095
1217,-917.329255723162
1218,-347.9928779453393
1219,-4055.718629917829
1220,-3694.685663707629
1221,-752755.4917186856
1222,-1984.5133789782378
1223,-3152.4035576994065
1224,-1203.8354273341756
1225,-159661.1575249815
1226,-3982.737951344315
1227,-952.2474045523314
1228,-33642.318768489014
1229,-456.7712639208739
1230,-3783.685100954592
1231,-1492.1670790367702
1232,-2683.231599490465
1233,-3095.1366393906683
1234,-1374.8843099234384
1235,-13923.137018142526
1236,-602.9224407591968
1237,-1870.52987833909
1238,-13003.586854238667
1239,-2079.596903628485
1240,-2030.087980814785
1241,-952.3610979933554
1242,-873.0665533752707
1243,-1952.3709947496673
1244,-2734.3814498925017
1245,-3588.543233576302
1246,-1357.5391000193936
1247,-5949.447232716189
1248,-11377.042588291468
1249,-15531.135334731232
1250,-419.2209726256405
1251,-486.4749317247915
1252,-2908.4003781222746
1253,-42704.02391111554
1254,-3004.013666248726
1255,-1178.1452465137525
1256,-437.0757774861797
1257,-2878.914069606616
1258,-2286.939672518098
1259,-6092.001442056068
1260,-814.1326776283528
1261,-7146.853705829769
1262,-1837.5780817742911
1263,-1777.5438794911042
1264,-990.3972000661644
1265,-2920.858410485721
1266,-15058.074155595037
1267,-1415.774301573803
1268,-635.3572966613441
1269,-5509.299344278177
1270,-1867.210630047277
1271,-34835.50409764316
1272,-73395.78707138111
1273,-504.02904126424653
1274,-20007.26966820703
1275,-4317.809995271691
1276,-22565.69313801145
1277,-6011.708449520865
1278,-2962.2348101825787
1279,-1059.8535475174992
1280,-1159.5577134647326
1281,-1271.8793612314605
1282,-855.2295981121796
1283,-3680.9258255620207
1284,-2484.325998262627
1285,-4073.2202980660963
1286,-937.1039299811599
1287,-23399.95322767021
1288,-40046.722425449036
1289,-2657.8792902833693
1290,-6631.3353833461915
1291,-2431.604188352621
1292,-3821.23908833776
1293,-5017.615331428548
1294,-796.1439476021675
1295,-8207.156737724177
1296,-16396.573917774156
1297,-5443.895582628698
1298,-563.1137674934292
1299,-3145.806677688004
1300,-1606.197296095214
1301,-2726.862400143655
1302,-10556.519271067084
1303,-9427.399085358562
1304,-880.3054190527066
1305,-2250.7383143188304
1306,-126881.15580637846
1307,-19519.552307603208
1308,-3409.4608737954554
1309,-5936.23115640456
1310,-46034.337474840315
1311,-1377.2110789075564
1312,-573.6561367620161
1313,-7043.672072176974
1314,-322.9327586094103
1315,-2623.014182728447
1316,-3587.107103644428
1317,-9050.058156708352
1318,-1503.484814536856
1319,-856.9607435279414
1320,-974.052687027082
1321,-1996.6705072623813
1322,-4944.923723516115
1323,-3865.985228856549
1324,-339.3615446347377
1325,-1816.6408400963435
1326,-12839.828732755903
1327,-492.6993069979409
1328,-1138.2683300748035
1329,-7611.388430288133
1330,-662.7893136397666
1331,-2736.3557783761885
1332,-25122.084057591688
1333,-2096.2217855049853
1334,-3273.558066196626
1335,-33143.25843982838
1336,-1315.424713270636
1337,-626.5074311742767
1338,-2248.3563139090325
1339,-1119.2463189269854
1340,-3694.439067695091
1341,-6537.932549005707
1342,-917.9146684087007
1343,-1058.2691294017031
1344,-1142.4956397561855
1345,-1018.5971963759296
1346,-835.0449615246292
1347,-2814.951063450447
1348,-3403.4220645354903
1349,-698.3529751374417
1350,-1515.4756389490585
1351,-1385.941401599163
1352,-2175.0683507240733
1353,-3116.6903174639533
1354,-6366.912848096168
1355,-3372.154485205488
1356,-25306.11849941715
1357,-2035.2748409871854
1358,-1024.4987069800704
1359,-1778.7724041646873
1360,-882.0389894477361
1361,-2836.920101138268
1362,-3903.8737649805953
1363,-19296.242232100663
1364,-898.5072541274839
1365,-2482.196646034686
1366,-426.42757906934196
1367,-379.29930093141917
1368,-1717.4371433402594
1369,-3272.014780661619
1370,-2775.693116484129
1371,-552.713868268418
1372,-3712.098806987585
1373,-2826.597265181926
1374,-875.3222957812061
1375,-713.342078672324
1376,-1323.131292386334
1377,-5592.495659090329
1378,-3516.952980143836
1379,-3322.6032265931244
1380,-1150.9924719271105
1381,-13967.270102138753
1382,-601.6274335189763
1383,-2373.914206368974
1384,-11369.876998057178
1385,-762.889312658328
1386,-3841.7394920218453
1387,-7034.605786116991
1388,-7961.676792095349
1389,-29800.009294637664
1390,-3945.549720491437
1391,-927.3430389577144
1392,-8115.217856258506
1393,-2492.524514067104
1394,-690.3841404855638
1395,-1688.1788627040905
1396,-698.4464121364778
1397,-2968.288354645755
1398,-1166.5764455188894
1399,-17085.565141384428
1400,-7071.7365464303575
1401,-669.3498380542677
1402,-1222.8667025433108
1403,-718.8601825593107
1404,-1123.5630771657814
1405,-2629.253188449745
1406,-7345.243597914309
1407,-542.476237325222
1408,-785.5836902130529
1409,-1189.2393051081265
1410,-1089.594931203129
1411,-317.7280815473536
1412,-3231.30374203296
1413,-526.0376474447148
1414,-291.5853132841591
1415,-5012.182937711202
1416,-47637.93263991743
1417,-5156.60440804765
1418,-1882.1887732285252
1419,-8950.773741735336
1420,-12723.432668302004
1421,-808.2281372041613
1422,-4771.540043646151
1423,-135155.61064276242
1424,-1470.05565136666
1425,-1794.3197186110438
1426,-1462.8339902348416
1427,-4552.579003441751
1428,-1957.5514880711205
1429,-2948.3097662651157
1430,-396.9295162369596
1431,-1559.129662958472
1432,-5799.108481395396
1433,-1046.0827772874507
1434,-553.1237434700936
1435,-1014.3036031386883
1436,-7800.179936314377
1437,-3785.385835410089
1438,-996.0989732226964
1439,-1231.419852407351
1440,-634.3322150629763
1441,-3723.748729502551
1442,-4743.277723420069
1443,-1491.426231443081
1444,-1514.0529506461735
1445,-7249.272614635684
1446,-818.9281511352721
1447,-10513.00695947866
1448,-1268.902621381034
1449,-1238.791258420432
1450,-2436.680210598503
1451,-10284.469792663058
1452,-1956.7697921779863
1453,-4084.5824973966387
1454,-1143.7567645926088
1455,-2354.705408911825
1456,-1391.6031522370615
1457,-10266.684007932077
1458,-843.0973890834416
1459,-2808.6309918886604
1460,-1685.615222086665
1461,-4717.493071031029
1462,-1204.797051036647
1463,-4226.335881814571
1464,-93999.41500763227
1465,-943.3851486485828
1466,-5598.453750764374
1467,-7583.752668696048
1468,-72894.26046928202
1469,-5983.533711081659
1470,-32854.967360218034
1471,-841.3800987449112
1472,-13549.65859951826
1473,-2975.4511302221954
1474,-1508.1677390814646
1475,-3204.3988468812813
1476,-380.86174811932665
1477,-6639.842444276762
1478,-737.427246610453
1479,-12377.53117038508
1480,-2237.190367674536
1481,-696.662472698913
1482,-7259.780881808702
1483,-1126.067417220796
1484,-1457.5703007704026
1485,-7561.788998359331
1486,-121291.80202433372
1487,-618984.2990050972
1488,-1129.992725714261
1489,-8189.695190398462
1490,-8577.552464374567
1491,-949.4389367500478
1492,-2957.085249472561
1493,-3624.4468372116353
1494,-735.9574201136496
1495,-1558.5492145361013
1496,-781.3268604417663
1497,-2376.3952274354706
1498,-973.831251125841
1499,-1137.191640887397
1500,-3035.230981195549
1501,-708.0276776695961
1502,-3568.709839049733
1503,-8614.526980421897
1504,-2835.4368446573626
1505,-8820.213056590475
1506,-5513.9082878127465
1507,-802.4923265527902
1508,-59395.937097410715
1509,-600.9386127643063
1510,-7063.461811893915
1511,-1164.6798566577306
1512,-1056.594899481506
1513,-1242.6678726115867
1514,-6667.918509353324
1515,-2333.896996419281
1516,-1513.2533264391584
1517,-3469.377408504376
1518,-1940.1056076128252
1519,-18097.664497775124
1520,-2969.2181407782396
1521,-5852.004755891318
1522,-495.75904400668327
1523,-8112.417391083806
1524,-13350.068746071685
1525,-1714.4018421138446
1526,-1549.6795993855344
1527,-960.47306677142
1528,-501.54303410036766
1529,-2063.466037131401
1530,-3195.1517893032837
1531,-670.1752635947249
1532,-2746.6086725906007
1533,-645.2978620676447
1534,-1225.8417771074346
1535,-1832.332378798028
1536,-1095.9352841057864
1537,-27542.986097741934
1538,-4607.574799680771
1539,-1024.050967313132
1540,-1772.7023648616712
1541,-1224.1539811475184
1542,-13917.38300847078
1543,-1480.1968446698597
1544,-3420.5514830080488
1545,-1911.6597419165603
1546,-1845.3281050155413
1547,-1821.3908702440094
1548,-1990.8367563086945
1549,-1348.0569337879556
1550,-1083.170315646266
1551,-2346.3368382145222
1552,-3140.8028382401208
1553,-4492.802850372279
1554,-831.9006146951764
1555,-2819.666683771333
1556,-708.3265351330788
1557,-753.5252841147131
1558,-266.35574951205604
1559,-217.8192369506176
1560,-736.6057902011446
1561,-11291.24497329965
1562,-2334.8661424255993
1563,-3339.4841803495897
1564,-597.2006150433541
1565,-3891.850318434188
1566,-53968.720812053165
1567,-2602.688874330708
1568,-2116.126012026132
1569,-1311.095036939091
1570,-3588.6744812054
1571,-3313.497858088076
1572,-2265.286322303334
1573,-1788.8455055065601
1574,-1348.4727480467818
1575,-641.7914003207493
1576,-606.9454040754433
1577,-5311.826786995592
1578,-815.2678738341533
1579,-426.33636585415354
1580,-2035.0774421519945
1581,-1690.5832170086985
1582,-5375.04185985725
1583,-1168.8894970662711
1584,-342.5356661017964
1585,-579.8334960824669
1586,-6841.201327216872
1587,-3502.2007124573765
1588,-1617.038733515843
1589,-6912.354305853968
1590,-15884.887845490051
1591,-48745.929230346395
1592,-504.8396339522589
1593,-2107.0243588264016
1594,-2015.721998684091
1595,-1425.8142132255007
1596,-219.2997808187477
1597,-3757.708352186412
1598,-2219.4497761255675
1599,-1814.3983996909199
1600,-634.9226082922472
1601,-1673.6993964455773
1602,-1106.2841703812476
1603,-21948.887339771383
1604,-1063.2618707189906
1605,-2732.6933015908835
1606,-5859.436033162907
1607,-1667.574482561835
1608,-1163.0321340228834
1609,-358.9404467011805
1610,-1098.4857744192698
1611,-811.3059674284142
1612,-3004.604192606906
1613,-1956.1748447044492
1614,-3235.4145605917865
1615,-793.8691767229093
1616,-99646.2621753114
1617,-7881.5036574321375
1618,-791.7909100969614
1619,-397.16858913190873
1620,-10066.79656918655
1621,-775.0618601897082
1622,-2086.302455813237
1623,-3814.877484397612
1624,-1326.096970034789
1625,-992.692624051038
1626,-1951.3764853797784
1627,-1928.3061304540522
1628,-3553.4304714432396
1629,-879.773605860119
1630,-1363.2070836918276
1631,-3392.1255210505474
1632,-8584.696331695697
1633,-1501.7853872492733
1634,-609.5523979522286
1635,-870.5573265437367
1636,-2218.2214776658184
1637,-3906.008134555006
1638,-4572.0107193940885
1639,-4055.9146526750574
1640,-2858.744040715526
1641,-42804.73737213543
1642,-1826.737570448277
1643,-2758.0338688946613
1644,-8857.799300811486
1645,-1008.3849530941085
1646,-737.2652919595607
1647,-1640.069233283552
1648,-2368.7873693433976
1649,-3945.7948514736167
1650,-3242.798048744453
1651,-3802.2706839130574
1652,-651.0223658919963
1653,-817.110105654671
1654,-987.743124905621
1655,-1176.0216891873695
1656,-377.8423541755812
1657,-5074.2195093901255
1658,-5605.3506473244615
1659,-1695.9290824143136
1660,-5732.811404881569
1661,-2839.53679479848
1662,-3424.425950144251
1663,-2395.630968976509
1664,-396.2310597564599
1665,-2096.79695696732
1666,-5435.9543166046005
1667,-1086.0149013481089
1668,-1540.5837525952445
1669,-2766.2231547634
1670,-1936.9568055914506
1671,-2076.9317875970555
1672,-8478.880677586638
1673,-1416.1006234113506
1674,-1022980.7050365818
1675,-3443.372063400441
1676,-7034.640619910277
1677,-3638.427387529288
1678,-1050.0013195436995
1679,-1137.4930134024105
1680,-4600.290841431214
1681,-525.8792579406673
1682,-13388.647561207734
1683,-868.7162189824556
1684,-8038.428897890468
1685,-28145.750999817243
1686,-51853.16832687684
1687,-691.9878309281065
1688,-1508.4668637768225
1689,-477.9474111594529
1690,-10167.882034249018
1691,-1162.6937674950955
1692,-2175.01969719644
1693,-4560.317342528151
1694,-1051.0737402599482
1695,-3766.036499743565
1696,-2875.713667508168
1697,-2980.0169885155738
1698,-3577.605443455709
1699,-3104.3442954727034
1700,-1595.5488968399454
1701,-436.37806569714064
1702,-6228.728056657668
1703,-4510.000581309301
1704,-5335.808449460521
1705,-3439.408060783662
1706,-3447.0732644118525
1707,-1887.0538046874826
1708,-285.4291280780825
1709,-4394.5951396160135
1710,-2818.955554513431
1711,-3829.9753698608897
1712,-4411.323556354326
1713,-6797.3368953465615
1714,-500.4201128801883
1715,-986.94551904198
1716,-393.5666312769792
1717,-3682.6868239272276
1718,-6181.243650094979
1719,-397988.80768618546
1720,-7247.9141919159365
1721,-1837.822997110884
1722,-1960.643957090179
1723,-3095.0234090109307
1724,-9059.806410235233
1725,-2064.3017543000533
1726,-28298.132283619438
1727,-95753.3980624565
1728,-782.8881653442743
1729,-1860.304838847273
1730,-3427.1001276326665
1731,-1195.50209919832
1732,-7809.4159831459465
1733,-1766.8419502193854
1734,-6145.123712667289
1735,-3418.018550223577
1736,-2270.632874102189
1737,-623.4623456533253
1738,-8880.904381624667
1739,-2177.7789808823427
1740,-2292.236460042125
1741,-8294.098084609459
1742,-548.3870310062351
1743,-5774.395368577038
1744,-549.5920760854124
1745,-5233.043865488076
1746,-3313.2160533367637
1747,-16103.14234341786
1748,-10782.718539501067
1749,-1932.999789293068
1750,-5517.304727831648
1751,-670.3434119038835
1752,-816.8624070758533
1753,-620.3677303612699
1754,-1358.5749320089728
1755,-3291.747172217538
1756,-16638.109778394624
1757,-10898.500059257412
1758,-2444.3958904390993
1759,-2433.7843397995957
1760,-19703.92293227501
1761,-4903.711647269849
1762,-1321.6923598155354
1763,-2154.980150607769
1764,-719.5625154820204
1765,-1536.515673977244
1766,-4208.3877778449705
1767,-2054.0270580880638
1768,-2655.766443530699
1769,-1752.2832584307305
1770,-513.9568349906873
1771,-1451.2120372953855
1772,-730.5573868854951
1773,-13062.003678794956
1774,-2646.884894871133
1775,-3276.7902455376448
1776,-1172.3937976908596
1777,-8936.656323712137
1778,-365.9462564454337
1779,-475.2334898077799
1780,-1878.1245114344736
1781,-3681.99808861822
1782,-214.45395367318508
1783,-1647.2432296050122
1784,-552.6829849693625
1785,-1492.677110809595
1786,-2391.174705834284
1787,-2175.949849565569
1788,-1977.272370651545
1789,-401.06430913699586
1790,-1535.7917386567349
1791,-2715.715825695061
1792,-2372.541953873911
1793,-370.8044358742608
1794,-558.2637221490456
1795,-1014.892289789734
1796,-10529.195082973405
1797,-6133.313466707232
1798,-48862.71638562959
1799,-3128.2781766708613
1800,-2623.547029407705
1801,-15249.642335472825
1802,-2878.4695447694853
1803,-3702.527268279054
1804,-8181.037601445608
1805,-2720.671289061219
1806,-815.7116966528718
1807,-976.0788290170699
1808,-6450.390552990717
1809,-1855.1763102831376
1810,-395.75838929746897
1811,-930.2028093776622
1812,-6093.424470765573
1813,-771.6601324204356
1814,-3883.2504972290617
1815,-993.7561512796252
1816,-2319.890807761963
1817,-10048.660755631801
1818,-948.9781798805068
1819,-833.9891114543609
1820,-1577.862770909429
1821,-1933.7991830167043
1822,-231.3535883541837
1823,-3833.5154447207933
1824,-1045.3970480649361
1825,-1587.0633804833576
1826,-1113.5669927077302
1827,-381.33265430823616
1828,-2079.687557507265
1829,-7233.7570568592055
1830,-5398.849002496821
1831,-8055.120358006211
1832,-1828.6544643269985
1833,-1606.3786927642914
1834,-422.4213981901746
1835,-6398.4081834731705
1836,-1036.544738380386
1837,-1887.4392406461582
1838,-481.09527618081563
1839,-5631.8676394480835
1840,-142265.1747998739
1841,-1346.6811211904135
1842,-1205.1912517183114
1843,-1267.5669969398912
1844,-1011.6792741218544
1845,-1683.0522608970139
1846,-4933.316937810772
1847,-2882.9635467480202
1848,-6629.672459775941
1849,-3602.2484202303144
1850,-11820.110694655486
1851,-1766.233099559308
1852,-2136.2671987597305
1853,-2775.6543777342395
1854,-1617.7359338038018
1855,-3510.4515990324244
1856,-467.16786671254005
1857,-3207.343189386175
1858,-1034.907228742643
1859,-1273.9468768105075
1860,-1959.0629868916799
1861,-6042.625618299165
1862,-4312.711156945366
1863,-495.59972259475416
1864,-21083.09618837327
1865,-6288.846637058871
1866,-1296.7496767589626
1867,-9066.867178007697
1868,-3571.901778024102
1869,-31987.061710401118
1870,-1614.5672936320834
1871,-1959.089576530339
1872,-14413.145404385115
1873,-2333.981718233793
1874,-1346.8340116162958
1875,-2584.975392155363
1876,-337.14963406904485
1877,-10180.038609694477
1878,-2846.0186589103337
1879,-955.1861973277491
1880,-589.8162179691204
1881,-24170.395643399952
1882,-700.6474319339482
1883,-1823.6622298295765
1884,-1014.0461365014688
1885,-1560.6286654482678
1886,-1742.5897274001886
1887,-889.8477214738855
1888,-25334.306053385826
1889,-31753.650451046935
1890,-17782.95572894672
1891,-9936.655424240014
1892,-929.8447044483836
1893,-3343.5739055973804
1894,-10803.92226315258
1895,-1793.1464962082434
1896,-2790.602174311742
1897,-1112.3903014297582
1898,-753.6051269693085
1899,-3972.4577425948796
1900,-723.0194880862455
1901,-1075.4164125326558
1902,-1392.2613254726468
1903,-33714.520444917915
1904,-588.3925849179707
1905,-3132.883662286952
1906,-1231.9443926971605
1907,-2004.8590230275674
1908,-292211.3305834176
1909,-233.91048672422585
1910,-3386.606889944101
1911,-116408.37256107898
1912,-4628.862282521562
1913,-10453.950948273492
1914,-2757.3868055478483
1915,-6399.396131187614
1916,-2058.7520609421426
1917,-8980.782722370892
1918,-4607.297043122509
1919,-1011.6864463976714
1920,-657.4007498936215
1921,-427.9971728632669
1922,-812.2736817314596
1923,-3377.6439985209886
1924,-2362.783244011937
1925,-1054.3740106013372
1926,-12618.858371368655
1927,-2534.7259321716892
1928,-2256.631074407294
1929,-1653.855824702963
1930,-2013.0065544530805
1931,-1597.6349794307084
1932,-2388.9244883107544
1933,-3957.178746316601
1934,-2980.238194177155
1935,-639.5282169088072
1936,-3493.6988033677417
1937,-708.2181798660441
1938,-86759.57588432485
1939,-816.9438919648321
1940,-1340.1596331513736
1941,-2807.323735519945
1942,-2739.1560451808946
1943,-1771.1270505297086
1944,-727.2862562076361
1945,-12882.396120311685
1946,-28699.65641747698
1947,-4884.638301084897
1948,-12651.605124984399
1949,-2988.470394288588
1950,-705.4581772386616
1951,-1784.5531640046545
1952,-1869.424968206581
1953,-839.174020143627
1954,-2697.850780963378
1955,-5075.126163219838
1956,-1657.4468245709693
1957,-394.5613463273152
1958,-1127.9718864317344
1959,-7205.0551913033305
1960,-783.1886916328418
1961,-5037.471895940288
1962,-1994.8905395996646
1963,-11297.230464876955
1964,-5882.383125720292
1965,-726.9454010362459
1966,-1244.7618092246514
1967,-579.0529271265679
1968,-313.7429273166296
1969,-1121.1616362434856
1970,-4471.897164314087
1971,-3179.9495564184344
1972,-2498.855947126721
1973,-24302.090940191825
1974,-5885.162504159412
1975,-4410.917955964281
1976,-250132.66733648692
1977,-1166.5369749071906
1978,-524.8302855299213
1979,-1861.9308840535941
1980,-21616.42610695349
1981,-2493.1200434893885
1982,-13140.573106951673
1983,-1498.085423115194
1984,-3271.761958837957
1985,-654.7647017362459
1986,-479.5935649302288
1987,-1408.4137613176097
1988,-4221.42350125568
1989,-1925.5345743884563
1990,-758.1409804774289
1991,-8125.334201341151
1992,-3164.990999611834
1993,-2124.4388787740154
1994,-93451.69159938447
1995,-4589.104591204582
1996,-4200.78114643938
1997,-1077.2715099316977
1998,-215387.7292959315
1999,-10209.80395570235
