,value_per_image
0,-0.3618640303611755
1,-0.18057340383529666
2,-0.2598912715911865
3,-0.230914905667305
4,-0.2681878209114075
5,-0.15941187739372253
6,-0.1993875950574875
7,-0.16633948683738708
8,-0.17405255138874054
9,-0.16133786737918854
10,-0.1774810254573822
11,-0.18289650976657867
12,-0.16668276488780975
13,-0.2768397927284241
14,-0.21617460250854487
15,-0.2361350506544113
16,-0.2490986883640289
17,-0.17241054773330688
18,-0.2282530963420868
19,-0.23655422031879425
20,-0.16379742324352264
21,-0.12114262580871582
22,-0.15195386111736298
23,-0.17044411599636078
24,-0.1286778748035431
25,-0.2217160165309906
26,-0.2384360283613205
27,-0.18714185059070587
28,-0.4231923222541809
29,-0.3243575692176819
30,-0.30026596784591675
31,-0.18818506598472595
32,-0.11608493328094482
33,-0.2275417596101761
34,-0.13463111221790314
35,-0.1651674211025238
36,-0.1940847337245941
37,-0.17649225890636444
38,-0.4325512945652008
39,-0.19853059947490687
40,-0.1848016381263733
41,-0.24751123785972595
42,-0.2887178361415863
43,-0.1767331212759018
44,-0.2251936197280884
45,-0.21663150191307068
46,-0.1920245736837387
47,-0.21507973968982694
48,-0.2627044916152954
49,-0.1996753066778183
50,-0.34178680181503296
51,-0.16670142114162445
52,-0.18378977477550507
53,-0.2873712182044983
54,-0.16487666964530945
55,-0.20150120556354525
56,-0.17059575021266934
57,-0.13784995675086975
58,-0.2391754686832428
59,-0.10837719589471816
60,-0.1471608579158783
61,-0.3056817650794983
62,-0.21226465702056885
63,-0.3101706504821777
64,-0.2189531773328781
65,-0.1842750608921051
66,-0.2893663942813873
67,-0.21987736225128174
68,-0.17095467448234558
69,-0.12666316330432892
70,-0.1726858913898468
71,-0.19098570942878726
72,-0.2019999921321869
73,-0.15956497192382812
74,-0.3220100998878479
75,-0.25125792622566223
76,-0.4530253410339356
77,-0.2608640193939209
78,-0.16959336400032046
79,-0.2582233846187592
80,-0.1868622601032257
81,-0.2492474764585495
82,-0.3682350516319275
83,-0.20890529453754425
84,-0.303926944732666
85,-0.1385670006275177
86,-0.21937115490436554
87,-0.16746759414672852
88,-0.3089052140712738
89,-0.35930904746055603
90,-0.21961243450641632
91,-0.31224554777145386
92,-0.28780728578567505
93,-0.21626031398773196
94,-0.21392600238323206
95,-0.1263258457183838
96,-0.2368241250514984
97,-0.1811009794473648
98,-0.1804376244544983
99,-0.1733347475528717
100,-0.2202453315258026
101,-0.18901900947093964
102,-0.12376566231250764
103,-0.2216208428144455
104,-0.1691242754459381
105,-0.1943187564611435
106,-0.1940275877714157
107,-0.3029999136924744
108,-0.21134798228740687
109,-0.21401305496692655
110,-0.31019091606140137
111,-0.15447288751602173
112,-0.2159140557050705
113,-0.12318998575210573
114,-0.1325109899044037
115,-0.24999698996543884
116,-0.3069900870323181
117,-0.19373705983161926
118,-0.20626679062843326
119,-0.2334407567977905
120,-0.2735453248023987
121,-0.23245148360729215
122,-0.19381828606128693
123,-0.17531992495059967
124,-0.27014365792274475
125,-0.2539228200912476
126,-0.3089588582515717
127,-0.15864714980125427
128,-0.1704007089138031
129,-0.2569638192653656
130,-0.24915027618408206
131,-0.2467097491025925
132,-0.1383875012397766
133,-0.200042724609375
134,-0.239347979426384
135,-0.2819911539554596
136,-0.2338029444217682
137,-0.2265156507492065
138,-0.3653046488761902
139,-0.2828945815563202
140,-0.17658886313438416
141,-0.15060648322105408
142,-0.26946839690208435
143,-0.2069534808397293
144,-0.22620537877082825
145,-0.2072143107652664
146,-0.1988048553466797
147,-0.2784450650215149
148,-0.14209690690040588
149,-0.20579834282398224
150,-0.24860481917858124
151,-0.34191644191741943
152,-0.1366853415966034
153,-0.2860831320285797
154,-0.22003984451293945
155,-0.1944585144519806
156,-0.1599927395582199
157,-0.21796385943889615
158,-0.1384035497903824
159,-0.24265308678150174
160,-0.3315710425376892
161,-0.2298363447189331
162,-0.196795791387558
163,-0.20559270679950714
164,-0.17732524871826172
165,-0.2782289981842041
166,-0.2363478243350983
167,-0.25643888115882874
168,-0.16428311169147491
169,-0.18833473324775696
170,-0.3674480020999909
171,-0.2228102684020996
172,-0.18223467469215396
173,-0.22256314754486084
174,-0.19409579038619995
175,-0.20645666122436526
176,-0.1852303147315979
177,-0.1896645724773407
178,-0.33174270391464233
179,-0.22227688133716586
180,-0.13679613173007965
181,-0.21300747990608213
182,-0.16419990360736847
183,-0.307650089263916
184,-0.21998849511146545
185,-0.2900703549385071
186,-0.3710750937461853
187,-0.27917230129241943
188,-0.3330347239971161
189,-0.16272136569023132
190,-0.3021973669528961
191,-0.14021572470664978
192,-0.22782349586486814
193,-0.2820781171321869
194,-0.3204390406608581
195,-0.1887623965740204
196,-0.1656414270401001
197,-0.12297017872333528
198,-0.2928798794746399
199,-0.2240815907716751
200,-0.1863248348236084
201,-0.10552755743265152
202,-0.336850106716156
203,-0.24241824448108676
204,-0.3301175236701965
205,-0.18758998811244965
206,-0.14749087393283844
207,-0.18068505823612213
208,-0.3801524043083191
209,-0.15255950391292572
210,-0.20447997748851776
211,-0.13018682599067688
212,-0.30065158009529114
213,-0.17043966054916382
214,-0.2633023262023926
215,-0.2527410686016083
216,-0.12911945581436154
217,-0.20015716552734372
218,-0.2342658340930939
219,-0.1326531171798706
220,-0.1330217570066452
221,-0.33178412914276123
222,-0.2166150063276291
223,-0.17532625794410706
224,-0.25295504927635193
225,-0.1949436068534851
226,-0.21969720721244806
227,-0.4236820340156555
228,-0.1932658702135086
229,-0.19140951335430145
230,-0.2863259017467499
231,-0.2703506052494049
232,-0.19665944576263428
233,-0.28111186623573303
234,-0.16843688488006592
235,-0.3007977306842804
236,-0.2346130907535553
237,-0.16813023388385773
238,-0.15147463977336886
239,-0.3000863492488861
240,-0.2702123820781708
241,-0.21177873015403748
242,-0.41743350028991705
243,-0.2898654639720917
244,-0.191792830824852
245,-0.199194997549057
246,-0.18551406264305115
247,-0.2015933096408844
248,-0.1345910280942917
249,-0.19075186550617215
250,-0.2476848661899567
251,-0.2672308087348938
252,-0.2663730084896088
253,-0.2498234212398529
254,-0.18541857600212094
255,-0.18527424335479736
256,-0.16003486514091492
257,-0.1975817233324051
258,-0.2635065317153931
259,-0.3870269656181336
260,-0.21408657729625705
261,-0.2049105167388916
262,-0.1614367663860321
263,-0.21968141198158264
264,-0.2134215831756592
265,-0.14851674437522888
266,-0.21213169395923612
267,-0.21859848499298096
268,-0.1805916726589203
269,-0.19219891726970675
270,-0.3395568132400513
271,-0.26607218384742737
272,-0.20271189510822296
273,-0.14068152010440824
274,-0.2888065874576569
275,-0.2301380187273025
276,-0.2811974883079529
277,-0.2282994240522385
278,-0.18151073157787326
279,-0.292234867811203
280,-0.15760156512260434
281,-0.1230565309524536
282,-0.4327730536460877
283,-0.14094838500022888
284,-0.26800626516342163
285,-0.20704540610313416
286,-0.38022381067276
287,-0.2755424380302429
288,-0.21983258426189425
289,-0.19314882159233093
290,-0.17913207411766052
291,-0.16544994711875916
292,-0.2579910159111023
293,-0.12152346223592758
294,-0.2763427197933197
295,-0.16786566376686096
296,-0.12687167525291446
297,-0.2534213662147522
298,-0.3154037594795227
299,-0.15302804112434387
300,-0.200778603553772
301,-0.2526823878288269
302,-0.1403074711561203
303,-0.3734186291694641
304,-0.133125901222229
305,-0.22170403599739075
306,-0.23978956043720245
307,-0.234591007232666
308,-0.148076131939888
309,-0.2548123300075531
310,-0.2185639441013336
311,-0.2385275810956955
312,-0.2565644979476929
313,-0.192947581410408
314,-0.2187061756849289
315,-0.29684221744537354
316,-0.15758998692035675
317,-0.4360267221927643
318,-0.2657548189163208
319,-0.13246174156665802
320,-0.2983732521533966
321,-0.4020384848117829
322,-0.4495063424110413
323,-0.16000768542289734
324,-0.14301642775535586
325,-0.23003780841827395
326,-0.2554263472557068
327,-0.23727115988731384
328,-0.2402476072311401
329,-0.18066364526748654
330,-0.2431529462337494
331,-0.19655700027942655
332,-0.25337716937065125
333,-0.1816183179616928
334,-0.17703422904014587
335,-0.19158580899238584
336,-0.19471660256385806
337,-0.303628534078598
338,-0.1989010572433472
339,-0.16926288604736328
340,-0.25830024480819697
341,-0.2354209423065185
342,-0.22324077785015106
343,-0.2308515310287476
344,-0.19016095995903012
345,-0.24857524037361145
346,-0.3139186203479767
347,-0.18051184713840485
348,-0.16077227890491486
349,-0.2823548913002014
350,-0.15614596009254456
351,-0.34475189447402954
352,-0.22248311340808868
353,-0.10310930013656616
354,-0.5264061093330383
355,-0.32221028208732605
356,-0.14735765755176544
357,-0.24613356590271
358,-0.1907326728105545
359,-0.16984306275844574
360,-0.164545938372612
361,-0.20347516238689425
362,-0.21155598759651184
363,-0.1700069159269333
364,-0.3087873756885529
365,-0.2421922981739044
366,-0.21164226531982425
367,-0.18914811313152316
368,-0.2090626060962677
369,-0.3087080121040344
370,-0.20259621739387512
371,-0.2802372574806213
372,-0.11537741124629974
373,-0.2780744135379791
374,-0.2294372618198395
375,-0.17023690044879913
376,-0.2437964379787445
377,-0.2532916665077209
378,-0.2891998589038849
379,-0.1281205117702484
380,-0.2165757417678833
381,-0.2373122274875641
382,-0.23216333985328674
383,-0.2266797721385956
384,-0.2504008412361145
385,-0.21792249381542209
386,-0.3395942747592926
387,-0.19045071303844446
388,-0.16302910447120667
389,-0.21284647285938266
390,-0.29455360770225525
391,-0.29880088567733765
392,-0.1637956202030182
393,-0.25370270013809204
394,-0.22523608803749084
395,-0.3440811634063721
396,-0.3493453860282898
397,-0.12520208954811096
398,-0.20790699124336245
399,-0.2563278377056122
400,-0.20143139362335205
401,-0.20522746443748474
402,-0.25570428371429443
403,-0.1577559858560562
404,-0.13298062980175018
405,-0.2064700424671173
406,-0.23554937541484836
407,-0.16033539175987244
408,-0.3541492223739624
409,-0.2041917592287064
410,-0.21854011714458466
411,-0.4143301844596863
412,-0.1621122807264328
413,-0.1764201670885086
414,-0.272642195224762
415,-0.2549072206020355
416,-0.2236276865005493
417,-0.13619022071361542
418,-0.2954107522964477
419,-0.2260161936283112
420,-0.2984854876995087
421,-0.2464127242565155
422,-0.2881515324115753
423,-0.15794527530670166
424,-0.3770850598812103
425,-0.2474218308925629
426,-0.2155582159757614
427,-0.31388869881629944
428,-0.1151951104402542
429,-0.12965403497219086
430,-0.3154211640357971
431,-0.21372587978839874
432,-0.2623578906059265
433,-0.27186718583106995
434,-0.2491787374019623
435,-0.2946137487888336
436,-0.2566003203392029
437,-0.1733098030090332
438,-0.1872061938047409
439,-0.18983380496501925
440,-0.20421834290027616
441,-0.3399422764778137
442,-0.23937448859214785
443,-0.2086671143770218
444,-0.21201829612255094
445,-0.2345133721828461
446,-0.2356114387512207
447,-0.3049434423446655
448,-0.2085532397031784
449,-0.2322211712598801
450,-0.24832525849342346
451,-0.249401330947876
452,-0.16899839043617249
453,-0.10841844975948334
454,-0.13848575949668884
455,-0.2997945249080658
456,-0.2647217810153961
457,-0.237722709774971
458,-0.23870599269866946
459,-0.2554580569267273
460,-0.20356635749340055
461,-0.20540645718574524
462,-0.3319136500358581
463,-0.11249518394470216
464,-0.253755122423172
465,-0.18541784584522247
466,-0.20887298882007602
467,-0.3121979534626007
468,-0.3053368926048279
469,-0.23392792046070102
470,-0.13909611105918884
471,-0.2240646332502365
472,-0.26022011041641235
473,-0.28716742992401123
474,-0.14814558625221252
475,-0.16422857344150546
476,-0.23494502902030945
477,-0.14888614416122434
478,-0.25806674361228943
479,-0.1886526644229889
480,-0.1934989839792252
481,-0.38641709089279175
482,-0.19661764800548556
483,-0.19485947489738464
484,-0.1691780388355255
485,-0.30291029810905457
486,-0.15157707035541534
487,-0.20568537712097168
488,-0.23293010890483856
489,-0.20048768818378448
490,-0.22698152065277102
491,-0.2716111242771149
492,-0.17441321909427646
493,-0.19610704481601715
494,-0.2058376967906952
495,-0.17851534485816956
496,-0.2483445852994919
497,-0.2588402330875397
498,-0.2149668633937836
499,-0.2695992588996887
500,-0.208041712641716
501,-0.139535591006279
502,-0.14742188155651093
503,-0.21571624279022214
504,-0.26293322443962097
505,-0.2131577432155609
506,-0.234476238489151
507,-0.2593151330947876
508,-0.28439566493034363
509,-0.2791178822517395
510,-0.2562008798122406
511,-0.20365135371685028
512,-0.2268233746290207
513,-0.20707204937934875
514,-0.1912881433963776
515,-0.15405258536338806
516,-0.2881912291049957
517,-0.251372903585434
518,-0.1794249713420868
519,-0.2128209620714188
520,-0.2821723520755768
521,-0.2350323498249054
522,-0.2946744561195373
523,-0.3486713767051697
524,-0.21523675322532654
525,-0.20132029056549072
526,-0.2829430401325226
527,-0.2287060022354126
528,-0.4371725022792816
529,-0.19391688704490664
530,-0.25156280398368835
531,-0.2016554176807404
532,-0.1827564537525177
533,-0.1782499998807907
534,-0.24834759533405304
535,-0.24604229629039764
536,-0.15039896965026855
537,-0.17810897529125214
538,-0.2353828698396683
539,-0.3076733946800232
540,-0.2496146857738495
541,-0.5714911818504333
542,-0.26184988021850586
543,-0.26769334077835083
544,-0.32734236121177673
545,-0.23494331538677216
546,-0.16891303658485413
547,-0.2477487623691559
548,-0.19895684719085693
549,-0.2362552136182785
550,-0.2980879843235016
551,-0.22091081738471985
552,-0.1884968727827072
553,-0.3572173118591309
554,-0.1108238846063614
555,-0.18867099285125727
556,-0.19660991430282596
557,-0.20783615112304688
558,-0.17530523240566254
559,-0.2620478272438049
560,-0.2592114210128784
561,-0.2580629289150238
562,-0.15447789430618286
563,-0.2912277579307556
564,-0.2761530578136444
565,-0.2444880902767181
566,-0.22877082228660586
567,-0.34591132402420044
568,-0.1611986607313156
569,-0.16590836644172668
570,-0.1624854952096939
571,-0.3206560909748077
572,-0.19050973653793332
573,-0.24499854445457456
574,-0.26261815428733826
575,-0.32910481095314026
576,-0.246790811419487
577,-0.2471722662448883
578,-0.21710428595542908
579,-0.2765818238258362
580,-0.2438875883817673
581,-0.1963497549295425
582,-0.196209654211998
583,-0.2594943642616272
584,-0.20576529204845428
585,-0.2689911425113678
586,-0.264129638671875
587,-0.2775731086730957
588,-0.4027773439884186
589,-0.2478332221508026
590,-0.2425365149974823
591,-0.2667279541492462
592,-0.24883505702018735
593,-0.21706655621528625
594,-0.24028758704662326
595,-0.15555565059185028
596,-0.17363937199115753
597,-0.2346626818180084
598,-0.15535718202590942
599,-0.19493821263313293
600,-0.16237476468086245
601,-0.2831309139728546
602,-0.1783282309770584
603,-0.4206576347351074
604,-0.2705620527267456
605,-0.2489326000213623
606,-0.2328507155179977
607,-0.2307228744029999
608,-0.18624785542488095
609,-0.2038247287273407
610,-0.2842312157154083
611,-0.2661403715610504
612,-0.2250117063522339
613,-0.2393028289079666
614,-0.20099203288555145
615,-0.28036171197891235
616,-0.25422602891922
617,-0.22488605976104736
618,-0.2939337491989136
619,-0.23918163776397705
620,-0.15148286521434784
621,-0.2340146005153656
622,-0.1966455727815628
623,-0.2608866393566132
624,-0.24238558113574984
625,-0.1353604793548584
626,-0.2985145449638367
627,-0.1448972523212433
628,-0.16915224492549896
629,-0.17063674330711365
630,-0.2002328187227249
631,-0.17845728993415833
632,-0.2316773384809494
633,-0.2494650185108185
634,-0.13535836338996887
635,-0.29345598816871643
636,-0.2717888951301575
637,-0.2693285942077637
638,-0.34050697088241577
639,-0.19451382756233213
640,-0.18961676955223086
641,-0.2019324749708176
642,-0.13293620944023132
643,-0.27360361814498896
644,-0.2310618907213211
645,-0.2227838784456253
646,-0.13673312962055206
647,-0.2340824604034424
648,-0.33830422163009644
649,-0.20533624291419986
650,-0.27637261152267456
651,-0.2093133181333542
652,-0.28263792395591736
653,-0.21944871544837952
654,-0.2304188460111618
655,-0.2689680457115173
656,-0.3371753394603729
657,-0.229914665222168
658,-0.20678694546222687
659,-0.2246916741132736
660,-0.26566916704177856
661,-0.20685060322284696
662,-0.1939552575349808
663,-0.15389159321784973
664,-0.2694094181060791
665,-0.2359925508499145
666,-0.23828570544719696
667,-0.24130189418792725
668,-0.16306833922863007
669,-0.15929082036018372
670,-0.23697642982006076
671,-0.30741366744041443
672,-0.1560738980770111
673,-0.19548764824867249
674,-0.2860491871833801
675,-0.18311592936515808
676,-0.2814788520336151
677,-0.1926068365573883
678,-0.23051150143146515
679,-0.20152613520622253
680,-0.19810393452644348
681,-0.1835574209690094
682,-0.2419603168964386
683,-0.14084702730178833
684,-0.25646740198135376
685,-0.2523622512817383
686,-0.2407245337963104
687,-0.21406908333301544
688,-0.1901833564043045
689,-0.1977481096982956
690,-0.4509305953979492
691,-0.2421738803386688
692,-0.19661407172679898
693,-0.4605379700660706
694,-0.1933615505695343
695,-0.20554041862487796
696,-0.2086062878370285
697,-0.14701910316944122
698,-0.2024744302034378
699,-0.14436057209968567
700,-0.2107679545879364
701,-0.2257796823978424
702,-0.2541358172893524
703,-0.16298344731330872
704,-0.3481971323490143
705,-0.20924170315265656
706,-0.20647954940795896
707,-0.1865215003490448
708,-0.1971571892499924
709,-0.21867819130420685
710,-0.19937440752983093
711,-0.2398594617843628
712,-0.3280074000358581
713,-0.2798190712928772
714,-0.2594287991523743
715,-0.2295723855495453
716,-0.1620967835187912
717,-0.3172370493412018
718,-0.19166922569274905
719,-0.1987406462430954
720,-0.2710447311401367
721,-0.2927576303482056
722,-0.17085182666778564
723,-0.231062725186348
724,-0.2212870568037033
725,-0.16939637064933774
726,-0.18554720282554624
727,-0.2388800829648972
728,-0.20079323649406436
729,-0.2296755760908127
730,-0.17629499733448029
731,-0.3578177988529205
732,-0.26271912455558777
733,-0.17119649052619934
734,-0.13996592164039612
735,-0.2675648033618927
736,-0.175216943025589
737,-0.21203544735908508
738,-0.25658804178237915
739,-0.2105855941772461
740,-0.14781460165977478
741,-0.19028939306735992
742,-0.24644586443901065
743,-0.2553459405899048
744,-0.2505958676338196
745,-0.22090959548950195
746,-0.20777416229248047
747,-0.28209468722343445
748,-0.3465041518211365
749,-0.22404496371746066
750,-0.23078802227973935
751,-0.2582915723323822
752,-0.24981789290905
753,-0.18723876774311066
754,-0.2840993106365204
755,-0.19661672413349152
756,-0.3078999221324921
757,-0.17296059429645538
758,-0.16071775555610654
759,-0.1914300173521042
760,-0.3388985097408295
761,-0.25399670004844666
762,-0.1158105731010437
763,-0.14234939217567444
764,-0.3599952161312103
765,-0.16704194247722626
766,-0.24729056656360626
767,-0.17334839701652527
768,-0.32133668661117554
769,-0.24077820777893064
770,-0.1364445686340332
771,-0.2465090304613113
772,-0.1686040610074997
773,-0.22857137024402616
774,-0.2751227915287018
775,-0.2839162051677704
776,-0.21200552582740784
777,-0.3274312913417816
778,-0.1520349085330963
779,-0.17096497118473053
780,-0.2407365292310715
781,-0.16904792189598086
782,-0.2659991383552551
783,-0.1958783119916916
784,-0.23606500029563904
785,-0.22225287556648252
786,-0.1341986209154129
787,-0.2443596422672272
788,-0.28907275199890137
789,-0.1483018845319748
790,-0.23899197578430176
791,-0.17182879149913788
792,-0.20039506256580356
793,-0.2047969549894333
794,-0.21009108424186707
795,-0.2232063263654709
796,-0.1960458755493164
797,-0.20005901157855988
798,-0.1977588087320328
799,-0.19486857950687408
800,-0.1824752390384674
801,-0.19575390219688416
802,-0.3160382807254791
803,-0.19303178787231445
804,-0.2113194763660431
805,-0.28539958596229553
806,-0.2304385006427765
807,-0.24234680831432345
808,-0.2672927975654602
809,-0.19394391775131226
810,-0.15620902180671692
811,-0.2396896630525589
812,-0.2174769341945648
813,-0.22507297992706302
814,-0.2334015667438507
815,-0.15483804047107694
816,-0.1623961180448532
817,-0.1544838398694992
818,-0.24176721274852755
819,-0.2509462833404541
820,-0.17959889769554138
821,-0.14555417001247406
822,-0.33472940325737
823,-0.17030850052833554
824,-0.34503260254859924
825,-0.21825675666332245
826,-0.19316332042217252
827,-0.2721767425537109
828,-0.11936482042074205
829,-0.10729539394378662
830,-0.2490028589963913
831,-0.20323292911052704
832,-0.18132594227790835
833,-0.15224027633666992
834,-0.17718936502933502
835,-0.2693769335746765
836,-0.1925584077835083
837,-0.18419772386550906
838,-0.34216320514678955
839,-0.2086682021617889
840,-0.32670217752456665
841,-0.2824096083641052
842,-0.267085999250412
843,-0.2915084958076477
844,-0.22074651718139648
845,-0.21430587768554688
846,-0.2206478863954544
847,-0.3377404510974884
848,-0.1834949254989624
849,-0.17033174633979795
850,-0.28344395756721497
851,-0.15035365521907804
852,-0.3224779963493347
853,-0.3778335452079773
854,-0.29705554246902466
855,-0.10026011615991592
856,-0.16682294011116028
857,-0.18639330565929413
858,-0.1864285469055176
859,-0.14067362248897552
860,-0.297640323638916
861,-0.13410678505897522
862,-0.2727903723716736
863,-0.3804894089698792
864,-0.1989931017160416
865,-0.12021231651306152
866,-0.2231491059064865
867,-0.2957276403903961
868,-0.1734420508146286
869,-0.2458709478378296
870,-0.259609192609787
871,-0.2287617027759552
872,-0.1661224067211151
873,-0.31449079513549805
874,-0.20493070781230927
875,-0.1778920590877533
876,-0.2900703549385071
877,-0.189437672495842
878,-0.1564583033323288
879,-0.21529796719551086
880,-0.3758524656295776
881,-0.1723881959915161
882,-0.18041887879371646
883,-0.22372440993785855
884,-0.20885217189788816
885,-0.3137866854667664
886,-0.2446253299713135
887,-0.18614506721496585
888,-0.21863779425621035
889,-0.22932669520378116
890,-0.2712123990058899
891,-0.19647255539894104
892,-0.2295161783695221
893,-0.20105865597724915
894,-0.2105320394039154
895,-0.3171621263027191
896,-0.2437104433774948
897,-0.2789762020111084
898,-0.19693180918693545
899,-0.3099902868270874
900,-0.27532973885536194
901,-0.19421210885047915
902,-0.17190371453762054
903,-0.2310095727443695
904,-0.2651311755180359
905,-0.20149624347686768
906,-0.21590867638587952
907,-0.27314054965972895
908,-0.20166778564453125
909,-0.2517904341220856
910,-0.3249960541725159
911,-0.22434625029563904
912,-0.1823115348815918
913,-0.269651472568512
914,-0.3265949785709381
915,-0.3204216659069061
916,-0.1082570105791092
917,-0.18576282262802124
918,-0.19207461178302765
919,-0.3371022641658783
920,-0.19050940871238708
921,-0.211261123418808
922,-0.2492042779922485
923,-0.2479529678821564
924,-0.23758092522621155
925,-0.19304366409778595
926,-0.1022575944662094
927,-0.202054426074028
928,-0.21442893147468567
929,-0.2841437757015228
930,-0.3655726313591003
931,-0.2174837291240692
932,-0.3599397540092468
933,-0.2793814539909363
934,-0.1795675903558731
935,-0.16185036301612854
936,-0.3281333446502685
937,-0.13770242035388947
938,-0.5213510990142822
939,-0.295093446969986
940,-0.1951075941324234
941,-0.1755046546459198
942,-0.23090271651744845
943,-0.2053784430027008
944,-0.2295387536287308
945,-0.1151522845029831
946,-0.11219574511051178
947,-0.2536924481391907
948,-0.22402110695838928
949,-0.21506774425506592
950,-0.10303876549005507
951,-0.17724956572055814
952,-0.27070099115371704
953,-0.17550481855869293
954,-0.15123137831687927
955,-0.1899735927581787
956,-0.2439935952425003
957,-0.19455237686634064
958,-0.1609209179878235
959,-0.30314993858337397
960,-0.2370786964893341
961,-0.2999914288520813
962,-0.15838521718978882
963,-0.14846277236938474
964,-0.20533215999603271
965,-0.14822886884212494
966,-0.20338615775108335
967,-0.12996473908424375
968,-0.11861462891101834
969,-0.27119272947311396
970,-0.24806280434131625
971,-0.2708640396595001
972,-0.2631548345088959
973,-0.22886481881141665
974,-0.22754769027233124
975,-0.2739008665084839
976,-0.2884907126426697
977,-0.23386403918266296
978,-0.1706651747226715
979,-0.23529431223869324
980,-0.21575772762298584
981,-0.2259436845779419
982,-0.2324901819229126
983,-0.18043965101242065
984,-0.11600042879581453
985,-0.5690500736236572
986,-0.14783866703510284
987,-0.2277044355869293
988,-0.2157365083694458
989,-0.16837991774082184
990,-0.16716863214969635
991,-0.1394827961921692
992,-0.18478527665138245
993,-0.3255296349525452
994,-0.2500784993171692
995,-0.18660925328731534
996,-0.1794871836900711
997,-0.20308120548725128
998,-0.20873677730560306
999,-0.16213905811309814
1000,-0.2291695177555084
1001,-0.23143403232097626
1002,-0.16311576962471008
1003,-0.1469283550977707
1004,-0.287759929895401
1005,-0.379225879907608
1006,-0.2410546839237213
1007,-0.1495119035243988
1008,-0.16460682451725006
1009,-0.22026577591896054
1010,-0.16174368560314178
1011,-0.23913495242595675
1012,-0.14737805724143982
1013,-0.2595770061016083
1014,-0.15954603254795074
1015,-0.17807437479496002
1016,-0.2732358276844025
1017,-0.11904988437891005
1018,-0.19818159937858584
1019,-0.22251394391059875
1020,-0.14883162081241608
1021,-0.21506300568580627
1022,-0.2847433388233185
1023,-0.2716657519340515
1024,-0.2098597288131714
1025,-0.27983734011650085
1026,-0.1077866330742836
1027,-0.12207306921482085
1028,-0.2075965404510498
1029,-0.14936229586601255
1030,-0.2774236798286438
1031,-0.26487997174263
1032,-0.1828846335411072
1033,-0.2861173450946808
1034,-0.1530778557062149
1035,-0.1881830245256424
1036,-0.2296055108308792
1037,-0.1644677221775055
1038,-0.17483171820640564
1039,-0.1169501170516014
1040,-0.4826112389564514
1041,-0.2499235421419144
1042,-0.18540695309638974
1043,-0.2033545523881912
1044,-0.2042275220155716
1045,-0.17929434776306152
1046,-0.16868853569030762
1047,-0.27200379967689514
1048,-0.2083791047334671
1049,-0.2493657320737839
1050,-0.2477821409702301
1051,-0.1375998556613922
1052,-0.22389884293079376
1053,-0.1948118656873703
1054,-0.2592781484127045
1055,-0.3023284077644348
1056,-0.1291988641023636
1057,-0.22980138659477234
1058,-0.21765370666980746
1059,-0.18349480628967285
1060,-0.20140135288238525
1061,-0.15415355563163755
1062,-0.1554141789674759
1063,-0.3554690480232239
1064,-0.15291659533977509
1065,-0.19778147339820865
1066,-0.14287221431732178
1067,-0.2872921824455261
1068,-0.1899724304676056
1069,-0.1747727245092392
1070,-0.2400892525911331
1071,-0.2335552275180817
1072,-0.19940431416034696
1073,-0.16022604703903198
1074,-0.2148409336805344
1075,-0.15155324339866638
1076,-0.10456754267215727
1077,-0.2683049142360687
1078,-0.2116835564374924
1079,-0.19733774662017825
1080,-0.2232143580913544
1081,-0.2634247839450836
1082,-0.2301871478557587
1083,-0.1922610104084015
1084,-0.20832809805870056
1085,-0.23503462970256805
1086,-0.18028011918067927
1087,-0.12276186794042587
1088,-0.09511705487966536
1089,-0.3080727756023407
1090,-0.2567474246025085
1091,-0.20226189494133
1092,-0.38391989469528204
1093,-0.3239956796169281
1094,-0.22155264019966125
1095,-0.24195496737957
1096,-0.2083032876253128
1097,-0.22857995331287384
1098,-0.2299398630857468
1099,-0.4337480068206787
1100,-0.298043429851532
1101,-0.16232708096504211
1102,-0.24970564246177676
1103,-0.26345860958099365
1104,-0.18432475626468656
1105,-0.18325403332710266
1106,-0.18743734061717987
1107,-0.20189769566059115
1108,-0.1132335513830185
1109,-0.1613493114709854
1110,-0.14478090405464172
1111,-0.244413897395134
1112,-0.3154323697090149
1113,-0.20600804686546328
1114,-0.26394718885421753
1115,-0.4742697179317474
1116,-0.1853480488061905
1117,-0.19166234135627747
1118,-0.17073991894721985
1119,-0.2171998918056488
1120,-0.1425882875919342
1121,-0.3021673560142517
1122,-0.2952092885971069
1123,-0.17041154205799106
1124,-0.25723594427108765
1125,-0.1723257303237915
1126,-0.18122531473636627
1127,-0.1615503877401352
1128,-0.3830750584602356
1129,-0.266680121421814
1130,-0.25858211517333984
1131,-0.2052612602710724
1132,-0.12240423262119292
1133,-0.15846392512321472
1134,-0.18941500782966614
1135,-0.14893023669719696
1136,-0.2771373689174652
1137,-0.4161404073238373
1138,-0.292155921459198
1139,-0.17415668070316315
1140,-0.15419858694076538
1141,-0.23454587161540985
1142,-0.2065933495759964
1143,-0.12276750802993774
1144,-0.16183793544769287
1145,-0.43489870429039
1146,-0.24084365367889404
1147,-0.2403854578733444
1148,-0.186222180724144
1149,-0.1712259203195572
1150,-0.2427471876144409
1151,-0.34546881914138794
1152,-0.16509480774402618
1153,-0.3230448365211487
1154,-0.3474940955638885
1155,-0.306951642036438
1156,-0.22826330363750455
1157,-0.2431689947843552
1158,-0.3024161458015442
1159,-0.2557834982872009
1160,-0.3507999777793884
1161,-0.18750257790088654
1162,-0.2047549933195114
1163,-0.21364429593086245
1164,-0.1757345348596573
1165,-0.24008461833000186
1166,-0.2024376094341278
1167,-0.20306554436683652
1168,-0.161241814494133
1169,-0.18123845756053925
1170,-0.2766282260417938
1171,-0.2437545359134674
1172,-0.14781256020069122
1173,-0.19524650275707245
1174,-0.2835709154605865
1175,-0.25857916474342346
1176,-0.22660887241363525
1177,-0.2489274740219116
1178,-0.33318430185317993
1179,-0.16522248089313507
1180,-0.16432486474514008
1181,-0.20501339435577395
1182,-0.16892358660697934
1183,-0.2143658697605133
1184,-0.2278061211109161
1185,-0.28465670347213745
1186,-0.3329077661037445
1187,-0.1906662881374359
1188,-0.23088975250720975
1189,-0.2953771948814392
1190,-0.2043892443180084
1191,-0.3348123431205749
1192,-0.2152798175811768
1193,-0.19360950589179995
1194,-0.27666324377059937
1195,-0.1565895825624466
1196,-0.2161852121353149
1197,-0.2619748413562775
1198,-0.34116852283477783
1199,-0.3295026123523712
1200,-0.1400800794363022
1201,-0.2074953019618988
1202,-0.1822386533021927
1203,-0.1760624647140503
1204,-0.2002641707658768
1205,-0.2550737261772156
1206,-0.20246019959449768
1207,-0.20580700039863584
1208,-0.2265321463346481
1209,-0.21269699931144714
1210,-0.1878347545862198
1211,-0.17230471968650818
1212,-0.2424256503582001
1213,-0.1343446522951126
1214,-0.20552507042884827
1215,-0.20917773246765134
1216,-0.17295706272125244
1217,-0.16194990277290344
1218,-0.4371843338012695
1219,-0.1687743067741394
1220,-0.20394614338874814
1221,-0.2653016746044159
1222,-0.16139431297779086
1223,-0.11545707285404205
1224,-0.1909583210945129
1225,-0.253499835729599
1226,-0.20100541412830356
1227,-0.2092544138431549
1228,-0.23607325553894046
1229,-0.20966625213623047
1230,-0.2723945677280426
1231,-0.2420463562011719
1232,-0.20707333087921145
1233,-0.16368624567985535
1234,-0.206186443567276
1235,-0.2956843674182892
1236,-0.21601343154907227
1237,-0.20984582602977755
1238,-0.13182732462882996
1239,-0.1967754513025284
1240,-0.27228987216949463
1241,-0.18902285397052765
1242,-0.201429083943367
1243,-0.3753302693367005
1244,-0.0965924710035324
1245,-0.2313646972179413
1246,-0.1991356909275055
1247,-0.30413228273391724
1248,-0.20714111626148224
1249,-0.2127932757139206
1250,-0.1957419365644455
1251,-0.18643689155578613
1252,-0.23665280640125275
1253,-0.13076885044574738
1254,-0.2541242241859436
1255,-0.17478451132774353
1256,-0.21669967472553253
1257,-0.16646598279476166
1258,-0.18319711089134216
1259,-0.107474684715271
1260,-0.1386156976222992
1261,-0.2772820293903351
1262,-0.15860722959041595
1263,-0.3870704770088196
1264,-0.1908814013004303
1265,-0.23966462910175326
1266,-0.2130681276321411
1267,-0.3734850287437439
1268,-0.2679843008518219
1269,-0.22380442917346954
1270,-0.16591118276119232
1271,-0.3236064314842224
1272,-0.26233145594596863
1273,-0.21616940200328827
1274,-0.26960581541061396
1275,-0.2873837351799011
1276,-0.33831220865249634
1277,-0.2432744801044464
1278,-0.2369931936264038
1279,-0.2324680536985397
1280,-0.1807253062725067
1281,-0.2365109026432037
1282,-0.2567036747932434
1283,-0.19910190999507904
1284,-0.15194174647331238
1285,-0.3014267086982727
1286,-0.2507871985435486
1287,-0.17646008729934692
1288,-0.2102477550506592
1289,-0.3565207123756409
1290,-0.23785054683685306
1291,-0.188030943274498
1292,-0.3508925437927246
1293,-0.3668990135192871
1294,-0.2445656508207321
1295,-0.1845478862524033
1296,-0.21350812911987305
1297,-0.4314881861209869
1298,-0.20193974673748016
1299,-0.20383140444755554
1300,-0.17280897498130798
1301,-0.2540861666202545
1302,-0.2885942459106445
1303,-0.2768784165382385
1304,-0.2322019338607788
1305,-0.25944608449935913
1306,-0.280221164226532
1307,-0.19311106204986567
1308,-0.16232481598854065
1309,-0.2265423834323883
1310,-0.2293612211942673
1311,-0.2441153824329376
1312,-0.18546602129936215
1313,-0.14626255631446838
1314,-0.1424870789051056
1315,-0.21511435508728027
1316,-0.26096826791763306
1317,-0.2636688351631165
1318,-0.20904655754566195
1319,-0.2555888295173645
1320,-0.22208234667778012
1321,-0.2727653384208679
1322,-0.2098190039396286
1323,-0.22868463397026065
1324,-0.19792652130126956
1325,-0.19647745788097384
1326,-0.28101515769958496
1327,-0.2834896147251129
1328,-0.2296896278858185
1329,-0.1538543552160263
1330,-0.1566774547100067
1331,-0.24523234367370605
1332,-0.1680423468351364
1333,-0.2288903743028641
1334,-0.1885872483253479
1335,-0.2524418830871582
1336,-0.3429334759712219
1337,-0.20910432934761047
1338,-0.22829803824424744
1339,-0.2818572521209717
1340,-0.21847601234912872
1341,-0.24957844614982605
1342,-0.24564656615257266
1343,-0.19110344350337985
1344,-0.1327415108680725
1345,-0.2105940282344818
1346,-0.20122984051704407
1347,-0.3391537666320801
1348,-0.3671301007270813
1349,-0.2428520917892456
1350,-0.1716097891330719
1351,-0.1543688327074051
1352,-0.4080868363380432
1353,-0.2060159146785736
1354,-0.2885996103286743
1355,-0.23089711368083954
1356,-0.303817480802536
1357,-0.28949105739593506
1358,-0.3480859696865082
1359,-0.19433461129665372
1360,-0.21186093986034396
1361,-0.15718024969100952
1362,-0.16589823365211487
1363,-0.24221086502075195
1364,-0.4449503421783447
1365,-0.29142075777053833
1366,-0.17816002666950226
1367,-0.19538865983486176
1368,-0.34233784675598145
1369,-0.21494042873382568
1370,-0.19245120882987976
1371,-0.151498943567276
1372,-0.2841449081897736
1373,-0.22968587279319766
1374,-0.15958529710769653
1375,-0.2398337572813034
1376,-0.3411204218864441
1377,-0.19351501762866974
1378,-0.18843646347522736
1379,-0.16943369805812836
1380,-0.1676952987909317
1381,-0.20716741681098935
1382,-0.21240973472595212
1383,-0.15887026488780975
1384,-0.2172495573759079
1385,-0.1919020712375641
1386,-0.2764269709587097
1387,-0.28118157386779785
1388,-0.15641126036643982
1389,-0.2122301310300827
1390,-0.21582499146461487
1391,-0.15339286625385284
1392,-0.20410041511058807
1393,-0.23787519335746765
1394,-0.11573804914951324
1395,-0.2610081732273102
1396,-0.17954117059707642
1397,-0.3095765709877014
1398,-0.3106521666049957
1399,-0.16906945407390594
1400,-0.2535257339477539
1401,-0.19485539197921756
1402,-0.12548591196537018
1403,-0.09819165617227554
1404,-0.26719972491264343
1405,-0.1998169869184494
1406,-0.17191697657108307
1407,-0.24406251311302185
1408,-0.2070818692445755
1409,-0.2262401282787323
1410,-0.3340309262275696
1411,-0.177486389875412
1412,-0.16811831295490265
1413,-0.16114690899848938
1414,-0.14012596011161804
1415,-0.1930029541254044
1416,-0.28225523233413696
1417,-0.3668154180049896
1418,-0.2450441867113113
1419,-0.2644053399562836
1420,-0.1821117103099823
1421,-0.2856641113758087
1422,-0.2901565134525299
1423,-0.2950417995452881
1424,-0.18621209263801572
1425,-0.2819675803184509
1426,-0.16929474472999573
1427,-0.2442142963409424
1428,-0.16444604098796844
1429,-0.2704929113388061
1430,-0.16590186953544614
1431,-0.2657391428947449
1432,-0.18580251932144165
1433,-0.2454966604709625
1434,-0.16992142796516418
1435,-0.1811010390520096
1436,-0.1372057944536209
1437,-0.4594757556915283
1438,-0.2629337310791016
1439,-0.21474376320838928
1440,-0.30677908658981323
1441,-0.30285757780075073
1442,-0.3864785432815552
1443,-0.14506761729717255
1444,-0.18720968067646027
1445,-0.3237709105014801
1446,-0.24514193832874295
1447,-0.29101330041885376
1448,-0.2065642774105072
1449,-0.21883220970630649
1450,-0.2384786605834961
1451,-0.243523433804512
1452,-0.2125738859176636
1453,-0.21503543853759768
1454,-0.15964676439762115
1455,-0.3522093296051025
1456,-0.18784813582897186
1457,-0.1681307703256607
1458,-0.2592858076095581
1459,-0.19756434857845304
1460,-0.3210937976837158
1461,-0.15169024467468262
1462,-0.2300204485654831
1463,-0.2500054538249969
1464,-0.205789253115654
1465,-0.2689337134361267
1466,-0.3704122304916382
1467,-0.2383070737123489
1468,-0.2350873649120331
1469,-0.20201396942138672
1470,-0.1814008504152298
1471,-0.15383878350257876
1472,-0.2329445332288742
1473,-0.2788442969322205
1474,-0.1527682989835739
1475,-0.21224865317344666
1476,-0.1422775685787201
1477,-0.11895488202571868
1478,-0.1844324767589569
1479,-0.1984977275133133
1480,-0.21053031086921686
1481,-0.2487376034259796
1482,-0.180547907948494
1483,-0.15788523852825165
1484,-0.2193623334169388
1485,-0.2658430635929108
1486,-0.18314129114151
1487,-0.2470315396785736
1488,-0.23974820971488955
1489,-0.3534786105155945
1490,-0.3152782320976257
1491,-0.3086334466934204
1492,-0.22186478972435
1493,-0.1861799955368042
1494,-0.2563702464103699
1495,-0.3090457320213318
1496,-0.11970458924770355
1497,-0.19411039352416992
1498,-0.2134530246257782
1499,-0.29996028542518616
1500,-0.18216709792613986
1501,-0.134698286652565
1502,-0.1368471533060074
1503,-0.2382406443357468
1504,-0.1311432272195816
1505,-0.15842895209789276
1506,-0.27742454409599304
1507,-0.1464116871356964
1508,-0.25942569971084595
1509,-0.30072253942489624
1510,-0.2810857892036438
1511,-0.2965768873691559
1512,-0.15755097568035126
1513,-0.2966836392879486
1514,-0.21751227974891665
1515,-0.10871585458517076
1516,-0.23758992552757266
1517,-0.22377923130989075
1518,-0.2781553268432617
1519,-0.2639563679695129
1520,-0.2414285689592361
1521,-0.3605083823204041
1522,-0.1266225129365921
1523,-0.16266122460365295
1524,-0.2545097768306732
1525,-0.2373703271150589
1526,-0.3583773076534271
1527,-0.2441387176513672
1528,-0.11236902326345444
1529,-0.20743051171302795
1530,-0.2824203968048096
1531,-0.2799443006515503
1532,-0.1497286558151245
1533,-0.1921271085739136
1534,-0.2027263194322586
1535,-0.18733057379722595
1536,-0.28616949915885925
1537,-0.19520364701747892
1538,-0.3012602925300598
1539,-0.1725708544254303
1540,-0.32165032625198364
1541,-0.15963511168956754
1542,-0.21361272037029266
1543,-0.18685542047023773
1544,-0.2186115086078644
1545,-0.2098453789949417
1546,-0.1956300288438797
1547,-0.1630723625421524
1548,-0.1598435640335083
1549,-0.21640411019325256
1550,-0.4467353820800781
1551,-0.19347672164440155
1552,-0.24241510033607486
1553,-0.3078251481056213
1554,-0.23409263789653775
1555,-0.2390511482954025
1556,-0.21513302624225614
1557,-0.3174138069152832
1558,-0.22759859263896945
1559,-0.3261374831199646
1560,-0.241528794169426
1561,-0.18532094359397888
1562,-0.11691995710134505
1563,-0.3484100103378296
1564,-0.19452175498008728
1565,-0.2914082407951355
1566,-0.20400819182395932
1567,-0.18436019122600555
1568,-0.2394802868366241
1569,-0.4703432023525238
1570,-0.19395464658737185
1571,-0.17386403679847715
1572,-0.22120073437690732
1573,-0.1846872568130493
1574,-0.3735445737838745
1575,-0.199008971452713
1576,-0.17817698419094086
1577,-0.3114595115184784
1578,-0.20850178599357605
1579,-0.13790564239025116
1580,-0.16713885962963104
1581,-0.20508822798728946
1582,-0.23651430010795596
1583,-0.17668694257736206
1584,-0.15075187385082245
1585,-0.22998738288879395
1586,-0.1773439198732376
1587,-0.13758818805217746
1588,-0.2580113410949707
1589,-0.3136060833930969
1590,-0.249133825302124
1591,-0.2270267754793167
1592,-0.0844779685139656
1593,-0.2410305738449097
1594,-0.3744112253189087
1595,-0.20816640555858607
1596,-0.20546415448188785
1597,-0.21713177859783173
1598,-0.1899518519639969
1599,-0.2927260994911194
1600,-0.2109610140323639
1601,-0.2443012297153473
1602,-0.29267555475234985
1603,-0.2697875201702118
1604,-0.2572101056575775
1605,-0.15556934475898745
1606,-0.2238314151763916
1607,-0.2698829174041748
1608,-0.2069045752286911
1609,-0.2603980898857117
1610,-0.2774377763271332
1611,-0.1894652098417282
1612,-0.2143070697784424
1613,-0.3307970762252808
1614,-0.2216649055480957
1615,-0.1357603371143341
1616,-0.2629048824310303
1617,-0.20821066200733185
1618,-0.4492869377136231
1619,-0.12787090241909027
1620,-0.2936401963233948
1621,-0.17700514197349548
1622,-0.1042054444551468
1623,-0.2705948650836945
1624,-0.1552625447511673
1625,-0.21140003204345706
1626,-0.4761120676994324
1627,-0.15185287594795227
1628,-0.23909159004688266
1629,-0.3099708557128906
1630,-0.4417657256126404
1631,-0.2281855642795563
1632,-0.33479616045951843
1633,-0.23131883144378665
1634,-0.2810286581516266
1635,-0.1887579709291458
1636,-0.2853809893131256
1637,-0.2577590644359589
1638,-0.2911092638969421
1639,-0.3499535322189331
1640,-0.27214857935905457
1641,-0.2384988963603973
1642,-0.21462635695934296
1643,-0.227872297167778
1644,-0.2539058923721313
1645,-0.3302639722824097
1646,-0.19859251379966736
1647,-0.22588548064231875
1648,-0.2641805112361908
1649,-0.20221471786499026
1650,-0.3340546488761902
1651,-0.2076513320207596
1652,-0.2077518254518509
1653,-0.16179132461547852
1654,-0.23133917152881625
1655,-0.20860961079597476
1656,-0.32802557945251465
1657,-0.21225783228874207
1658,-0.2698999047279358
1659,-0.23220770061016086
1660,-0.18756163120269773
1661,-0.2312573492527008
1662,-0.2203873097896576
1663,-0.2684770226478577
1664,-0.13781394064426422
1665,-0.16803036630153656
1666,-0.21258819103240967
1667,-0.14654669165611267
1668,-0.15735700726509094
1669,-0.16644297540187836
1670,-0.2440511286258697
1671,-0.35616180300712585
1672,-0.2435854971408844
1673,-0.14572738111019135
1674,-0.2541881799697876
1675,-0.19007472693920133
1676,-0.1520715355873108
1677,-0.18484917283058167
1678,-0.2516644597053528
1679,-0.17140725255012512
1680,-0.4201010167598725
1681,-0.20419609546661374
1682,-0.23316065967082975
1683,-0.2412696778774261
1684,-0.2734536528587341
1685,-0.2420515567064285
1686,-0.19657699763774872
1687,-0.13687396049499512
1688,-0.2911784052848816
1689,-0.2472709119319916
1690,-0.2299056798219681
1691,-0.29743292927742004
1692,-0.18771547079086304
1693,-0.19200150668621066
1694,-0.2736305594444275
1695,-0.16592609882354736
1696,-0.3135034143924713
1697,-0.2651333212852478
1698,-0.21737925708293915
1699,-0.3162024915218353
1700,-0.23457255959510806
1701,-0.13042709231376648
1702,-0.18871065974235532
1703,-0.24468448758125305
1704,-0.25262928009033203
1705,-0.21492865681648252
1706,-0.18275272846221924
1707,-0.3019998669624329
1708,-0.218621164560318
1709,-0.18102000653743744
1710,-0.19068855047225952
1711,-0.21232375502586365
1712,-0.2812595367431641
1713,-0.20614036917686465
1714,-0.25740909576416016
1715,-0.14838272333145142
1716,-0.2063286304473877
1717,-0.2602082192897797
1718,-0.1964123696088791
1719,-0.25037726759910583
1720,-0.2946608960628509
1721,-0.16839702427387238
1722,-0.2619084417819977
1723,-0.25991910696029663
1724,-0.2484407126903534
1725,-0.23929063975811005
1726,-0.23839792609214785
1727,-0.17762772738933566
1728,-0.20090754330158234
1729,-0.1871838867664337
1730,-0.2270415723323822
1731,-0.1557081937789917
1732,-0.2786247134208679
1733,-0.2575845122337341
1734,-0.14940519630908966
1735,-0.11294398456811905
1736,-0.15919968485832214
1737,-0.2196411639451981
1738,-0.2029578685760498
1739,-0.139250248670578
1740,-0.1773478090763092
1741,-0.20751424133777616
1742,-0.16049690544605255
1743,-0.2445785999298096
1744,-0.368283748626709
1745,-0.2491493672132492
1746,-0.26343661546707153
1747,-0.17450545728206635
1748,-0.22072656452655792
1749,-0.22638460993766785
1750,-0.2210894376039505
1751,-0.29905539751052856
1752,-0.22295841574668884
1753,-0.2440268099308014
1754,-0.23268385231494906
1755,-0.16977433860301971
1756,-0.2148575484752655
1757,-0.2917574942111969
1758,-0.22931234538555145
1759,-0.19294948875904086
1760,-0.19711323082447046
1761,-0.2153676003217697
1762,-0.23334749042987826
1763,-0.15709078311920166
1764,-0.1434476226568222
1765,-0.265311062335968
1766,-0.2703031003475189
1767,-0.2417801171541214
1768,-0.2490221709012985
1769,-0.11369339376688005
1770,-0.16703002154827118
1771,-0.22036321461200714
1772,-0.14367935061454773
1773,-0.2388751208782196
1774,-0.2911468744277954
1775,-0.15039125084877014
1776,-0.21753156185150144
1777,-0.14849519729614258
1778,-0.12870576977729795
1779,-0.24128508567810056
1780,-0.1898769736289978
1781,-0.20593686401844025
1782,-0.1851750612258911
1783,-0.22818374633789065
1784,-0.26540160179138184
1785,-0.10053012520074844
1786,-0.2639769911766052
1787,-0.3737796545028687
1788,-0.1829761564731598
1789,-0.2508776783943176
1790,-0.2316912114620209
1791,-0.26156216859817505
1792,-0.2140054702758789
1793,-0.27289825677871704
1794,-0.15546570718288422
1795,-0.2239776849746704
1796,-0.20371513068675995
1797,-0.18040581047534945
1798,-0.17869487404823306
1799,-0.2493825703859329
1800,-0.20841436088085172
1801,-0.2492769509553909
1802,-0.3239354193210602
1803,-0.2830996811389923
1804,-0.33453845977783203
1805,-0.15768250823020935
1806,-0.2791489064693451
1807,-0.1841655820608139
1808,-0.159698486328125
1809,-0.2691086530685425
1810,-0.1864318549633026
1811,-0.24509020149707794
1812,-0.1943454146385193
1813,-0.21933457255363464
1814,-0.16345742344856262
1815,-0.17241790890693665
1816,-0.2184982001781464
1817,-0.3132807016372681
1818,-0.2955241203308105
1819,-0.14912042021751404
1820,-0.2296418845653534
1821,-0.1932242214679718
1822,-0.3038281798362732
1823,-0.16301456093788147
1824,-0.20407262444496155
1825,-0.16412857174873352
1826,-0.34665852785110474
1827,-0.16011707484722135
1828,-0.20562510192394254
1829,-0.2922142744064331
1830,-0.24861900508403775
1831,-0.11697648465633392
1832,-0.24988195300102234
1833,-0.2333180159330368
1834,-0.2574664652347565
1835,-0.20626339316368106
1836,-0.2414588034152985
1837,-0.2267865687608719
1838,-0.203952357172966
1839,-0.17833098769187927
1840,-0.2616326212882996
1841,-0.28813454508781433
1842,-0.24960756301879886
1843,-0.20955196022987368
1844,-0.2478573024272919
1845,-0.2536212503910065
1846,-0.18708691000938416
1847,-0.1909928321838379
1848,-0.22392909228801727
1849,-0.22004835307598114
1850,-0.320782482624054
1851,-0.18907834589481354
1852,-0.21963950991630554
1853,-0.15803630650043488
1854,-0.26994505524635315
1855,-0.2271124571561813
1856,-0.1813012808561325
1857,-0.16868482530117035
1858,-0.19751089811325076
1859,-0.4741123616695404
1860,-0.29669302701950073
1861,-0.2269207239151001
1862,-0.1572987735271454
1863,-0.1889612376689911
1864,-0.2865428030490875
1865,-0.2582324147224426
1866,-0.12459628283977507
1867,-0.2921693325042725
1868,-0.21796810626983645
1869,-0.2447529286146164
1870,-0.15292075276374814
1871,-0.17913737893104553
1872,-0.3824106454849243
1873,-0.1989937126636505
1874,-0.2572572231292725
1875,-0.3058048188686371
1876,-0.18517418205738068
1877,-0.1964244693517685
1878,-0.10142259299755096
1879,-0.2813432216644287
1880,-0.214905858039856
1881,-0.1916785538196564
1882,-0.4399170875549317
1883,-0.2909441888332367
1884,-0.16029469668865204
1885,-0.15917745232582092
1886,-0.1576177030801773
1887,-0.17346453666687012
1888,-0.246813103556633
1889,-0.18513336777687076
1890,-0.2554856836795807
1891,-0.21796157956123352
1892,-0.17279039323329926
1893,-0.2179399281740189
1894,-0.2580059468746185
1895,-0.17146940529346466
1896,-0.22467546164989471
1897,-0.2586312294006348
1898,-0.16972890496253967
1899,-0.2515740096569061
1900,-0.34311842918396
1901,-0.2776685655117035
1902,-0.2607193887233734
1903,-0.2276865243911743
1904,-0.14368252456188202
1905,-0.12493600696325302
1906,-0.18565495312213895
1907,-0.19762367010116574
1908,-0.2448175698518753
1909,-0.2541363835334778
1910,-0.2513108253479004
1911,-0.11881108582019805
1912,-0.1884665340185165
1913,-0.14175474643707275
1914,-0.2310180217027664
1915,-0.2341018468141556
1916,-0.24593719840049744
1917,-0.20968934893608093
1918,-0.20162706077098846
1919,-0.13896772265434265
1920,-0.2714731693267822
1921,-0.2258964329957962
1922,-0.3115862607955933
1923,-0.33480992913246155
1924,-0.12703563272953033
1925,-0.3079881072044373
1926,-0.23711815476417544
1927,-0.1740817129611969
1928,-0.23466217517852786
1929,-0.4306661188602448
1930,-0.2116965353488922
1931,-0.1590888500213623
1932,-0.2141507118940353
1933,-0.2014435976743698
1934,-0.3142607808113098
1935,-0.12599794566631314
1936,-0.23107025027275085
1937,-0.2858027517795563
1938,-0.15418094396591187
1939,-0.24473586678504944
1940,-0.12269983440637587
1941,-0.349030077457428
1942,-0.20404382050037384
1943,-0.2209307849407196
1944,-0.3301053047180176
1945,-0.28469139337539673
1946,-0.24101996421813965
1947,-0.26838067173957825
1948,-0.2945927083492279
1949,-0.22495409846305847
1950,-0.21112696826457975
1951,-0.3595161437988281
1952,-0.24057693779468536
1953,-0.1572173535823822
1954,-0.1866257935762405
1955,-0.19011342525482175
1956,-0.3393453061580658
1957,-0.22808504104614255
1958,-0.12708497047424314
1959,-0.18839016556739807
1960,-0.2382303923368454
1961,-0.18728995323181152
1962,-0.22110751271247864
1963,-0.21932604908943176
1964,-0.34579724073410034
1965,-0.277942568063736
1966,-0.1280229538679123
1967,-0.2908596396446228
1968,-0.2740221917629242
1969,-0.2256734073162079
1970,-0.2892017960548401
1971,-0.15148839354515076
1972,-0.16326622664928436
1973,-0.16471411287784574
1974,-0.20808622241020205
1975,-0.34342557191848755
1976,-0.24293342232704165
1977,-0.1976124942302704
1978,-0.200216606259346
1979,-0.20728783309459686
1980,-0.23199884593486786
1981,-0.20599539577960968
1982,-0.3482738733291626
1983,-0.26990184187889105
1984,-0.21051302552223208
1985,-0.20535162091255188
1986,-0.20245954394340515
1987,-0.22565317153930664
1988,-0.3032388091087341
1989,-0.29963380098342896
1990,-0.19312214851379395
1991,-0.4126945436000824
1992,-0.20595844089984894
1993,-0.2549290657043457
1994,-0.20670974254608154
1995,-0.18539324402809146
1996,-0.3323742747306824
1997,-0.13222810626029968
1998,-0.319006621837616
1999,-0.14069905877113342
