,value_per_image
0,0.0446267258093442
1,0.0622160577649822
2,0.058515690091393326
3,0.07436103236595885
4,0.040891971333971135
5,0.06885949379116822
6,0.05771216845095495
7,0.04531369051433437
8,0.03513775423379552
9,0.04927613170491151
10,0.0376844528152674
11,0.05396743099458957
12,0.06039713874822365
13,0.10039297672977476
14,0.06480930571020439
15,0.03643265862363797
16,0.0514525489161006
17,0.08772234019005815
18,0.07311323613611707
19,0.07179418162494536
20,0.058519126581183474
21,0.07307254403631132
22,0.0549415620291091
23,0.0560042031093647
24,0.08333187536953597
25,0.07231192422618117
26,0.028718131599255955
27,0.06488184254532592
28,0.07268484757038289
29,0.07133052197014157
30,0.06097126454635615
31,0.055185074261062034
32,0.03028756906833475
33,0.04985816056537725
34,0.06201255444393827
35,0.0380346317235308
36,0.040941393618706384
37,0.06233659027885361
38,0.07001645579374992
39,0.09860520387705672
40,0.04510649712846308
41,0.05550302950112539
42,0.027435870971126
43,0.0382930623031154
44,0.02981059823255932
45,0.03726282972416519
46,0.04786202861942393
47,0.04812595656478378
48,0.022079538583673067
49,0.033603320965082645
50,0.025951373866371825
51,0.031151457099100686
52,0.018742681626536403
53,0.02339910895216342
54,0.015083814520231609
55,0.02714652998822795
56,0.0223250103464186
57,0.02808014423232704
58,0.025904852510532945
59,0.05615103400674535
60,0.03369948252816405
61,0.011411485955397954
62,0.031168862908778527
63,0.048310609293131385
64,0.0740239893820713
65,0.07549277909199555
66,0.07035374526791713
67,0.0499936745448221
68,0.059099350639792776
69,0.04665089358010574
70,0.06312118933431415
71,0.06367369712715963
72,0.06783025062590829
73,0.04810512897527231
74,0.045742832203303774
75,0.0426416766189168
76,0.061767752557597165
77,0.027462143619901774
78,0.056403174770942886
79,0.05767777549100675
80,0.048970385522871036
81,0.08683084465091045
82,0.0734080656058121
83,0.10421708274992544
84,0.04680400850846365
85,0.046449101683951936
86,0.05877887936307495
87,0.07560048877591173
88,0.10141392149207884
89,0.09839066468162497
90,0.08454456635670451
91,0.05324516566757997
92,0.0721498832066679
93,0.0975577117101452
94,0.07995736257419828
95,0.09391196552654273
96,0.07529754868944491
97,0.026254068894827103
98,0.04551950243369631
99,0.07472945714873598
100,0.04987663200659908
101,0.05939200370190938
102,0.06271794676298613
103,0.07013806729873427
104,0.06627350779596261
105,0.033788859831788885
106,0.048133898820009284
107,0.04171678055234095
108,0.04753415893214015
109,0.06211720359879599
110,0.07136831197951518
111,0.035592241539718815
112,0.018211731926028672
113,0.023818574995764057
114,0.060785916222726076
115,0.03899542556658223
116,0.024905798291822403
117,0.032333715941386815
118,0.02461793026327196
119,0.036652508510359935
120,0.018462121338588728
121,0.013739257726754002
122,0.02893283188424773
123,0.017247265719061274
124,0.01625021465877485
125,0.01704022414494196
126,0.02090148946324366
127,0.0279073658635688
128,0.055989728235146405
129,0.04054766404722796
130,0.06066490011336124
131,0.03627014670392284
132,0.06766746820948234
133,0.03822350063670679
134,0.04211940207775368
135,0.046314452831524425
136,0.029951086854555668
137,0.07856537514081471
138,0.04223972345804077
139,0.02620988256167691
140,0.04566474315577266
141,0.0272671234467664
142,0.06229573155876575
143,0.0387560364465124
144,0.0683136267356429
145,0.038115678056952026
146,0.041592790789128864
147,0.058459701599396924
148,0.06095534769197429
149,0.042497590570830336
150,0.07860318322801316
151,0.0573458707746889
152,0.04786616570393015
153,0.04630414716198072
154,0.04331483951836505
155,0.08388931369198271
156,0.06051463689706114
157,0.04483839543205878
158,0.053520480673982
159,0.034033785737282045
160,0.058354089980510976
161,0.04031672344699157
162,0.07772337019487995
163,0.06253813180368181
164,0.029606572346205295
165,0.056260004188292835
166,0.03909078695726311
167,0.05549991860693754
168,0.07933386063534757
169,0.06104706516980388
170,0.060616579200836324
171,0.058897395651469724
172,0.043155760046241116
173,0.044019315396150616
174,0.052995247589893914
175,0.07056436303052371
176,0.025352068505292983
177,0.04309920373877007
178,0.028062716830182667
179,0.03580925750980725
180,0.026943873307411128
181,0.04132930191155509
182,0.021412448603327583
183,0.022785246114554517
184,0.033812348193277206
185,0.022940832842512655
186,0.054971310732502304
187,0.0194252004055065
188,0.023176050882338026
189,0.040389636487003736
190,0.0161620285389595
191,0.04392951683105835
192,0.015846459150902045
193,0.029085514197729895
194,0.016059928389273743
195,0.020108992050870404
196,0.021990023342013925
197,0.023123816212798676
198,0.019656976859952355
199,0.018348214836411168
200,0.03359375786074215
201,0.011690958104452677
202,0.014436474115595569
203,0.02696650405326691
204,0.02509526240961741
205,0.02181399907366474
206,0.017653529378646775
207,0.029134321795550568
208,0.046274161479971036
209,0.0822347489393355
210,0.09365473903137547
211,0.040667168064732
212,0.057588109192942424
213,0.09140125720499788
214,0.05739647342945221
215,0.04665817963575712
216,0.05151671113873126
217,0.09303326879758456
218,0.07396089515103206
219,0.048046248629924966
220,0.07942727321992021
221,0.046379160927859216
222,0.09454526332277703
223,0.061622331755823365
224,0.020768675784362662
225,0.041318588552704885
226,0.04939990980853786
227,0.033622150752244735
228,0.014047899874049663
229,0.026666060010938783
230,0.04689058690863344
231,0.03852295311098595
232,0.02657138842813027
233,0.0336746745360824
234,0.047120029352876736
235,0.017309268063573968
236,0.016584540685797133
237,0.02735973622930957
238,0.056640401949310776
239,0.027014656597882984
240,0.02600458403092337
241,0.035499737662258946
242,0.041144828008115066
243,0.028873209257908827
244,0.025265318080733696
245,0.03278012539846505
246,0.07298262514732416
247,0.018704423690238885
248,0.049895821239764736
249,0.025711938076826524
250,0.04431854210367386
251,0.01675599216074583
252,0.03596118577753296
253,0.04840675751571536
254,0.027866008341839974
255,0.04274727948479992
256,0.07218361365931318
257,0.04766458646720656
258,0.04993356700631321
259,0.05045304579319845
260,0.06605343822347516
261,0.04381534095921509
262,0.03597809465638517
263,0.038938537131966565
264,0.06365841668624879
265,0.05143010019920975
266,0.03724871054032767
267,0.05694686119843409
268,0.05419113939258224
269,0.06015441526918905
270,0.025988015125543492
271,0.04253924625507302
272,0.022799856893527783
273,0.054506171143671116
274,0.0338197521214723
275,0.049220677588952905
276,0.03343108296635208
277,0.024078515744924943
278,0.030599702007685043
279,0.03692394116878467
280,0.02804461380509329
281,0.03527697612770393
282,0.02086522369312324
283,0.03723686914770807
284,0.04202880858106196
285,0.026390030954167903
286,0.04106918479953958
287,0.026818528226854262
288,0.03103318558885195
289,0.03398775618657665
290,0.04934952670481083
291,0.030460042105251637
292,0.03565885437947069
293,0.038881340984121236
294,0.02343615816884004
295,0.025527360106567587
296,0.0431665021521948
297,0.03272369513907228
298,0.018834713021703902
299,0.06796582080221028
300,0.026027432858675884
301,0.035242791246515685
302,0.03230315818645239
303,0.03875403718117722
304,0.0474311215992466
305,0.0709187686606315
306,0.04116167002317167
307,0.03198280085464993
308,0.056416894102130126
309,0.038217541251093216
310,0.04163544510680724
311,0.035611434001596234
312,0.03328551771130839
313,0.06398670503901024
314,0.0425911795002883
315,0.07226975166872039
316,0.05222170398962655
317,0.06857527586679185
318,0.07541656776022099
319,0.052249650874822806
320,0.07173515143697283
321,0.06010791097176595
322,0.04658506865036678
323,0.02250945609228959
324,0.03120929253934917
325,0.044255023539742575
326,0.03222895325746262
327,0.04062548429101523
328,0.03378012085543046
329,0.044483063991313535
330,0.03635400321344764
331,0.023769626660437318
332,0.025767746895382942
333,0.02099012208618751
334,0.026192639828166737
335,0.034125335165461915
336,0.0680667606100532
337,0.07818644473964795
338,0.030814426959352482
339,0.04159503958054063
340,0.06982631101045599
341,0.07160951746103274
342,0.07124654399531803
343,0.07751832917926305
344,0.0671180620452963
345,0.0584586688521184
346,0.04093713861861272
347,0.04590243830600632
348,0.06816951425601102
349,0.051601816393230436
350,0.07827494752207036
351,0.0581225296593731
352,0.03821567729081051
353,0.05072397815426695
354,0.019652963002407816
355,0.03428427146202689
356,0.05087425015472378
357,0.033362750084214965
358,0.04125871098356591
359,0.02747922496473276
360,0.041509639863975496
361,0.050579685817162816
362,0.03610152217887809
363,0.05232629377161202
364,0.06034557890791675
365,0.03618645025144328
366,0.0371653449649423
367,0.027135172251673948
368,0.05938463089486425
369,0.051450256021678124
370,0.04750221331071243
371,0.042240669585474636
372,0.06510600101320417
373,0.06981538117502112
374,0.04426391413400998
375,0.04940911793288397
376,0.08699107090432998
377,0.0338708908455606
378,0.05030145194640063
379,0.06770280053789048
380,0.05393699841859338
381,0.03994929428210117
382,0.047217986234537074
383,0.0525093068449205
384,0.05762840251543016
385,0.03763005484069293
386,0.07548153934815502
387,0.037420018350104785
388,0.03037257627066587
389,0.06253365849588235
390,0.03642942415688091
391,0.05184589794351322
392,0.07791106328657775
393,0.06483576262149962
394,0.07700848653599753
395,0.021261112807739586
396,0.07897723862797468
397,0.05354723891867809
398,0.05853345171046845
399,0.045784130011198285
400,0.03569858221788567
401,0.029116406079207863
402,0.030893623439754006
403,0.06809648536506745
404,0.08558215949748796
405,0.045858909992565366
406,0.0532956913574336
407,0.06092612545754265
408,0.03823207065391412
409,0.048824125928783865
410,0.02715931558561635
411,0.0349193342290492
412,0.03969438275523173
413,0.08042964144012686
414,0.07429385747345553
415,0.05113165661373672
416,0.061236721585611074
417,0.050785018275717436
418,0.01914675007845749
419,0.03718583127392301
420,0.03163492179752133
421,0.014074560531322416
422,0.04718673456727921
423,0.05064467341768674
424,0.020711341634546257
425,0.024185794312497632
426,0.028561125574598212
427,0.013474087066603508
428,0.029416244199585995
429,0.04360830583755363
430,0.024379120966760585
431,0.04315128123978194
432,0.06718614507388218
433,0.05145545146680139
434,0.044065146688309714
435,0.055469601432027484
436,0.04827090479059114
437,0.05069357440250953
438,0.0862049320496237
439,0.07090893244962618
440,0.0642472267634593
441,0.053130449507072144
442,0.0383241992341748
443,0.09411334811437476
444,0.08222643830701043
445,0.06277914619174813
446,0.06604059706771558
447,0.03821593975600576
448,0.053747888986953714
449,0.06870572272281984
450,0.05100287872068944
451,0.028938658745747407
452,0.049283838391893216
453,0.046715478332942866
454,0.046915646990592606
455,0.041957766845011485
456,0.048067891227771234
457,0.0473966751206341
458,0.047233345607690665
459,0.043167769219407036
460,0.03843840578237193
461,0.049909395904441566
462,0.0423760872722494
463,0.03166863983149889
464,0.032508323155960764
465,0.03088535457428672
466,0.04708083128705673
467,0.02562472056587725
468,0.03029133793170244
469,0.04881602097189439
470,0.04175527518728734
471,0.08370965345339798
472,0.022778498782028752
473,0.06106364963984962
474,0.04153295296098786
475,0.03239733949817483
476,0.025445813809848956
477,0.07194669575087774
478,0.0258997570233548
479,0.028956636554242826
480,0.040370778066187996
481,0.07897474013268205
482,0.05577324015062948
483,0.06647627993122238
484,0.05998774930896586
485,0.028496951666240708
486,0.031378204168890866
487,0.03890867779506246
488,0.028520312764828894
489,0.043302357429675635
490,0.02760931822953132
491,0.024986251188708127
492,0.047495598208338534
493,0.04343903067955019
494,0.04773469530480368
495,0.059679185929562464
496,0.03648980637233186
497,0.049459843447180206
498,0.05144947223070707
499,0.031589696992085484
500,0.057676710884894476
501,0.057649689180138276
502,0.0560536524817943
503,0.06681020561387016
504,0.04505515803399375
505,0.05839569872444377
506,0.0989324721425678
507,0.03810787021448119
508,0.04724610478201247
509,0.035965014722126584
510,0.06074646942406405
511,0.06363855755567893
512,0.029531401345129105
513,0.026603595012946856
514,0.048520873981458004
515,0.06801047058678703
516,0.03311659001926462
517,0.04774119765516308
518,0.02975816561152982
519,0.033047046984584126
520,0.05792164173677417
521,0.0701500045996956
522,0.05245824629473018
523,0.05754092274917201
524,0.05772691634149728
525,0.036494998716932465
526,0.03463153290655241
527,0.05953287322630425
528,0.03062747483241405
529,0.045468484482204266
530,0.05620253737052453
531,0.03692955854537256
532,0.08908764318153166
533,0.06218693182417201
534,0.04903517719058408
535,0.0595030311080268
536,0.0415830524486215
537,0.056343834667936424
538,0.043339261150274186
539,0.06314211835156
540,0.0666028731196518
541,0.05776260349816367
542,0.048437906054781564
543,0.04307562930290215
544,0.030330429391809983
545,0.047383180158912616
546,0.04460142943175546
547,0.045361137941936525
548,0.03782563108770975
549,0.0361562450137008
550,0.09022856165163677
551,0.04711416094415023
552,0.052762909865373235
553,0.05066488358355132
554,0.06078535849688872
555,0.06522669249067768
556,0.03684754732563514
557,0.0280489036535346
558,0.050429512657305324
559,0.03715725384731695
560,0.05327669915783826
561,0.04769158382183143
562,0.04457147457258757
563,0.05450333511752562
564,0.06191472555655494
565,0.03246366617628365
566,0.03264163441849118
567,0.07214436807456406
568,0.05300667661479612
569,0.07056084619658667
570,0.03887748303609695
571,0.07690516552835769
572,0.04461013609485896
573,0.03944773038825845
574,0.06094423369304028
575,0.038150282917178174
576,0.04292045303919082
577,0.02965930974987522
578,0.02770761545104392
579,0.03528875331930855
580,0.03860571912677506
581,0.03286179609850862
582,0.04190448980257012
583,0.02374277890508392
584,0.0404856632372024
585,0.01997274366889716
586,0.022234890296305657
587,0.009797588176459137
588,0.027591511244312573
589,0.06210719793458625
590,0.04135784265485559
591,0.029170017720026368
592,0.02974472625181265
593,0.028395788060288293
594,0.02492437809071796
595,0.037989512655047936
596,0.03850208375773186
597,0.03618543326464133
598,0.04494543496732063
599,0.06183713660058461
600,0.051147429092203565
601,0.02294109617703358
602,0.06624684502941107
603,0.06605290058397502
604,0.053532699596334325
605,0.01805513533712074
606,0.04241159595263231
607,0.03774499301675195
608,0.03355591218037825
609,0.03295184687910576
610,0.048914756273113084
611,0.043682338406760834
612,0.03386884115713201
613,0.05447127316260093
614,0.04788252479325385
615,0.024604648289969423
616,0.028700878096959568
617,0.031830025920100494
618,0.02745703228790453
619,0.0358574001116406
620,0.04395463882806439
621,0.042813529261032025
622,0.0585850657760716
623,0.020398523121421017
624,0.05077460807909083
625,0.05942467142447168
626,0.06606846809840987
627,0.0826998031617382
628,0.08557633645287009
629,0.029190342122963068
630,0.04085471667759588
631,0.03259132204497319
632,0.03305589516122003
633,0.05872406339733599
634,0.07414779162648097
635,0.026595594341264663
636,0.050203811704103735
637,0.03643014257252498
638,0.03424107965261252
639,0.05481725105898296
640,0.03120043848107335
641,0.0415290809019972
642,0.038774466686885334
643,0.06721804505080903
644,0.038742817141914264
645,0.01774880057331197
646,0.05070521310905545
647,0.024161230651473336
648,0.03251962958152306
649,0.022715886959079144
650,0.05372225595078471
651,0.031083355707654574
652,0.03948632101015071
653,0.02914630939005875
654,0.04437872908798948
655,0.02183161271587612
656,0.04977632916928042
657,0.03565925007772524
658,0.052916303141280575
659,0.04201110633314198
660,0.050442106833975514
661,0.04102257328200398
662,0.033736378972858375
663,0.058890163845766716
664,0.05141161963866549
665,0.023039888876588862
666,0.030702417897900874
667,0.07659036987077816
668,0.03848908738783923
669,0.07783031731109583
670,0.08726354869915971
671,0.041595717286932385
672,0.08798457952378698
673,0.058757526972035026
674,0.05106799558417837
675,0.039427831616482466
676,0.05508523687580332
677,0.06171897674807882
678,0.04341492112056765
679,0.04589145526085558
680,0.05335017628661467
681,0.0930917264574176
682,0.03593855299592892
683,0.0731313209830688
684,0.055356041446457366
685,0.05408910017362013
686,0.07825308100212545
687,0.06434604881039138
688,0.04612224205338688
689,0.02208262604975656
690,0.033885217901589916
691,0.02261797853047353
692,0.02640881850068135
693,0.0662292409816304
694,0.060467492660423276
695,0.01792597445429247
696,0.04821596430700538
697,0.04301567907600694
698,0.03376738250047954
699,0.028262654871869
700,0.0528584653126547
701,0.016737612195741606
702,0.060535763847985626
703,0.03111689192901362
704,0.06684635352860868
705,0.06664432143195327
706,0.07104584325232298
707,0.07413229083602267
708,0.1016159885019886
709,0.06549504741682721
710,0.051170983475241086
711,0.04105192281590552
712,0.07299112678452202
713,0.09429688982916888
714,0.03524111814257474
715,0.03579964177727177
716,0.08666150566473199
717,0.04387021393099165
718,0.06248073493040844
719,0.054897666787461365
720,0.023443660285634424
721,0.025119994572879483
722,0.03860823825565207
723,0.02941757574597552
724,0.09631991223796893
725,0.034737809406978085
726,0.03472331793346636
727,0.022113100304326776
728,0.0348287588044335
729,0.0271313878599874
730,0.0372950252934749
731,0.042474253642810315
732,0.02293862272233093
733,0.05143003832029176
734,0.02499920827995515
735,0.030927848076837305
736,0.022602830326736142
737,0.02918701658659972
738,0.031771341069357924
739,0.03943328864835608
740,0.025006368075409645
741,0.06127732279466828
742,0.02719042758656083
743,0.02110354445233281
744,0.041278594156384886
745,0.019935184515095548
746,0.037284256209837836
747,0.030267008892284626
748,0.0559025306952746
749,0.029131162685092638
750,0.05288742815333892
751,0.04674209546921888
752,0.02744536502009734
753,0.040767342646633925
754,0.042903909433777136
755,0.031902878432480235
756,0.03765224619057213
757,0.03367764738682403
758,0.04484648587779347
759,0.03584147755962325
760,0.05040441923576151
761,0.03519366609228421
762,0.0294299481464084
763,0.05582166590160245
764,0.06707081483571775
765,0.05680915122128316
766,0.01676415812496288
767,0.04503589533695434
768,0.043477899675996884
769,0.07561615675621705
770,0.08058873771721901
771,0.031091239400413494
772,0.041064535693865284
773,0.04727282654145056
774,0.0844779928690255
775,0.04022318235546898
776,0.052749345174609864
777,0.05447104002395672
778,0.04906604423776873
779,0.03829554333622577
780,0.029759934502730817
781,0.055668365866044574
782,0.0600791094122792
783,0.026450525032347467
784,0.029584168840570232
785,0.040628658060726235
786,0.0391101804118052
787,0.017345298623620872
788,0.036054801058212765
789,0.05323889259510158
790,0.06135902129708073
791,0.03712973418811796
792,0.02703324275102011
793,0.05426650583655502
794,0.028075190779879446
795,0.021410394004947632
796,0.024636842184253625
797,0.032232778151443486
798,0.025806601037680087
799,0.02574367488373414
800,0.07479204001758698
801,0.04171328788797895
802,0.06774597529253967
803,0.03099184268994102
804,0.03371581984630038
805,0.038011642922195284
806,0.026437578594965688
807,0.01548555114306788
808,0.07180948947524853
809,0.08109172952940767
810,0.03696050571879375
811,0.031071547916692168
812,0.02515859469989133
813,0.08049472763487289
814,0.05389348446816252
815,0.06458575818583723
816,0.08947396978916405
817,0.052260791026434515
818,0.028171962035525844
819,0.043662557494098
820,0.02135167600999024
821,0.04584329949217784
822,0.021961944403922462
823,0.021051291117254543
824,0.02782413334029661
825,0.01391437291911602
826,0.017148408376312343
827,0.03390204011067137
828,0.024167831494889297
829,0.04588426732762056
830,0.01990375278354432
831,0.04634129797378197
832,0.03630124846598082
833,0.04341110517916867
834,0.029011490912506536
835,0.03180002051705221
836,0.04557706937610617
837,0.04764262354904509
838,0.05312294021249931
839,0.03503398515271717
840,0.030794516545250745
841,0.025451628796686467
842,0.05590123545601392
843,0.02410117622687841
844,0.062201260359593065
845,0.032768416106893954
846,0.03473712721522485
847,0.045364228719153
848,0.04853288837238323
849,0.0541733104536057
850,0.04322532259603713
851,0.0438277693947906
852,0.0578546644465243
853,0.03578345429298715
854,0.02948295516972255
855,0.04153161683629954
856,0.028247978671002618
857,0.04138266517246468
858,0.07710503547822173
859,0.06466529037507697
860,0.045381416773177766
861,0.060013084885294325
862,0.042044173437732216
863,0.048940403329636194
864,0.057534144745234876
865,0.0389224256421004
866,0.05355166639553118
867,0.05453322057573071
868,0.07596218225981306
869,0.04337386713425975
870,0.031666765224525675
871,0.0654583203173132
872,0.045467483674519284
873,0.09205562312034186
874,0.07873641670434088
875,0.07079930374210781
876,0.0425780461708116
877,0.0498046735609858
878,0.09138414507337046
879,0.05444460264735669
880,0.050580518424723685
881,0.0222437458234797
882,0.04372016864648515
883,0.05207377368816688
884,0.022469549995369226
885,0.039468007186754056
886,0.03880346886752753
887,0.07402843955727616
888,0.03987180894274708
889,0.02398145067629356
890,0.04477248271151847
891,0.03630554634936727
892,0.03382551095800952
893,0.02868994464349218
894,0.02459622515257907
895,0.03231415890387593
896,0.02806915904231275
897,0.035726027401991725
898,0.02643265557537204
899,0.02116919797543995
900,0.014658562460308997
901,0.04538839169808002
902,0.03523027510115851
903,0.043956329301528686
904,0.02466836420148841
905,0.06458812734516453
906,0.022453639264205887
907,0.0521533843076086
908,0.018974205491843824
909,0.03455208283662963
910,0.05435870464655458
911,0.03152484370799572
912,0.039324459175980035
913,0.03628451005468999
914,0.02663999629178275
915,0.028781062518904537
916,0.0869079464959451
917,0.03880870879064088
918,0.06306354042360934
919,0.04832953846162656
920,0.03514635777627191
921,0.04070704119055863
922,0.09854533407810792
923,0.018442155350021385
924,0.04778540899709091
925,0.07302068822061586
926,0.047014056767445814
927,0.058843286670889214
928,0.029187129317062188
929,0.06363731118925034
930,0.04678861169468766
931,0.03354948460576822
932,0.04483945239485662
933,0.039039230483092366
934,0.02227427892124521
935,0.06565920986141026
936,0.043782921810685486
937,0.028669860638320364
938,0.04297284970440725
939,0.0282838411087429
940,0.023185798592002455
941,0.03752187185863971
942,0.03511471395269044
943,0.027320275090711683
944,0.030771342967943174
945,0.031850120717921704
946,0.035759213005183484
947,0.04377287923941641
948,0.02283495661038894
949,0.023358649615421504
950,0.04116607157110025
951,0.03486926159974134
952,0.05262840192344352
953,0.0525840909133866
954,0.052739119489014726
955,0.04937095078896788
956,0.042223829323279616
957,0.04502624865164299
958,0.048893305154018685
959,0.042349031479434834
960,0.03514274737942657
961,0.017942485989097232
962,0.05676548212992015
963,0.03493867903024861
964,0.02239170626899885
965,0.018314301216979863
966,0.0369819530633911
967,0.03268738424371856
968,0.048450224115182836
969,0.012424400536241728
970,0.01867058671783869
971,0.020202192114950127
972,0.042762008599226166
973,0.009117004243321087
974,0.018571991801232385
975,0.040846185605302496
976,0.029102416517426836
977,0.03863304904660216
978,0.038123958329041766
979,0.01754316818409035
980,0.03429346559130217
981,0.021504949063639246
982,0.03627911082021365
983,0.03574559415861569
984,0.041467360359304165
985,0.05920797066682479
986,0.03110077624310952
987,0.019260552343219082
988,0.04928699083357473
989,0.056687086645280986
990,0.05769137026663114
991,0.028460666631943944
992,0.06065016207894682
993,0.07204067572461803
994,0.016337745763753696
995,0.05055902592707125
996,0.04729109283392621
997,0.02958630494670269
998,0.04535305228950584
999,0.023474897393881228
1000,0.026727927957125155
1001,0.04738600582356543
1002,0.04388374447078088
1003,0.0301646769530544
1004,0.023649697026778688
1005,0.04764956613581755
1006,0.06006981580695836
1007,0.025950675849759724
1008,0.0624815913644011
1009,0.034372535181564634
1010,0.05514726207659535
1011,0.0371933830113317
1012,0.02704250191021206
1013,0.06295525160450499
1014,0.08381381741495095
1015,0.0645966418773276
1016,0.04962867950508807
1017,0.058314479568410765
1018,0.037477312326666665
1019,0.06874190173864599
1020,0.0585828556242858
1021,0.06770967281902815
1022,0.07634577787093648
1023,0.04044940693340884
1024,0.026412567697943985
1025,0.02309700820397048
1026,0.07444034280512167
1027,0.049078139738699136
1028,0.031929180147421465
1029,0.0303373995707401
1030,0.03892389473925592
1031,0.02563692470458357
1032,0.04647851818357107
1033,0.02352450103024702
1034,0.033714540708696485
1035,0.03694687085577025
1036,0.02706574224559704
1037,0.01687069070163575
1038,0.041239773929688084
1039,0.04095348887289756
1040,0.06475201619928972
1041,0.026420415221731674
1042,0.04844006820451354
1043,0.0459445685088558
1044,0.04195316043579927
1045,0.049343656894905163
1046,0.0461038041790624
1047,0.02080840339277791
1048,0.07219183786489286
1049,0.0403663452573229
1050,0.06286803812078333
1051,0.04114804004843612
1052,0.047845868148478236
1053,0.045844216128155584
1054,0.03109438277129715
1055,0.043715468450509366
1056,0.05299543399409793
1057,0.03782425141218178
1058,0.031614344550075016
1059,0.03468367986417067
1060,0.04328024539755327
1061,0.04347968923073419
1062,0.038405677492293885
1063,0.059738428455172125
1064,0.04716694138649966
1065,0.02209643767539613
1066,0.05609392755206742
1067,0.07024036773000625
1068,0.0672068728268249
1069,0.06342619174847464
1070,0.056482672285597085
1071,0.031843008294732016
1072,0.0463049151016912
1073,0.0369058601371879
1074,0.05831086255147948
1075,0.07673657632304605
1076,0.07067591412501087
1077,0.036666853905835316
1078,0.04416156162142877
1079,0.02849233214064388
1080,0.031845704460062144
1081,0.04466690089000778
1082,0.03174722237217405
1083,0.02194141942678394
1084,0.032842280095391516
1085,0.05723019322269601
1086,0.05188948410659329
1087,0.040752980603319666
1088,0.07333842020163743
1089,0.0482568433371558
1090,0.10301097044507768
1091,0.06203263864311553
1092,0.0918686936310206
1093,0.06728752331594799
1094,0.10803847833512804
1095,0.04895670852943726
1096,0.07792193913466237
1097,0.06707210484519006
1098,0.05662566947357019
1099,0.02323402643521354
1100,0.06267894566253471
1101,0.08894270284663883
1102,0.047386996196627465
1103,0.07402876458537871
1104,0.032895187393934634
1105,0.06789023120772393
1106,0.03182498121977362
1107,0.034766657586366885
1108,0.053537233570295086
1109,0.02600597040568554
1110,0.05264590938732148
1111,0.034057038214093026
1112,0.03906805746275683
1113,0.039125243222164784
1114,0.025826829286832945
1115,0.046102696146197115
1116,0.0323131182092805
1117,0.052723328778368016
1118,0.05923425800709816
1119,0.035196166050530164
1120,0.04982383594379863
1121,0.04772630059118525
1122,0.04000965895170956
1123,0.046606654410168986
1124,0.05290200240602458
1125,0.0474131403691942
1126,0.06563859215850493
1127,0.039822382823847584
1128,0.021958832785769152
1129,0.032095237790339785
1130,0.06758414382905434
1131,0.02921770760242452
1132,0.05383729830334876
1133,0.03181552732004514
1134,0.028897828299059163
1135,0.04702324760133445
1136,0.035519015975463565
1137,0.06680472544721149
1138,0.055374297320924235
1139,0.05182020372977692
1140,0.061135576420216914
1141,0.04024890396842491
1142,0.0828054236669152
1143,0.05213100885227434
1144,0.051356499625213235
1145,0.04958875120715092
1146,0.0649156686691454
1147,0.05610204008254743
1148,0.04624939369890176
1149,0.08320628622032959
1150,0.04433316466601249
1151,0.0354322958117782
1152,0.0544561791773169
1153,0.05976423778719137
1154,0.03241601978212492
1155,0.031161254024206782
1156,0.023184031955044825
1157,0.03252820316969904
1158,0.03312989918629993
1159,0.05416333423845748
1160,0.06374356701947602
1161,0.05272596816496858
1162,0.0496374302883316
1163,0.03157323603621333
1164,0.05302247530501818
1165,0.050595892876596785
1166,0.03759865437760798
1167,0.03366170338845448
1168,0.05294527621085494
1169,0.050890398274688366
1170,0.024035815617420637
1171,0.027742147393608557
1172,0.0536600615171104
1173,0.08662990163664583
1174,0.030043555655102163
1175,0.03138926411212792
1176,0.030309616143116124
1177,0.048393011614718345
1178,0.03870838263677424
1179,0.0495608519065794
1180,0.04325195597235031
1181,0.06822889578089307
1182,0.032900563199721865
1183,0.0437513304954773
1184,0.06196198995949659
1185,0.06929781644552009
1186,0.048200965202160106
1187,0.05105177806531155
1188,0.025376271890365527
1189,0.026757974339280968
1190,0.045856265936645324
1191,0.05038442114021503
1192,0.02472560293801709
1193,0.06387478438455138
1194,0.05089812274477063
1195,0.06441837863733768
1196,0.038669368395151546
1197,0.06176116289206157
1198,0.09532960475881516
1199,0.0579038411593267
1200,0.05526799090259157
1201,0.03760007190702694
1202,0.0493832715727498
1203,0.017628659126476882
1204,0.04805831418374129
1205,0.02525285339040579
1206,0.02686453236658936
1207,0.046488990403482734
1208,0.031066135727114138
1209,0.04325484956961065
1210,0.06694030196293453
1211,0.08114098184175388
1212,0.05244317874624265
1213,0.06967141072152383
1214,0.07301338931279416
1215,0.03268121022925795
1216,0.03567003623955732
1217,0.03810297695440752
1218,0.02972009941417715
1219,0.03333428961875313
1220,0.017762353195059706
1221,0.05355254947998666
1222,0.04323626787458632
1223,0.03022719432984753
1224,0.030690082859890024
1225,0.05789931145728151
1226,0.03989660118546694
1227,0.029322690885211063
1228,0.025321139003369585
1229,0.053961364853884364
1230,0.039340254091937074
1231,0.012353366173483402
1232,0.03279813720479638
1233,0.04144630665594416
1234,0.04767494648882482
1235,0.05725149782273331
1236,0.07998147799000155
1237,0.05111977733510721
1238,0.0313920926229764
1239,0.05064345384769376
1240,0.033040103903771684
1241,0.031607241276057595
1242,0.03361113236980665
1243,0.0226000938562729
1244,0.06783958524326336
1245,0.037933084234103
1246,0.05180822924242272
1247,0.021996981649207933
1248,0.06209769030767093
1249,0.04428928123602526
1250,0.032817849338614154
1251,0.047661572867445316
1252,0.03363405489721049
1253,0.07594199945257472
1254,0.020250483174400487
1255,0.01903232232548608
1256,0.038473400825434864
1257,0.04538751866735105
1258,0.04449939291159615
1259,0.07538871348714912
1260,0.05504629072188946
1261,0.0651544716626477
1262,0.0817253242993018
1263,0.02865513419143158
1264,0.036359082253359126
1265,0.07195691729505754
1266,0.07325295354570999
1267,0.060668726263230686
1268,0.0607449969178957
1269,0.08480688361325728
1270,0.0898402088709812
1271,0.08519470597853454
1272,0.10327593808074256
1273,0.09168772618097894
1274,0.06373848858693544
1275,0.053860943516636915
1276,0.08548143535621504
1277,0.0593307070954795
1278,0.05162909256340036
1279,0.0964671249376476
1280,0.05973392807955963
1281,0.0469134319574569
1282,0.032340036790063566
1283,0.024814435301478692
1284,0.06009098605217718
1285,0.03593226896787539
1286,0.028088719996989208
1287,0.03294067992075115
1288,0.046515029108436565
1289,0.06992017251918513
1290,0.0571690156218277
1291,0.07374809266213578
1292,0.02811452276344421
1293,0.04370516412743405
1294,0.06788791593222494
1295,0.07019790290658656
1296,0.052921680583662575
1297,0.04081367896716631
1298,0.06772237421865797
1299,0.04580275128928372
1300,0.042365794078687694
1301,0.046043698183992815
1302,0.08802885732594755
1303,0.0646913622954981
1304,0.04288523372830105
1305,0.024246113822525908
1306,0.034842382429440696
1307,0.0745254228273041
1308,0.04498909203723988
1309,0.04597178807012285
1310,0.044461138220782376
1311,0.04154612806374874
1312,0.06106061963732965
1313,0.039654324468456716
1314,0.06923103411210428
1315,0.053418316370736116
1316,0.04995158376792757
1317,0.019812210039655186
1318,0.060399297085134564
1319,0.03420797605948322
1320,0.0338698455047988
1321,0.049431080256178685
1322,0.04431534233415425
1323,0.046754523164980466
1324,0.04082922217904302
1325,0.03912912814549635
1326,0.028952137103859493
1327,0.07603467956141903
1328,0.06344502302975788
1329,0.06576019408058235
1330,0.0386345210849373
1331,0.01910699599319766
1332,0.07264756528037483
1333,0.03610218045247345
1334,0.03868354235826632
1335,0.03604447392600898
1336,0.06511338803767178
1337,0.035338753008437564
1338,0.040684795769928166
1339,0.031082861763361124
1340,0.03429743829109027
1341,0.05429981940119916
1342,0.027352220230379053
1343,0.02783097893242643
1344,0.05537073042716899
1345,0.053919271750957405
1346,0.03217547278575048
1347,0.040330024101632736
1348,0.022306079192860036
1349,0.0511714319596507
1350,0.030381809565814488
1351,0.03679927140161063
1352,0.040920210659867035
1353,0.024031354708806643
1354,0.044410033618412406
1355,0.01912263387041744
1356,0.027197832764513964
1357,0.03163898975342603
1358,0.026637732949161164
1359,0.0228215451508648
1360,0.031869888334627505
1361,0.02179615342225822
1362,0.045157068165386526
1363,0.034142046943210394
1364,0.07326699873932478
1365,0.021899014287889974
1366,0.05300995421257833
1367,0.03433064705906081
1368,0.028315341917129457
1369,0.05679708391644071
1370,0.01880686302574302
1371,0.039135015211568376
1372,0.0194609585663234
1373,0.0439497881135236
1374,0.03046228162466218
1375,0.043760563617986886
1376,0.02400130038178428
1377,0.0590839600262546
1378,0.09009454491985082
1379,0.05020502260314382
1380,0.04001161464086151
1381,0.025464013332385217
1382,0.038619412237333534
1383,0.06553265391147288
1384,0.04064772380708992
1385,0.05927223125145021
1386,0.06441268803306664
1387,0.017933120294146426
1388,0.06679717408950654
1389,0.05935266960565596
1390,0.025206399923239663
1391,0.02351940442995091
1392,0.07013218193631647
1393,0.04277402752924444
1394,0.10366569262118096
1395,0.053968083386433635
1396,0.03140716601543419
1397,0.04739458471917556
1398,0.050174399616947835
1399,0.03664033045395537
1400,0.0557229700337246
1401,0.07158956942725826
1402,0.039450391841969176
1403,0.06220482446373313
1404,0.06785750225170012
1405,0.050671017648334205
1406,0.05403612703619105
1407,0.02961843719708538
1408,0.04262282326588256
1409,0.042395992344440234
1410,0.048798886137506416
1411,0.0505090097593105
1412,0.06418804761168237
1413,0.05448301886045462
1414,0.05880545206424216
1415,0.03306019090901996
1416,0.03695622534280057
1417,0.052609527627132766
1418,0.0402935397857039
1419,0.050458821996437406
1420,0.04869792518130852
1421,0.04411645055845423
1422,0.05544735231456605
1423,0.04710835822988231
1424,0.020787322071350468
1425,0.03805475493488625
1426,0.05290399415874514
1427,0.03149224711813735
1428,0.06367577217078961
1429,0.06879520616451887
1430,0.058596636572791835
1431,0.04153357947820518
1432,0.033990492082207634
1433,0.039700101754793896
1434,0.05088159950702153
1435,0.028120933938432704
1436,0.04763996678121698
1437,0.03200438484302258
1438,0.04913055868141794
1439,0.04141479051856256
1440,0.04082821529981054
1441,0.030754246914346063
1442,0.06356162993950765
1443,0.035694829786268006
1444,0.05326152237470787
1445,0.08111085373981514
1446,0.05151603695048616
1447,0.03356533604717665
1448,0.047155148156597264
1449,0.07679524021609305
1450,0.02718896894706537
1451,0.028801558470781925
1452,0.04354946695447105
1453,0.050719116277703515
1454,0.03730212965295556
1455,0.030928124356212963
1456,0.058996034707387325
1457,0.042035667247678925
1458,0.05040994934705753
1459,0.05656579131066899
1460,0.03244935546698892
1461,0.043368907426900666
1462,0.04096793377403863
1463,0.03409539861167405
1464,0.03639491697313338
1465,0.04070901721572062
1466,0.02281816157045777
1467,0.0579062442253857
1468,0.02844680446441025
1469,0.05138597935155993
1470,0.016063443334233547
1471,0.046067537022093694
1472,0.0545675956161007
1473,0.03802584277514018
1474,0.037541046393606406
1475,0.051464276378207656
1476,0.04867857448364637
1477,0.03771930428744194
1478,0.06798269299796575
1479,0.030027965020268818
1480,0.032868967478431585
1481,0.025633048142280703
1482,0.0923376387899056
1483,0.06042676861168665
1484,0.02874247600017321
1485,0.042374907208265776
1486,0.040844113663828736
1487,0.02556566831985578
1488,0.03800723992963075
1489,0.03417865738253361
1490,0.04041351007635673
1491,0.05178651943199897
1492,0.041982359446374296
1493,0.03446466889475948
1494,0.03615723842821232
1495,0.02503341198097844
1496,0.03954416480565005
1497,0.051486827504670936
1498,0.027970990638017692
1499,0.034914771053828314
1500,0.06914993497560301
1501,0.05477829403454189
1502,0.06396823789539566
1503,0.0464675777266164
1504,0.0697198620186256
1505,0.048105436839575036
1506,0.02851277402791853
1507,0.015510550293335769
1508,0.023357216372481924
1509,0.02073440477799161
1510,0.02215456086799272
1511,0.02710024560800757
1512,0.023752069688025842
1513,0.024036700664944267
1514,0.031790880762127494
1515,0.033070495399768605
1516,0.054644094260044886
1517,0.028357897427654974
1518,0.024804728352835075
1519,0.04703830438983479
1520,0.044320287639550385
1521,0.04981977790771381
1522,0.05804210566650673
1523,0.05074078447672002
1524,0.0299399214632158
1525,0.028529892884499662
1526,0.07857166233049097
1527,0.054890580847172535
1528,0.0344374674433634
1529,0.03937608631238088
1530,0.04156865105083042
1531,0.05954940220460263
1532,0.05559191228647378
1533,0.042083516377373335
1534,0.046002356322312934
1535,0.05314890203554479
1536,0.03788696612604185
1537,0.0460646285000596
1538,0.0867426697793607
1539,0.07081623743128575
1540,0.052653922687121484
1541,0.04478776685020873
1542,0.08134552804437238
1543,0.03818739508527417
1544,0.06598686246332824
1545,0.07294356834441527
1546,0.044819340842714925
1547,0.07005578525317434
1548,0.040834483020980326
1549,0.0698602048882341
1550,0.07680533673034716
1551,0.03615023517193715
1552,0.039309189113487034
1553,0.030641888028212324
1554,0.03921234839096872
1555,0.051556909860545966
1556,0.04234734564756565
1557,0.02906680577967832
1558,0.06443157098983733
1559,0.04119171837111982
1560,0.020746182846908767
1561,0.05671411840797641
1562,0.06307809456000585
1563,0.0331670154186713
1564,0.03383141002876828
1565,0.059991051887123226
1566,0.03992382057311111
1567,0.052400744212561134
1568,0.08823876068735217
1569,0.036528783008765865
1570,0.043435909376890486
1571,0.03406643001414659
1572,0.06348395725856602
1573,0.05460331273155288
1574,0.035916585343768674
1575,0.05933307442377502
1576,0.05241611333191172
1577,0.08305261294679993
1578,0.06986061113394189
1579,0.0471151200698966
1580,0.0840225915990754
1581,0.05275337903969954
1582,0.0684047895410533
1583,0.02771864154438091
1584,0.031807640679414516
1585,0.02374290224402892
1586,0.03246991963229534
1587,0.04592542707156565
1588,0.05030690263075955
1589,0.030013320253219306
1590,0.029212174427630414
1591,0.029702215964595168
1592,0.06732794341506118
1593,0.028654843390501037
1594,0.05388944947444057
1595,0.03183580839758929
1596,0.07969400189307944
1597,0.027158886699750532
1598,0.048564093406257405
1599,0.030646480315320163
1600,0.0575027507502149
1601,0.02431498420025555
1602,0.03611122713347599
1603,0.03265438059377188
1604,0.020140519388983848
1605,0.04395206984082778
1606,0.044348948638483765
1607,0.033603246903896426
1608,0.031238403697970582
1609,0.0366143715645296
1610,0.026674135479894525
1611,0.015738820679159455
1612,0.020692903619609144
1613,0.03981349522212919
1614,0.033213170366578
1615,0.05444652806477054
1616,0.04060583145686518
1617,0.04246474089547776
1618,0.039420282047907235
1619,0.06725310825504056
1620,0.03444971743786311
1621,0.04101329969364919
1622,0.0451751792831623
1623,0.05621031104628415
1624,0.07989860774261608
1625,0.03215963889542412
1626,0.039125329272876125
1627,0.06926211519618844
1628,0.03432264528953364
1629,0.018814540325330028
1630,0.015955516408061234
1631,0.04780267989463423
1632,0.025455460559148126
1633,0.06022625705792045
1634,0.021614216081737747
1635,0.035934349854036984
1636,0.03214589073565429
1637,0.046471369013876926
1638,0.02441253616866812
1639,0.027246223944282943
1640,0.05134612455561635
1641,0.02233619861205353
1642,0.06387091687697051
1643,0.037657700671091525
1644,0.05497438109552056
1645,0.05933545161864149
1646,0.021403327412676462
1647,0.041027379299033946
1648,0.05219439670979273
1649,0.0508818552104891
1650,0.024983729502258203
1651,0.03966791690284532
1652,0.0499708700883994
1653,0.04568989065916455
1654,0.057840132615210635
1655,0.01894999454168275
1656,0.016961753665056922
1657,0.0536164340864123
1658,0.046814807098342535
1659,0.058013756976265936
1660,0.032388667787771615
1661,0.06801845481989485
1662,0.019949509015373474
1663,0.05186181812388802
1664,0.07460631688264842
1665,0.061374518729895584
1666,0.05450885329161263
1667,0.04258055581525785
1668,0.07001983688674647
1669,0.06657443374347756
1670,0.03607300621053088
1671,0.02391222930815069
1672,0.054022975183651366
1673,0.07808464006025401
1674,0.053550376332791375
1675,0.053644879172140836
1676,0.05994750985948865
1677,0.032956635012923084
1678,0.048141173792328
1679,0.04853544717137875
1680,0.06224408091764502
1681,0.038872815404519465
1682,0.04947838422817077
1683,0.018104426821642542
1684,0.03842751755169746
1685,0.02929701314272293
1686,0.043231586293594526
1687,0.07732108329084549
1688,0.041237436988576064
1689,0.05241413372402645
1690,0.0139895531945997
1691,0.05935803830196856
1692,0.03887337975562077
1693,0.0671369239593061
1694,0.053141654362398615
1695,0.025260049197572205
1696,0.06132361788791989
1697,0.04386731332602551
1698,0.03483157719702467
1699,0.06593071585435015
1700,0.07100758624021042
1701,0.030591673116752486
1702,0.04062398845081689
1703,0.03790239798602048
1704,0.056017561912384765
1705,0.038575078532846335
1706,0.015505641391149984
1707,0.08486005362459803
1708,0.08225260148005319
1709,0.04629886574867407
1710,0.05000741226233015
1711,0.04298047513746223
1712,0.06147939002566271
1713,0.03897342323730255
1714,0.043135959745245714
1715,0.05637975281539941
1716,0.07776060940156715
1717,0.050113429675052834
1718,0.03987963509296478
1719,0.055180420076885915
1720,0.07990759212342892
1721,0.07146342076499104
1722,0.05899164719486308
1723,0.06286923715390691
1724,0.05017364638260175
1725,0.05245000047907894
1726,0.06397594064966035
1727,0.04565320992760638
1728,0.036486599800458715
1729,0.041290993552006376
1730,0.06468037612732884
1731,0.04428303750354473
1732,0.0341729671728959
1733,0.06286349426056519
1734,0.05560842104475572
1735,0.04744405662188912
1736,0.04051174902505575
1737,0.0423832694317671
1738,0.033690310254980205
1739,0.025665265287978783
1740,0.034379066183486635
1741,0.05207336680476905
1742,0.04142853572700327
1743,0.02764288749665453
1744,0.05101954269814436
1745,0.05919147660632414
1746,0.02065533636153065
1747,0.05934971051023505
1748,0.039222895973226514
1749,0.04261259030384948
1750,0.0556392681752442
1751,0.04431852922048653
1752,0.048628170856127834
1753,0.02986480049555146
1754,0.03354034579557344
1755,0.02579161079721301
1756,0.034207191326190815
1757,0.03763754991698473
1758,0.0244769500333126
1759,0.05217728859822746
1760,0.0577558485390676
1761,0.07477303528458397
1762,0.04443019800056503
1763,0.06503655630404613
1764,0.09008148499009533
1765,0.0698324910422777
1766,0.058339750009407165
1767,0.0882983859273508
1768,0.1021805960492513
1769,0.050144694112544776
1770,0.02134903691677855
1771,0.08469996702646992
1772,0.08615723354874688
1773,0.027755585969660563
1774,0.06535980972966883
1775,0.06424850748547642
1776,0.03551385043262162
1777,0.050995819895619784
1778,0.04668968968658742
1779,0.03991116678383248
1780,0.04363459379658012
1781,0.04417326923473115
1782,0.04570740288308565
1783,0.03163615434110044
1784,0.02743929532745091
1785,0.029654495236285636
1786,0.01813703947743952
1787,0.07136361931564086
1788,0.02870239210681675
1789,0.02203725021808095
1790,0.028805707118742932
1791,0.054498685314686664
1792,0.03663068286638699
1793,0.06628833616097457
1794,0.052314606725451934
1795,0.018545720966758186
1796,0.03324657425324111
1797,0.03409650056525558
1798,0.053632188757966166
1799,0.04426132214612233
1800,0.042630976947686805
1801,0.042429511221498836
1802,0.05602111541642886
1803,0.06751896042908782
1804,0.03303155862399185
1805,0.07281396617077644
1806,0.03862563773113674
1807,0.09677691487821244
1808,0.04317650962157819
1809,0.04650207676815056
1810,0.02442125438369858
1811,0.06936774179809063
1812,0.06637786928514328
1813,0.03758318576374597
1814,0.05395888082231719
1815,0.0493514670238546
1816,0.05069050848398672
1817,0.07274444718981257
1818,0.0441598703209307
1819,0.03253831283381208
1820,0.05748745810467165
1821,0.07840072029445284
1822,0.031817254127536575
1823,0.06963563864538883
1824,0.07887585832783238
1825,0.09551766920286674
1826,0.0655351337805971
1827,0.05188802287133085
1828,0.036590634215083316
1829,0.05239285362721231
1830,0.062410398544671265
1831,0.08307911080474586
1832,0.049786149773146944
1833,0.07335039205546218
1834,0.02856676603678761
1835,0.057857983083665986
1836,0.053092213142391056
1837,0.06884777486812155
1838,0.06563083840233737
1839,0.05491961187509757
1840,0.040043664101930034
1841,0.060317184345324085
1842,0.06770936430224736
1843,0.04754436130631078
1844,0.05426616912901859
1845,0.05383359762414501
1846,0.04742860338637278
1847,0.08690886620288459
1848,0.049844022998425726
1849,0.06000641222112438
1850,0.028576613183291837
1851,0.028016273693782283
1852,0.045624929258408865
1853,0.05176633322148983
1854,0.09058036480487354
1855,0.06275196097539104
1856,0.02303828623194826
1857,0.023049989249162788
1858,0.03747627820732554
1859,0.08077765121176632
1860,0.047079721872086096
1861,0.02602914623622477
1862,0.0314293698079649
1863,0.050257171914068685
1864,0.028539668981064588
1865,0.033287835950843093
1866,0.038711857236058585
1867,0.040689422724061626
1868,0.029506827532025107
1869,0.038379000724925005
1870,0.03812468530764999
1871,0.025755595037593358
1872,0.044325617099270284
1873,0.04035491086421016
1874,0.046513270767665885
1875,0.04051598502695783
1876,0.06863663208139817
1877,0.07080131432473866
1878,0.07059167754694058
1879,0.032464113669916965
1880,0.037378024830449864
1881,0.06572948250736174
1882,0.05729507308899584
1883,0.0616601481104449
1884,0.05948839028053489
1885,0.061556205967787776
1886,0.03972254578804366
1887,0.0589737745896108
1888,0.045826610955234284
1889,0.041121779353121536
1890,0.05608889512026796
1891,0.0640397144501681
1892,0.04253167875347971
1893,0.07483313523735492
1894,0.07104817948099734
1895,0.03080946649272048
1896,0.033423280773934236
1897,0.02049364090991073
1898,0.0623443127814543
1899,0.02074342720745269
1900,0.038802334333156274
1901,0.027967614577098367
1902,0.03155695439712381
1903,0.06253747906354548
1904,0.04716426959949395
1905,0.05649717796898152
1906,0.028617510805662945
1907,0.029105924533867383
1908,0.017981365609763517
1909,0.04627327099168673
1910,0.02802983485692241
1911,0.05237532354267943
1912,0.033345242229792266
1913,0.03572169388797545
1914,0.07182132880505451
1915,0.027326024257542127
1916,0.017935152120710212
1917,0.018102935556290226
1918,0.05102029467417469
1919,0.02178686074623888
1920,0.03075723349125932
1921,0.014492344623658962
1922,0.051308402398095136
1923,0.02183429691282476
1924,0.03099401022795048
1925,0.018985231129070367
1926,0.02431097465565156
1927,0.01961632846405023
1928,0.014578279362168541
1929,0.02379926254431973
1930,0.025927180621271053
1931,0.032733952920346115
1932,0.033228880943832015
1933,0.028385221470167418
1934,0.025918299976510947
1935,0.02930516408572041
1936,0.056037530814913236
1937,0.03247035521385905
1938,0.05770174548432051
1939,0.04650942159480441
1940,0.06092217964436158
1941,0.048318288726372005
1942,0.04432757495566854
1943,0.04362077858062891
1944,0.05204762167538442
1945,0.061423066894735236
1946,0.08942024109184145
1947,0.08244871009632762
1948,0.06114757601684748
1949,0.0560187097092248
1950,0.06632653165437677
1951,0.05682953846129836
1952,0.01623451364570896
1953,0.022682360963927846
1954,0.013960418310503216
1955,0.01996979372768381
1956,0.02471592726175429
1957,0.016957308631631657
1958,0.026153986616327358
1959,0.032679665101425136
1960,0.024023869280140525
1961,0.012528519230867455
1962,0.012307633864601457
1963,0.025209058348147188
1964,0.025785744102768828
1965,0.02940826821578112
1966,0.01631247992185051
1967,0.0236936805066854
1968,0.045764451529975485
1969,0.05860427938595302
1970,0.06353027457165301
1971,0.07234349694395932
1972,0.052627563005276524
1973,0.07624695441140121
1974,0.0200090212919908
1975,0.047281155368749064
1976,0.032930505410310514
1977,0.0458026787845961
1978,0.05006258676416291
1979,0.03632563840666923
1980,0.06077481619318517
1981,0.050171822872417914
1982,0.04487476376522402
1983,0.055352515766626566
1984,0.04417361529791445
1985,0.0405081078231198
1986,0.06506580585325744
1987,0.05118084927678898
1988,0.053001109845552036
1989,0.04085158043305631
1990,0.05956683593119209
1991,0.04532194531304386
1992,0.04914976562105471
1993,0.05797832867451597
1994,0.0894156047896876
1995,0.044712324884992286
1996,0.042711579606203566
1997,0.041734335087098666
1998,0.03581895231379195
1999,0.06914577803828635
