,value_per_image
0,-1.4819772243499756
1,-1.0883462429046629
2,-1.1210579872131348
3,-0.8528693914413452
4,-1.3876984119415283
5,-0.5916791558265686
6,-1.0986829996109009
7,-1.7295477390289309
8,-1.6647323369979858
9,-0.637604832649231
10,-1.7244399785995483
11,-1.1228771209716797
12,-1.0120601654052734
13,-1.117666721343994
14,-0.8081079721450806
15,-1.3222910165786743
16,-1.0748260021209717
17,-0.5557951927185059
18,-0.7610628604888916
19,-0.6735533475875854
20,-0.7515984773635864
21,-0.6465041041374207
22,-1.0517313480377195
23,-0.6724684834480286
24,-0.5232523679733276
25,-0.961959958076477
26,-1.6388801336288452
27,-1.0048068761825562
28,-2.0744583606719966
29,-0.7749327421188354
30,-1.5979112386703491
31,-1.0545886754989624
32,-1.4212431907653809
33,-1.139622688293457
34,-0.3670409321784973
35,-1.7975727319717407
36,-1.2195227146148682
37,-0.4448762536048889
38,-0.6720861196517944
39,-0.8331640958786011
40,-1.6407428979873655
41,-1.0218542814254759
42,-1.6852548122406006
43,-1.165858507156372
44,-0.9749172329902648
45,-0.6556357145309448
46,-1.3099420070648191
47,-0.9856521487236024
48,-1.0611288547515871
49,-0.8615090250968933
50,-1.3090721368789673
51,-1.2541298866271973
52,-1.3330761194229126
53,-1.7490415573120115
54,-0.7038605213165283
55,-0.9211971163749696
56,-0.8104541897773743
57,-0.9374111890792848
58,-0.7738692760467529
59,-0.2351057976484299
60,-0.5940689444541931
61,-2.2244884967803955
62,-0.9446177482604979
63,-0.5215531587600708
64,-1.0576237440109253
65,-0.9002844095230103
66,-1.2108824253082275
67,-1.1698702573776243
68,-1.0291088819503784
69,-1.0997861623764038
70,-0.914852738380432
71,-0.8371127843856812
72,-1.0703022480010986
73,-0.7452274560928345
74,-1.6472641229629517
75,-2.0533497333526607
76,-1.7552856206893919
77,-1.8986079692840576
78,-0.6276630759239197
79,-1.301508903503418
80,-1.4344152212142944
81,-0.916151225566864
82,-1.744693160057068
83,-0.6242102384567261
84,-1.660521149635315
85,-1.4759197235107422
86,-1.296743631362915
87,-1.3519777059555054
88,-0.9059752225875854
89,-0.8043472170829773
90,-0.8467552065849304
91,-1.6684592962265017
92,-1.2764965295791626
93,-1.0537716150283811
94,-0.8974183201789856
95,-0.1454319953918457
96,-0.8468742370605469
97,-1.6235315799713137
98,-0.8479032516479492
99,-1.16948664188385
100,-1.004267692565918
101,-1.4282087087631226
102,-0.8398789167404175
103,-0.9243545532226562
104,-0.99301016330719
105,-1.1526830196380615
106,-1.7651265859603882
107,-1.4235082864761353
108,-1.1807210445404053
109,-0.6688401699066162
110,-1.4464657306671145
111,-1.4634209871292114
112,-1.712782621383667
113,-0.7372594475746155
114,-0.6667779088020325
115,-1.0029013156890871
116,-1.4400099515914917
117,-0.7149509787559509
118,-1.3713099956512451
119,-1.099738597869873
120,-1.0713752508163452
121,-1.5721063613891602
122,-0.959621787071228
123,-0.8161535263061523
124,-1.9142099618911743
125,-1.9027103185653689
126,-1.0834275484085083
127,-0.6891602277755737
128,-0.7924639582633972
129,-0.9681496620178224
130,-0.9802044034004213
131,-0.7513684034347534
132,-0.5401473045349121
133,-1.1063822507858276
134,-1.553845763206482
135,-1.087458610534668
136,-1.6024658679962158
137,-0.8693804740905762
138,-1.6205122470855713
139,-1.1886284351348877
140,-0.5883761644363403
141,-0.9781025052070618
142,-0.6726726293563843
143,-0.7998796701431274
144,-0.5753369331359863
145,-0.7537170648574829
146,-1.6184879541397097
147,-0.9973076581954956
148,-0.5185859799385071
149,-0.94276362657547
150,-0.9778006672859192
151,-1.2215696573257446
152,-1.2147842645645142
153,-0.9679994583129884
154,-1.6167733669281006
155,-0.6895910501480103
156,-0.8038849830627441
157,-1.1513007879257202
158,-0.6085097193717957
159,-1.6760213375091553
160,-1.1492129564285278
161,-1.4961385726928709
162,-1.1096893548965454
163,-0.9160066843032836
164,-2.1925835609436035
165,-1.1924571990966797
166,-1.7578659057617188
167,-0.9968940615653992
168,-0.4744316637516022
169,-1.1902620792388916
170,-1.365290880203247
171,-2.028505563735962
172,-1.2526681423187256
173,-1.5136420726776123
174,-1.5106823444366455
175,-0.8972731828689575
176,-1.026744365692139
177,-0.8663692474365234
178,-1.281793236732483
179,-0.756900429725647
180,-0.2547791302204132
181,-1.077503681182861
182,-0.51530522108078
183,-1.3374176025390625
184,-0.6496772170066833
185,-1.5400542020797732
186,-1.0196503400802612
187,-0.8437634706497192
188,-1.5207455158233645
189,-0.8818019032478333
190,-1.5515899658203125
191,-1.145569086074829
192,-1.3660471439361572
193,-0.7279032468795776
194,-1.3643823862075806
195,-1.3287239074707031
196,-1.0002368688583374
197,-0.6015146970748901
198,-0.9067034721374512
199,-1.28350830078125
200,-1.1221219301223757
201,-1.6235898733139038
202,-1.485148787498474
203,-0.7648518681526184
204,-1.0647518634796145
205,-0.95225727558136
206,-0.7078118324279785
207,-0.5279042720794678
208,-1.3177523612976074
209,-0.5101100206375122
210,-0.7251793742179871
211,-0.9417225122451782
212,-1.8776706457138064
213,-0.7108191251754761
214,-0.8316130638122559
215,-0.8370536565780641
216,-1.2812731266021729
217,-0.9311598539352416
218,-0.7359803915023804
219,-1.232762098312378
220,-0.7252647280693054
221,-1.0583181381225586
222,-0.791427493095398
223,-0.902671992778778
224,-1.3560082912445068
225,-0.5000114440917969
226,-0.4179320335388184
227,-1.4182578325271606
228,-1.6394706964492798
229,-1.2903707027435305
230,-0.6488156914710999
231,-1.0993223190307615
232,-1.0846326351165771
233,-0.5452737808227539
234,-0.4737212061882019
235,-1.3144385814666748
236,-1.6049947738647459
237,-0.7739979028701782
238,-0.6823692321777344
239,-1.1903198957443235
240,-1.0027364492416382
241,-0.7767391800880432
242,-0.7601186633110046
243,-1.4859647750854492
244,-1.259379267692566
245,-0.92147958278656
246,-0.599953830242157
247,-1.9254939556121824
248,-0.6589301824569702
249,-1.0020618438720703
250,-1.027746319770813
251,-2.1292371749877934
252,-1.35962176322937
253,-0.7245780229568481
254,-1.0977318286895752
255,-1.0941951274871826
256,-0.5999733209609985
257,-0.6985071897506714
258,-1.0245640277862549
259,-0.8766558766365051
260,-1.0887458324432373
261,-0.8098515272140503
262,-1.0013527870178225
263,-1.4032795429229736
264,-0.5607048273086548
265,-0.4501442313194275
266,-1.089334487915039
267,-0.7936267852783203
268,-0.4237843155860901
269,-0.9907063245773317
270,-1.4553840160369873
271,-1.4900585412979126
272,-1.24112069606781
273,-0.4365121424198151
274,-1.7598854303359983
275,-1.213944911956787
276,-1.3775399923324585
277,-0.9571518898010254
278,-1.1625268459320068
279,-1.299849271774292
280,-0.6492918133735657
281,-0.6534862518310547
282,-1.4696905612945557
283,-0.6576622128486633
284,-0.6861404776573181
285,-1.999845266342163
286,-0.6746698617935181
287,-0.8755510449409485
288,-1.2501540184020996
289,-0.851429283618927
290,-0.8540505170822144
291,-0.6672092080116272
292,-1.6806131601333618
293,-0.41906285285949707
294,-1.253141164779663
295,-1.1773101091384888
296,-0.8926262855529785
297,-0.9807478785514832
298,-1.5205903053283691
299,-0.2279493361711502
300,-1.2873140573501587
301,-1.094005823135376
302,-1.1467260122299194
303,-1.156896471977234
304,-1.0486972332000732
305,-0.6466082930564879
306,-1.4832721948623655
307,-1.153926134109497
308,-0.8289341926574707
309,-1.3166401386260986
310,-1.150357007980347
311,-1.560335397720337
312,-1.5810519456863403
313,-1.3263753652572632
314,-1.50832998752594
315,-1.2042973041534424
316,-0.5876168012619019
317,-1.8330951929092407
318,-0.7491187453269958
319,-0.8750184178352356
320,-1.2129080295562744
321,-1.1477017402648926
322,-1.2082302570343018
323,-0.9730844497680664
324,-0.8414616584777832
325,-0.9317577481269836
326,-0.8724156618118286
327,-1.226447820663452
328,-0.7646716237068176
329,-1.0991203784942627
330,-1.167912244796753
331,-1.54735267162323
332,-1.50396466255188
333,-1.0046697854995728
334,-1.074593186378479
335,-1.0517561435699463
336,-0.9795514941215516
337,-1.0997457504272459
338,-1.4147908687591553
339,-1.299543380737305
340,-0.7947069406509399
341,-0.7387250065803528
342,-1.1147820949554443
343,-1.469647765159607
344,-0.8706059455871582
345,-0.8051795959472656
346,-0.9487913250923156
347,-0.9985230565071106
348,-1.0070537328720093
349,-1.5416446924209597
350,-0.7383362650871277
351,-1.2892929315567017
352,-1.2434399127960205
353,-0.6383738517761229
354,-1.700713872909546
355,-0.876745879650116
356,-0.7572438716888428
357,-1.110743522644043
358,-0.2982928156852722
359,-0.6722151041030884
360,-1.0122295618057249
361,-0.6908799409866333
362,-1.3057552576065063
363,-0.6075867414474487
364,-1.2395968437194824
365,-1.3827121257781982
366,-1.1572580337524414
367,-0.8691033124923706
368,-1.0622186660766602
369,-1.312468647956848
370,-1.3940799236297607
371,-1.6543487310409546
372,-0.9057766795158386
373,-1.2426543235778809
374,-1.2898640632629397
375,-1.1318423748016355
376,-0.9930474162101746
377,-1.884164810180664
378,-1.1376174688339231
379,-0.9056892395019532
380,-1.14160418510437
381,-1.347273588180542
382,-1.3951194286346436
383,-0.9811808466911316
384,-1.0474926233291626
385,-0.937407374382019
386,-0.568972647190094
387,-0.8909594416618347
388,-1.377461552619934
389,-0.8722470998764038
390,-1.5564805269241333
391,-1.2180840969085691
392,-0.9550372958183287
393,-1.014962911605835
394,-0.8880710601806641
395,-2.3773193359375
396,-0.9184261560440063
397,-0.6583817601203918
398,-0.7351434230804443
399,-0.9772046208381652
400,-1.2824500799179075
401,-1.6827739477157593
402,-1.2813576459884644
403,-0.8696657419204712
404,-0.3290558755397797
405,-0.6670578122138977
406,-0.7941918969154358
407,-1.0629948377609253
408,-1.539541721343994
409,-1.2235974073410034
410,-2.1402831077575684
411,-2.0170202255249023
412,-1.199841022491455
413,-0.6613585948944092
414,-1.2197225093841553
415,-1.2901437282562256
416,-0.8740878105163574
417,-0.772309422492981
418,-1.754594087600708
419,-1.1802409887313845
420,-1.3239232301712036
421,-1.1115479469299316
422,-1.1346793174743652
423,-0.8687813878059387
424,-1.6630560159683228
425,-1.7162368297576904
426,-0.9013046026229858
427,-1.7838375568389893
428,-0.7083578109741211
429,-0.901408076286316
430,-0.9504175186157228
431,-0.9766961932182312
432,-1.0937073230743408
433,-1.8200763463974
434,-1.4065357446670532
435,-1.264674425125122
436,-1.2594740390777588
437,-0.8292113542556763
438,-0.2956405282020569
439,-0.9739081263542176
440,-1.4273797273635864
441,-1.2610235214233398
442,-1.3240022659301758
443,-0.9415907859802246
444,-1.0151283740997314
445,-1.1112005710601809
446,-1.04407799243927
447,-1.3955867290496826
448,-1.1657482385635376
449,-0.751382052898407
450,-0.8318058252334595
451,-0.6733711957931519
452,-0.5346826314926147
453,-0.4533063769340515
454,-0.8205239176750183
455,-0.8639159202575684
456,-1.0808554887771606
457,-0.5451849699020386
458,-0.6285598278045654
459,-0.8612369298934937
460,-0.9323328137397766
461,-0.3856942057609558
462,-0.9448879957199096
463,-0.832500159740448
464,-1.0473957061767578
465,-0.876246452331543
466,-0.8216949701309204
467,-1.6707203388214111
468,-1.3853352069854736
469,-0.9579059481620787
470,-0.856869101524353
471,-0.5800974369049072
472,-0.9692527055740356
473,-0.8640125393867493
474,-0.8407708406448364
475,-0.8752310872077942
476,-1.926108121871948
477,-0.7446738481521606
478,-1.2774012088775637
479,-1.0649021863937378
480,-0.4681370854377746
481,-0.8838627934455872
482,-0.8956993222236633
483,-0.6154264211654663
484,-0.9111763834953308
485,-1.5117605924606323
486,-1.3952908515930176
487,-1.31276273727417
488,-1.6022800207138062
489,-1.1535755395889282
490,-1.173003315925598
491,-1.1108522415161133
492,-0.5176742672920227
493,-0.8055194616317749
494,-1.113796591758728
495,-0.5770002603530884
496,-1.6945825815200806
497,-1.1164432764053345
498,-0.8605411648750305
499,-1.6052982807159424
500,-1.215451955795288
501,-0.881447434425354
502,-0.9452508687973022
503,-1.176730036735535
504,-1.029576539993286
505,-0.2453164607286453
506,-0.9465662837028505
507,-1.310322403907776
508,-1.520511031150818
509,-1.2666232585906982
510,-1.250645875930786
511,-1.1173059940338137
512,-1.536247968673706
513,-1.8274879455566408
514,-1.3964301347732544
515,-1.2848738431930542
516,-1.68197500705719
517,-1.2313680648803709
518,-1.4968326091766355
519,-1.2898225784301758
520,-1.460360407829285
521,-1.455772042274475
522,-1.0250422954559326
523,-1.4756489992141724
524,-0.9676257371902466
525,-1.1615546941757202
526,-1.2329117059707642
527,-1.2039343118667605
528,-2.451056957244873
529,-1.4422211647033691
530,-1.0143134593963623
531,-1.175045371055603
532,-0.4564505219459534
533,-0.7918439507484436
534,-0.8002228736877441
535,-0.935510754585266
536,-0.7799553871154785
537,-1.324721097946167
538,-1.8119475841522217
539,-1.2504489421844482
540,-1.2585186958312988
541,-0.8236954808235168
542,-1.2002809047698977
543,-1.5708143711090088
544,-1.44845449924469
545,-1.5320923328399658
546,-0.9210020303726196
547,-2.444246768951416
548,-1.049682855606079
549,-1.2464479207992554
550,-0.6324875950813293
551,-1.338445782661438
552,-1.1972813606262207
553,-1.0655847787857056
554,-0.3965965211391449
555,-0.6182754039764404
556,-1.7461493015289309
557,-1.4015194177627563
558,-0.9720344543457032
559,-1.086445927619934
560,-1.632326364517212
561,-1.0477081537246704
562,-1.2666726112365725
563,-0.9852455854415894
564,-1.1927472352981567
565,-1.9692761898040767
566,-1.3390640020370483
567,-0.9695738554000854
568,-1.5527371168136597
569,-0.7210330963134766
570,-1.1644095182418823
571,-0.5192948579788208
572,-1.4016828536987305
573,-1.9772882461547847
574,-1.4000017642974854
575,-2.1325335502624507
576,-0.93983393907547
577,-0.9977612495422364
578,-1.3070685863494873
579,-0.765056848526001
580,-0.354571670293808
581,-0.9727625846862792
582,-0.9022358655929564
583,-1.2147271633148191
584,-0.8341956138610841
585,-0.7751160860061646
586,-1.3811025619506836
587,-0.9727423787117004
588,-1.8393434286117556
589,-0.8743122816085815
590,-0.9490116834640504
591,-1.435219168663025
592,-1.672321319580078
593,-1.3296526670455933
594,-1.245911955833435
595,-0.743104100227356
596,-0.788152813911438
597,-0.9802138209342957
598,-1.7410509586334229
599,-0.8846921920776367
600,-0.9635101556777954
601,-1.4930731058120728
602,-0.5315287709236145
603,-1.1073827743530271
604,-0.972927749156952
605,-1.201872706413269
606,-0.8047997355461121
607,-0.7427033782005309
608,-0.7878638505935669
609,-1.004242181777954
610,-0.7424730062484741
611,-1.284862756729126
612,-1.2969985008239746
613,-0.729335606098175
614,-0.6584733724594116
615,-1.3485167026519775
616,-1.4241064786911009
617,-1.4044792652130127
618,-1.832837700843811
619,-1.3523118495941162
620,-0.4904260635375977
621,-2.0041756629943848
622,-0.7975248694419861
623,-1.4166423082351685
624,-1.6297858953475952
625,-0.6091231107711792
626,-1.4180524349212646
627,-0.4302149713039398
628,-0.7048593163490295
629,-1.3965824842453003
630,-0.6905695199966431
631,-1.3179967403411863
632,-1.1938261985778809
633,-1.3384157419204712
634,-0.3025142252445221
635,-1.1438310146331787
636,-0.6093126535415649
637,-1.1535606384277344
638,-1.1593376398086548
639,-0.8973737955093384
640,-1.3753559589385986
641,-0.7667809724807739
642,-1.141560196876526
643,-1.083435297012329
644,-1.2506606578826904
645,-1.4000581502914429
646,-1.1974481344223022
647,-1.4281522035598757
648,-1.4279687404632568
649,-1.6054006814956665
650,-0.519930899143219
651,-1.4237903356552124
652,-1.2135319709777832
653,-1.608768105506897
654,-0.7866991758346558
655,-1.826221704483032
656,-1.1661641597747805
657,-1.6241447925567627
658,-0.8392453193664551
659,-1.3727837800979614
660,-1.0069059133529663
661,-1.5761880874633791
662,-1.481075882911682
663,-0.8867526054382324
664,-1.445415496826172
665,-0.6773053407669067
666,-1.2339186668395996
667,-1.1517287492752075
668,-0.9551356434822084
669,-0.6827208399772644
670,-1.0326817035675049
671,-1.8858247995376587
672,-0.9440757036209106
673,-1.0408203601837158
674,-1.5196526050567627
675,-1.3927730321884155
676,-0.7138382196426392
677,-0.9017683267593384
678,-1.471100687980652
679,-1.183698654174805
680,-0.8895099759101868
681,-0.4723845422267914
682,-0.9028481245040894
683,-0.6578959226608276
684,-1.82392156124115
685,-1.5652023553848269
686,-0.8262813687324524
687,-0.8731621503829956
688,-0.8697704076766968
689,-1.5912787914276123
690,-1.6519954204559326
691,-1.462958574295044
692,-0.9508622884750366
693,-0.7888444066047668
694,-0.4395617544651032
695,-0.7365981340408325
696,-0.5277485251426697
697,-0.5172268748283386
698,-0.7673408985137941
699,-1.7278438806533811
700,-1.1074793338775637
701,-1.2952936887741089
702,-0.7556138038635254
703,-1.4372056722640991
704,-0.9116891026496888
705,-0.9480115175247192
706,-0.9991497993469238
707,-0.8055132627487183
708,-0.6319037079811096
709,-0.8073409795761108
710,-1.1070470809936523
711,-1.7989339828491209
712,-1.8796186447143557
713,-0.9025155901908876
714,-1.7669436931610107
715,-1.1265947818756104
716,-0.29680055379867554
717,-1.3638522624969482
718,-0.9647753834724426
719,-1.7368214130401611
720,-1.5817000865936282
721,-1.6141315698623655
722,-0.9554425477981568
723,-0.8063300251960754
724,-0.5257311463356018
725,-0.9691144227981568
726,-0.4198044240474701
727,-1.0279976129531858
728,-0.8258015513420105
729,-0.8978387713432312
730,-0.9793720245361328
731,-1.0294116735458374
732,-1.6730018854141235
733,-0.9653016328811646
734,-0.9727662801742554
735,-1.2219306230545044
736,-1.222952127456665
737,-0.8213268518447876
738,-1.50899338722229
739,-1.3130335807800293
740,-1.0691773891448977
741,-0.8507736325263977
742,-1.2314984798431396
743,-1.8914285898208616
744,-0.5491195917129517
745,-1.6799606084823608
746,-0.9731256365776062
747,-1.1418166160583496
748,-1.3484474420547483
749,-1.3227107524871826
750,-0.5702029466629028
751,-0.873162567615509
752,-1.1661362648010254
753,-1.357353925704956
754,-0.9781824946403505
755,-0.9743531942367554
756,-0.9542019963264464
757,-0.5118059515953064
758,-0.693536639213562
759,-1.1265043020248413
760,-1.4931796789169312
761,-0.8121007680892944
762,-0.6796556711196899
763,-0.6661686897277832
764,-0.9256407022476196
765,-0.8373885154724121
766,-1.6655502319335938
767,-1.5777192115783691
768,-1.3646419048309326
769,-0.9213830828666688
770,-0.4835579991340637
771,-0.999778151512146
772,-1.3011738061904907
773,-0.9687000513076782
774,-0.5877869725227356
775,-1.031885862350464
776,-0.7634519934654236
777,-1.2934017181396484
778,-1.1199668645858765
779,-1.4303438663482666
780,-1.5885541439056396
781,-0.3613944351673126
782,-1.0768934488296509
783,-0.8174308538436891
784,-0.7634586095809937
785,-1.1202906370162964
786,-0.8335388302803041
787,-1.0887187719345093
788,-1.347325325012207
789,-0.5769380331039429
790,-1.1079877614974976
791,-0.9871553182601928
792,-1.4581397771835327
793,-0.9106424450874328
794,-1.5205861330032349
795,-1.3566685914993286
796,-1.3548310995101929
797,-0.7928191423416138
798,-0.939632773399353
799,-1.1713825464248655
800,-0.616119384765625
801,-1.0859016180038452
802,-0.9649739265441896
803,-0.8300762176513672
804,-1.3693352937698364
805,-2.1694872379302983
806,-1.5565249919891355
807,-2.2056024074554443
808,-0.7383907437324524
809,-0.18522343039512634
810,-1.0131680965423584
811,-1.754847288131714
812,-1.8867355585098269
813,-0.6547646522521973
814,-1.333716630935669
815,-0.5851394534111023
816,-0.2857189178466797
817,-0.6150211095809937
818,-1.3166409730911257
819,-1.0933239459991455
820,-0.9053478240966796
821,-0.6105074882507324
822,-1.722168207168579
823,-0.9860328435897828
824,-1.2674894332885742
825,-1.3633533716201782
826,-1.6718848943710327
827,-1.4950164556503296
828,-0.5744898915290833
829,-0.70294189453125
830,-1.7477796077728271
831,-0.9653409719467164
832,-1.1607520580291748
833,-0.7665190100669861
834,-1.553192377090454
835,-1.0846445560455322
836,-1.2506481409072876
837,-0.9732351303100586
838,-1.508191704750061
839,-2.2260570526123047
840,-1.5720388889312744
841,-1.1756324768066406
842,-1.1706525087356567
843,-1.4767882823944092
844,-1.1424367427825928
845,-1.221955418586731
846,-0.8464940190315247
847,-0.9564167261123656
848,-0.9559981226921082
849,-0.657458484172821
850,-0.9003639221191406
851,-1.2349843978881836
852,-0.8548254966735841
853,-1.0959641933441162
854,-1.073944091796875
855,-0.3374021947383881
856,-1.8524147272109983
857,-1.2637344598770142
858,-0.39139077067375183
859,-1.0211763381958008
860,-0.7418733835220337
861,-0.8015872240066528
862,-1.0649464130401611
863,-2.1707546710968018
864,-1.0386101007461548
865,-0.6672738790512085
866,-0.918648600578308
867,-0.8120931386947632
868,-0.5236716270446777
869,-1.826202392578125
870,-1.3119966983795166
871,-1.15860915184021
872,-1.2509185075759888
873,-0.6691003441810608
874,-1.6168206930160522
875,-0.7210000157356262
876,-1.5546311140060425
877,-0.9203897714614868
878,-0.20339269936084747
879,-1.4188783168792725
880,-0.9656550288200378
881,-1.0558098554611206
882,-1.162149429321289
883,-0.7582792639732361
884,-1.4292004108428955
885,-1.3538033962249756
886,-1.1012001037597656
887,-1.1669871807098389
888,-1.0380432605743408
889,-1.2726225852966309
890,-0.5857219696044922
891,-1.1460001468658447
892,-1.6500284671783447
893,-0.9774574041366576
894,-1.3569830656051636
895,-1.8315356969833372
896,-1.1168786287307741
897,-1.2329256534576416
898,-1.0312678813934326
899,-0.8405113220214844
900,-1.6491695642471311
901,-0.4917541146278381
902,-0.9223638772964478
903,-0.6584619283676147
904,-0.9924153089523317
905,-0.3571475446224213
906,-1.1591613292694092
907,-1.123454451560974
908,-1.5071508884429932
909,-0.5751599669456482
910,-0.7277679443359375
911,-0.9231786727905272
912,-1.4253942966461182
913,-1.6730009317398071
914,-1.6496585607528689
915,-1.107868790626526
916,-0.403113067150116
917,-1.0218403339385986
918,-0.6487919688224792
919,-1.5133869647979736
920,-1.0304667949676514
921,-1.3160088062286377
922,-0.778659462928772
923,-1.762147307395935
924,-0.8792012929916382
925,-0.4913943409919739
926,-0.7579487562179565
927,-0.7113800048828125
928,-1.2766114473342896
929,-0.9469131231307985
930,-0.5951127409934998
931,-1.0888708829879759
932,-1.0988579988479614
933,-1.0422904491424558
934,-0.6643835306167603
935,-1.493303894996643
936,-1.7389202117919922
937,-0.7004958391189575
938,-1.5637719631195068
939,-1.3898744583129885
940,-1.353524923324585
941,-0.7297617197036743
942,-1.4255987405776978
943,-0.9761025309562684
944,-1.4268383979797363
945,-1.222452163696289
946,-0.907751441001892
947,-0.6563769578933716
948,-1.3500024080276491
949,-1.6154550313949585
950,-0.769662082195282
951,-0.6620739698410034
952,-1.4968019723892212
953,-0.5886043310165405
954,-0.6149781942367554
955,-0.9960182309150696
956,-1.1200097799301147
957,-0.8163000345230103
958,-0.7958049774169922
959,-0.8613945245742798
960,-1.350754976272583
961,-1.4371893405914309
962,-0.7972334623336792
963,-1.1104029417037964
964,-0.9773523211479188
965,-0.8023450970649719
966,-0.4912283420562744
967,-0.7599067687988281
968,-0.9591729044914246
969,-1.8348846435546875
970,-1.218763828277588
971,-1.1776689291000366
972,-0.6227136850357056
973,-1.8802568912506104
974,-1.6618874073028564
975,-1.0445772409439087
976,-0.8448813557624817
977,-1.274572491645813
978,-1.2390960454940796
979,-1.4186903238296509
980,-0.7969598174095154
981,-1.587260127067566
982,-0.921423614025116
983,-0.6563062071800232
984,-0.5114721059799194
985,-1.1755473613739014
986,-1.1149392127990725
987,-2.072259426116944
988,-1.0562536716461182
989,-0.6998865008354187
990,-1.0210638046264648
991,-0.7533679008483887
992,-0.8708273768424988
993,-0.5741793513298035
994,-1.711300253868103
995,-0.5744719505310059
996,-0.7852064371109009
997,-0.7112994194030762
998,-1.163542866706848
999,-1.2200860977172852
1000,-1.751075029373169
1001,-0.991720974445343
1002,-0.6917492151260376
1003,-1.224897861480713
1004,-1.8553724288940432
1005,-0.7812355756759644
1006,-1.185529708862305
1007,-0.8492633700370789
1008,-0.5576452016830444
1009,-0.8617132306098938
1010,-0.9311115145683287
1011,-1.3708665370941162
1012,-0.8143348693847656
1013,-0.9012707471847534
1014,-0.6499804258346558
1015,-0.6849857568740845
1016,-1.5265103578567505
1017,-0.7211108207702637
1018,-1.408069729804993
1019,-0.8003206253051758
1020,-1.049234390258789
1021,-0.8244784474372864
1022,-0.8843644857406616
1023,-1.6244312524795532
1024,-0.8225539326667786
1025,-0.8808490037918091
1026,-0.3760820031166077
1027,-0.9030079841613771
1028,-0.8651658892631531
1029,-0.6729743480682373
1030,-0.7311334013938904
1031,-1.0323566198349001
1032,-0.4301150441169739
1033,-1.299320936203003
1034,-0.9653275609016418
1035,-0.21469178795814514
1036,-0.9550989270210266
1037,-1.6708917617797852
1038,-1.1510446071624756
1039,-0.5500137209892273
1040,-0.877968966960907
1041,-1.5741277933120728
1042,-0.6685836911201477
1043,-0.465172290802002
1044,-0.7628463506698608
1045,-0.35596129298210144
1046,-0.9267411231994628
1047,-2.104675769805908
1048,-0.6155401468276978
1049,-1.6590484380722046
1050,-1.0002801418304443
1051,-0.7333275079727173
1052,-0.3622138798236847
1053,-0.4840315282344818
1054,-1.0685179233551023
1055,-1.2865840196609497
1056,-0.7281876206398009
1057,-0.8943666219711304
1058,-1.8264364004135127
1059,-1.4851247072219849
1060,-0.8810861706733704
1061,-1.1718779802322388
1062,-1.400378942489624
1063,-1.2021186351776123
1064,-0.8931580781936646
1065,-1.1457444429397583
1066,-0.4617659449577332
1067,-0.8068121671676636
1068,-0.701321005821228
1069,-0.7527505159378052
1070,-0.9392353892326356
1071,-1.803139328956604
1072,-0.9270435571670532
1073,-1.0396935939788818
1074,-1.1413018703460691
1075,-0.4595840573310852
1076,-0.8582357168197632
1077,-1.7219024896621704
1078,-0.8715478181838989
1079,-1.831094741821289
1080,-0.658660888671875
1081,-1.3982559442520142
1082,-1.4076286554336548
1083,-1.7073768377304075
1084,-0.6539126038551331
1085,-0.933063805103302
1086,-0.7357460260391235
1087,-0.6399189233779907
1088,-0.5123876929283142
1089,-1.572401762008667
1090,-0.4884876608848572
1091,-1.6941759586334229
1092,-0.6645283102989197
1093,-1.052349328994751
1094,-0.33631575107574463
1095,-0.9061479568481444
1096,-1.1608610153198242
1097,-1.2895839214324951
1098,-1.3463099002838137
1099,-1.650204062461853
1100,-1.3640178442001345
1101,-0.5125336647033691
1102,-1.1609269380569458
1103,-0.6839500665664673
1104,-0.9792863726615906
1105,-0.5815843343734741
1106,-0.8260537981987
1107,-1.271990180015564
1108,-0.6630319952964783
1109,-1.0124280452728271
1110,-0.9648510217666626
1111,-1.3423402309417725
1112,-1.0959862470626829
1113,-1.4563562870025637
1114,-1.6124693155288696
1115,-1.3547298908233645
1116,-1.0177818536758425
1117,-0.9730750918388368
1118,-0.5404390692710876
1119,-0.9510105848312378
1120,-0.6789773106575012
1121,-1.1382114887237549
1122,-1.1174660921096802
1123,-1.197169065475464
1124,-1.168614149093628
1125,-0.8131144642829895
1126,-0.7790798544883728
1127,-0.9563533663749696
1128,-1.6103503704071045
1129,-1.341323733329773
1130,-0.5540667772293091
1131,-1.448444128036499
1132,-0.8062591552734375
1133,-1.0838074684143066
1134,-0.9280805587768556
1135,-0.808563232421875
1136,-1.3953193426132202
1137,-0.854863166809082
1138,-0.891029953956604
1139,-1.0149123668670654
1140,-1.148742437362671
1141,-1.2367223501205444
1142,-0.6443353891372681
1143,-0.9153960347175598
1144,-0.7308356761932373
1145,-1.8267314434051516
1146,-0.8778122067451477
1147,-0.7327553629875183
1148,-0.9666520953178406
1149,-0.6416255831718445
1150,-1.1042869091033936
1151,-2.1010220050811768
1152,-0.7780373096466064
1153,-0.9160486459732056
1154,-1.3322012424468994
1155,-1.9503700733184812
1156,-2.0043013095855717
1157,-1.2183103561401367
1158,-1.4077765941619873
1159,-1.2978163957595823
1160,-0.8782459497451782
1161,-0.9000123143196106
1162,-0.9866530299186708
1163,-1.3584332466125488
1164,-0.9607167243957521
1165,-1.7700452804565432
1166,-1.9006364345550537
1167,-0.8612276911735535
1168,-0.8991376161575317
1169,-1.2371970415115356
1170,-1.1392784118652344
1171,-1.340857744216919
1172,-0.9375575184822084
1173,-0.5105649828910828
1174,-1.9167159795761108
1175,-1.1464499235153198
1176,-1.4924881458282468
1177,-0.7321690320968628
1178,-1.6893882751464844
1179,-1.3586300611495972
1180,-0.9000252485275269
1181,-0.6405730247497559
1182,-1.0347340106964111
1183,-1.1132655143737793
1184,-1.0757366418838499
1185,-1.355444073677063
1186,-1.981686234474182
1187,-1.0408236980438232
1188,-1.7047996520996094
1189,-1.5224848985671997
1190,-0.7218685150146484
1191,-1.0794229507446291
1192,-1.4335829019546509
1193,-0.8039501905441284
1194,-0.764454185962677
1195,-0.7679506540298462
1196,-1.3232996463775637
1197,-0.7318156957626343
1198,-0.6995421648025513
1199,-1.1402642726898191
1200,-0.7266174554824829
1201,-1.4523087739944458
1202,-0.8990699648857117
1203,-1.1610863208770752
1204,-0.8681648969650269
1205,-1.4992964267730713
1206,-1.2293198108673096
1207,-1.0358781814575195
1208,-1.0061380863189695
1209,-0.7041551470756531
1210,-0.6333946585655212
1211,-0.9822497367858888
1212,-1.029555082321167
1213,-0.8793976902961731
1214,-0.6852458119392395
1215,-1.0366486310958862
1216,-1.3556197881698608
1217,-0.9018737077713012
1218,-1.5002830028533936
1219,-1.1952722072601318
1220,-1.1248327493667605
1221,-1.0353806018829346
1222,-0.35089316964149475
1223,-1.1689636707305908
1224,-1.104036808013916
1225,-1.1188154220581057
1226,-0.7615001201629639
1227,-1.5948413610458374
1228,-1.3120331764221191
1229,-0.5705132484436035
1230,-1.0619837045669556
1231,-2.2283122539520264
1232,-1.5254466533660889
1233,-0.6706506013870239
1234,-0.6164914965629578
1235,-0.6269038915634155
1236,-0.6713621020317078
1237,-0.5881319046020508
1238,-1.3248192071914673
1239,-0.6857801675796509
1240,-1.7057698965072632
1241,-1.559586763381958
1242,-1.3890396356582642
1243,-2.323744297027588
1244,-0.3929101228713989
1245,-1.1007623672485352
1246,-0.8116466403007507
1247,-0.9868438839912416
1248,-0.8114045262336731
1249,-0.8127601742744446
1250,-1.0412652492523191
1251,-1.0162825584411619
1252,-1.0858604907989502
1253,-0.5825888514518738
1254,-1.5456297397613523
1255,-1.5339562892913818
1256,-1.2961676120758057
1257,-0.7222711443901062
1258,-1.0225239992141724
1259,-0.4651725888252258
1260,-0.4577932357788086
1261,-0.7394038438796997
1262,-0.3621818721294403
1263,-1.982259750366211
1264,-1.4617620706558228
1265,-1.1927738189697266
1266,-0.922559142112732
1267,-1.7069000005722046
1268,-1.3805726766586304
1269,-0.6204706430435181
1270,-1.0044715404510498
1271,-2.187152862548828
1272,-1.0591655969619749
1273,-0.8679787516593933
1274,-1.7749000787734983
1275,-1.9202407598495483
1276,-1.1675045490264893
1277,-1.207040548324585
1278,-1.6984155178070068
1279,-1.2121617794036863
1280,-1.1674854755401611
1281,-1.519580364227295
1282,-1.185980200767517
1283,-1.2926769256591797
1284,-0.5545811653137207
1285,-1.4848301410675049
1286,-2.0774683952331543
1287,-1.217843532562256
1288,-0.7915678024291992
1289,-0.8987131118774414
1290,-1.0117281675338743
1291,-0.587109386920929
1292,-1.73305344581604
1293,-1.4805345535278318
1294,-0.868350625038147
1295,-0.15643063187599182
1296,-1.6230522394180298
1297,-1.1074148416519165
1298,-0.7268174290657043
1299,-0.8419889211654663
1300,-1.1462981700897217
1301,-1.4146090745925903
1302,-0.8462117314338684
1303,-1.164244294166565
1304,-1.0568912029266355
1305,-0.8398520350456238
1306,-1.6513545513153076
1307,-0.8889098167419434
1308,-0.6690800189971924
1309,-0.9449630975723268
1310,-1.6391277313232422
1311,-0.9554911851882936
1312,-0.9738505482673644
1313,-1.1937932968139648
1314,-0.6301635503768921
1315,-1.1480650901794434
1316,-1.2287449836730957
1317,-1.4513936042785645
1318,-0.9415545463562012
1319,-1.8591445684432983
1320,-0.9819501042366028
1321,-1.0267837047576904
1322,-0.8419562578201294
1323,-1.4119296073913574
1324,-0.5993615984916687
1325,-0.8376930952072144
1326,-1.3478127717971802
1327,-0.6014506816864014
1328,-1.0015407800674438
1329,-0.8293833732604979
1330,-1.8008025884628296
1331,-1.5673840045928955
1332,-0.7245827913284302
1333,-0.8121640086174011
1334,-1.1345925331115725
1335,-1.3478429317474363
1336,-1.046269416809082
1337,-1.2829313278198242
1338,-0.6643952131271362
1339,-1.8681561946868896
1340,-1.6441234350204468
1341,-0.6861171722412109
1342,-1.2406429052352903
1343,-1.6160595417022705
1344,-0.7729603052139282
1345,-0.7556766867637634
1346,-1.0011084079742432
1347,-1.1625951528549194
1348,-1.7820100784301758
1349,-0.17467164993286133
1350,-1.0793155431747437
1351,-0.7693252563476562
1352,-1.458020806312561
1353,-0.7355042695999146
1354,-1.2044650316238403
1355,-1.0392861366271973
1356,-1.2661466598510742
1357,-1.2424226999282837
1358,-1.4275691509246826
1359,-1.3990910053253174
1360,-1.882076859474182
1361,-0.931199848651886
1362,-0.6853781342506409
1363,-0.8673025369644165
1364,-0.9654191136360168
1365,-1.286495566368103
1366,-0.9398022890090942
1367,-0.9484351873397828
1368,-1.835277795791626
1369,-1.002879619598389
1370,-0.8169204592704773
1371,-0.7682418823242188
1372,-1.3018960952758791
1373,-0.8060223460197449
1374,-1.0376737117767334
1375,-0.9804984927177428
1376,-0.9995120763778688
1377,-0.7934563159942627
1378,-0.8210451006889343
1379,-0.8300339579582214
1380,-1.0048588514328003
1381,-1.5057947635650637
1382,-1.179837942123413
1383,-0.5121139287948608
1384,-1.0867651700973509
1385,-1.2951252460479736
1386,-0.7311280369758606
1387,-1.917568802833557
1388,-0.874839186668396
1389,-1.0032173395156858
1390,-1.4223511219024658
1391,-1.826478362083435
1392,-0.7440356016159058
1393,-1.4939935207366943
1394,-0.1884399950504303
1395,-0.7501786947250366
1396,-1.7022727727890017
1397,-2.0478243827819824
1398,-0.9197059869766236
1399,-1.2239937782287598
1400,-0.832014262676239
1401,-0.6429445147514343
1402,-1.4116700887680054
1403,-0.32796528935432434
1404,-1.2675780057907104
1405,-1.1288286447525024
1406,-1.1091164350509644
1407,-1.7335704565048218
1408,-1.480025053024292
1409,-1.5819352865219116
1410,-0.8841452598571777
1411,-1.0235475301742554
1412,-0.9561731219291688
1413,-1.0574934482574463
1414,-0.9465271830558776
1415,-0.8670837283134459
1416,-1.3838679790496826
1417,-1.074313402175903
1418,-1.02640700340271
1419,-0.6994843482971191
1420,-0.8540351986885071
1421,-1.4746235609054563
1422,-1.136790156364441
1423,-1.5550248622894287
1424,-0.9219058752059937
1425,-0.8826563954353333
1426,-0.6535893678665161
1427,-0.8850694894790649
1428,-0.9156824350357056
1429,-0.4508105218410492
1430,-0.9220563769340516
1431,-1.5178910493850708
1432,-1.535269856452942
1433,-0.882152259349823
1434,-1.1716691255569458
1435,-0.9035959243774414
1436,-0.5537008047103882
1437,-1.8834106922149656
1438,-1.093563675880432
1439,-1.6640682220458984
1440,-1.3806182146072388
1441,-1.220672369003296
1442,-1.1350425481796265
1443,-1.5815012454986572
1444,-0.7105432748794556
1445,-1.308734655380249
1446,-1.1369192600250244
1447,-1.0885168313980105
1448,-1.0803508758544922
1449,-0.7732608318328857
1450,-1.2366740703582764
1451,-1.1081974506378174
1452,-1.1910909414291382
1453,-1.017242670059204
1454,-1.6843421459197998
1455,-1.6812629699707031
1456,-1.2459948062896729
1457,-0.5694310069084167
1458,-0.9534028768539428
1459,-0.9374839067459106
1460,-1.192516565322876
1461,-0.4523773193359375
1462,-1.3099740743637085
1463,-1.028651237487793
1464,-0.9488865733146667
1465,-1.2009425163269043
1466,-2.001137018203736
1467,-0.9140512347221376
1468,-0.9237402677536012
1469,-1.160838961601257
1470,-1.0427368879318235
1471,-0.6991823315620422
1472,-1.3876211643218994
1473,-0.8018811941146851
1474,-0.8537930250167847
1475,-0.7916048169136047
1476,-0.696931004524231
1477,-1.152281403541565
1478,-0.5531140565872192
1479,-2.2245442867279053
1480,-1.9865487813949585
1481,-1.4342688322067259
1482,-0.5727461576461792
1483,-0.6697796583175659
1484,-1.7255985736846924
1485,-1.499999761581421
1486,-1.193988561630249
1487,-1.7597577571868896
1488,-1.0576860904693604
1489,-1.4155340194702148
1490,-1.2486428022384644
1491,-0.9141866564750672
1492,-1.5359723567962646
1493,-0.7972443699836731
1494,-1.589311599731445
1495,-1.0464330911636353
1496,-1.0696189403533936
1497,-0.5862048864364624
1498,-1.5987539291381836
1499,-1.310254693031311
1500,-0.522506594657898
1501,-0.9231556057929992
1502,-0.6154053807258606
1503,-1.425847411155701
1504,-0.4067054688930512
1505,-0.5119231939315796
1506,-0.6098867654800415
1507,-1.479259729385376
1508,-1.0751081705093384
1509,-1.23430073261261
1510,-1.5307143926620483
1511,-0.9698179364204408
1512,-1.2436890602111816
1513,-1.5417108535766602
1514,-0.8377692103385925
1515,-0.743302583694458
1516,-0.855355441570282
1517,-1.572029709815979
1518,-0.9744129180908204
1519,-0.4798555374145508
1520,-1.159286379814148
1521,-1.07889723777771
1522,-0.8299771547317505
1523,-0.6871041059494019
1524,-1.5237715244293213
1525,-1.2987852096557615
1526,-1.150618314743042
1527,-1.3541443347930908
1528,-0.9846652746200562
1529,-1.6693872213363647
1530,-1.6726242303848269
1531,-0.97051602602005
1532,-0.5598974823951721
1533,-1.148456573486328
1534,-0.8232876062393188
1535,-1.6754560470581057
1536,-1.5937726497650146
1537,-0.9134918451309204
1538,-1.0252641439437866
1539,-0.6048473119735718
1540,-1.5570415258407593
1541,-0.9226317405700684
1542,-1.0401434898376465
1543,-0.9207444190979004
1544,-1.66656494140625
1545,-0.9942919611930848
1546,-1.2791541814804075
1547,-1.0602986812591553
1548,-1.2116113901138306
1549,-0.8308016657829285
1550,-1.2502405643463137
1551,-1.2751915454864502
1552,-1.2746026515960691
1553,-1.3318235874176023
1554,-1.8256025314331052
1555,-0.2128717005252838
1556,-0.7465500831604004
1557,-0.8059654235839844
1558,-1.2695987224578855
1559,-1.7779757976531982
1560,-2.12297797203064
1561,-1.0101325511932373
1562,-0.4641698002815247
1563,-1.4758647680282593
1564,-0.8258678317070007
1565,-0.8944994807243347
1566,-0.9165592193603516
1567,-0.789725661277771
1568,-0.6487233638763428
1569,-1.7969691753387451
1570,-1.1555311679840088
1571,-1.2567020654678345
1572,-1.4964853525161743
1573,-1.1153903007507324
1574,-0.9436612129211426
1575,-0.4893705248832703
1576,-0.8585720062255859
1577,-0.8672291040420532
1578,-0.8164495229721069
1579,-1.3104404211044312
1580,-0.6421515345573425
1581,-1.0861353874206543
1582,-1.090682864189148
1583,-1.654510736465454
1584,-1.2749291658401491
1585,-1.7095829248428345
1586,-1.1867626905441284
1587,-0.911734104156494
1588,-1.5783922672271729
1589,-2.153505563735962
1590,-1.4528217315673828
1591,-1.15657639503479
1592,-0.615809440612793
1593,-1.980713486671448
1594,-1.4086225032806396
1595,-1.1943395137786863
1596,-0.6772231459617615
1597,-1.0630104541778564
1598,-1.3740730285644531
1599,-1.465186357498169
1600,-0.8392847180366516
1601,-1.6723783016204834
1602,-1.5616902112960815
1603,-0.9053180813789368
1604,-1.811361312866211
1605,-0.5985767841339111
1606,-0.6723770499229431
1607,-1.1125258207321167
1608,-1.1145421266555786
1609,-1.236688494682312
1610,-1.1628028154373171
1611,-1.3944021463394165
1612,-1.9174495935440063
1613,-1.4573518037796018
1614,-1.3780208826065063
1615,-0.2978072762489319
1616,-1.283296823501587
1617,-1.0608774423599243
1618,-1.973533034324646
1619,-0.7138295173645021
1620,-1.4162402153015137
1621,-1.30213463306427
1622,-0.2347935438156128
1623,-1.4233564138412476
1624,-0.4433139860630035
1625,-1.0162246227264404
1626,-1.7708921432495115
1627,-0.9452687501907348
1628,-1.5655922889709473
1629,-1.9707725048065183
1630,-2.173214197158813
1631,-0.8723243474960327
1632,-1.6638669967651367
1633,-0.991627871990204
1634,-1.887550711631775
1635,-1.23686420917511
1636,-0.8933830261230469
1637,-0.7350133061408997
1638,-1.654584527015686
1639,-0.7503482699394226
1640,-1.570214033126831
1641,-1.1704487800598145
1642,-0.6113831996917725
1643,-1.104055643081665
1644,-1.2241283655166626
1645,-1.2577475309371948
1646,-1.6959645748138428
1647,-1.036455154418945
1648,-1.4146720170974731
1649,-1.1600698232650757
1650,-1.170939326286316
1651,-1.0838849544525146
1652,-1.2557320594787598
1653,-0.8863013982772827
1654,-1.389831781387329
1655,-1.5462079048156738
1656,-2.7731733322143555
1657,-1.2115458250045776
1658,-1.1285257339477541
1659,-0.8287817239761353
1660,-1.2235982418060305
1661,-1.1437442302703855
1662,-1.4228216409683228
1663,-1.6389957666397097
1664,-0.5940610766410828
1665,-0.6148734092712402
1666,-0.7702813148498535
1667,-1.1489193439483645
1668,-0.5309991240501404
1669,-0.9601472020149232
1670,-1.3766497373580933
1671,-1.9135605096817017
1672,-1.2245744466781616
1673,-0.7396014332771301
1674,-0.9559087753295898
1675,-1.5265448093414309
1676,-0.9864588975906372
1677,-1.3393923044204712
1678,-1.0677769184112549
1679,-0.6265894174575806
1680,-0.5845732092857361
1681,-1.9503319263458248
1682,-0.9941992759704591
1683,-1.9224462509155276
1684,-1.0271621942520142
1685,-1.6130558252334597
1686,-0.7328544855117798
1687,-0.7537315487861633
1688,-1.1753082275390625
1689,-1.7179212570190432
1690,-2.72368597984314
1691,-0.793300986289978
1692,-1.3776071071624756
1693,-1.444227933883667
1694,-0.7864994406700134
1695,-1.1569035053253174
1696,-1.0028464794158936
1697,-0.8056174516677856
1698,-1.1352430582046509
1699,-0.91634339094162
1700,-0.5580652952194214
1701,-1.4839969873428345
1702,-0.6558865308761597
1703,-1.4661118984222412
1704,-0.8261998891830444
1705,-1.0975162982940674
1706,-2.230703353881836
1707,-0.9687573313713074
1708,-0.19151708483695984
1709,-0.6643959283828735
1710,-1.1343034505844116
1711,-0.6468188166618347
1712,-1.858507513999939
1713,-1.1374953985214231
1714,-1.3426744937896729
1715,-0.8234149813652039
1716,-0.8291074633598328
1717,-1.4302371740341189
1718,-0.8776834607124329
1719,-1.2454382181167605
1720,-0.8555315732955933
1721,-0.8183283805847168
1722,-0.7427855730056763
1723,-0.8446835279464722
1724,-1.266472101211548
1725,-0.6737298965454102
1726,-1.325214982032776
1727,-0.8846613764762878
1728,-1.1109501123428345
1729,-1.1567037105560305
1730,-0.6941092014312744
1731,-0.9514920115470886
1732,-1.7810161113739014
1733,-0.7096633911132812
1734,-0.7776960730552673
1735,-0.5380049347877502
1736,-0.7561141848564148
1737,-0.651617169380188
1738,-1.2797967195510864
1739,-1.3934390544891355
1740,-1.1172325611114502
1741,-0.7687916755676271
1742,-0.7276465892791748
1743,-1.220608472824097
1744,-1.4709419012069702
1745,-1.0101852416992188
1746,-2.1401190757751465
1747,-0.4065883755683899
1748,-1.0361179113388062
1749,-1.4304295778274536
1750,-0.8651490211486816
1751,-0.9969236254692078
1752,-1.7273626327514648
1753,-1.5205482244491575
1754,-1.682096242904663
1755,-1.527260184288025
1756,-1.3361626863479614
1757,-1.632209539413452
1758,-1.290691614151001
1759,-0.582563042640686
1760,-0.8894965052604675
1761,-0.8373099565505981
1762,-1.2140895128250122
1763,-0.7969136238098145
1764,-1.1713694334030151
1765,-1.042752027511597
1766,-1.3830870389938354
1767,-1.1643980741500854
1768,-0.4175305962562561
1769,-1.4085534811019895
1770,-2.1944236755371094
1771,-0.9976102113723756
1772,-0.6792494654655457
1773,-2.4831252098083496
1774,-1.190864324569702
1775,-1.1498703956604004
1776,-0.918762505054474
1777,-0.7877229452133179
1778,-0.7080665826797485
1779,-0.7723625302314758
1780,-1.045467972755432
1781,-0.924838662147522
1782,-0.6261805891990662
1783,-1.2774622440338137
1784,-1.41465163230896
1785,-0.941242516040802
1786,-1.5786752700805664
1787,-0.8950370550155641
1788,-0.8655821681022644
1789,-1.9333454370498655
1790,-1.5684750080108645
1791,-0.7564210891723633
1792,-1.3277121782302856
1793,-0.8191545605659485
1794,-0.8749130368232727
1795,-1.9945579767227173
1796,-1.7054078578948977
1797,-1.4994710683822632
1798,-0.9095659255981444
1799,-0.668524980545044
1800,-1.396748423576355
1801,-1.023034691810608
1802,-1.4041011333465576
1803,-0.6896265149116516
1804,-1.0361204147338867
1805,-0.6725908517837524
1806,-0.9307177662849426
1807,-0.2517057061195373
1808,-1.8712491989135744
1809,-1.2729454040527344
1810,-1.624260187149048
1811,-0.7242358922958374
1812,-1.2590110301971436
1813,-1.0791447162628174
1814,-1.0230499505996704
1815,-0.9979814291000366
1816,-0.878226637840271
1817,-1.106719136238098
1818,-1.6380571126937866
1819,-0.8758054971694946
1820,-0.8770623207092285
1821,-0.5997235178947449
1822,-1.197063684463501
1823,-0.6607793569564819
1824,-0.5978491306304932
1825,-0.5157380700111389
1826,-1.3268251419067385
1827,-1.4658693075180054
1828,-1.2781256437301636
1829,-1.2777544260025024
1830,-1.4811804294586182
1831,-0.643133819103241
1832,-1.022832274436951
1833,-0.9756416082382202
1834,-1.8738508224487305
1835,-1.3447644710540771
1836,-1.2236783504486084
1837,-0.8130609393119812
1838,-0.8952493667602539
1839,-1.3078677654266355
1840,-1.1825330257415771
1841,-0.8593594431877136
1842,-1.204218864440918
1843,-0.944608509540558
1844,-0.6899592280387878
1845,-1.2418272495269775
1846,-0.6886383891105652
1847,-0.6941342353820801
1848,-1.4141495227813718
1849,-1.1349270343780518
1850,-1.5572240352630615
1851,-1.3254330158233645
1852,-0.7389715313911438
1853,-0.8207870721817017
1854,-0.6310757398605347
1855,-0.8170264959335327
1856,-2.2453885078430176
1857,-1.6109106540679932
1858,-1.3552404642105105
1859,-1.1829755306243896
1860,-0.7151021361351013
1861,-1.0857938528060913
1862,-0.8563476800918579
1863,-1.1636523008346558
1864,-2.250020980834961
1865,-1.4706852436065674
1866,-0.7889789342880249
1867,-1.479810118675232
1868,-0.8126959800720215
1869,-0.8201837539672852
1870,-0.8723371624946594
1871,-1.1757087707519531
1872,-1.098626732826233
1873,-1.072164535522461
1874,-1.6096246242523191
1875,-0.98533695936203
1876,-0.6466360092163086
1877,-1.1250041723251345
1878,-0.4989837110042572
1879,-1.4943181276321411
1880,-0.7777214050292969
1881,-0.7893156409263611
1882,-1.6663835048675537
1883,-0.9340678453445436
1884,-1.012224197387695
1885,-0.7861015200614929
1886,-1.3731480836868286
1887,-0.6538809537887573
1888,-1.3261802196502686
1889,-1.1015576124191284
1890,-0.5770623683929443
1891,-0.4456216394901276
1892,-1.2805907726287842
1893,-0.8595487475395203
1894,-0.7892063856124878
1895,-1.0103625059127808
1896,-0.7689342498779297
1897,-1.4886566400527954
1898,-0.8959142565727234
1899,-0.9954242706298828
1900,-1.1469029188156128
1901,-1.563589334487915
1902,-1.0080834627151491
1903,-0.9665843844413756
1904,-0.4607923626899719
1905,-0.6976565718650818
1906,-1.3748170137405396
1907,-1.0543646812438965
1908,-1.4865649938583374
1909,-0.6846696734428406
1910,-1.249720811843872
1911,-0.8527032136917114
1912,-1.2870931625366209
1913,-0.8504016995429993
1914,-0.5575965642929077
1915,-0.9631511569023132
1916,-1.1597425937652588
1917,-1.8662245273590088
1918,-1.0078290700912476
1919,-0.7655062079429626
1920,-1.1616665124893188
1921,-1.185645341873169
1922,-0.5331240892410278
1923,-1.0014628171920776
1924,-0.5403366684913635
1925,-1.8551681041717532
1926,-0.8870552182197571
1927,-1.075023889541626
1928,-1.9781286716461184
1929,-1.4210716485977173
1930,-0.9748935699462892
1931,-0.4701924920082092
1932,-0.9861415028572084
1933,-0.4996069967746735
1934,-0.6571485996246338
1935,-0.8759797215461731
1936,-0.7814708948135376
1937,-2.315790891647339
1938,-0.6731086373329163
1939,-1.2169944047927856
1940,-1.1301424503326416
1941,-1.99346137046814
1942,-1.0722334384918213
1943,-1.3051819801330566
1944,-1.5146346092224119
1945,-0.5980774164199829
1946,-0.976370334625244
1947,-0.7108758091926575
1948,-1.2767629623413086
1949,-0.6648464202880859
1950,-1.5744173526763916
1951,-1.2657768726348877
1952,-1.5171302556991575
1953,-0.9373852610588074
1954,-1.0422130823135376
1955,-0.8444410562515259
1956,-1.3199121952056885
1957,-1.128000020980835
1958,-0.939034342765808
1959,-0.7638053894042969
1960,-0.9484828114509584
1961,-0.3869170844554901
1962,-1.1116774082183838
1963,-1.527324914932251
1964,-1.1216294765472412
1965,-0.6390619277954102
1966,-0.5737400054931641
1967,-1.0416271686553955
1968,-1.0515691041946411
1969,-0.4336655735969544
1970,-1.0213485956192017
1971,-0.6714482307434082
1972,-0.7452964782714844
1973,-0.7086688280105591
1974,-1.8993966579437256
1975,-0.9651220440864564
1976,-1.5406593084335327
1977,-0.8339783549308777
1978,-1.437710523605347
1979,-0.8392020463943481
1980,-0.6865788102149963
1981,-0.610986053943634
1982,-1.3555577993392944
1983,-0.8595833778381348
1984,-0.8179589509963989
1985,-0.9000476598739624
1986,-0.8948256373405457
1987,-1.1700345277786257
1988,-1.8870395421981807
1989,-1.4795734882354736
1990,-1.0353019237518308
1991,-1.5564041137695312
1992,-1.1556367874145508
1993,-1.1153165102005005
1994,-0.6363770365715027
1995,-0.8432056307792664
1996,-0.8697468042373657
1997,-1.0120071172714231
1998,-1.1785686016082764
1999,-0.6528877019882202
