,value_per_image
0,0.5246636771300448
1,0.5156950672645739
2,0.5201793721973094
3,0.5201793721973094
4,0.5919282511210763
5,0.4977578475336323
6,0.4484304932735426
7,0.5291479820627802
8,0.5156950672645739
9,0.5381165919282511
10,0.4349775784753363
11,0.5650224215246636
12,0.4887892376681615
13,0.5067264573991032
14,0.5650224215246636
15,0.5470852017937221
16,0.5829596412556054
17,0.5246636771300448
18,0.5201793721973094
19,0.5291479820627802
20,0.5336322869955157
21,0.4843049327354261
22,0.4932735426008968
23,0.5291479820627802
24,0.5336322869955157
25,0.5695067264573991
26,0.5381165919282511
27,0.5022421524663677
28,0.5426008968609866
29,0.5470852017937221
30,0.5291479820627802
31,0.5022421524663677
32,0.4618834080717489
33,0.4708520179372198
34,0.5695067264573991
35,0.4887892376681615
36,0.5246636771300448
37,0.5381165919282511
38,0.5156950672645739
39,0.5022421524663677
40,0.5156950672645739
41,0.5067264573991032
42,0.5067264573991032
43,0.4932735426008968
44,0.5291479820627802
45,0.5336322869955157
46,0.5022421524663677
47,0.5426008968609866
48,0.5426008968609866
49,0.5695067264573991
50,0.5156950672645739
51,0.5291479820627802
52,0.5291479820627802
53,0.5022421524663677
54,0.5829596412556054
55,0.5067264573991032
56,0.5336322869955157
57,0.5156950672645739
58,0.5336322869955157
59,0.5067264573991032
60,0.5291479820627802
61,0.5515695067264574
62,0.5426008968609866
63,0.5381165919282511
64,0.5426008968609866
65,0.5246636771300448
66,0.5515695067264574
67,0.5515695067264574
68,0.5112107623318386
69,0.5336322869955157
70,0.5605381165919282
71,0.5067264573991032
72,0.5336322869955157
73,0.5336322869955157
74,0.5201793721973094
75,0.5246636771300448
76,0.5605381165919282
77,0.5605381165919282
78,0.5067264573991032
79,0.4932735426008968
80,0.4932735426008968
81,0.5381165919282511
82,0.5156950672645739
83,0.4843049327354261
84,0.5022421524663677
85,0.5022421524663677
86,0.4977578475336323
87,0.5067264573991032
88,0.5470852017937221
89,0.4708520179372198
90,0.5381165919282511
91,0.4977578475336323
92,0.4843049327354261
93,0.5291479820627802
94,0.5515695067264574
95,0.5022421524663677
96,0.5246636771300448
97,0.5156950672645739
98,0.4753363228699552
99,0.5067264573991032
100,0.5201793721973094
101,0.4708520179372198
102,0.5470852017937221
103,0.5246636771300448
104,0.5291479820627802
105,0.5112107623318386
106,0.4932735426008968
107,0.5426008968609866
108,0.5067264573991032
109,0.5291479820627802
110,0.5426008968609866
111,0.5246636771300448
112,0.5156950672645739
113,0.5560538116591929
114,0.4887892376681615
115,0.5336322869955157
116,0.5381165919282511
117,0.5470852017937221
118,0.4932735426008968
119,0.5246636771300448
120,0.4977578475336323
121,0.5336322869955157
122,0.5515695067264574
123,0.45291479820627795
124,0.5201793721973094
125,0.5156950672645739
126,0.4932735426008968
127,0.4977578475336323
128,0.5336322869955157
129,0.5022421524663677
130,0.5336322869955157
131,0.5112107623318386
132,0.5336322869955157
133,0.5739910313901345
134,0.5022421524663677
135,0.5291479820627802
136,0.5381165919282511
137,0.5426008968609866
138,0.5515695067264574
139,0.5336322869955157
140,0.5291479820627802
141,0.5470852017937221
142,0.5067264573991032
143,0.5246636771300448
144,0.5067264573991032
145,0.5156950672645739
146,0.5201793721973094
147,0.5201793721973094
148,0.5291479820627802
149,0.5560538116591929
150,0.5291479820627802
151,0.5426008968609866
152,0.4708520179372198
153,0.5291479820627802
154,0.5246636771300448
155,0.5067264573991032
156,0.5336322869955157
157,0.5470852017937221
158,0.4977578475336323
159,0.5246636771300448
160,0.5112107623318386
161,0.5201793721973094
162,0.5426008968609866
163,0.5336322869955157
164,0.4843049327354261
165,0.5470852017937221
166,0.5291479820627802
167,0.5695067264573991
168,0.5291479820627802
169,0.4394618834080717
170,0.5336322869955157
171,0.5381165919282511
172,0.5112107623318386
173,0.4887892376681615
174,0.5246636771300448
175,0.5246636771300448
176,0.5291479820627802
177,0.5201793721973094
178,0.5560538116591929
179,0.5067264573991032
180,0.4798206278026906
181,0.5426008968609866
182,0.5470852017937221
183,0.5112107623318386
184,0.5426008968609866
185,0.5112107623318386
186,0.5112107623318386
187,0.5739910313901345
188,0.5201793721973094
189,0.5022421524663677
190,0.4798206278026906
191,0.5156950672645739
192,0.5201793721973094
193,0.4663677130044843
194,0.5201793721973094
195,0.5515695067264574
196,0.5156950672645739
197,0.4573991031390134
198,0.4977578475336323
199,0.4708520179372198
200,0.4798206278026906
201,0.5560538116591929
202,0.5067264573991032
203,0.5739910313901345
204,0.5470852017937221
205,0.5112107623318386
206,0.5650224215246636
207,0.5695067264573991
208,0.4887892376681615
209,0.5067264573991032
210,0.4708520179372198
211,0.5426008968609866
212,0.5246636771300448
213,0.5201793721973094
214,0.5201793721973094
215,0.5381165919282511
216,0.5067264573991032
217,0.5201793721973094
218,0.5470852017937221
219,0.4932735426008968
220,0.4887892376681615
221,0.5560538116591929
222,0.5201793721973094
223,0.5695067264573991
224,0.4573991031390134
225,0.5067264573991032
226,0.5112107623318386
227,0.5739910313901345
228,0.4887892376681615
229,0.4977578475336323
230,0.5067264573991032
231,0.4932735426008968
232,0.5650224215246636
233,0.5156950672645739
234,0.4663677130044843
235,0.4843049327354261
236,0.5784753363228701
237,0.5291479820627802
238,0.4708520179372198
239,0.5201793721973094
240,0.5560538116591929
241,0.5515695067264574
242,0.5291479820627802
243,0.5112107623318386
244,0.4977578475336323
245,0.4977578475336323
246,0.5156950672645739
247,0.5560538116591929
248,0.5515695067264574
249,0.5201793721973094
250,0.5560538116591929
251,0.5336322869955157
252,0.5291479820627802
253,0.5426008968609866
254,0.5560538116591929
255,0.5381165919282511
256,0.4887892376681615
257,0.4977578475336323
258,0.5381165919282511
259,0.5560538116591929
260,0.5022421524663677
261,0.4977578475336323
262,0.5201793721973094
263,0.4977578475336323
264,0.4932735426008968
265,0.5426008968609866
266,0.5650224215246636
267,0.5515695067264574
268,0.5560538116591929
269,0.5112107623318386
270,0.5605381165919282
271,0.4843049327354261
272,0.5022421524663677
273,0.4843049327354261
274,0.5201793721973094
275,0.5022421524663677
276,0.4887892376681615
277,0.5156950672645739
278,0.5112107623318386
279,0.5336322869955157
280,0.5470852017937221
281,0.4932735426008968
282,0.5067264573991032
283,0.5246636771300448
284,0.5470852017937221
285,0.4843049327354261
286,0.5112107623318386
287,0.5426008968609866
288,0.5336322869955157
289,0.4708520179372198
290,0.4932735426008968
291,0.5381165919282511
292,0.5336322869955157
293,0.5336322869955157
294,0.5515695067264574
295,0.4887892376681615
296,0.5201793721973094
297,0.5201793721973094
298,0.5515695067264574
299,0.4932735426008968
300,0.5336322869955157
301,0.5560538116591929
302,0.5605381165919282
303,0.5156950672645739
304,0.4708520179372198
305,0.5560538116591929
306,0.5470852017937221
307,0.5381165919282511
308,0.5426008968609866
309,0.5067264573991032
310,0.5022421524663677
311,0.4843049327354261
312,0.5426008968609866
313,0.4977578475336323
314,0.4484304932735426
315,0.4573991031390134
316,0.5067264573991032
317,0.5426008968609866
318,0.5112107623318386
319,0.5381165919282511
320,0.5246636771300448
321,0.5560538116591929
322,0.5291479820627802
323,0.4977578475336323
324,0.5112107623318386
325,0.5201793721973094
326,0.5470852017937221
327,0.5381165919282511
328,0.5560538116591929
329,0.5067264573991032
330,0.5381165919282511
331,0.5156950672645739
332,0.5381165919282511
333,0.5201793721973094
334,0.5201793721973094
335,0.4843049327354261
336,0.5336322869955157
337,0.5156950672645739
338,0.5022421524663677
339,0.5022421524663677
340,0.5381165919282511
341,0.5426008968609866
342,0.4708520179372198
343,0.5291479820627802
344,0.5291479820627802
345,0.5156950672645739
346,0.5246636771300448
347,0.5022421524663677
348,0.5381165919282511
349,0.5022421524663677
350,0.5515695067264574
351,0.5022421524663677
352,0.5650224215246636
353,0.4887892376681615
354,0.5919282511210763
355,0.5112107623318386
356,0.5381165919282511
357,0.5156950672645739
358,0.5650224215246636
359,0.5201793721973094
360,0.5022421524663677
361,0.5112107623318386
362,0.5201793721973094
363,0.4798206278026906
364,0.5022421524663677
365,0.5784753363228701
366,0.5874439461883408
367,0.4843049327354261
368,0.5246636771300448
369,0.5246636771300448
370,0.4977578475336323
371,0.5784753363228701
372,0.4977578475336323
373,0.4977578475336323
374,0.5515695067264574
375,0.5336322869955157
376,0.4977578475336323
377,0.5022421524663677
378,0.4932735426008968
379,0.5246636771300448
380,0.5156950672645739
381,0.5560538116591929
382,0.5067264573991032
383,0.5336322869955157
384,0.4932735426008968
385,0.4843049327354261
386,0.4753363228699552
387,0.5470852017937221
388,0.4932735426008968
389,0.5112107623318386
390,0.5650224215246636
391,0.5605381165919282
392,0.45291479820627795
393,0.5246636771300448
394,0.5426008968609866
395,0.5695067264573991
396,0.5291479820627802
397,0.5470852017937221
398,0.5426008968609866
399,0.5112107623318386
400,0.5156950672645739
401,0.5381165919282511
402,0.5201793721973094
403,0.5336322869955157
404,0.4977578475336323
405,0.4798206278026906
406,0.5291479820627802
407,0.5695067264573991
408,0.5246636771300448
409,0.5112107623318386
410,0.5067264573991032
411,0.4977578475336323
412,0.5515695067264574
413,0.4708520179372198
414,0.5112107623318386
415,0.5022421524663677
416,0.5067264573991032
417,0.4663677130044843
418,0.4843049327354261
419,0.5874439461883408
420,0.5156950672645739
421,0.5246636771300448
422,0.5470852017937221
423,0.5291479820627802
424,0.4977578475336323
425,0.5201793721973094
426,0.5067264573991032
427,0.5022421524663677
428,0.4439461883408072
429,0.4887892376681615
430,0.5022421524663677
431,0.5381165919282511
432,0.4708520179372198
433,0.5381165919282511
434,0.5560538116591929
435,0.4798206278026906
436,0.5112107623318386
437,0.5156950672645739
438,0.5156950672645739
439,0.5336322869955157
440,0.5156950672645739
441,0.5156950672645739
442,0.5246636771300448
443,0.5381165919282511
444,0.5201793721973094
445,0.5470852017937221
446,0.5515695067264574
447,0.5426008968609866
448,0.5246636771300448
449,0.5470852017937221
450,0.5515695067264574
451,0.5291479820627802
452,0.5381165919282511
453,0.5470852017937221
454,0.5470852017937221
455,0.4887892376681615
456,0.5022421524663677
457,0.4932735426008968
458,0.45291479820627795
459,0.5650224215246636
460,0.5381165919282511
461,0.4932735426008968
462,0.5022421524663677
463,0.4887892376681615
464,0.5156950672645739
465,0.5470852017937221
466,0.5201793721973094
467,0.5515695067264574
468,0.5515695067264574
469,0.5246636771300448
470,0.5605381165919282
471,0.5381165919282511
472,0.5426008968609866
473,0.5291479820627802
474,0.4663677130044843
475,0.5201793721973094
476,0.5515695067264574
477,0.5246636771300448
478,0.5829596412556054
479,0.5112107623318386
480,0.5605381165919282
481,0.4977578475336323
482,0.5515695067264574
483,0.5291479820627802
484,0.4932735426008968
485,0.5112107623318386
486,0.5515695067264574
487,0.4887892376681615
488,0.5112107623318386
489,0.5381165919282511
490,0.5291479820627802
491,0.5201793721973094
492,0.4977578475336323
493,0.5336322869955157
494,0.5246636771300448
495,0.5605381165919282
496,0.5426008968609866
497,0.5336322869955157
498,0.5515695067264574
499,0.5874439461883408
500,0.5426008968609866
501,0.4887892376681615
502,0.5291479820627802
503,0.4708520179372198
504,0.5156950672645739
505,0.4932735426008968
506,0.4439461883408072
507,0.4887892376681615
508,0.4887892376681615
509,0.5291479820627802
510,0.5022421524663677
511,0.5291479820627802
512,0.5156950672645739
513,0.5336322869955157
514,0.5201793721973094
515,0.5515695067264574
516,0.5381165919282511
517,0.5381165919282511
518,0.5515695067264574
519,0.4977578475336323
520,0.4618834080717489
521,0.5381165919282511
522,0.4887892376681615
523,0.5156950672645739
524,0.5067264573991032
525,0.5246636771300448
526,0.4753363228699552
527,0.5201793721973094
528,0.5650224215246636
529,0.5246636771300448
530,0.5022421524663677
531,0.5605381165919282
532,0.5515695067264574
533,0.5201793721973094
534,0.5695067264573991
535,0.4977578475336323
536,0.5022421524663677
537,0.5246636771300448
538,0.5426008968609866
539,0.5112107623318386
540,0.4977578475336323
541,0.5201793721973094
542,0.5112107623318386
543,0.5022421524663677
544,0.5695067264573991
545,0.5022421524663677
546,0.4932735426008968
547,0.4753363228699552
548,0.5470852017937221
549,0.5784753363228701
550,0.5022421524663677
551,0.4798206278026906
552,0.5022421524663677
553,0.5784753363228701
554,0.4753363228699552
555,0.5336322869955157
556,0.4843049327354261
557,0.4618834080717489
558,0.4977578475336323
559,0.4932735426008968
560,0.4977578475336323
561,0.5381165919282511
562,0.5291479820627802
563,0.5336322869955157
564,0.5112107623318386
565,0.5336322869955157
566,0.5515695067264574
567,0.5246636771300448
568,0.45291479820627795
569,0.5201793721973094
570,0.5067264573991032
571,0.5515695067264574
572,0.4977578475336323
573,0.4977578475336323
574,0.5022421524663677
575,0.5067264573991032
576,0.5246636771300448
577,0.5381165919282511
578,0.5156950672645739
579,0.4977578475336323
580,0.5067264573991032
581,0.5381165919282511
582,0.5022421524663677
583,0.5964125560538116
584,0.4887892376681615
585,0.4977578475336323
586,0.5246636771300448
587,0.5201793721973094
588,0.5246636771300448
589,0.5246636771300448
590,0.5156950672645739
591,0.5695067264573991
592,0.5381165919282511
593,0.4843049327354261
594,0.5201793721973094
595,0.5067264573991032
596,0.4932735426008968
597,0.4708520179372198
598,0.4798206278026906
599,0.5156950672645739
600,0.5605381165919282
601,0.5426008968609866
602,0.4843049327354261
603,0.5560538116591929
604,0.4932735426008968
605,0.4977578475336323
606,0.5112107623318386
607,0.5201793721973094
608,0.5470852017937221
609,0.5470852017937221
610,0.5201793721973094
611,0.5112107623318386
612,0.4977578475336323
613,0.5246636771300448
614,0.5246636771300448
615,0.5560538116591929
616,0.5336322869955157
617,0.5067264573991032
618,0.4977578475336323
619,0.5246636771300448
620,0.5201793721973094
621,0.4977578475336323
622,0.5156950672645739
623,0.5112107623318386
624,0.5156950672645739
625,0.5291479820627802
626,0.5201793721973094
627,0.4887892376681615
628,0.4843049327354261
629,0.5426008968609866
630,0.4932735426008968
631,0.5201793721973094
632,0.5067264573991032
633,0.5336322869955157
634,0.5067264573991032
635,0.5739910313901345
636,0.5515695067264574
637,0.5022421524663677
638,0.5515695067264574
639,0.5112107623318386
640,0.5291479820627802
641,0.4618834080717489
642,0.5470852017937221
643,0.5336322869955157
644,0.5515695067264574
645,0.5605381165919282
646,0.5112107623318386
647,0.5560538116591929
648,0.5739910313901345
649,0.5067264573991032
650,0.5067264573991032
651,0.5156950672645739
652,0.5695067264573991
653,0.4663677130044843
654,0.4932735426008968
655,0.5112107623318386
656,0.5291479820627802
657,0.5112107623318386
658,0.4887892376681615
659,0.4843049327354261
660,0.5246636771300448
661,0.4798206278026906
662,0.5112107623318386
663,0.4932735426008968
664,0.5156950672645739
665,0.5336322869955157
666,0.5156950672645739
667,0.5156950672645739
668,0.4932735426008968
669,0.5156950672645739
670,0.5336322869955157
671,0.5246636771300448
672,0.4932735426008968
673,0.5605381165919282
674,0.5381165919282511
675,0.5246636771300448
676,0.5246636771300448
677,0.5470852017937221
678,0.5201793721973094
679,0.5246636771300448
680,0.5964125560538116
681,0.5381165919282511
682,0.5515695067264574
683,0.4887892376681615
684,0.5112107623318386
685,0.4932735426008968
686,0.5695067264573991
687,0.5515695067264574
688,0.5067264573991032
689,0.5560538116591929
690,0.4977578475336323
691,0.5515695067264574
692,0.5291479820627802
693,0.5381165919282511
694,0.4887892376681615
695,0.5470852017937221
696,0.5246636771300448
697,0.4977578475336323
698,0.5112107623318386
699,0.4753363228699552
700,0.4977578475336323
701,0.5201793721973094
702,0.5201793721973094
703,0.4618834080717489
704,0.5246636771300448
705,0.5067264573991032
706,0.5156950672645739
707,0.5336322869955157
708,0.4932735426008968
709,0.4977578475336323
710,0.5112107623318386
711,0.5156950672645739
712,0.5470852017937221
713,0.5426008968609866
714,0.5291479820627802
715,0.5381165919282511
716,0.5022421524663677
717,0.5515695067264574
718,0.5426008968609866
719,0.5201793721973094
720,0.5291479820627802
721,0.5470852017937221
722,0.5336322869955157
723,0.5201793721973094
724,0.5201793721973094
725,0.5784753363228701
726,0.5381165919282511
727,0.5336322869955157
728,0.5426008968609866
729,0.5156950672645739
730,0.5022421524663677
731,0.5381165919282511
732,0.5784753363228701
733,0.5022421524663677
734,0.5426008968609866
735,0.5381165919282511
736,0.4932735426008968
737,0.4843049327354261
738,0.5515695067264574
739,0.5515695067264574
740,0.5201793721973094
741,0.5067264573991032
742,0.5381165919282511
743,0.5291479820627802
744,0.5067264573991032
745,0.5156950672645739
746,0.5201793721973094
747,0.5201793721973094
748,0.5201793721973094
749,0.4887892376681615
750,0.5156950672645739
751,0.5246636771300448
752,0.5964125560538116
753,0.4977578475336323
754,0.5291479820627802
755,0.5246636771300448
756,0.5246636771300448
757,0.5560538116591929
758,0.4708520179372198
759,0.4977578475336323
760,0.5650224215246636
761,0.5067264573991032
762,0.4887892376681615
763,0.5067264573991032
764,0.5336322869955157
765,0.5739910313901345
766,0.5336322869955157
767,0.5426008968609866
768,0.5201793721973094
769,0.5381165919282511
770,0.4708520179372198
771,0.5426008968609866
772,0.4663677130044843
773,0.5605381165919282
774,0.5381165919282511
775,0.5426008968609866
776,0.5381165919282511
777,0.4977578475336323
778,0.5112107623318386
779,0.5381165919282511
780,0.5246636771300448
781,0.5156950672645739
782,0.5470852017937221
783,0.5560538116591929
784,0.5156950672645739
785,0.5336322869955157
786,0.5426008968609866
787,0.5336322869955157
788,0.4887892376681615
789,0.5022421524663677
790,0.5470852017937221
791,0.5067264573991032
792,0.5246636771300448
793,0.5246636771300448
794,0.5291479820627802
795,0.5246636771300448
796,0.5291479820627802
797,0.5112107623318386
798,0.5560538116591929
799,0.5829596412556054
800,0.5156950672645739
801,0.5426008968609866
802,0.5201793721973094
803,0.5470852017937221
804,0.5426008968609866
805,0.4932735426008968
806,0.5201793721973094
807,0.4887892376681615
808,0.5784753363228701
809,0.5515695067264574
810,0.4753363228699552
811,0.5022421524663677
812,0.5156950672645739
813,0.5291479820627802
814,0.4753363228699552
815,0.4977578475336323
816,0.5246636771300448
817,0.5156950672645739
818,0.5381165919282511
819,0.5246636771300448
820,0.5246636771300448
821,0.5291479820627802
822,0.5201793721973094
823,0.5022421524663677
824,0.5784753363228701
825,0.5426008968609866
826,0.5112107623318386
827,0.5336322869955157
828,0.4439461883408072
829,0.5381165919282511
830,0.5201793721973094
831,0.4977578475336323
832,0.5291479820627802
833,0.5426008968609866
834,0.5156950672645739
835,0.5067264573991032
836,0.4618834080717489
837,0.5829596412556054
838,0.5067264573991032
839,0.5022421524663677
840,0.5560538116591929
841,0.5336322869955157
842,0.5291479820627802
843,0.5829596412556054
844,0.5336322869955157
845,0.4932735426008968
846,0.5022421524663677
847,0.4932735426008968
848,0.4932735426008968
849,0.4618834080717489
850,0.5560538116591929
851,0.5246636771300448
852,0.5291479820627802
853,0.4977578475336323
854,0.5874439461883408
855,0.5067264573991032
856,0.4977578475336323
857,0.5246636771300448
858,0.5381165919282511
859,0.4753363228699552
860,0.5426008968609866
861,0.5112107623318386
862,0.5426008968609866
863,0.5156950672645739
864,0.5156950672645739
865,0.5470852017937221
866,0.4887892376681615
867,0.5067264573991032
868,0.5470852017937221
869,0.5426008968609866
870,0.4843049327354261
871,0.5067264573991032
872,0.5022421524663677
873,0.5470852017937221
874,0.4708520179372198
875,0.4887892376681615
876,0.5067264573991032
877,0.5381165919282511
878,0.4798206278026906
879,0.5426008968609866
880,0.5022421524663677
881,0.5112107623318386
882,0.5201793721973094
883,0.5426008968609866
884,0.5426008968609866
885,0.5246636771300448
886,0.5156950672645739
887,0.5336322869955157
888,0.4977578475336323
889,0.5560538116591929
890,0.5112107623318386
891,0.5201793721973094
892,0.4663677130044843
893,0.5560538116591929
894,0.4798206278026906
895,0.5426008968609866
896,0.5112107623318386
897,0.5246636771300448
898,0.4798206278026906
899,0.5784753363228701
900,0.5470852017937221
901,0.4887892376681615
902,0.4708520179372198
903,0.5426008968609866
904,0.5470852017937221
905,0.5381165919282511
906,0.5605381165919282
907,0.5291479820627802
908,0.5246636771300448
909,0.5650224215246636
910,0.5336322869955157
911,0.4977578475336323
912,0.4753363228699552
913,0.5381165919282511
914,0.4977578475336323
915,0.5426008968609866
916,0.5156950672645739
917,0.5246636771300448
918,0.4977578475336323
919,0.4932735426008968
920,0.5515695067264574
921,0.4932735426008968
922,0.5067264573991032
923,0.5426008968609866
924,0.5067264573991032
925,0.5022421524663677
926,0.5112107623318386
927,0.5381165919282511
928,0.5201793721973094
929,0.5112107623318386
930,0.5426008968609866
931,0.5829596412556054
932,0.5784753363228701
933,0.5336322869955157
934,0.5560538116591929
935,0.5067264573991032
936,0.5381165919282511
937,0.4798206278026906
938,0.5246636771300448
939,0.5022421524663677
940,0.4394618834080717
941,0.5201793721973094
942,0.5291479820627802
943,0.5156950672645739
944,0.5605381165919282
945,0.5426008968609866
946,0.5112107623318386
947,0.5022421524663677
948,0.5381165919282511
949,0.5112107623318386
950,0.4843049327354261
951,0.5381165919282511
952,0.4798206278026906
953,0.5022421524663677
954,0.5381165919282511
955,0.5112107623318386
956,0.5426008968609866
957,0.5381165919282511
958,0.5067264573991032
959,0.4843049327354261
960,0.5426008968609866
961,0.5784753363228701
962,0.5560538116591929
963,0.5291479820627802
964,0.5426008968609866
965,0.5291479820627802
966,0.5246636771300448
967,0.5291479820627802
968,0.5112107623318386
969,0.5695067264573991
970,0.5291479820627802
971,0.5919282511210763
972,0.5605381165919282
973,0.4843049327354261
974,0.4977578475336323
975,0.5470852017937221
976,0.5336322869955157
977,0.5067264573991032
978,0.5156950672645739
979,0.5381165919282511
980,0.5560538116591929
981,0.5336322869955157
982,0.5336322869955157
983,0.5426008968609866
984,0.6367713004484304
985,0.4887892376681615
986,0.5381165919282511
987,0.4618834080717489
988,0.5022421524663677
989,0.5067264573991032
990,0.5067264573991032
991,0.5695067264573991
992,0.4887892376681615
993,0.5470852017937221
994,0.4843049327354261
995,0.4887892376681615
996,0.5381165919282511
997,0.5470852017937221
998,0.5201793721973094
999,0.5381165919282511
1000,0.5201793721973094
1001,0.5291479820627802
1002,0.5067264573991032
1003,0.5246636771300448
1004,0.5201793721973094
1005,0.5291479820627802
1006,0.5426008968609866
1007,0.4887892376681615
1008,0.5560538116591929
1009,0.5381165919282511
1010,0.5112107623318386
1011,0.5336322869955157
1012,0.4932735426008968
1013,0.5605381165919282
1014,0.5246636771300448
1015,0.5246636771300448
1016,0.4977578475336323
1017,0.5829596412556054
1018,0.5112107623318386
1019,0.5291479820627802
1020,0.5067264573991032
1021,0.5381165919282511
1022,0.5605381165919282
1023,0.5201793721973094
1024,0.5336322869955157
1025,0.5426008968609866
1026,0.5336322869955157
1027,0.5381165919282511
1028,0.5022421524663677
1029,0.5201793721973094
1030,0.5246636771300448
1031,0.5560538116591929
1032,0.5156950672645739
1033,0.5515695067264574
1034,0.5470852017937221
1035,0.5067264573991032
1036,0.4798206278026906
1037,0.5201793721973094
1038,0.5201793721973094
1039,0.4932735426008968
1040,0.5695067264573991
1041,0.5515695067264574
1042,0.5381165919282511
1043,0.5650224215246636
1044,0.5426008968609866
1045,0.5022421524663677
1046,0.4977578475336323
1047,0.5291479820627802
1048,0.5067264573991032
1049,0.5112107623318386
1050,0.5381165919282511
1051,0.4977578475336323
1052,0.5605381165919282
1053,0.4708520179372198
1054,0.4843049327354261
1055,0.5201793721973094
1056,0.4977578475336323
1057,0.5515695067264574
1058,0.5291479820627802
1059,0.5381165919282511
1060,0.5291479820627802
1061,0.4977578475336323
1062,0.4977578475336323
1063,0.4843049327354261
1064,0.4753363228699552
1065,0.5605381165919282
1066,0.5650224215246636
1067,0.5605381165919282
1068,0.5291479820627802
1069,0.5156950672645739
1070,0.5291479820627802
1071,0.5650224215246636
1072,0.4932735426008968
1073,0.5067264573991032
1074,0.5381165919282511
1075,0.5695067264573991
1076,0.5246636771300448
1077,0.5560538116591929
1078,0.5784753363228701
1079,0.4843049327354261
1080,0.5336322869955157
1081,0.4843049327354261
1082,0.5201793721973094
1083,0.4932735426008968
1084,0.5201793721973094
1085,0.5650224215246636
1086,0.4798206278026906
1087,0.5291479820627802
1088,0.5067264573991032
1089,0.5605381165919282
1090,0.4618834080717489
1091,0.5515695067264574
1092,0.5067264573991032
1093,0.5336322869955157
1094,0.4798206278026906
1095,0.4977578475336323
1096,0.5156950672645739
1097,0.5246636771300448
1098,0.5381165919282511
1099,0.5426008968609866
1100,0.5650224215246636
1101,0.5156950672645739
1102,0.5067264573991032
1103,0.5291479820627802
1104,0.4932735426008968
1105,0.5291479820627802
1106,0.5381165919282511
1107,0.5381165919282511
1108,0.5112107623318386
1109,0.5650224215246636
1110,0.5560538116591929
1111,0.5067264573991032
1112,0.5246636771300448
1113,0.5829596412556054
1114,0.5291479820627802
1115,0.5426008968609866
1116,0.5291479820627802
1117,0.5112107623318386
1118,0.5067264573991032
1119,0.5112107623318386
1120,0.5112107623318386
1121,0.5156950672645739
1122,0.4798206278026906
1123,0.5201793721973094
1124,0.5470852017937221
1125,0.5156950672645739
1126,0.5201793721973094
1127,0.5381165919282511
1128,0.5560538116591929
1129,0.5067264573991032
1130,0.5246636771300448
1131,0.5022421524663677
1132,0.5291479820627802
1133,0.5156950672645739
1134,0.5336322869955157
1135,0.5156950672645739
1136,0.5112107623318386
1137,0.4843049327354261
1138,0.4798206278026906
1139,0.5381165919282511
1140,0.4887892376681615
1141,0.5246636771300448
1142,0.5291479820627802
1143,0.5470852017937221
1144,0.5291479820627802
1145,0.5291479820627802
1146,0.5829596412556054
1147,0.5112107623318386
1148,0.5067264573991032
1149,0.4708520179372198
1150,0.5246636771300448
1151,0.5067264573991032
1152,0.5156950672645739
1153,0.5336322869955157
1154,0.5605381165919282
1155,0.5112107623318386
1156,0.5022421524663677
1157,0.5515695067264574
1158,0.5156950672645739
1159,0.5156950672645739
1160,0.4573991031390134
1161,0.5112107623318386
1162,0.5112107623318386
1163,0.5112107623318386
1164,0.5560538116591929
1165,0.5246636771300448
1166,0.5515695067264574
1167,0.5470852017937221
1168,0.4394618834080717
1169,0.5022421524663677
1170,0.5560538116591929
1171,0.5470852017937221
1172,0.5201793721973094
1173,0.5246636771300448
1174,0.5470852017937221
1175,0.4977578475336323
1176,0.5112107623318386
1177,0.5246636771300448
1178,0.5739910313901345
1179,0.5426008968609866
1180,0.5156950672645739
1181,0.5695067264573991
1182,0.5291479820627802
1183,0.5336322869955157
1184,0.5695067264573991
1185,0.5246636771300448
1186,0.5515695067264574
1187,0.5246636771300448
1188,0.5515695067264574
1189,0.5515695067264574
1190,0.4932735426008968
1191,0.5022421524663677
1192,0.4932735426008968
1193,0.5067264573991032
1194,0.4887892376681615
1195,0.4663677130044843
1196,0.5426008968609866
1197,0.4753363228699552
1198,0.5291479820627802
1199,0.5156950672645739
1200,0.5156950672645739
1201,0.4798206278026906
1202,0.5112107623318386
1203,0.5067264573991032
1204,0.5112107623318386
1205,0.5426008968609866
1206,0.5650224215246636
1207,0.4843049327354261
1208,0.5605381165919282
1209,0.5246636771300448
1210,0.4843049327354261
1211,0.5515695067264574
1212,0.5426008968609866
1213,0.5201793721973094
1214,0.5291479820627802
1215,0.5336322869955157
1216,0.5291479820627802
1217,0.5381165919282511
1218,0.4932735426008968
1219,0.4843049327354261
1220,0.5650224215246636
1221,0.5336322869955157
1222,0.5067264573991032
1223,0.5560538116591929
1224,0.5156950672645739
1225,0.4977578475336323
1226,0.5560538116591929
1227,0.5381165919282511
1228,0.5156950672645739
1229,0.5112107623318386
1230,0.5336322869955157
1231,0.5336322869955157
1232,0.5156950672645739
1233,0.4977578475336323
1234,0.5201793721973094
1235,0.5560538116591929
1236,0.5067264573991032
1237,0.5022421524663677
1238,0.5201793721973094
1239,0.5605381165919282
1240,0.5650224215246636
1241,0.5291479820627802
1242,0.4932735426008968
1243,0.5156950672645739
1244,0.5426008968609866
1245,0.5560538116591929
1246,0.5112107623318386
1247,0.5022421524663677
1248,0.4843049327354261
1249,0.4977578475336323
1250,0.5426008968609866
1251,0.4887892376681615
1252,0.5336322869955157
1253,0.4977578475336323
1254,0.5112107623318386
1255,0.5201793721973094
1256,0.4887892376681615
1257,0.5426008968609866
1258,0.5067264573991032
1259,0.5067264573991032
1260,0.5112107623318386
1261,0.4708520179372198
1262,0.5201793721973094
1263,0.5246636771300448
1264,0.4887892376681615
1265,0.5336322869955157
1266,0.5381165919282511
1267,0.5067264573991032
1268,0.4977578475336323
1269,0.5650224215246636
1270,0.5336322869955157
1271,0.5291479820627802
1272,0.5784753363228701
1273,0.4798206278026906
1274,0.5291479820627802
1275,0.5426008968609866
1276,0.4977578475336323
1277,0.5784753363228701
1278,0.5336322869955157
1279,0.4977578475336323
1280,0.4977578475336323
1281,0.5201793721973094
1282,0.5336322869955157
1283,0.5695067264573991
1284,0.4887892376681615
1285,0.5022421524663677
1286,0.5067264573991032
1287,0.5560538116591929
1288,0.4887892376681615
1289,0.5291479820627802
1290,0.5246636771300448
1291,0.5426008968609866
1292,0.5156950672645739
1293,0.5426008968609866
1294,0.5426008968609866
1295,0.5246636771300448
1296,0.5515695067264574
1297,0.5470852017937221
1298,0.5201793721973094
1299,0.5246636771300448
1300,0.4977578475336323
1301,0.5291479820627802
1302,0.4977578475336323
1303,0.4977578475336323
1304,0.5515695067264574
1305,0.5739910313901345
1306,0.5605381165919282
1307,0.5650224215246636
1308,0.4932735426008968
1309,0.4932735426008968
1310,0.5112107623318386
1311,0.5112107623318386
1312,0.5156950672645739
1313,0.5201793721973094
1314,0.4977578475336323
1315,0.5381165919282511
1316,0.4843049327354261
1317,0.5291479820627802
1318,0.4798206278026906
1319,0.5381165919282511
1320,0.4887892376681615
1321,0.5156950672645739
1322,0.5515695067264574
1323,0.5201793721973094
1324,0.5784753363228701
1325,0.5067264573991032
1326,0.5112107623318386
1327,0.5515695067264574
1328,0.5515695067264574
1329,0.5067264573991032
1330,0.5112107623318386
1331,0.5650224215246636
1332,0.4887892376681615
1333,0.5426008968609866
1334,0.5291479820627802
1335,0.5156950672645739
1336,0.5470852017937221
1337,0.4887892376681615
1338,0.5426008968609866
1339,0.4843049327354261
1340,0.5336322869955157
1341,0.5381165919282511
1342,0.5470852017937221
1343,0.5515695067264574
1344,0.5067264573991032
1345,0.5067264573991032
1346,0.5381165919282511
1347,0.5560538116591929
1348,0.5695067264573991
1349,0.5291479820627802
1350,0.5022421524663677
1351,0.4843049327354261
1352,0.5650224215246636
1353,0.5560538116591929
1354,0.5112107623318386
1355,0.4932735426008968
1356,0.4843049327354261
1357,0.5156950672645739
1358,0.5112107623318386
1359,0.5381165919282511
1360,0.5291479820627802
1361,0.5470852017937221
1362,0.5560538116591929
1363,0.5919282511210763
1364,0.5470852017937221
1365,0.5201793721973094
1366,0.5201793721973094
1367,0.4843049327354261
1368,0.5695067264573991
1369,0.5470852017937221
1370,0.5336322869955157
1371,0.5246636771300448
1372,0.4932735426008968
1373,0.4932735426008968
1374,0.4843049327354261
1375,0.5426008968609866
1376,0.5246636771300448
1377,0.5381165919282511
1378,0.5156950672645739
1379,0.4932735426008968
1380,0.5022421524663677
1381,0.5246636771300448
1382,0.5291479820627802
1383,0.5201793721973094
1384,0.5336322869955157
1385,0.5022421524663677
1386,0.5470852017937221
1387,0.5112107623318386
1388,0.5560538116591929
1389,0.4977578475336323
1390,0.5156950672645739
1391,0.5291479820627802
1392,0.5381165919282511
1393,0.5470852017937221
1394,0.5470852017937221
1395,0.4932735426008968
1396,0.5246636771300448
1397,0.5426008968609866
1398,0.5246636771300448
1399,0.5112107623318386
1400,0.5515695067264574
1401,0.5246636771300448
1402,0.4977578475336323
1403,0.4843049327354261
1404,0.4573991031390134
1405,0.5201793721973094
1406,0.5022421524663677
1407,0.4932735426008968
1408,0.5156950672645739
1409,0.5291479820627802
1410,0.5560538116591929
1411,0.5381165919282511
1412,0.5291479820627802
1413,0.5201793721973094
1414,0.5067264573991032
1415,0.5112107623318386
1416,0.4887892376681615
1417,0.5515695067264574
1418,0.4843049327354261
1419,0.5156950672645739
1420,0.5336322869955157
1421,0.5650224215246636
1422,0.5201793721973094
1423,0.5201793721973094
1424,0.5650224215246636
1425,0.5201793721973094
1426,0.5470852017937221
1427,0.5605381165919282
1428,0.4977578475336323
1429,0.5022421524663677
1430,0.5381165919282511
1431,0.5112107623318386
1432,0.4753363228699552
1433,0.5336322869955157
1434,0.5112107623318386
1435,0.5067264573991032
1436,0.5022421524663677
1437,0.5246636771300448
1438,0.4843049327354261
1439,0.5022421524663677
1440,0.5426008968609866
1441,0.5201793721973094
1442,0.4977578475336323
1443,0.4663677130044843
1444,0.5291479820627802
1445,0.4932735426008968
1446,0.5515695067264574
1447,0.4932735426008968
1448,0.5112107623318386
1449,0.4932735426008968
1450,0.5022421524663677
1451,0.5246636771300448
1452,0.5650224215246636
1453,0.5695067264573991
1454,0.5246636771300448
1455,0.5560538116591929
1456,0.5515695067264574
1457,0.4663677130044843
1458,0.5067264573991032
1459,0.4887892376681615
1460,0.5336322869955157
1461,0.5246636771300448
1462,0.5605381165919282
1463,0.5336322869955157
1464,0.5291479820627802
1465,0.5291479820627802
1466,0.5201793721973094
1467,0.4977578475336323
1468,0.5291479820627802
1469,0.4798206278026906
1470,0.5381165919282511
1471,0.5426008968609866
1472,0.5291479820627802
1473,0.4932735426008968
1474,0.5695067264573991
1475,0.5426008968609866
1476,0.4753363228699552
1477,0.5112107623318386
1478,0.5201793721973094
1479,0.4977578475336323
1480,0.4843049327354261
1481,0.4753363228699552
1482,0.5022421524663677
1483,0.4843049327354261
1484,0.5201793721973094
1485,0.5067264573991032
1486,0.5112107623318386
1487,0.5112107623318386
1488,0.5381165919282511
1489,0.5201793721973094
1490,0.4887892376681615
1491,0.5022421524663677
1492,0.4932735426008968
1493,0.45291479820627795
1494,0.5336322869955157
1495,0.5470852017937221
1496,0.4484304932735426
1497,0.5291479820627802
1498,0.5156950672645739
1499,0.5470852017937221
1500,0.5156950672645739
1501,0.4887892376681615
1502,0.5695067264573991
1503,0.4887892376681615
1504,0.5605381165919282
1505,0.4798206278026906
1506,0.4843049327354261
1507,0.4887892376681615
1508,0.4977578475336323
1509,0.5291479820627802
1510,0.5022421524663677
1511,0.5381165919282511
1512,0.5201793721973094
1513,0.5739910313901345
1514,0.5426008968609866
1515,0.5336322869955157
1516,0.5560538116591929
1517,0.5381165919282511
1518,0.4753363228699552
1519,0.5470852017937221
1520,0.4932735426008968
1521,0.5381165919282511
1522,0.5156950672645739
1523,0.5336322869955157
1524,0.5470852017937221
1525,0.5022421524663677
1526,0.5426008968609866
1527,0.5067264573991032
1528,0.5246636771300448
1529,0.5560538116591929
1530,0.5201793721973094
1531,0.5201793721973094
1532,0.5695067264573991
1533,0.5874439461883408
1534,0.5201793721973094
1535,0.5336322869955157
1536,0.5067264573991032
1537,0.5426008968609866
1538,0.4932735426008968
1539,0.5067264573991032
1540,0.5112107623318386
1541,0.5515695067264574
1542,0.5336322869955157
1543,0.4887892376681615
1544,0.4977578475336323
1545,0.4798206278026906
1546,0.4977578475336323
1547,0.5112107623318386
1548,0.5605381165919282
1549,0.5067264573991032
1550,0.5919282511210763
1551,0.5246636771300448
1552,0.5067264573991032
1553,0.4753363228699552
1554,0.5022421524663677
1555,0.5336322869955157
1556,0.4977578475336323
1557,0.5291479820627802
1558,0.5067264573991032
1559,0.4394618834080717
1560,0.4618834080717489
1561,0.5246636771300448
1562,0.4932735426008968
1563,0.5112107623318386
1564,0.5067264573991032
1565,0.5470852017937221
1566,0.5560538116591929
1567,0.5381165919282511
1568,0.5515695067264574
1569,0.5112107623318386
1570,0.4887892376681615
1571,0.5336322869955157
1572,0.5112107623318386
1573,0.5022421524663677
1574,0.5381165919282511
1575,0.5112107623318386
1576,0.4843049327354261
1577,0.5246636771300448
1578,0.5515695067264574
1579,0.5246636771300448
1580,0.5336322869955157
1581,0.5022421524663677
1582,0.5022421524663677
1583,0.4663677130044843
1584,0.5560538116591929
1585,0.5201793721973094
1586,0.5426008968609866
1587,0.4753363228699552
1588,0.5426008968609866
1589,0.5381165919282511
1590,0.5470852017937221
1591,0.5022421524663677
1592,0.5291479820627802
1593,0.4932735426008968
1594,0.5246636771300448
1595,0.4932735426008968
1596,0.5067264573991032
1597,0.5156950672645739
1598,0.4932735426008968
1599,0.5470852017937221
1600,0.5067264573991032
1601,0.5156950672645739
1602,0.4798206278026906
1603,0.5291479820627802
1604,0.4798206278026906
1605,0.5470852017937221
1606,0.5291479820627802
1607,0.5201793721973094
1608,0.5156950672645739
1609,0.4843049327354261
1610,0.5246636771300448
1611,0.5739910313901345
1612,0.5560538116591929
1613,0.5560538116591929
1614,0.5605381165919282
1615,0.4887892376681615
1616,0.5605381165919282
1617,0.5022421524663677
1618,0.5156950672645739
1619,0.5381165919282511
1620,0.5829596412556054
1621,0.4843049327354261
1622,0.4618834080717489
1623,0.5067264573991032
1624,0.5515695067264574
1625,0.5381165919282511
1626,0.5426008968609866
1627,0.5426008968609866
1628,0.5201793721973094
1629,0.4977578475336323
1630,0.5246636771300448
1631,0.5156950672645739
1632,0.5515695067264574
1633,0.4887892376681615
1634,0.5291479820627802
1635,0.5156950672645739
1636,0.5336322869955157
1637,0.5022421524663677
1638,0.5201793721973094
1639,0.5291479820627802
1640,0.5156950672645739
1641,0.5336322869955157
1642,0.5291479820627802
1643,0.5067264573991032
1644,0.4843049327354261
1645,0.4843049327354261
1646,0.4932735426008968
1647,0.5022421524663677
1648,0.4977578475336323
1649,0.5470852017937221
1650,0.6053811659192825
1651,0.5201793721973094
1652,0.5201793721973094
1653,0.5336322869955157
1654,0.5112107623318386
1655,0.5201793721973094
1656,0.4618834080717489
1657,0.5381165919282511
1658,0.5426008968609866
1659,0.5560538116591929
1660,0.5470852017937221
1661,0.5156950672645739
1662,0.5470852017937221
1663,0.4977578475336323
1664,0.5381165919282511
1665,0.5336322869955157
1666,0.5291479820627802
1667,0.4977578475336323
1668,0.4708520179372198
1669,0.5605381165919282
1670,0.5470852017937221
1671,0.5291479820627802
1672,0.5291479820627802
1673,0.5246636771300448
1674,0.5067264573991032
1675,0.5201793721973094
1676,0.4663677130044843
1677,0.5470852017937221
1678,0.4977578475336323
1679,0.5381165919282511
1680,0.5246636771300448
1681,0.5156950672645739
1682,0.5291479820627802
1683,0.5695067264573991
1684,0.5067264573991032
1685,0.5112107623318386
1686,0.5156950672645739
1687,0.5246636771300448
1688,0.5695067264573991
1689,0.4887892376681615
1690,0.5650224215246636
1691,0.5560538116591929
1692,0.5560538116591929
1693,0.4887892376681615
1694,0.4618834080717489
1695,0.5560538116591929
1696,0.5156950672645739
1697,0.5381165919282511
1698,0.5201793721973094
1699,0.5246636771300448
1700,0.5291479820627802
1701,0.4215246636771301
1702,0.5515695067264574
1703,0.5336322869955157
1704,0.5381165919282511
1705,0.5515695067264574
1706,0.5246636771300448
1707,0.4977578475336323
1708,0.4977578475336323
1709,0.5739910313901345
1710,0.5067264573991032
1711,0.5112107623318386
1712,0.5515695067264574
1713,0.4932735426008968
1714,0.4753363228699552
1715,0.5739910313901345
1716,0.5201793721973094
1717,0.5560538116591929
1718,0.4977578475336323
1719,0.5560538116591929
1720,0.5515695067264574
1721,0.4977578475336323
1722,0.5515695067264574
1723,0.5201793721973094
1724,0.5560538116591929
1725,0.4798206278026906
1726,0.5605381165919282
1727,0.5291479820627802
1728,0.5381165919282511
1729,0.5112107623318386
1730,0.5605381165919282
1731,0.5515695067264574
1732,0.5291479820627802
1733,0.5874439461883408
1734,0.5291479820627802
1735,0.5336322869955157
1736,0.5381165919282511
1737,0.5201793721973094
1738,0.5291479820627802
1739,0.5112107623318386
1740,0.5067264573991032
1741,0.5336322869955157
1742,0.4708520179372198
1743,0.5470852017937221
1744,0.5201793721973094
1745,0.5560538116591929
1746,0.5560538116591929
1747,0.4977578475336323
1748,0.4977578475336323
1749,0.5201793721973094
1750,0.5381165919282511
1751,0.4798206278026906
1752,0.5067264573991032
1753,0.5156950672645739
1754,0.5695067264573991
1755,0.5201793721973094
1756,0.4843049327354261
1757,0.5695067264573991
1758,0.5336322869955157
1759,0.5067264573991032
1760,0.5201793721973094
1761,0.5560538116591929
1762,0.5426008968609866
1763,0.4798206278026906
1764,0.5156950672645739
1765,0.5112107623318386
1766,0.5605381165919282
1767,0.5515695067264574
1768,0.5336322869955157
1769,0.5201793721973094
1770,0.4932735426008968
1771,0.4798206278026906
1772,0.5156950672645739
1773,0.5336322869955157
1774,0.3946188340807175
1775,0.5067264573991032
1776,0.5919282511210763
1777,0.4932735426008968
1778,0.5067264573991032
1779,0.5336322869955157
1780,0.4977578475336323
1781,0.5201793721973094
1782,0.4708520179372198
1783,0.5201793721973094
1784,0.5336322869955157
1785,0.5067264573991032
1786,0.4843049327354261
1787,0.5201793721973094
1788,0.5336322869955157
1789,0.5112107623318386
1790,0.5426008968609866
1791,0.5201793721973094
1792,0.4977578475336323
1793,0.5426008968609866
1794,0.5246636771300448
1795,0.4977578475336323
1796,0.5246636771300448
1797,0.5246636771300448
1798,0.5156950672645739
1799,0.5426008968609866
1800,0.4573991031390134
1801,0.5426008968609866
1802,0.4887892376681615
1803,0.5246636771300448
1804,0.5874439461883408
1805,0.4932735426008968
1806,0.5246636771300448
1807,0.4843049327354261
1808,0.4798206278026906
1809,0.5246636771300448
1810,0.5426008968609866
1811,0.5291479820627802
1812,0.4708520179372198
1813,0.5067264573991032
1814,0.5381165919282511
1815,0.5291479820627802
1816,0.5156950672645739
1817,0.5560538116591929
1818,0.5695067264573991
1819,0.5156950672645739
1820,0.5381165919282511
1821,0.5067264573991032
1822,0.5605381165919282
1823,0.5381165919282511
1824,0.5515695067264574
1825,0.5515695067264574
1826,0.5246636771300448
1827,0.5605381165919282
1828,0.5067264573991032
1829,0.5067264573991032
1830,0.4843049327354261
1831,0.5246636771300448
1832,0.5381165919282511
1833,0.5515695067264574
1834,0.4708520179372198
1835,0.4573991031390134
1836,0.5336322869955157
1837,0.5156950672645739
1838,0.5156950672645739
1839,0.5381165919282511
1840,0.5022421524663677
1841,0.5605381165919282
1842,0.5650224215246636
1843,0.5426008968609866
1844,0.5067264573991032
1845,0.5291479820627802
1846,0.5156950672645739
1847,0.5067264573991032
1848,0.5336322869955157
1849,0.4932735426008968
1850,0.5381165919282511
1851,0.5201793721973094
1852,0.5246636771300448
1853,0.5336322869955157
1854,0.5022421524663677
1855,0.5022421524663677
1856,0.5201793721973094
1857,0.4798206278026906
1858,0.5112107623318386
1859,0.5156950672645739
1860,0.5650224215246636
1861,0.5605381165919282
1862,0.5470852017937221
1863,0.5156950672645739
1864,0.4887892376681615
1865,0.5650224215246636
1866,0.5246636771300448
1867,0.4932735426008968
1868,0.5695067264573991
1869,0.5381165919282511
1870,0.5739910313901345
1871,0.5022421524663677
1872,0.5201793721973094
1873,0.5515695067264574
1874,0.4932735426008968
1875,0.4798206278026906
1876,0.5336322869955157
1877,0.4887892376681615
1878,0.4843049327354261
1879,0.5739910313901345
1880,0.5874439461883408
1881,0.5426008968609866
1882,0.5426008968609866
1883,0.5201793721973094
1884,0.4977578475336323
1885,0.5067264573991032
1886,0.5201793721973094
1887,0.4977578475336323
1888,0.5022421524663677
1889,0.5246636771300448
1890,0.5246636771300448
1891,0.5470852017937221
1892,0.4977578475336323
1893,0.5112107623318386
1894,0.5605381165919282
1895,0.5829596412556054
1896,0.5919282511210763
1897,0.5291479820627802
1898,0.5201793721973094
1899,0.5246636771300448
1900,0.4887892376681615
1901,0.5381165919282511
1902,0.5470852017937221
1903,0.5336322869955157
1904,0.4977578475336323
1905,0.5695067264573991
1906,0.5291479820627802
1907,0.5336322869955157
1908,0.5336322869955157
1909,0.5336322869955157
1910,0.5067264573991032
1911,0.5470852017937221
1912,0.4977578475336323
1913,0.5336322869955157
1914,0.5381165919282511
1915,0.4887892376681615
1916,0.5067264573991032
1917,0.5201793721973094
1918,0.4887892376681615
1919,0.5605381165919282
1920,0.5067264573991032
1921,0.5515695067264574
1922,0.4977578475336323
1923,0.4977578475336323
1924,0.5246636771300448
1925,0.4708520179372198
1926,0.5426008968609866
1927,0.5560538116591929
1928,0.5650224215246636
1929,0.5067264573991032
1930,0.5067264573991032
1931,0.5112107623318386
1932,0.5156950672645739
1933,0.5246636771300448
1934,0.5022421524663677
1935,0.5201793721973094
1936,0.5381165919282511
1937,0.4977578475336323
1938,0.5246636771300448
1939,0.4977578475336323
1940,0.5156950672645739
1941,0.5291479820627802
1942,0.5022421524663677
1943,0.5291479820627802
1944,0.5784753363228701
1945,0.5650224215246636
1946,0.5515695067264574
1947,0.4843049327354261
1948,0.5291479820627802
1949,0.4932735426008968
1950,0.5246636771300448
1951,0.5381165919282511
1952,0.5560538116591929
1953,0.5112107623318386
1954,0.4932735426008968
1955,0.5291479820627802
1956,0.5560538116591929
1957,0.5022421524663677
1958,0.5022421524663677
1959,0.5470852017937221
1960,0.4887892376681615
1961,0.5112107623318386
1962,0.5291479820627802
1963,0.5201793721973094
1964,0.5201793721973094
1965,0.5515695067264574
1966,0.5784753363228701
1967,0.5426008968609866
1968,0.5112107623318386
1969,0.5381165919282511
1970,0.5695067264573991
1971,0.5156950672645739
1972,0.5022421524663677
1973,0.5336322869955157
1974,0.5695067264573991
1975,0.5156950672645739
1976,0.5067264573991032
1977,0.5784753363228701
1978,0.5381165919282511
1979,0.5022421524663677
1980,0.5695067264573991
1981,0.5112107623318386
1982,0.5426008968609866
1983,0.5336322869955157
1984,0.5201793721973094
1985,0.5067264573991032
1986,0.4977578475336323
1987,0.5246636771300448
1988,0.5650224215246636
1989,0.5515695067264574
1990,0.5381165919282511
1991,0.5201793721973094
1992,0.4977578475336323
1993,0.5470852017937221
1994,0.5112107623318386
1995,0.5739910313901345
1996,0.5201793721973094
1997,0.5381165919282511
1998,0.5201793721973094
1999,0.5470852017937221
