,value_per_image
0,-5815.652888693951
1,-4633.788392272386
2,-3289.0150522040985
3,-3671.9274951335706
4,-1236.3215077495759
5,-1050.2247919969118
6,-1060.9017792832433
7,-675.2499187545868
8,-2019.8867584970692
9,-1589.606072401095
10,-482.6938534178343
11,-343.85553644944224
12,-256.79641942583345
13,-15831.160724141388
14,-8231.35246852144
15,-3311.5864890803086
16,-5149.665799794006
17,-5140.449867823015
18,-467.7541330883868
19,-1478.516080223768
20,-2811.1115014521843
21,-1877.9227698868613
22,-3470.5670364194593
23,-1100.2396783898644
24,-3925.9852848652827
25,-1210.3096188886898
26,-1140.088580623334
27,-8282.433133641245
28,-1012.9850500336292
29,-781.5890075956378
30,-44057.34431262282
31,-1968.115711673941
32,-587.8825799039151
33,-1652.8407233668265
34,-734.8299315670072
35,-1422.9022896786846
36,-1378.895812938189
37,-156.6470125005521
38,-1899.4772235476748
39,-10423.35189570966
40,-300.39218184523185
41,-1981.42765935774
42,-593.3296137751827
43,-616.939279251127
44,-1855.0696833746301
45,-219.2027695932172
46,-1685.8370972892785
47,-8891.111327487555
48,-3719.4710566314534
49,-1075.730417894173
50,-476.18435523695615
51,-2346.367417404238
52,-3706.4573991664392
53,-539.1161544892939
54,-1474.9664508101826
55,-1101.713406542862
56,-1601.5266570537733
57,-841.8064754645253
58,-458.79366471487543
59,-1409.9803944572568
60,-4020.4371213073277
61,-1022.8529234108009
62,-1247.95705976072
63,-659.8184018246707
64,-963.2723199108592
65,-58853.83282068434
66,-902.536373143076
67,-2787.848067227749
68,-2062.0567028833184
69,-731.9686658781868
70,-1172.7641807539228
71,-1930.7827253813334
72,-1047.0471278350942
73,-537.7314970731477
74,-268.91685209801284
75,-43084.09812136822
76,-674.4117057484402
77,-2896.335379720195
78,-2354.2361979168545
79,-1046.3969774208135
80,-188.6675541028793
81,-2158.411130432147
82,-698.3298714956546
83,-820.3569975999875
84,-3489.1935994644523
85,-2805.218279462454
86,-479.40404801293516
87,-2766.74115916516
88,-2230.763452977329
89,-1133.9601914898894
90,-15278.834927291091
91,-4379.845537477082
92,-709.9439278817276
93,-791.7029508941292
94,-6814.505557424654
95,-8264.418123900397
96,-518.0588680571885
97,-970.2308258455362
98,-1955.455359237508
99,-14998.537343887318
100,-56508.179317009424
101,-970.7925901048404
102,-5450.24698010102
103,-253.8414547903593
104,-2051.2553999057786
105,-1784.7269710072353
106,-274.46030815767915
107,-263.54365845071516
108,-1490.7622423085559
109,-76128.45321807137
110,-1241.0131906881634
111,-1104.7179748731394
112,-1092.4574072229848
113,-21487.09381078343
114,-2201.1441532133854
115,-920.9231387882111
116,-1286.9216029114932
117,-602.1215516476452
118,-1175.1847912844044
119,-700.2080473420752
120,-522.7485254688057
121,-1521.3051171484076
122,-1210.0476952701974
123,-1945.3231067777472
124,-608.8579725343251
125,-391.6772790752199
126,-2808.3549377387394
127,-1278.1898789962593
128,-1764.0440786030567
129,-1621.48339967656
130,-354.5664817174549
131,-1217.4491571258802
132,-1302.373878218952
133,-1175.4905630796304
134,-773.0459496333714
135,-6341.016928697193
136,-2680.487195520859
137,-291.80618200219584
138,-1263.9936360336874
139,-305.65557431271174
140,-103.57971246225605
141,-8898.759672457996
142,-195.61594700793304
143,-2544.3045893177223
144,-609.9909504396493
145,-7178.588647318625
146,-297.5360582644973
147,-344.66430177854835
148,-2372.491709892793
149,-868.3551387938425
150,-1174.5416891362802
151,-846.9819720169502
152,-273.22408767019635
153,-944.1621554033792
154,-2026.4019553840922
155,-22690.48175761204
156,-390.95186702699067
157,-550.3194409160013
158,-927.7901697271466
159,-493.8876561413832
160,-1151.6531741145461
161,-438.5666001367117
162,-1589.6069185528409
163,-15899.180422225427
164,-11031.369976971897
165,-652.3925293065986
166,-2079.972228829751
167,-543.8118510151031
168,-595.0821275144363
169,-3735.369226479577
170,-1448.0153193933097
171,-6525.686074830493
172,-409.69305911424436
173,-1336.5999913488918
174,-1498.3041203821406
175,-1554.8160880909732
176,-861.2081800896357
177,-1154.9788550663834
178,-980.8827304346868
179,-3148.828012374656
180,-1734.5675247228125
181,-2940.9433794823085
182,-250.40853531405983
183,-664.4422551570236
184,-618.5100616737436
185,-203.9039287438842
186,-4443.76400323238
187,-822.660971376023
188,-8114.288328373975
189,-1503.1425385771115
190,-198.47134732585687
191,-12070.972203902438
192,-404.50568658560957
193,-815.5514637687397
194,-1486.0747310787867
195,-1562.8659161722812
196,-1372.221914555058
197,-481.2096041034121
198,-1619.6556253573553
199,-1051.4407882934634
200,-3466.049722551334
201,-1104.0359604795642
202,-6182.9079765607175
203,-909.5709529777107
204,-809.7357605912971
205,-8169.551296508568
206,-2288.516510102159
207,-2516.967586167067
208,-3826.6748178762655
209,-249.88602810153662
210,-6597.808523884011
211,-293.34860067989865
212,-1138.3040674100016
213,-332.5511249040088
214,-1062.6226993971056
215,-6890.8134199405895
216,-546.5750871329175
217,-1012.2615925027577
218,-5989.481906156575
219,-598.0725394246697
220,-652.3665080816359
221,-746.4747671322839
222,-36992.879097297795
223,-145684.61726993613
224,-526.2036285597231
225,-764.2649190506247
226,-656.292641312289
227,-5283.023294793009
228,-2905.1334610880267
229,-743.3690298012461
230,-1254.5987456049154
231,-7465.199829920637
232,-965.3486171414232
233,-1464.2732751658573
234,-1614.9780661582702
235,-247.85884562207343
236,-3254.125469075271
237,-4717.101205688443
238,-3365.455635712888
239,-942.574045892854
240,-3879.354987434941
241,-2030.3351255689224
242,-374.6857372313315
243,-12290.818904416572
244,-1150.374458811573
245,-814.2120754362704
246,-685.9266096658494
247,-7436.339547319283
248,-4059.3597749887294
249,-1278.8612858161978
250,-51410.94329182498
251,-223.81882599027043
252,-1275.1976185693652
253,-3215.20041785703
254,-932.4786143629199
255,-1431.705423859462
256,-465.8004093580114
257,-10538.477121297221
258,-801.2907079871278
259,-250.29914665269038
260,-724.5456508502622
261,-262.3193084782676
262,-36231.82393962364
263,-7318.555850724215
264,-2022.9339844630706
265,-1030.9846154498205
266,-620.0500207739881
267,-1982.409625966419
268,-398.6267323909852
269,-938.9209135182764
270,-3528.550544375991
271,-3434.358261285698
272,-3667.317984296746
273,-453.3344859089554
274,-1382.5738619524284
275,-932.5907496984893
276,-197.1799710364632
277,-386.37442983208564
278,-1764.7556859752929
279,-1399.0842712363126
280,-2636.628960558256
281,-1907.1643197900326
282,-14368.696564623518
283,-520.3526518112768
284,-630.8553546754057
285,-975.1486797098712
286,-381.387010168944
287,-2167.912298673703
288,-1318.319668287182
289,-756.6474474513226
290,-1696.4670049651943
291,-2085.199313578224
292,-5913.666414472393
293,-533.1876000604203
294,-131.54801185998645
295,-1194.7407921301913
296,-1705.259428940548
297,-546.8755634055311
298,-971.1361883104182
299,-587.3783024351941
300,-456.4243839231903
301,-1957.913837450539
302,-1927.062066659332
303,-1826.5220791313413
304,-182.39108699264628
305,-6081.658701745154
306,-316.79087695118324
307,-6411.047160996613
308,-230.88868805538624
309,-1527.6347512811246
310,-995.9552464183876
311,-341.83492181096716
312,-876.5811399582727
313,-574.0669022006015
314,-3016.140289003844
315,-869.7623409836071
316,-1092.0138034876966
317,-325.57838687578334
318,-1207.4371825129194
319,-1323.4475329196175
320,-612.4348873357559
321,-1165.3004588990925
322,-2454.073535176379
323,-330.2427874482827
324,-979.9170341019084
325,-174.16657306139308
326,-1930.0844888534975
327,-2744.106902692252
328,-977.3398916032936
329,-1816.4289196614825
330,-10398.996496555126
331,-820.8229502470598
332,-7931.144110069449
333,-1836.948847080106
334,-707.9826280376835
335,-147.45172026606932
336,-14792.582120887442
337,-338.63105853056214
338,-1919.1459568620533
339,-261.1142534804729
340,-1192.1632976132714
341,-6338.930237053335
342,-377.12607994456016
343,-1361.1640500857056
344,-645.1775717245897
345,-989.5676265748504
346,-1756.0434929457379
347,-927.9487265970192
348,-13394.204119141748
349,-1591.0290942424274
350,-2973.9841199042157
351,-4204.483746943866
352,-295.4994587531092
353,-159.98236705806258
354,-1249.7040430320735
355,-6107.570225167675
356,-2724.2794923086826
357,-7271.1268582038965
358,-422.33717878893646
359,-312.7399816776644
360,-6597.089718024289
361,-2136.457049646218
362,-1093.4746257948043
363,-695.6011686711995
364,-431.6767682725568
365,-1312.3034389128861
366,-6144.506754332911
367,-12334.2766526444
368,-787.9867781203055
369,-620.667468243661
370,-2298.5009438195425
371,-383.9778471673325
372,-3591.113819439584
373,-1481.206601044172
374,-2251.1960035028337
375,-28596.462513608487
376,-336.71020575654927
377,-582.3950335418419
378,-1672.4973205210129
379,-1653.5936255914717
380,-1162.1889029634135
381,-357.54795931827783
382,-2451.304588331732
383,-113247.09003187456
384,-827.3566283264571
385,-9210.944807121823
386,-13647.263740287994
387,-3210.077045317276
388,-1273.9920376638813
389,-2571.103280645685
390,-1162.9534174338858
391,-1553.5629626698287
392,-2036.9105798274654
393,-2710.456183619864
394,-1064.972868470884
395,-796.7001931645168
396,-1115.6681728854699
397,-1084.856378632188
398,-943.6730175927182
399,-1081.5532563021916
400,-409.6065207332277
401,-1392.3757173970855
402,-1141.9001092064075
403,-444.34059492705035
404,-732.9573506675885
405,-515.5054100815789
406,-351.8870112529927
407,-2262.251054031424
408,-204.43038168417874
409,-683.8437305063646
410,-11210.341775539473
411,-644.1621935259601
412,-688.9418638477673
413,-739.173223907004
414,-315.6015535873582
415,-387.10630919174736
416,-453.89928643145555
417,-217.37945468657617
418,-1384.7689627051466
419,-741.9330417476252
420,-910.8218410981763
421,-1858.2257836726794
422,-793.4344056819498
423,-804.1269832286977
424,-472.67625347524034
425,-1652.141113597229
426,-938.6409404442957
427,-611.5589920827657
428,-549.0650396021582
429,-1998.4550593246145
430,-2054.480380453023
431,-3032.231257786142
432,-376.9533123383129
433,-3751.6938150647297
434,-1907.2126964194283
435,-1122.7114303185292
436,-330.6980901368066
437,-1839.0037935921039
438,-282.28367461683564
439,-534.8350212626747
440,-158.7670781714025
441,-1101.0552078058977
442,-714.7354383641116
443,-396.7055717825093
444,-704.2989071704759
445,-1987.926353415401
446,-2991.9462464037842
447,-802.4315433036618
448,-658.3123504150016
449,-14642.321864176482
450,-2773.697847257001
451,-6686.507683560732
452,-857.4846587659143
453,-532.8049008965338
454,-5122.829385853325
455,-9779.128642570351
456,-6104.70731065451
457,-1911.881853282427
458,-481.07858215499635
459,-241.65223527945702
460,-1826.4163016940527
461,-840.3015565787155
462,-2650.6106178850077
463,-1881.653279390968
464,-513.8274098388108
465,-155.77332311327112
466,-4765.462111725845
467,-482.2676200370778
468,-59525.884126769066
469,-1756.197276495649
470,-372.276265652618
471,-660.2062117047838
472,-1293.4267384575962
473,-377.7397349410253
474,-111.89536727341343
475,-1269.9591964377132
476,-1613.3150308150337
477,-255.72674036250743
478,-619.2564262392636
479,-362.64899058855787
480,-176.85363382117802
481,-526.0424979405857
482,-148733.44252131597
483,-2190.625023815558
484,-533.9254393359151
485,-1035.0838930604916
486,-541.8781183831331
487,-601.1515239717693
488,-1385.2906818260074
489,-9903.389649823392
490,-1395.3090344347004
491,-4265.907587992291
492,-1321.110508299972
493,-4696.314324856691
494,-1549.1734749222653
495,-1322.0901410621
496,-396.9091871010045
497,-946.6399325166606
498,-265.26011196417414
499,-9900.531093750666
500,-629.5662712562232
501,-1499.5218165763458
502,-5861.391495138189
503,-514.6068826122437
504,-3047.8522851295625
505,-1850.461439953177
506,-5819.617469335639
507,-936.1623389569157
508,-6755.700300507461
509,-817.452031972334
510,-401.7717894664303
511,-3426.443420536863
512,-417.1089386169838
513,-15649.082288291118
514,-47044.54019322847
515,-2945.4776043269067
516,-1533.7747156493604
517,-1131.7064820361138
518,-2937.646447700274
519,-1445.7702917894392
520,-357.33832159857184
521,-1908.0495163321448
522,-359.48292515712166
523,-1625.5297025423918
524,-455.8878624850855
525,-3422.2137474229553
526,-6297.151189509906
527,-2687.4099077030546
528,-2491.2373562175235
529,-241.65415631809216
530,-1232.5209564147285
531,-1074.1193075160104
532,-1857.323575843053
533,-3160.2975962217693
534,-1957.257157358937
535,-20002.867270461058
536,-1546.224473114865
537,-767.934970268775
538,-1595.7693622207819
539,-5454.333983174527
540,-1942.9546641177767
541,-387.8882173880909
542,-536.5408885344289
543,-797.2978910553273
544,-9881.408283244718
545,-4941.825010974911
546,-2111.029576860462
547,-34619.7716986451
548,-123.64785176742646
549,-1137.2750756509133
550,-2446.2519190730727
551,-3632.809091666308
552,-185.35046317265332
553,-4152.329773682325
554,-2325.555445018023
555,-2944.881451637521
556,-1297.7254862554582
557,-840.5541372536172
558,-477.2791303140017
559,-28269.477970472093
560,-851.0587693361138
561,-2092.654234025731
562,-258340.32535890464
563,-629.7139748448645
564,-452.3644545442334
565,-1248.7266148512542
566,-573.3859888466477
567,-12609.741918924175
568,-2009.6242202473761
569,-462.94837263007713
570,-1670.9848244569725
571,-2517.830221333501
572,-1196.3642224998678
573,-8250.836378485681
574,-224.2294948873724
575,-698.1545403555293
576,-866.8198513329442
577,-506.5696329211802
578,-1210.0482094115014
579,-345.41457749216414
580,-595.7880909872628
581,-415.2647973792299
582,-1860.6938882457594
583,-26754.283682979996
584,-456.47115143268906
585,-1176.8147956410764
586,-1655.9774141533878
587,-2326.410030767197
588,-2657.581735414326
589,-3827.0455698660176
590,-332.99448771594564
591,-2501.8101425182167
592,-4849.236056965618
593,-678.1686915239666
594,-152.46970796996857
595,-1937.5946463400776
596,-344.5679446878438
597,-409.3672224252715
598,-4912.545680800559
599,-364.81499568614606
600,-2026.9914558093399
601,-3967.3493118417023
602,-3212.6379844461494
603,-1664.2977422080332
604,-537.880731148052
605,-1394.1666503281144
606,-8907.5145616814
607,-2941.6217207564805
608,-1502.023746554517
609,-937.2184572541701
610,-473.2080386086717
611,-8977.265442402482
612,-7390.459164881942
613,-1763.4906100574187
614,-15569.43806235728
615,-1712.5754533568693
616,-3198.2112600787896
617,-2385.533349034137
618,-834.6749390771437
619,-3706.7263858784095
620,-672.2770079962584
621,-3046.809419145821
622,-8950.175876383826
623,-2031.9808202249226
624,-1077.9877760837621
625,-176.32354308300594
626,-2804.9644541892408
627,-278.0311089287
628,-2485.589720648115
629,-18249.921522893357
630,-280.05473359864897
631,-1799.0866465429847
632,-238.78698518966573
633,-1285.0226679467517
634,-1395.3057371420914
635,-706.4742911527692
636,-597.5041742973152
637,-845.7279422135551
638,-1546.8999070749876
639,-254.71507073495246
640,-1599.9697154501455
641,-24239.674848517792
642,-1718.8846062284879
643,-644.7807303835
644,-1037.5501249509905
645,-735.6879644868137
646,-1293.2501882436875
647,-1663.617217740365
648,-259.2779592717749
649,-493.63755432305334
650,-1824.3653764368414
651,-2706.7048703303053
652,-416.44974919671137
653,-284.03149351243036
654,-1073.1144463966102
655,-1475.0255924988758
656,-941.6996447569734
657,-3447.4705177447395
658,-365.24703438571515
659,-4262.8275101572635
660,-1111.2613498065982
661,-4377.140991215132
662,-2264.0281172968107
663,-329.34831406698294
664,-1379.2048667465936
665,-823.5812832590576
666,-590.0892924884408
667,-1720.654470903703
668,-7464.536034099253
669,-1042.5607061339588
670,-6675.521703357826
671,-461.2520207996392
672,-6616.963045086602
673,-1871.0834753607865
674,-469.5591202323671
675,-961.534668621436
676,-654.9160164999877
677,-1661.2202534120474
678,-24292.122708199502
679,-401.3913460073974
680,-498.6042282171762
681,-2271.846869745022
682,-1952.8934790373728
683,-1766.4370549271084
684,-4881.040960018194
685,-992.4194492684613
686,-818.1205873096962
687,-1089.9975473775532
688,-934.972067434324
689,-547.1409161268023
690,-2196.421133926992
691,-377.24001325155126
692,-1836.1000815691227
693,-8701.683581212157
694,-630.5590520709371
695,-2061.4429605282867
696,-3940.080279398996
697,-279.77246567202104
698,-337.98606633732726
699,-750.9228731905415
700,-672.3746154601325
701,-11785.453532054844
702,-251.45095359964353
703,-732.4458969104767
704,-634.0139696917023
705,-4556.731414950899
706,-470.6157863912229
707,-4848.331097910198
708,-259.11947753852644
709,-1003.0442677143744
710,-1068.9227685046685
711,-788.8041702361911
712,-2491.7755257040844
713,-89083.3584297575
714,-396.70103521006484
715,-614.7545369501778
716,-306.377298513666
717,-316.77963059153313
718,-3919.2434798704658
719,-2174.351161134628
720,-192.20661350062446
721,-609.5058925039233
722,-1838.9015474332534
723,-2120.839265083478
724,-827.6994516479587
725,-263.06431065763536
726,-2461.066077902745
727,-1911.3866298065384
728,-783.9442794094597
729,-151.47926495384831
730,-990.125685593076
731,-2411.355367024836
732,-3837.5035816003374
733,-440.26864689908166
734,-147.3803754082996
735,-93.62319564188576
736,-3498.961736446545
737,-518.6845686159688
738,-2651.941438559134
739,-1477.0142013045001
740,-310.37522806289013
741,-1340.61721562515
742,-896.1730682209959
743,-127847.43008737352
744,-3061.1405612942763
745,-222.00898789178152
746,-788.9090989644787
747,-1242.147301206245
748,-1186.8772179560253
749,-181.60051085489604
750,-447.1752887567415
751,-1250.426227691375
752,-495.22909559842145
753,-2166.9872188157265
754,-3822.206349541637
755,-952.5160836084807
756,-7653.968463274235
757,-270.7980958336152
758,-1490.6355230540619
759,-8250.187879975614
760,-412.7460475462708
761,-783.0419049920778
762,-2895.656257823273
763,-1063.0771544946588
764,-291.0332435367582
765,-15730.550867685637
766,-749.2864057667026
767,-2301.07581322818
768,-9620.050867802958
769,-416.5578380597862
770,-556.663475909669
771,-731.2049341605867
772,-2195.0291922140987
773,-3566.374549240965
774,-1582.77936610836
775,-748.3442730607227
776,-514.7731733170075
777,-291.9015397716093
778,-1766.908008784504
779,-601.1521916030002
780,-99.38040078900049
781,-1933.4344938759616
782,-740.4124846736702
783,-9258.199035173711
784,-508.55878646716116
785,-775.7238056891252
786,-789.4503525397951
787,-1579.9175209094485
788,-3639.932529535583
789,-159.82965651317676
790,-2575.568823254437
791,-2610.397084548388
792,-571.255302870324
793,-1282.6499675426942
794,-11149.946488895865
795,-389.3851932851223
796,-4927.567527689148
797,-391.9937648202708
798,-653.1247507508208
799,-133728.50715087831
800,-3148.935081252996
801,-587.0362985040277
802,-1059.7458936077498
803,-1873.4044515052087
804,-6847.083739568874
805,-16732.04817863678
806,-10411.808067464448
807,-681.2795474752837
808,-1822.3362894419474
809,-294.07092646994704
810,-33777.336205871565
811,-10255.952461550733
812,-1234.5223219711681
813,-3053.554798364632
814,-138.3148557752682
815,-384.61086596226784
816,-1845.2607073852207
817,-4197.096643060795
818,-2626.567109056657
819,-4587.232539895803
820,-2287.345703698238
821,-2954.367038455569
822,-513.6622160518266
823,-347.98476835952914
824,-212.0705428365303
825,-319.18361232654183
826,-1888.2740013913494
827,-2337.608444817342
828,-1036.889430163233
829,-612.3815192869472
830,-918.3643865598602
831,-1512.0638721235598
832,-424.3808470064832
833,-5472.009201769718
834,-1119.2703907538355
835,-2583.674642604525
836,-4157.232243103282
837,-530.8006081230562
838,-1123.335055983663
839,-1069.206823373511
840,-764.5559114744647
841,-976.7422190724573
842,-756.740366198693
843,-1477.8538356440006
844,-481.34621877164636
845,-721.3732374833075
846,-4468.660710766732
847,-502.6414861060105
848,-479.01457769764124
849,-1065.6986406541141
850,-4313.111116078353
851,-1303.2455910237265
852,-1750.278355601688
853,-267.2302993009563
854,-5335.625962969632
855,-1780.9273922970413
856,-186.42532755559827
857,-1041.9466418403078
858,-4246.27313514437
859,-1589.9505977836245
860,-2599.0131846453273
861,-1774.4085836391964
862,-1100.3773973953005
863,-4889.517738381494
864,-4279.508672341499
865,-901.0004457026346
866,-1709.0589216663761
867,-171.80812557546898
868,-202.318847565629
869,-954.3994781019047
870,-1009.6391348729062
871,-410.8396601961354
872,-3124.7935643145165
873,-3298.4491933491718
874,-1228.7540063977613
875,-616.6492849131594
876,-2338.6061419929824
877,-24121.334231858462
878,-8067.4972648917455
879,-1014.8987449655012
880,-8398.868416774603
881,-1255.1340891774155
882,-983.5607739092703
883,-1176.089209741306
884,-3860.640375730614
885,-2570.592446615928
886,-644.3276774702806
887,-4420.047485775913
888,-776.9348530552122
889,-1277.290909251676
890,-989.9687079417206
891,-187703.44807381288
892,-5791.831783015545
893,-2417.8117276418593
894,-5098.583215582349
895,-503.0797137489209
896,-548.7906482596479
897,-2069.016671174364
898,-1060.045923832963
899,-1042.9584970048234
900,-1278.1796735455225
901,-1265.9303370048967
902,-2060.0745605312163
903,-1624.0149562104568
904,-802.2921495070378
905,-3259.363258974199
906,-26705.402207717525
907,-865.1208910934333
908,-373.42268127283285
909,-277.80614441068644
910,-755.3185389055388
911,-6201.054975407486
912,-924.7411952699312
913,-733.9283471965962
914,-513.2063621140495
915,-616.2209464705004
916,-393.77222525174375
917,-72.87920564973926
918,-874.9900835287285
919,-11358.421422580119
920,-1218.649505613479
921,-891.9008899342778
922,-898.4392204371494
923,-498.41401487181093
924,-340.2777276795336
925,-1239.03607195791
926,-618.1630765353826
927,-613.6978620752801
928,-2207.463398113026
929,-751.8149924860503
930,-1578.5772995952598
931,-172.69139452124213
932,-1103.6803317990646
933,-341.5519982017656
934,-532.0429783716706
935,-1356.7351206960811
936,-864.4118501135774
937,-408.052772537098
938,-9049.74135338846
939,-1089.4041101214368
940,-430.6246763986642
941,-4855.424519059116
942,-6428.441068210719
943,-2212.0713720435283
944,-1292.7008423321236
945,-2668.8163672466408
946,-470.4771791609333
947,-130.5884042311917
948,-596.12386638583
949,-391.234397110277
950,-3012.4470556249876
951,-698.5132885242033
952,-4850.319305053396
953,-999.3468801955414
954,-634.9585775237573
955,-709.6014890882375
956,-439.2804729125528
957,-771.7258697113713
958,-430.429491666066
959,-5814.649312440119
960,-262.5736407013597
961,-1351.5498791995724
962,-1661.6762252217145
963,-13230.079774080703
964,-297.20802683309375
965,-5908.382555200024
966,-326.3366011164113
967,-4303.215315433241
968,-4616.2897741555325
969,-1164.6161408482226
970,-191.48960467160697
971,-3795.415301332899
972,-134.53098934989154
973,-1830.555166103757
974,-1109.2967765206388
975,-1063.4599944051986
976,-285.14869454076205
977,-6058.5363293592045
978,-470.3313357796618
979,-322.2468581827536
980,-1937.1569711532159
981,-29096.80287749047
982,-502.3108122764666
983,-735.0497761199609
984,-286.8427084840484
985,-42122.0990258407
986,-2998.755073585574
987,-3799.154591620893
988,-834.6219532620705
989,-959.208880850656
990,-1686.7630020796353
991,-1018.5599870583003
992,-917.5377378184312
993,-220.6476953431315
994,-568.4124047032408
995,-568.721471348636
996,-422.7482989966042
997,-1053.191185642475
998,-4037.841734979805
999,-398.650955848091
1000,-184.62777633330145
1001,-776.3574046531302
1002,-3436.7999866189384
1003,-558.0559090355354
1004,-2906.4024035162734
1005,-409.7039815197632
1006,-30239.715590736294
1007,-9265.57868152283
1008,-1890.888662474093
1009,-2351.4305726089183
1010,-625.504520810342
1011,-1040.23683411108
1012,-933.1386881030318
1013,-1586.9201399409644
1014,-4281.5276460152645
1015,-1198.9943598940358
1016,-878.5843376672285
1017,-903.6824771203593
1018,-553.8741327462061
1019,-1385.5588733717614
1020,-477.2258997842015
1021,-1346.8023950563775
1022,-2987.3179269039338
1023,-497.47403867199364
1024,-855.7877382076855
1025,-805.3226734618119
1026,-1120.0242185987036
1027,-1681.2132326066876
1028,-477.0511659562328
1029,-43060.72424374842
1030,-306.4381928751822
1031,-1137.0950905858922
1032,-296.5949644039165
1033,-574.1161897318536
1034,-437.152020944944
1035,-1772.7560271608302
1036,-3604.750125222849
1037,-591.6231290189368
1038,-1679.1825857134995
1039,-497.3549688429438
1040,-16749.699395364667
1041,-198.6505539710439
1042,-1413.7025441003864
1043,-2717.302256373398
1044,-201.21839907533595
1045,-1406.981634399519
1046,-507.3809532080149
1047,-120.12535748713462
1048,-4933.106772770124
1049,-1718.0130555255193
1050,-740.7138202174389
1051,-287.1919448785917
1052,-9780.318317863235
1053,-4193.788657523778
1054,-1106.8862392907324
1055,-11134.98020750209
1056,-3620.0199122531785
1057,-1032.9864271462934
1058,-554.8553471201081
1059,-563.2912922267036
1060,-1912.6635864109564
1061,-4293.031574095652
1062,-608.7562182982542
1063,-2763.2457226584397
1064,-17318.54051116345
1065,-1646.909291184355
1066,-5554.285712444305
1067,-758.6443459643001
1068,-394.3364772201071
1069,-2115.5038181728896
1070,-4258.531304413439
1071,-399.3069418777956
1072,-1247.7147775495039
1073,-2857.865090163877
1074,-3218.765482735133
1075,-515.4271229558825
1076,-3622.516251831821
1077,-424.83278029059454
1078,-3640.515441479516
1079,-657.4887303684774
1080,-601.7220343882127
1081,-251.85323409764518
1082,-995.6182111988127
1083,-503.38549625979726
1084,-586.1107637257362
1085,-1516.929304215395
1086,-1288.857948437065
1087,-541.6706945571585
1088,-955.4271218225681
1089,-18377.210760677368
1090,-664.7008558345266
1091,-2895.682363057195
1092,-341.2216035372624
1093,-1181.5380076253698
1094,-131059.64805481849
1095,-2902.368213919568
1096,-3822.401332613429
1097,-80.03877120009928
1098,-2856.263406224204
1099,-23279.026183076894
1100,-16194.133584750782
1101,-17063.719906054586
1102,-1756.5892108046853
1103,-10377.995271537475
1104,-356.2035811596277
1105,-874.7063991773879
1106,-375.45502425931153
1107,-1689.365805773832
1108,-392.1601693647862
1109,-321.06160892994023
1110,-2694.8671801964665
1111,-960.8714019185202
1112,-1241.8054736144788
1113,-731.9886965956465
1114,-409.6020782708201
1115,-901.9577679024637
1116,-3178.5523331841146
1117,-421.63844228381134
1118,-859.6670572406879
1119,-406.9676086925852
1120,-2607.790335606196
1121,-5262.14069764714
1122,-257.7328672150964
1123,-876.5624641553642
1124,-2181.8853308311727
1125,-868.1254885092743
1126,-790.9842586222073
1127,-1016.2642789620613
1128,-3714.9641562531738
1129,-503.1169802406898
1130,-1836.079040666281
1131,-5522.903032762069
1132,-801.5426208966002
1133,-2428.671981203255
1134,-261.58267301022505
1135,-154.39448879813415
1136,-20324.34361211597
1137,-1177.4769494058035
1138,-5073.532275781426
1139,-4928.634625661867
1140,-4668.15777115617
1141,-292.1999888837292
1142,-731.6662939264752
1143,-510.5622921931365
1144,-1124.2964259385583
1145,-2961.0799996499077
1146,-1203.9029731789901
1147,-1866.6322946248056
1148,-396.78758630071206
1149,-41961.79483808947
1150,-2245.067293084562
1151,-1277.6204835339895
1152,-7857.972531104484
1153,-495.94600003429036
1154,-15928.52644871986
1155,-1717.2695421923636
1156,-366.2196869352797
1157,-907.8477183854732
1158,-9067.592875230092
1159,-13288.441692320059
1160,-12282.680069736285
1161,-293.95700612172675
1162,-2063.3220370586014
1163,-8553.604473521267
1164,-4661.820938345401
1165,-4175.22936772813
1166,-1693.5180764551321
1167,-1009.6592557998624
1168,-369.11990603708153
1169,-574.9652634262321
1170,-1674.6225850855735
1171,-4127.627134335281
1172,-915.459491653994
1173,-12305.806022434512
1174,-1912.7754215520129
1175,-342.79292869199725
1176,-6584.1160260991355
1177,-527.7846727552144
1178,-3277.836221710857
1179,-1575.399668774696
1180,-286.74921946155706
1181,-526.9493239981551
1182,-1054.702109645461
1183,-524.321033285063
1184,-240.4589422656158
1185,-35956.664739759435
1186,-377.77859883639604
1187,-1974.4303026998755
1188,-7145.178571291212
1189,-1615.3344625168909
1190,-755.5975348067772
1191,-463.4169278082618
1192,-488.79988327724425
1193,-4181.155023398317
1194,-269.06247218093756
1195,-1799.8074906817035
1196,-210.0979843338269
1197,-2381.882928690284
1198,-829.255935168318
1199,-645.7341615008006
1200,-14971.91766247869
1201,-746.1984020480924
1202,-1401.9296541256836
1203,-479.6775596836058
1204,-867.8590747030831
1205,-2982.575937889065
1206,-376.49928390170265
1207,-507.0501899560749
1208,-33041.68089666935
1209,-346.50526029594147
1210,-1570.3459837234866
1211,-4196.223006845917
1212,-881.5707901211066
1213,-483.1787234773208
1214,-2830.1202186802198
1215,-24915.039008256557
1216,-4242.166781093879
1217,-1014.8350045834571
1218,-112.88249631820194
1219,-2513.756202211101
1220,-1794.9974256977039
1221,-638043.6981911135
1222,-741.0925382987932
1223,-2081.043707650888
1224,-520.1169576945
1225,-94516.597016553
1226,-1528.7040833926044
1227,-1969.3942889077389
1228,-10033.882844428139
1229,-414.0032029497407
1230,-2620.0416882702666
1231,-900.6631642545951
1232,-909.0510581459807
1233,-656.6285399610963
1234,-588.1499485896994
1235,-6073.982647911038
1236,-233.87500601575744
1237,-731.349086398542
1238,-14157.640033861382
1239,-870.0691749930996
1240,-483.05942198859907
1241,-268.99724099458166
1242,-848.5021458112898
1243,-543.8597103766787
1244,-1086.5366309713584
1245,-2241.301961478519
1246,-1075.081814547336
1247,-3603.725737768008
1248,-5384.056325256901
1249,-9790.240628630567
1250,-181.20100416119018
1251,-607.7417623440477
1252,-1274.2801464100032
1253,-33959.91106710223
1254,-736.4255065853018
1255,-458.9022555486207
1256,-881.8923084477093
1257,-4432.6468417942515
1258,-576.1881090618624
1259,-3498.348864147826
1260,-515.2612225210311
1261,-5223.64704273007
1262,-1033.960221493948
1263,-1409.6181857717067
1264,-596.0532906676782
1265,-624.152980127304
1266,-7676.5780149279235
1267,-630.7335275093118
1268,-1237.1131667512711
1269,-3570.275492488157
1270,-1348.703605265859
1271,-20883.983761139025
1272,-41876.848344597616
1273,-417.54158847810487
1274,-8867.898235776393
1275,-3932.058561618247
1276,-4916.060653082834
1277,-2812.101912677585
1278,-970.3785715339153
1279,-781.0219551180535
1280,-731.0122937990918
1281,-531.1334686152002
1282,-301.81097469372435
1283,-3537.5820820307267
1284,-634.0572913198167
1285,-1552.202022781578
1286,-425.0150502261999
1287,-15577.576517276108
1288,-13964.436151741744
1289,-1184.1624769969078
1290,-1907.9434286839842
1291,-1515.2003821039746
1292,-2507.083766946653
1293,-2576.036394725806
1294,-531.1720372762702
1295,-3839.7311898528937
1296,-6490.839882331325
1297,-2906.395902783974
1298,-532.3665296825378
1299,-860.0684062607936
1300,-1587.870244964895
1301,-2189.101233073994
1302,-4996.087977349958
1303,-4469.694148277716
1304,-398.60828825540614
1305,-1268.4651190052627
1306,-66486.42951030696
1307,-6572.809365564127
1308,-1369.6801279182514
1309,-4697.868324196611
1310,-40686.365177674525
1311,-745.7450023841492
1312,-237.37903698530297
1313,-9505.178537885276
1314,-269.96180557060626
1315,-2762.2836846769787
1316,-2264.710360513152
1317,-5589.438596639089
1318,-2475.205249206862
1319,-1413.9246395618732
1320,-671.517876896663
1321,-1323.9480220170246
1322,-1882.8180778546068
1323,-2686.493127363982
1324,-128.5244337967484
1325,-950.4475738191202
1326,-5845.235055873417
1327,-248.29115195719118
1328,-739.9165365373254
1329,-4832.109590864324
1330,-381.46585483693116
1331,-1576.7063003035391
1332,-12702.399922304869
1333,-694.3396985600905
1334,-2252.318228369436
1335,-23862.43645997305
1336,-450.47791089414886
1337,-281.02037645113154
1338,-1016.3424599804808
1339,-684.6529215966996
1340,-1798.1574606985669
1341,-2985.38205239961
1342,-550.2085126460726
1343,-737.6553779375678
1344,-719.6238405017465
1345,-405.44619889880914
1346,-505.1585199611725
1347,-3108.2614617456197
1348,-1318.660709069397
1349,-155.5198325830389
1350,-809.5389145129454
1351,-568.0450984094329
1352,-2694.041308016176
1353,-849.6004728700821
1354,-5397.641149177361
1355,-1194.8922422886985
1356,-16804.38496164696
1357,-1431.9679229868102
1358,-551.5482072759603
1359,-1116.8114087393953
1360,-357.9027348108342
1361,-854.2864680498661
1362,-2628.6198321481315
1363,-5229.603460245894
1364,-274.43602771845025
1365,-1130.749447834098
1366,-299.0228950894584
1367,-458.17594520376167
1368,-755.3373491254501
1369,-4693.769419287791
1370,-1059.5325551873525
1371,-457.7487870630903
1372,-1067.0029180988693
1373,-1725.187344991599
1374,-515.4171252709323
1375,-278.376222128421
1376,-340.838401643447
1377,-2725.916842642604
1378,-2317.899217784557
1379,-2251.139094496586
1380,-486.71055153483735
1381,-4926.384210066572
1382,-487.6758653025228
1383,-2106.6910572510833
1384,-7437.544971282808
1385,-209.9315474083192
1386,-1652.3186189723378
1387,-3558.909672193484
1388,-6016.375284367773
1389,-25906.524958426344
1390,-2376.0797021108506
1391,-1233.3843060070078
1392,-2377.269961706431
1393,-1324.828675110127
1394,-451.9429796994335
1395,-782.114131530943
1396,-214.4624871317501
1397,-1772.7934418975067
1398,-375.3225313510422
1399,-9424.817978326764
1400,-5860.949317572874
1401,-567.6624488313331
1402,-733.0312934299927
1403,-257.514090755035
1404,-800.7766760027066
1405,-1358.963043003629
1406,-4475.77587866462
1407,-316.4014344906812
1408,-541.1846363935643
1409,-1167.4260148022818
1410,-412.7433637944618
1411,-153.66296241839225
1412,-1040.5630902746436
1413,-568.3568018803135
1414,-162.9527541591799
1415,-2757.1802498562042
1416,-23193.242854046966
1417,-3595.8393635539946
1418,-1115.405782015997
1419,-3642.609428923091
1420,-8139.380640806375
1421,-141.34572982493455
1422,-1941.7197469417138
1423,-66981.97556314529
1424,-981.8762648795206
1425,-745.276958721006
1426,-932.6205888284012
1427,-4144.366336883284
1428,-419.13071467023246
1429,-863.9914165866062
1430,-185.63845239451803
1431,-1358.830218242294
1432,-5648.921920613124
1433,-623.5092186341249
1434,-519.2870027197837
1435,-2098.080058678808
1436,-5307.698689204256
1437,-1061.7647591849761
1438,-892.2710879796074
1439,-636.8739687962598
1440,-450.8725693123062
1441,-2376.3070168900304
1442,-2968.180660729188
1443,-4096.515113911995
1444,-1573.4670173991035
1445,-2835.336311084401
1446,-417.29597716676585
1447,-4911.036322755486
1448,-661.9620947777029
1449,-1101.6503459917246
1450,-435.7765460753171
1451,-2027.8855500935451
1452,-982.8299865933374
1453,-1981.721053626262
1454,-392.7519269607384
1455,-595.0811149322501
1456,-1111.838619587524
1457,-4598.8013416097465
1458,-748.297349487731
1459,-1684.5401550271085
1460,-691.7133758912312
1461,-1236.7783042965425
1462,-711.8152630727683
1463,-631.5449166250593
1464,-31460.22025101377
1465,-355.3160663230597
1466,-3988.9559933094856
1467,-4473.017785549497
1468,-24824.879957268844
1469,-3113.4009798906964
1470,-8939.395162383591
1471,-375.91651765263816
1472,-4334.700034993672
1473,-1046.3745098346787
1474,-533.6196082801777
1475,-1511.3376873899122
1476,-384.90117718584486
1477,-13963.836180346094
1478,-242.94971792300203
1479,-10694.910741113083
1480,-1124.2465487231173
1481,-309.56963769396566
1482,-7924.884229627238
1483,-1027.0210400496203
1484,-1105.031009892286
1485,-1734.9246099533996
1486,-110654.72696487927
1487,-255395.5879966195
1488,-549.9971161254616
1489,-8156.116551364191
1490,-6182.424185867299
1491,-236.33241762189118
1492,-2583.1507515362023
1493,-1762.9123862944934
1494,-232.51603607958984
1495,-291.4386075889372
1496,-731.7910640548396
1497,-3597.5385420386037
1498,-397.46177839981766
1499,-703.3679770341789
1500,-1765.2861177420984
1501,-669.6091929860671
1502,-2004.277451315571
1503,-6545.958509110523
1504,-661.4212043866503
1505,-5895.801621032121
1506,-3312.4191520016675
1507,-703.3236602092587
1508,-34962.25689245665
1509,-323.3540981295175
1510,-2701.242378726299
1511,-378.925018493811
1512,-336.79693922313487
1513,-678.5345785742862
1514,-3075.7576288729865
1515,-1378.785282875367
1516,-810.8573030149248
1517,-2057.2331167693724
1518,-1163.7985435436478
1519,-3893.9120094939726
1520,-1848.9575772489386
1521,-2139.0661607509023
1522,-303.3889099007891
1523,-4544.294806326139
1524,-6722.719165717217
1525,-511.82101769972326
1526,-296.7248569447485
1527,-937.5562407259332
1528,-201.04670652621743
1529,-1229.9923910484401
1530,-1535.7048154642341
1531,-534.1940086433381
1532,-1049.866508142022
1533,-390.4187301475557
1534,-1000.96846569334
1535,-805.0368281971078
1536,-356.1083345125428
1537,-11016.043180219087
1538,-2136.8525488464647
1539,-891.4281171384309
1540,-770.2056652186618
1541,-736.41716676583
1542,-6231.546797254302
1543,-620.5823964303589
1544,-2028.1334025068552
1545,-573.4954126522953
1546,-609.0128624349884
1547,-1089.715044451886
1548,-1548.4158768227853
1549,-725.483717758742
1550,-546.6491405649472
1551,-2156.913962041837
1552,-1942.9944742863834
1553,-2355.4371212165506
1554,-825.3305829593979
1555,-1786.213625830256
1556,-347.0750748478375
1557,-244.68083607449702
1558,-215.9040843231954
1559,-178.42531170038419
1560,-346.8415773053435
1561,-2091.080317485329
1562,-1499.2440221690495
1563,-1929.0783217861206
1564,-296.36681739266567
1565,-916.3774159617917
1566,-31725.167486649723
1567,-734.4131886835041
1568,-644.5749206195345
1569,-610.4635240903499
1570,-1305.1609239885295
1571,-2837.8589431617906
1572,-3370.5855562837205
1573,-914.5297139882204
1574,-631.5067337426423
1575,-102.78784591223202
1576,-303.58304013503204
1577,-2607.9447568032456
1578,-931.4545933614382
1579,-340.0605068974104
1580,-827.5461908513817
1581,-1725.8120296229513
1582,-2611.616185585962
1583,-702.1627102853917
1584,-149.69088496013902
1585,-208.40982128096505
1586,-3842.3110199594494
1587,-1642.3174073725297
1588,-1018.1887984830797
1589,-3189.3518886600514
1590,-13594.78580623887
1591,-38968.7167709502
1592,-405.9886842613307
1593,-1052.7251798431278
1594,-1095.2988213149076
1595,-1090.6192880380654
1596,-328.1430305825759
1597,-2110.6233999273786
1598,-2054.3829674098647
1599,-852.0229939273938
1600,-380.8130678743933
1601,-1069.8149475024154
1602,-747.2707957679941
1603,-7516.613963531798
1604,-461.3616931932048
1605,-2286.3492175779456
1606,-2828.112608273832
1607,-603.377976745138
1608,-260.54317741969936
1609,-201.9740331310716
1610,-555.8416729671025
1611,-514.5157556304732
1612,-1261.207388019463
1613,-366.98469721370725
1614,-2320.696031313746
1615,-391.4346396158697
1616,-26730.658157087983
1617,-2566.9028761501204
1618,-915.1324652138077
1619,-182.1642554239543
1620,-5056.314079805593
1621,-574.0641982726818
1622,-684.9627681876028
1623,-2643.146148929381
1624,-319.30011820982253
1625,-408.7478556422794
1626,-736.1697731627638
1627,-833.2156182421974
1628,-1656.1189863833663
1629,-273.4586290335153
1630,-405.9742257185173
1631,-1437.3766788022585
1632,-4138.230208378376
1633,-1088.6704509735848
1634,-435.6734842041727
1635,-642.8440951549496
1636,-772.7404551992228
1637,-2967.170364000965
1638,-1152.6788745726435
1639,-3684.1315954139477
1640,-1042.8017138979403
1641,-20185.061196533563
1642,-732.8466678981073
1643,-1856.8309478437448
1644,-2767.994197017334
1645,-371.3646635330766
1646,-439.02598443788287
1647,-1189.9150693784125
1648,-923.5383074540904
1649,-2104.890545933365
1650,-1804.006592538808
1651,-1626.0613449339571
1652,-481.2302487768956
1653,-431.434325780872
1654,-472.7860568436814
1655,-779.1114667604953
1656,-319.9643194938117
1657,-2106.9937391180288
1658,-2038.7550635229252
1659,-655.9873248035448
1660,-2401.054329698144
1661,-1187.185828414572
1662,-2448.442671724971
1663,-1211.6239466248885
1664,-258.2296746304933
1665,-1289.8485604208881
1666,-2798.0164454834626
1667,-572.1693866593811
1668,-752.6083190922949
1669,-2056.2767091643664
1670,-497.948722823192
1671,-415.2891121648992
1672,-1635.3771369366473
1673,-904.6883355682719
1674,-659752.5080501768
1675,-3367.037041402163
1676,-6416.720559593622
1677,-1251.379912989325
1678,-897.9917954481051
1679,-699.6007079693197
1680,-2098.4890475416832
1681,-491.76982833096565
1682,-8897.451542092285
1683,-270.57742061775366
1684,-3888.933036537436
1685,-8606.423677462742
1686,-6143.910111524029
1687,-290.1922256228996
1688,-741.392896997409
1689,-569.4108257668031
1690,-4439.136748538218
1691,-742.2265034640767
1692,-2312.0203558336084
1693,-3726.621836778431
1694,-378.4718381658629
1695,-1260.4541287447273
1696,-1280.186832091973
1697,-1222.5229718973594
1698,-1814.2566989972147
1699,-2082.340018720003
1700,-257.74716663596155
1701,-526.7142114880021
1702,-3198.934238647125
1703,-1176.612386918748
1704,-1475.0183969118825
1705,-2883.033926051164
1706,-1537.204478316706
1707,-1307.4201408305807
1708,-69.81602398797737
1709,-1224.6539485886149
1710,-1858.4117862241767
1711,-2946.6405064521705
1712,-2185.6602566386277
1713,-2956.940611139158
1714,-350.62631768521896
1715,-493.51557052748495
1716,-170.73018328153645
1717,-2309.8577270208657
1718,-3086.792930953429
1719,-121401.46826768074
1720,-3204.796946180481
1721,-1209.4059877303273
1722,-622.4698639509389
1723,-1498.5919976861194
1724,-2732.8254948417834
1725,-595.6472970739899
1726,-18590.542551865597
1727,-24118.352038870908
1728,-637.6406869486962
1729,-1703.6356835112424
1730,-1925.8898462100851
1731,-499.53003115645174
1732,-6278.126461786305
1733,-456.1958775481172
1734,-3559.079034960042
1735,-1633.158143075343
1736,-2862.94575353054
1737,-98.02300159854776
1738,-4943.687954233881
1739,-723.4836732176996
1740,-848.607742440356
1741,-2276.2746164044997
1742,-638.2869687078146
1743,-4341.713648778125
1744,-343.48861435070165
1745,-2491.91349774184
1746,-1178.5826454696185
1747,-4879.9376095632115
1748,-4443.317601958574
1749,-838.2418168437956
1750,-2822.0648448811853
1751,-252.91944077653872
1752,-955.4928697369154
1753,-341.392124806412
1754,-916.207279391209
1755,-1292.0894788905443
1756,-9277.231068639276
1757,-6963.663899499096
1758,-982.5644970097516
1759,-698.1612023072781
1760,-15706.194269340063
1761,-1121.2376606562993
1762,-663.8275040551723
1763,-916.2809095003427
1764,-380.5323117886248
1765,-498.6069464481751
1766,-1328.719541898958
1767,-971.7111252959027
1768,-785.3515895842023
1769,-1358.6036410784684
1770,-387.7859034855066
1771,-1336.2674044338034
1772,-550.8531100922323
1773,-8971.691691298958
1774,-1548.5847812987272
1775,-1644.8365275129636
1776,-749.3290801886362
1777,-4667.849394318139
1778,-198.08869071895182
1779,-174.71779657952698
1780,-369.25475270688537
1781,-3359.515759583989
1782,-224.12384778879087
1783,-619.1706979253042
1784,-479.4603480046119
1785,-443.9108385895538
1786,-1491.2406118198016
1787,-1013.5592955794997
1788,-267.1856135110329
1789,-338.1710850577464
1790,-1350.3006207331
1791,-1344.4993477418338
1792,-1547.1910190464864
1793,-164.64975675320113
1794,-404.92942383018783
1795,-223.5991047733604
1796,-9244.853996987149
1797,-5093.156842685525
1798,-25507.128587133182
1799,-1090.1236809203056
1800,-2171.8580094682957
1801,-6254.012670267784
1802,-2647.9614608818483
1803,-1730.1790396900049
1804,-4694.627147154622
1805,-1375.5683328816656
1806,-411.3575083554053
1807,-1121.9338260911534
1808,-3840.206427705727
1809,-766.5122658720098
1810,-376.45221466758966
1811,-447.36875017596105
1812,-7175.070414535126
1813,-1185.5097340905972
1814,-1644.4732701770588
1815,-671.3167488234529
1816,-848.9110274146723
1817,-6686.660810245274
1818,-878.3487803753833
1819,-172.97000215849434
1820,-619.5676182996561
1821,-308.5221281265396
1822,-114.3925706725717
1823,-877.2095300712839
1824,-630.398606240092
1825,-712.0010424175446
1826,-535.8464641585621
1827,-243.81969152076343
1828,-902.5417308351599
1829,-5292.095639109243
1830,-3208.4518266870728
1831,-7019.042382969608
1832,-549.4263158056425
1833,-438.3364357792104
1834,-71.12718015950156
1835,-2907.1915945126393
1836,-663.5210700054002
1837,-296.57838228549326
1838,-395.8668143722758
1839,-4901.6659786711325
1840,-199297.1771108314
1841,-856.2037118127988
1842,-636.6606449218923
1843,-476.3210860559368
1844,-1144.3156815195825
1845,-870.5199414611351
1846,-2534.1769322110863
1847,-1987.2341835095
1848,-2130.8842383150422
1849,-2355.993777830633
1850,-4744.4928344135415
1851,-1279.122533777232
1852,-889.9762060410887
1853,-1888.2391480204944
1854,-649.1686438610501
1855,-631.85207710445
1856,-505.92951098961953
1857,-3423.929701589154
1858,-304.2087672466663
1859,-713.4508438598112
1860,-684.7816747839963
1861,-2475.206157038805
1862,-3064.8232375985467
1863,-399.0437791560265
1864,-10136.863441505291
1865,-2945.0819892801037
1866,-1084.8350370577589
1867,-7458.657507814446
1868,-2398.7003179795693
1869,-16116.550695590116
1870,-550.0566021487823
1871,-1987.447996324209
1872,-3287.5041565756587
1873,-784.8952901315147
1874,-1093.8472154929004
1875,-1948.6311282847348
1876,-112.73494184344122
1877,-11096.511234811023
1878,-1498.6506332834078
1879,-250.94049413120004
1880,-263.5124833741034
1881,-19419.299179146867
1882,-360.6316853342287
1883,-461.7237420356556
1884,-451.8482852195183
1885,-893.8718390720993
1886,-1155.567505644568
1887,-545.9365950528503
1888,-12700.207921675403
1889,-34394.764940404624
1890,-12730.794554352793
1891,-5217.640522911261
1892,-2166.902329245077
1893,-2017.7930553903573
1894,-6925.2532243631185
1895,-746.9144023754848
1896,-2504.497952334619
1897,-548.7186540587703
1898,-476.27201387831116
1899,-2684.321664002251
1900,-196.570018578854
1901,-590.2950669409693
1902,-573.7170928300768
1903,-14095.01495896182
1904,-175.81970761649742
1905,-3199.60227967664
1906,-1156.5902040171495
1907,-1148.338347565758
1908,-211251.07814342531
1909,-122.85301755900484
1910,-1693.8290226907814
1911,-66440.34564830398
1912,-1987.5567796238558
1913,-5841.420715003604
1914,-719.0813676189954
1915,-1829.1113472959296
1916,-739.3373717233001
1917,-1794.0579766183466
1918,-3539.3193477175787
1919,-373.0548986647094
1920,-254.75092004858467
1921,-85.67729037578337
1922,-471.55939021536483
1923,-2185.2024554297445
1924,-1217.0597743553906
1925,-747.9119874702434
1926,-6026.115165086783
1927,-1496.6682524083415
1928,-996.7244968151165
1929,-503.0971495498157
1930,-969.216574394908
1931,-650.355487843431
1932,-1161.024937188132
1933,-1564.6298574540506
1934,-1998.707158615061
1935,-451.43232179179296
1936,-692.1234323162931
1937,-263.4251382466234
1938,-30716.460798779415
1939,-292.9821053962612
1940,-1057.7528025792697
1941,-2330.9317421480278
1942,-1515.8292284447562
1943,-1320.8829968842506
1944,-246.6616656800612
1945,-5293.49495014021
1946,-27239.477515260885
1947,-5064.401186516118
1948,-8660.835386078988
1949,-1444.3910150214956
1950,-207.19573082887746
1951,-1003.041426075466
1952,-953.2700184715056
1953,-844.2236451187271
1954,-3100.841668898145
1955,-2251.358253612901
1956,-986.7409775360286
1957,-348.79332345849855
1958,-607.874166453978
1959,-2869.1032526971635
1960,-678.0799112937345
1961,-1929.932931290402
1962,-829.7279453384327
1963,-10668.360326058497
1964,-4837.285075463206
1965,-216.49987355782918
1966,-765.0694839875869
1967,-250.69558477662602
1968,-232.79318510550496
1969,-526.3600488330324
1970,-4395.412623888224
1971,-2109.835162745004
1972,-2754.786601467555
1973,-6873.864251586983
1974,-3267.237954595973
1975,-1714.0408214239242
1976,-181134.73832188375
1977,-1152.0248735689688
1978,-429.34663382568476
1979,-794.7160583188797
1980,-11796.613246934405
1981,-906.1936858595312
1982,-10503.708459787324
1983,-579.1302071323593
1984,-954.9282249724613
1985,-325.572589637354
1986,-159.99746901738055
1987,-765.5709165789619
1988,-2386.880559929692
1989,-1286.3548223059322
1990,-755.5523510992076
1991,-5936.12199648604
1992,-2173.005540400517
1993,-1063.0782179607086
1994,-40351.65896644867
1995,-1843.1741002152676
1996,-3036.130696639477
1997,-364.44950711862396
1998,-128691.73040098269
1999,-4945.352250959912
