,value_per_image
0,0.7764705882352941
1,0.38235294117647056
2,0.7205882352941175
3,0.7790877374118135
4,0.6088235294117647
5,-0.2735294117647059
6,0.4617647058823529
7,-0.10294117647058824
8,0.28823529411764703
9,0.4668635401881756
10,0.6617647058823529
11,-0.7088235294117646
12,0.6058823529411764
13,-0.14705882352941174
14,0.032352941176470584
15,0.44117647058823534
16,0.6382352941176471
17,0.65
18,0.7882352941176469
19,0.3970588235294118
20,0.8647058823529412
21,0.2147058823529412
22,0.7117647058823531
23,0.2323529411764706
24,0.5647058823529412
25,0.5558823529411765
26,0.6943159247156547
27,-0.2794117647058824
28,0.4970588235294117
29,0.8470588235294119
30,0.5882352941176471
31,0.40294117647058825
32,0.5352941176470588
33,0.0823529411764706
34,0.6029411764705882
35,-0.5088235294117647
36,-0.4058823529411764
37,0.4294117647058823
38,-0.3617647058823529
39,0.5441176470588236
40,0.4823529411764706
41,0.7176470588235294
42,0.4529411764705882
43,0.7117647058823531
44,0.7852941176470588
45,0.5411764705882353
46,-0.14705882352941174
47,0.4617647058823529
48,0.6411764705882352
49,0.22941176470588234
50,0.2411764705882353
51,0.5911764705882353
52,0.34411764705882353
53,0.5588235294117647
54,-0.2147058823529412
55,0.3323529411764706
56,0.15882352941176472
57,0.4352941176470588
58,0.2411764705882353
59,0.4676470588235294
60,0.7970588235294117
61,0.052941176470588235
62,0.5794117647058823
63,0.2029411764705882
64,0.4558823529411765
65,0.4941176470588235
66,0.7383953195461823
67,0.06769685423610491
68,0.4941176470588235
69,0.2088235294117647
70,0.3882352941176471
71,0.7000000000000001
72,0.5352941176470588
73,0.4617647058823529
74,0.3294117647058824
75,0.7852941176470588
76,-0.06176470588235294
77,0.6176470588235293
78,0.3058823529411765
79,0.7852941176470588
80,0.11176470588235292
81,0.7000000000000001
82,0.5882352941176471
83,0.7647058823529411
84,0.85
85,-0.3382352941176471
86,0.2617647058823529
87,0.4382352941176471
88,0.48823529411764705
89,0.538235294117647
90,0.7088235294117646
91,0.7735294117647058
92,0.6235294117647059
93,0.4852941176470588
94,0.5852941176470587
95,0.2323529411764706
96,0.5264705882352941
97,-0.5794117647058823
98,0.09117647058823528
99,0.6
100,-0.05588235294117647
101,0.3852941176470588
102,0.8176470588235294
103,0.8588235294117647
104,0.5411764705882353
105,0.75
106,0.6823529411764706
107,0.12352941176470587
108,0.4088235294117647
109,-0.15
110,0.3588235294117647
111,0.7941176470588236
112,0.7647058823529411
113,0.5676470588235295
114,0.5735294117647058
115,0.6352941176470589
116,0.4558823529411765
117,0.8794117647058824
118,0.2411764705882353
119,-0.06470588235294117
120,0.8029411764705883
121,0.33529411764705885
122,0.3147058823529411
123,-0.3264705882352941
124,0.5411764705882353
125,0.8117647058823528
126,0.06176470588235294
127,0.6470588235294118
128,0.6794117647058824
129,-0.34411764705882353
130,0.4735294117647058
131,0.7647058823529411
132,0.4970588235294117
133,0.09411764705882353
134,0.7411764705882353
135,0.5
136,0.6970588235294117
137,0.31764705882352945
138,0.888235294117647
139,0.55
140,0.023529411764705882
141,0.8029411764705883
142,0.8176470588235294
143,0.1647058823529412
144,0.5558823529411765
145,0.6470588235294118
146,-0.07058823529411765
147,0.8205882352941177
148,0.2411764705882353
149,0.7608107629876163
150,0.5176470588235293
151,0.7558823529411764
152,0.28823529411764703
153,0.5470588235294118
154,0.4235294117647059
155,0.6294117647058822
156,0.6588235294117648
157,0.6617647058823529
158,0.25
159,0.2470588235294117
160,-0.8058823529411765
161,0.2323529411764706
162,0.16764705882352945
163,-0.4058823529411764
164,0.40294117647058825
165,-0.2264705882352941
166,0.8441176470588234
167,-0.2588235294117647
168,0.07352941176470587
169,0.0588235294117647
170,-0.2911764705882353
171,-0.0411764705882353
172,0.14705882352941174
173,0.7294117647058823
174,0.3470588235294117
175,0.6911764705882353
176,0.2617647058823529
177,0.3647058823529412
178,0.6735294117647058
179,0.5735294117647058
180,-0.044117647058823525
181,0.14411764705882352
182,0.38235294117647056
183,0.6647058823529411
184,0.7588235294117647
185,0.5852941176470587
186,0.10294117647058824
187,0.538235294117647
188,0.9
189,0.29411764705882354
190,-0.14705882352941174
191,0.6617647058823529
192,0.4764705882352941
193,0.29411764705882354
194,0.8588235294117647
195,0.7970588235294117
196,0.7588235294117647
197,0.3588235294117647
198,-0.05
199,0.1
200,0.7588235294117647
201,-0.2588235294117647
202,0.5735294117647058
203,0.7323529411764707
204,0.2058823529411765
205,0.5
206,0.4058823529411764
207,0.8647058823529412
208,0.538235294117647
209,0.7235294117647059
210,-0.11470588235294114
211,0.6147058823529412
212,0.3382352941176471
213,0.6647058823529411
214,0.8529411764705882
215,0.34411764705882353
216,0.3647058823529412
217,0.7617647058823529
218,0.8264705882352942
219,0.5205882352941177
220,0.23823529411764705
221,0.6294117647058822
222,0.2
223,0.3382352941176471
224,0.07058823529411765
225,0.2911764705882353
226,0.023529411764705882
227,0.4088235294117647
228,0.4735294117647058
229,0.7235294117647059
230,-0.0823529411764706
231,0.07941176470588236
232,0.611764705882353
233,0.55
234,0.6323529411764706
235,0.5823529411764706
236,0.4294117647058823
237,0.2617647058823529
238,0.8176470588235294
239,-0.032352941176470584
240,-0.19411764705882356
241,-0.3264705882352941
242,0.2676470588235294
243,-0.2323529411764706
244,0.05
245,0.8558823529411764
246,-0.3058823529411765
247,0.6264705882352941
248,-0.16789414379006945
249,0.4382352941176471
250,-0.15
251,0.7529411764705882
252,0.5147058823529412
253,0.3558823529411765
254,0.7441176470588236
255,0.8411764705882352
256,0.5735294117647058
257,0.5235294117647059
258,0.44117647058823534
259,0.035294117647058816
260,-0.17941176470588235
261,0.3235294117647059
262,0.12058823529411765
263,0.85
264,0.4764705882352941
265,0.5058823529411764
266,0.4264705882352941
267,0.75
268,-0.11176470588235292
269,-0.14411764705882352
270,0.2676470588235294
271,-0.3794117647058824
272,0.15
273,0.7941176470588236
274,0.07647058823529412
275,0.2823529411764706
276,0.014705882352941175
277,-0.12058823529411765
278,0.13823529411764704
279,0.06470588235294117
280,0.4294117647058823
281,-0.6323529411764706
282,0.6764705882352942
283,0.9029411764705882
284,0.33529411764705885
285,0.6
286,0.6382352941176471
287,0.0029411764705882357
288,0.3470588235294117
289,0.18235294117647055
290,0.411764705882353
291,0.7794117647058825
292,0.6205882352941177
293,-0.17352941176470588
294,0.3529411764705882
295,0.0411764705882353
296,0.40294117647058825
297,0.2411764705882353
298,0.8852941176470588
299,0.7147058823529412
300,0.5459898461216288
301,0.2794117647058824
302,0.3117647058823529
303,0.6382352941176471
304,0.21764705882352944
305,0.8735294117647058
306,0.6147058823529412
307,0.6147058823529412
308,0.2488957043905416
309,0.8058823529411765
310,0.5323529411764706
311,0.6852941176470588
312,0.4382352941176471
313,0.0411764705882353
314,0.23823529411764705
315,0.6441176470588235
316,0.3294117647058824
317,0.6058823529411764
318,0.4647058823529412
319,0.5911764705882353
320,0.6970588235294117
321,0.1764705882352941
322,0.25
323,0.5264705882352941
324,-0.10588235294117647
325,0.8529411764705882
326,0.6529411764705881
327,0.1647058823529412
328,0.6588235294117648
329,-0.07941176470588236
330,0.3911764705882353
331,0.2852941176470589
332,0.8970588235294116
333,0.032352941176470584
334,0.21764705882352944
335,0.6558823529411765
336,0.25588235294117645
337,0.8529411764705882
338,0.6
339,0.1411764705882353
340,0.1352941176470588
341,0.2911764705882353
342,0.3705882352941177
343,0.21176470588235294
344,0.48823529411764705
345,0.19411764705882356
346,0.7147058823529412
347,0.5470588235294118
348,0.5823529411764706
349,0.4205882352941176
350,0.3852941176470588
351,-0.5356881509117868
352,-0.18529411764705886
353,-0.17941176470588235
354,0.34411764705882353
355,-0.4176470588235294
356,-0.4352941176470588
357,0.6823529411764706
358,0.6882352941176471
359,0.6823529411764706
360,0.18235294117647055
361,0.1411764705882353
362,0.3911764705882353
363,-0.5029411764705883
364,0.5323529411764706
365,0.05003680530494712
366,0.22058823529411767
367,0.3852941176470588
368,0.3911764705882353
369,0.3941176470588235
370,0.21764705882352944
371,0.6852941176470588
372,-0.2764705882352941
373,0.5705882352941177
374,0.2823529411764706
375,0.4264705882352941
376,-0.2441176470588235
377,0.7088235294117646
378,0.6382352941176471
379,-0.0588235294117647
380,0.2617647058823529
381,0.2
382,0.2029411764705882
383,0.4647058823529412
384,0.7235294117647059
385,0.7676470588235293
386,0.09117647058823528
387,0.017647058823529408
388,-0.2735294117647059
389,0.2323529411764706
390,-0.08823529411764705
391,0.611764705882353
392,-0.026470588235294117
393,0.7852941176470588
394,0.7181753232004174
395,0.34411764705882353
396,0.7470588235294118
397,0.3911764705882353
398,0.5970588235294118
399,0.5147058823529412
400,0.6033850051478917
401,0.5735294117647058
402,0.05588235294117647
403,0.3647058823529412
404,0.2323529411764706
405,-0.2088235294117647
406,0.21764705882352944
407,0.9323529411764706
408,-0.005882352941176471
409,-0.06470588235294117
410,0.8176470588235294
411,0.07352941176470587
412,0.7235294117647059
413,-0.6294117647058822
414,0.03823529411764706
415,0.4382352941176471
416,0.7088235294117646
417,0.3617647058823529
418,0.2441176470588235
419,0.6588235294117648
420,0.9264705882352942
421,0.65
422,0.2529411764705882
423,0.6441176470588235
424,0.4058823529411764
425,0.6411764705882352
426,0.9323529411764706
427,0.7529411764705882
428,0.34411764705882353
429,0.55
430,0.12941176470588234
431,0.44117647058823534
432,0.3647058823529412
433,0.7529411764705882
434,0.7382352941176471
435,0.6176470588235293
436,0.3882352941176471
437,0.8735294117647058
438,0.6205882352941177
439,0.33529411764705885
440,0.4735294117647058
441,0.6794117647058824
442,0.38235294117647056
443,0.8823529411764707
444,0.6676470588235294
445,0.6088235294117647
446,0.8470588235294119
447,0.5235294117647059
448,0.4264705882352941
449,0.5
450,0.5029411764705883
451,0.1
452,0.6294117647058822
453,-0.5205882352941177
454,-0.16764705882352945
455,0.4
456,0.7058823529411764
457,0.7705882352941176
458,0.14411764705882352
459,0.18529411764705886
460,0.3058823529411765
461,0.5705882352941177
462,0.7588235294117647
463,-0.5529411764705882
464,0.7617647058823529
465,0.7205882352941175
466,0.6176470588235293
467,0.6323529411764706
468,0.75
469,0.8176470588235294
470,0.29705882352941176
471,0.6647058823529411
472,0.5411764705882353
473,0.6294117647058822
474,-0.22941176470588234
475,0.07352941176470587
476,0.44117647058823534
477,0.7029411764705883
478,0.10588235294117647
479,0.6088235294117647
480,0.4
481,0.7529411764705882
482,0.8382352941176471
483,0.4823529411764706
484,0.9470588235294116
485,0.7764705882352941
486,0.7882352941176469
487,0.10882352941176472
488,0.6794117647058824
489,0.4911764705882353
490,0.1323529411764706
491,0.65
492,0.5441176470588236
493,-0.5529411764705882
494,0.5323529411764706
495,-0.3029411764705882
496,0.2588235294117647
497,0.4588235294117647
498,0.15588235294117647
499,0.3382352941176471
500,-0.4147058823529412
501,0.2323529411764706
502,0.7323529411764707
503,0.1411764705882353
504,0.5941176470588235
505,0.8088235294117646
506,0.48823529411764705
507,0.5911764705882353
508,0.6441176470588235
509,0.3058823529411765
510,0.65
511,0.48823529411764705
512,0.6294117647058822
513,0.3294117647058824
514,0.3470588235294117
515,0.33529411764705885
516,0.7999999999999999
517,0.823529411764706
518,0.25588235294117645
519,-0.10294117647058824
520,0.7970588235294117
521,0.4176470588235294
522,0.05
523,0.5676470588235295
524,0.3294117647058824
525,0.4911764705882353
526,0.28823529411764703
527,0.9352941176470588
528,0.3882352941176471
529,0.2
530,0.07941176470588236
531,0.6470588235294118
532,0.7941176470588236
533,0.1352941176470588
534,0.8382352941176471
535,0.6617647058823529
536,0.7352941176470589
537,0.7235294117647059
538,0.6970588235294117
539,0.6647058823529411
540,0.6882352941176471
541,0.31764705882352945
542,0.6794117647058824
543,0.6911764705882353
544,0.5676470588235295
545,0.5470588235294118
546,-0.035294117647058816
547,0.6441176470588235
548,0.9029411764705882
549,0.5441176470588236
550,0.09117647058823528
551,-0.3411764705882353
552,0.7529411764705882
553,-0.30882352941176466
554,0.4970588235294117
555,0.6558823529411765
556,0.7764705882352941
557,0.2029411764705882
558,0.3588235294117647
559,0.40294117647058825
560,0.75
561,-0.06176470588235294
562,0.4088235294117647
563,0.7999999999999999
564,0.5764705882352941
565,0.6941176470588235
566,0.6411764705882352
567,0.4676470588235294
568,0.6911764705882353
569,-0.0029411764705882357
570,0.3617647058823529
571,0.8176470588235294
572,0.4176470588235294
573,0.4205882352941176
574,0.8794117647058824
575,0.23823529411764705
576,-0.12941176470588234
577,0.6961002620364701
578,0.5588235294117647
579,0.5588235294117647
580,0.5058823529411764
581,0.6882352941176471
582,-0.008823529411764706
583,0.07647058823529412
584,0.7147058823529412
585,0.6147058823529412
586,0.7176470588235294
587,0.17058823529411765
588,0.6382352941176471
589,-0.2588235294117647
590,0.5235294117647059
591,0.6764705882352942
592,0.3647058823529412
593,0.18823529411764706
594,0.5529411764705882
595,0.03823529411764706
596,0.5647058823529412
597,0.0411764705882353
598,0.2794117647058824
599,-0.09705882352941177
600,-0.2411764705882353
601,0.2764705882352941
602,-0.4088235294117647
603,-0.032352941176470584
604,0.5676470588235295
605,-0.07647058823529412
606,0.17352941176470588
607,0.29705882352941176
608,0.4588235294117647
609,0.7411764705882353
610,0.8941176470588235
611,0.047058823529411764
612,-0.07647058823529412
613,0.29411764705882354
614,0.05298014679347341
615,0.1
616,0.6617647058823529
617,0.09411764705882353
618,0.9088235294117648
619,0.611764705882353
620,0.6058823529411764
621,0.7264705882352941
622,0.5823529411764706
623,0.4959530408166817
624,0.2794117647058824
625,0.8735294117647058
626,-0.07941176470588236
627,0.7735294117647058
628,0.3705882352941177
629,0.7941176470588236
630,0.4823529411764706
631,0.3235294117647059
632,0.8176470588235294
633,0.7941176470588236
634,0.6
635,0.3323529411764706
636,0.5735294117647058
637,-0.008823529411764706
638,0.4441176470588235
639,-0.7264705882352941
640,0.7147058823529412
641,0.29705882352941176
642,0.7088235294117646
643,0.44117647058823534
644,-0.0029411764705882357
645,-0.2735294117647059
646,0.7882352941176469
647,-0.19411764705882356
648,0.5352941176470588
649,0.3
650,0.6088235294117647
651,0.06764705882352941
652,0.7794117647058825
653,0.31764705882352945
654,0.5176470588235293
655,0.7852941176470588
656,0.3764705882352941
657,0.7676470588235293
658,0.3529411764705882
659,0.18823529411764706
660,0.2264705882352941
661,0.7911764705882354
662,0.4147058823529412
663,0.026470588235294117
664,0.22352941176470587
665,0.0823529411764706
666,-0.008823529411764706
667,0.3147058823529411
668,0.10882352941176472
669,0.4764705882352941
670,0.2735294117647059
671,0.6
672,0.4294117647058823
673,0.8382352941176471
674,0.8411764705882352
675,-0.15294117647058825
676,0.5617647058823529
677,0.5411764705882353
678,-0.2676470588235294
679,0.7558823529411764
680,-0.6205882352941177
681,0.30882352941176466
682,0.6852941176470588
683,0.008823529411764706
684,0.7000000000000001
685,0.6617647058823529
686,0.5617647058823529
687,0.3117647058823529
688,0.4794117647058824
689,0.5176470588235293
690,0.011764705882352941
691,0.6558823529411765
692,0.7000000000000001
693,0.6647058823529411
694,0.23823529411764705
695,0.5401031631445763
696,0.9205882352941176
697,0.6323529411764706
698,0.5617647058823529
699,0.7411764705882353
700,-0.31764705882352945
701,0.2323529411764706
702,0.7588235294117647
703,0.7176470588235294
704,0.7176470588235294
705,0.27058823529411763
706,0.7411764705882353
707,0.4794117647058824
708,0.3294117647058824
709,0.2411764705882353
710,0.23823529411764705
711,0.1764705882352941
712,0.6705882352941177
713,0.15588235294117647
714,-0.2823529411764706
715,0.7205882352941175
716,0.4088235294117647
717,0.29411764705882354
718,-0.14411764705882352
719,-0.16764705882352945
720,0.3705882352941177
721,0.7617647058823529
722,0.12352941176470587
723,-0.08823529411764705
724,0.5058823529411764
725,0.5294117647058824
726,0.5764705882352941
727,0.5294117647058824
728,0.31764705882352945
729,0.05
730,0.40294117647058825
731,0.7702512035281256
732,0.22941176470588234
733,0.3970588235294118
734,0.6058823529411764
735,0.5205882352941177
736,-0.4147058823529412
737,0.5852941176470587
738,0.5205882352941177
739,0.08529411764705883
740,-0.15882352941176472
741,0.3323529411764706
742,0.8058823529411765
743,-0.3911764705882353
744,0.3852941176470588
745,0.032352941176470584
746,0.6176470588235293
747,0.5294117647058824
748,0.3735294117647059
749,-0.6588235294117648
750,0.7088235294117646
751,-0.25
752,-0.09411764705882353
753,0.5882352941176471
754,0.2088235294117647
755,0.7852941176470588
756,0.6764705882352942
757,0.3529411764705882
758,0.2764705882352941
759,0.5911764705882353
760,0.611764705882353
761,0.6676470588235294
762,0.12352941176470587
763,0.3470588235294117
764,0.5253864557019448
765,0.3382352941176471
766,0.3529411764705882
767,0.2323529411764706
768,0.85
769,0.6617647058823529
770,0.3529411764705882
771,0.2735294117647059
772,0.6235294117647059
773,0.7676470588235293
774,0.6882352941176471
775,0.3058823529411765
776,0.5411764705882353
777,0.44117647058823534
778,0.5588235294117647
779,-0.29411764705882354
780,0.6294117647058822
781,-0.044117647058823525
782,0.7294117647058823
783,-0.05588235294117647
784,0.6705882352941177
785,0.052941176470588235
786,0.2029411764705882
787,0.5882352941176471
788,0.22352941176470587
789,0.888235294117647
790,0.8441176470588234
791,-0.4205882352941176
792,0.011764705882352941
793,0.611764705882353
794,0.3529411764705882
795,0.19411764705882356
796,0.4323529411764706
797,0.6147058823529412
798,0.3882352941176471
799,0.3588235294117647
800,0.10882352941176472
801,0.3205882352941176
802,0.40294117647058825
803,0.823529411764706
804,0.17352941176470588
805,0.4617647058823529
806,0.18823529411764706
807,0.6823529411764706
808,0.5735294117647058
809,0.6970588235294117
810,0.3794117647058824
811,0.8735294117647058
812,0.09117647058823528
813,0.31764705882352945
814,0.6823529411764706
815,0.18235294117647055
816,-0.12941176470588234
817,0.3558823529411765
818,0.17058823529411765
819,0.19411764705882356
820,0.0588235294117647
821,0.4058823529411764
822,0.16176470588235295
823,0.6705882352941177
824,0.4823529411764706
825,0.411764705882353
826,0.19705882352941176
827,0.1323529411764706
828,0.2
829,0.4323529411764706
830,0.15
831,0.3705882352941177
832,0.4294117647058823
833,0.5235294117647059
834,0.21764705882352944
835,0.25
836,0.5882352941176471
837,0.026470588235294117
838,0.8705882352941177
839,0.5470588235294118
840,0.14705882352941174
841,0.9323529411764706
842,0.7000000000000001
843,0.6588235294117648
844,0.5558823529411765
845,0.3147058823529411
846,0.4852941176470588
847,0.2147058823529412
848,0.09117647058823528
849,0.15294117647058825
850,0.17941176470588235
851,0.6441176470588235
852,-0.023529411764705882
853,0.4147058823529412
854,0.4794117647058824
855,0.5617647058823529
856,0.12941176470588234
857,-0.2823529411764706
858,0.5088235294117647
859,0.0029411764705882357
860,-0.3705882352941177
861,0.6029411764705882
862,0.5088235294117647
863,0.5911764705882353
864,-0.4235294117647059
865,-0.4981589181768655
866,0.14705882352941174
867,0.2735294117647059
868,-0.011764705882352941
869,0.8205882352941177
870,0.3
871,0.6529411764705881
872,0.8323529411764706
873,0.4058823529411764
874,0.19411764705882356
875,0.3970588235294118
876,0.15
877,0.2617647058823529
878,0.6441176470588235
879,-0.25
880,0.5794117647058823
881,0.5205882352941177
882,0.38235294117647056
883,-0.017647058823529408
884,0.9088235294117648
885,0.4441176470588235
886,0.6794117647058824
887,0.65
888,0.5941176470588235
889,0.03823529411764706
890,0.17058823529411765
891,0.4323529411764706
892,0.17352941176470588
893,0.3058823529411765
894,-0.15294117647058825
895,0.7088235294117646
896,-0.5029411764705883
897,0.3
898,-0.7088235294117646
899,0.4676470588235294
900,0.07058823529411765
901,0.6852941176470588
902,0.2470588235294117
903,0.7617647058823529
904,0.4088235294117647
905,0.6235294117647059
906,0.29411764705882354
907,-0.017647058823529408
908,0.7117647058823531
909,-0.2
910,-0.3529411764705882
911,0.2647058823529412
912,0.25588235294117645
913,0.5764705882352941
914,0.3794117647058824
915,0.5882352941176471
916,0.7323529411764707
917,0.13823529411764704
918,0.5911764705882353
919,0.4294117647058823
920,0.6647058823529411
921,0.5176470588235293
922,0.911764705882353
923,0.3529411764705882
924,0.19117647058823528
925,0.6264705882352941
926,-0.06470588235294117
927,-0.09117647058823528
928,0.5058823529411764
929,0.15882352941176472
930,0.19117647058823528
931,0.1
932,0.5823529411764706
933,0.5058823529411764
934,0.48823529411764705
935,0.5058823529411764
936,0.6235294117647059
937,0.7205882352941175
938,0.3735294117647059
939,0.7941176470588236
940,0.3235294117647059
941,-0.7382352941176471
942,0.7529411764705882
943,0.7441176470588236
944,-0.35000000000000003
945,0.6676470588235294
946,0.6029411764705882
947,0.611764705882353
948,0.5117647058823529
949,0.6352941176470589
950,-0.3294117647058824
951,0.4558823529411765
952,0.2470588235294117
953,0.6911764705882353
954,0.6176470588235293
955,0.7352941176470589
956,0.6970588235294117
957,0.02058823529411765
958,0.6558823529411765
959,-0.22352941176470587
960,0.55
961,-0.2352941176470588
962,0.7470588235294118
963,-0.2264705882352941
964,0.6235294117647059
965,0.06176470588235294
966,-0.538235294117647
967,0.0588235294117647
968,-0.11176470588235292
969,0.026470588235294117
970,-0.15588235294117647
971,0.1411764705882353
972,0.5705882352941177
973,0.2411764705882353
974,0.16764705882352945
975,0.823529411764706
976,0.05
977,0.22352941176470587
978,0.2588235294117647
979,0.10882352941176472
980,-0.0588235294117647
981,-0.08529411764705883
982,0.02058823529411765
983,0.3147058823529411
984,0.5735294117647058
985,0.4676470588235294
986,0.6294117647058822
987,0.28823529411764703
988,0.7176470588235294
989,-0.10882352941176472
990,0.45
991,0.2352941176470588
992,0.6176470588235293
993,-0.06470588235294117
994,0.5411764705882353
995,0.4470588235294117
996,0.5764705882352941
997,0.6323529411764706
998,0.7235294117647059
999,0.34411764705882353
1000,0.3205882352941176
1001,0.3382352941176471
1002,0.2
1003,-0.13823529411764704
1004,-0.07058823529411765
1005,0.1323529411764706
1006,-0.10294117647058824
1007,0.6852941176470588
1008,0.7794117647058825
1009,0.14411764705882352
1010,-0.014705882352941175
1011,0.4794117647058824
1012,-0.0029411764705882357
1013,0.5411764705882353
1014,0.55
1015,0.27058823529411763
1016,0.30882352941176466
1017,0.3029411764705882
1018,0.3
1019,0.7882352941176469
1020,0.3
1021,0.2352941176470588
1022,0.5558823529411765
1023,0.7441176470588236
1024,0.6176470588235293
1025,0.19705882352941176
1026,0.4058823529411764
1027,0.1323529411764706
1028,0.7147058823529412
1029,0.15588235294117647
1030,0.5352941176470588
1031,0.19867555047552526
1032,-0.12941176470588234
1033,0.7323529411764707
1034,0.6235294117647059
1035,0.7882352941176469
1036,0.6235294117647059
1037,-0.052941176470588235
1038,-0.2588235294117647
1039,0.3294117647058824
1040,0.4382352941176471
1041,0.6941176470588235
1042,0.6735294117647058
1043,0.1323529411764706
1044,0.011764705882352941
1045,0.4911764705882353
1046,-0.4441176470588235
1047,0.6470588235294118
1048,0.7911764705882354
1049,0.032352941176470584
1050,0.5735294117647058
1051,0.6147058823529412
1052,0.35000000000000003
1053,0.7667404577611014
1054,0.75
1055,0.7529411764705882
1056,-0.30882352941176466
1057,0.19705882352941176
1058,0.0588235294117647
1059,0.07352941176470587
1060,0.3411764705882353
1061,0.8205882352941177
1062,-0.1411764705882353
1063,0.2588235294117647
1064,0.4941176470588235
1065,0.06470588235294117
1066,0.6588235294117648
1067,0.8029411764705883
1068,0.5441176470588236
1069,-0.0029411764705882357
1070,0.5058823529411764
1071,0.2411764705882353
1072,0.6441176470588235
1073,0.1264705882352941
1074,0.4294117647058823
1075,0.8823529411764707
1076,0.85
1077,0.1264705882352941
1078,0.7411764705882353
1079,0.5176470588235293
1080,-0.2323529411764706
1081,0.6411764705882352
1082,0.2411764705882353
1083,0.6735294117647058
1084,0.4176470588235294
1085,0.6794117647058824
1086,0.09124358614431533
1087,0.5676470588235295
1088,0.6352941176470589
1089,0.02941176470588235
1090,0.22941176470588234
1091,0.5617647058823529
1092,0.45
1093,0.7264705882352941
1094,0.6617647058823529
1095,0.4
1096,0.4676470588235294
1097,-0.18529411764705886
1098,-0.2264705882352941
1099,0.3382352941176471
1100,0.05
1101,-0.014705882352941175
1102,0.7411764705882353
1103,0.05
1104,0.5088235294117647
1105,0.7294117647058823
1106,0.07941176470588236
1107,0.45
1108,0.4294117647058823
1109,0.6529411764705881
1110,0.411764705882353
1111,0.611764705882353
1112,0.1
1113,-0.22352941176470587
1114,0.5058823529411764
1115,0.7088235294117646
1116,0.1647058823529412
1117,0.5676470588235295
1118,0.6352941176470589
1119,0.5235294117647059
1120,0.4647058823529412
1121,0.3470588235294117
1122,0.8911764705882352
1123,0.6823529411764706
1124,0.30882352941176466
1125,-0.11176470588235292
1126,0.2264705882352941
1127,0.6970588235294117
1128,0.7088235294117646
1129,0.16176470588235295
1130,0.8264705882352942
1131,0.4470588235294117
1132,0.2823529411764706
1133,-0.1411764705882353
1134,0.8029411764705883
1135,0.15882352941176472
1136,-0.005882352941176471
1137,0.02941176470588235
1138,0.08529411764705883
1139,0.4705882352941176
1140,0.22352941176470587
1141,0.2352941176470588
1142,0.5088235294117647
1143,-0.4617647058823529
1144,0.5676470588235295
1145,0.2029411764705882
1146,0.3382352941176471
1147,0.2264705882352941
1148,-0.3264705882352941
1149,0.7176470588235294
1150,0.6764705882352942
1151,0.4529411764705882
1152,0.75
1153,0.6647058823529411
1154,0.0823529411764706
1155,0.7911764705882354
1156,0.4852941176470588
1157,0.40294117647058825
1158,-0.12058823529411765
1159,0.0588235294117647
1160,0.6352941176470589
1161,0.3323529411764706
1162,0.4705882352941176
1163,0.052941176470588235
1164,0.6735294117647058
1165,0.7000000000000001
1166,0.4823529411764706
1167,-0.2529411764705882
1168,0.7176470588235294
1169,0.22352941176470587
1170,0.6
1171,0.15588235294117647
1172,-0.2529411764705882
1173,-0.06764705882352941
1174,0.823529411764706
1175,0.7529411764705882
1176,0.5294117647058824
1177,0.3147058823529411
1178,0.02058823529411765
1179,0.5676470588235295
1180,0.8147058823529412
1181,0.7176470588235294
1182,0.12058823529411765
1183,0.7882352941176469
1184,0.7029411764705883
1185,0.5794117647058823
1186,0.7147058823529412
1187,0.10294117647058824
1188,-0.14411764705882352
1189,-0.4264705882352941
1190,0.5705882352941177
1191,0.8970588235294116
1192,0.5647058823529412
1193,0.3735294117647059
1194,0.7882352941176469
1195,0.6764705882352942
1196,0.45
1197,-0.3764705882352941
1198,0.8205882352941177
1199,0.7617647058823529
1200,0.5235294117647059
1201,0.28823529411764703
1202,0.7352941176470589
1203,0.5411764705882353
1204,0.5264705882352941
1205,-0.17352941176470588
1206,0.8264705882352942
1207,0.6088235294117647
1208,0.2617647058823529
1209,0.2323529411764706
1210,-0.4235294117647059
1211,0.3911764705882353
1212,-0.3705882352941177
1213,0.6558823529411765
1214,0.5970588235294118
1215,0.7647058823529411
1216,0.25
1217,-0.5470588235294118
1218,0.8029411764705883
1219,0.06470588235294117
1220,0.052941176470588235
1221,0.7470588235294118
1222,0.7382352941176471
1223,0.026470588235294117
1224,0.4852941176470588
1225,0.823529411764706
1226,0.9264705882352942
1227,0.5088235294117647
1228,0.2647058823529412
1229,0.13823529411764704
1230,0.3382352941176471
1231,0.07058823529411765
1232,0.3205882352941176
1233,0.5823529411764706
1234,0.9058823529411764
1235,-0.005882352941176471
1236,0.8029411764705883
1237,0.7000000000000001
1238,0.3411764705882353
1239,0.3294117647058824
1240,-0.15588235294117647
1241,-0.2029411764705882
1242,0.8294117647058824
1243,0.8588235294117647
1244,0.5352941176470588
1245,0.6735294117647058
1246,0.6882352941176471
1247,0.7647058823529411
1248,0.5470588235294118
1249,0.8264705882352942
1250,0.3264705882352941
1251,-0.4852941176470588
1252,0.3941176470588235
1253,0.7205882352941175
1254,-0.1411764705882353
1255,0.7970588235294117
1256,0.7764705882352941
1257,-0.2588235294117647
1258,0.06764705882352941
1259,0.3323529411764706
1260,0.5735294117647058
1261,0.4470588235294117
1262,-0.2852941176470589
1263,0.07058823529411765
1264,0.8294117647058824
1265,0.6647058823529411
1266,0.5970588235294118
1267,0.7323529411764707
1268,0.6147058823529412
1269,0.03823529411764706
1270,0.4852941176470588
1271,0.7147058823529412
1272,0.4558823529411765
1273,0.18235294117647055
1274,0.5029411764705883
1275,0.27058823529411763
1276,0.5764705882352941
1277,0.4676470588235294
1278,0.440029552534682
1279,-0.1352941176470588
1280,0.30882352941176466
1281,0.4470588235294117
1282,-0.0588235294117647
1283,0.12352941176470587
1284,0.2617647058823529
1285,0.2
1286,0.6794117647058824
1287,0.15588235294117647
1288,0.3205882352941176
1289,0.34411764705882353
1290,0.35000000000000003
1291,0.2588235294117647
1292,0.4647058823529412
1293,0.2852941176470589
1294,0.7558823529411764
1295,0.7205882352941175
1296,-0.044117647058823525
1297,0.5647058823529412
1298,0.3588235294117647
1299,0.2588235294117647
1300,0.3058823529411765
1301,0.2147058823529412
1302,0.0588235294117647
1303,0.2823529411764706
1304,0.2264705882352941
1305,0.13823529411764704
1306,0.5264705882352941
1307,0.1323529411764706
1308,0.7441176470588236
1309,0.3970588235294118
1310,-0.035294117647058816
1311,0.3794117647058824
1312,0.7411764705882353
1313,-0.09705882352941177
1314,-0.4352941176470588
1315,0.25588235294117645
1316,0.6147058823529412
1317,0.2352941176470588
1318,0.48823529411764705
1319,0.2470588235294117
1320,0.6529411764705881
1321,0.7441176470588236
1322,0.09705882352941177
1323,0.36764705882352944
1324,0.4529411764705882
1325,0.08529411764705883
1326,-0.0588235294117647
1327,0.05588235294117647
1328,0.5235294117647059
1329,0.5970588235294118
1330,0.17058823529411765
1331,0.19117647058823528
1332,0.09117647058823528
1333,0.6411764705882352
1334,0.6529411764705881
1335,-0.3705882352941177
1336,0.7264705882352941
1337,-0.4294117647058823
1338,0.10588235294117647
1339,-0.2794117647058824
1340,0.5411764705882353
1341,-0.25
1342,0.5088235294117647
1343,0.36764705882352944
1344,0.31764705882352945
1345,0.411764705882353
1346,0.27058823529411763
1347,0.5323529411764706
1348,0.4294117647058823
1349,0.4705882352941176
1350,0.5617647058823529
1351,0.6823529411764706
1352,0.28823529411764703
1353,0.85
1354,0.27058823529411763
1355,0.5852941176470587
1356,0.6352941176470589
1357,0.16176470588235295
1358,0.7529411764705882
1359,0.2058823529411765
1360,0.3794117647058824
1361,0.3558823529411765
1362,-0.29705882352941176
1363,-0.0029411764705882357
1364,-0.16176470588235295
1365,-0.23823529411764705
1366,0.15882352941176472
1367,0.2764705882352941
1368,-0.2470588235294117
1369,-0.25
1370,0.34411764705882353
1371,-0.44117647058823534
1372,0.2735294117647059
1373,-0.5529411764705882
1374,0.7235294117647059
1375,0.7470588235294118
1376,0.2588235294117647
1377,0.2058823529411765
1378,0.22352941176470587
1379,0.6147058823529412
1380,0.6411764705882352
1381,0.6529411764705881
1382,0.538235294117647
1383,0.4735294117647058
1384,0.2794117647058824
1385,0.6029411764705882
1386,0.6588235294117648
1387,0.13823529411764704
1388,0.047058823529411764
1389,-0.11176470588235292
1390,0.6529411764705881
1391,-0.09411764705882353
1392,0.2676470588235294
1393,0.4941176470588235
1394,0.2323529411764706
1395,0.6382352941176471
1396,0.7441176470588236
1397,0.17058823529411765
1398,0.8617647058823529
1399,0.65
1400,0.7676470588235293
1401,0.3235294117647059
1402,0.44117647058823534
1403,0.7147058823529412
1404,0.008823529411764706
1405,0.22058823529411767
1406,0.5794117647058823
1407,0.45
1408,0.8852941176470588
1409,0.6676470588235294
1410,-0.28823529411764703
1411,0.3117647058823529
1412,0.2647058823529412
1413,0.2823529411764706
1414,0.3382352941176471
1415,0.1352941176470588
1416,0.6764705882352942
1417,0.7764705882352941
1418,0.6941176470588235
1419,-0.2676470588235294
1420,-0.07352941176470587
1421,0.11176470588235292
1422,-0.4588235294117647
1423,-0.011764705882352941
1424,0.10882352941176472
1425,0.8058823529411765
1426,-0.4588235294117647
1427,0.44117647058823534
1428,0.5823529411764706
1429,0.07647058823529412
1430,0.7794117647058825
1431,0.5235294117647059
1432,-0.12941176470588234
1433,0.4470588235294117
1434,0.411764705882353
1435,-0.09411764705882353
1436,0.18823529411764706
1437,0.3941176470588235
1438,0.5911764705882353
1439,0.5352941176470588
1440,-0.34411764705882353
1441,0.4441176470588235
1442,0.5088235294117647
1443,0.2588235294117647
1444,0.6558823529411765
1445,0.29705882352941176
1446,0.4205882352941176
1447,0.538235294117647
1448,0.7882352941176469
1449,0.8735294117647058
1450,0.7264705882352941
1451,0.1352941176470588
1452,0.2529411764705882
1453,0.2352941176470588
1454,0.5941176470588235
1455,0.7117647058823531
1456,0.6205882352941177
1457,0.8029411764705883
1458,0.3735294117647059
1459,0.05588235294117647
1460,-0.11176470588235292
1461,-0.051508476049210265
1462,0.6647058823529411
1463,0.3647058823529412
1464,0.2823529411764706
1465,0.4735294117647058
1466,0.5294117647058824
1467,0.5294117647058824
1468,0.5352941176470588
1469,0.4941176470588235
1470,0.5117647058823529
1471,-0.7411764705882353
1472,-0.047058823529411764
1473,0.9
1474,0.6294117647058822
1475,0.6235294117647059
1476,0.25
1477,0.05
1478,0.3117647058823529
1479,0.6823529411764706
1480,0.611764705882353
1481,-0.0029411764705882357
1482,0.6705882352941177
1483,-0.4176470588235294
1484,0.8588235294117647
1485,0.5470588235294118
1486,0.6558823529411765
1487,0.27058823529411763
1488,-0.12058823529411765
1489,0.4441176470588235
1490,0.5852941176470587
1491,0.23823529411764705
1492,0.5
1493,0.8205882352941177
1494,0.7941176470588236
1495,0.7147058823529412
1496,0.36764705882352944
1497,0.3735294117647059
1498,0.5735294117647058
1499,0.035294117647058816
1500,-0.17352941176470588
1501,-0.2852941176470589
1502,0.3058823529411765
1503,0.07647058823529412
1504,0.047058823529411764
1505,-0.5323529411764706
1506,0.5735294117647058
1507,0.3147058823529411
1508,0.65
1509,-0.1264705882352941
1510,0.2676470588235294
1511,0.6705882352941177
1512,0.4852941176470588
1513,0.45
1514,0.09117647058823528
1515,0.07058823529411765
1516,0.7970588235294117
1517,-0.02058823529411765
1518,-0.12656368400663096
1519,0.4911764705882353
1520,0.7147058823529412
1521,0.08529411764705883
1522,0.5147058823529412
1523,0.6794117647058824
1524,0.6176470588235293
1525,-0.06470588235294117
1526,0.8764705882352942
1527,0.45
1528,0.44117647058823534
1529,0.6529411764705881
1530,0.34411764705882353
1531,-0.10294117647058824
1532,0.5205882352941177
1533,0.5352941176470588
1534,0.3941176470588235
1535,0.6088235294117647
1536,0.3911764705882353
1537,0.2794117647058824
1538,0.6558823529411765
1539,0.22058823529411767
1540,-0.3588235294117647
1541,0.5235294117647059
1542,0.8382352941176471
1543,0.4382352941176471
1544,0.12352941176470587
1545,0.7911764705882354
1546,0.3294117647058824
1547,0.12352941176470587
1548,0.3382352941176471
1549,0.75
1550,0.7647058823529411
1551,0.6352941176470589
1552,0.6352941176470589
1553,0.5970588235294118
1554,0.3235294117647059
1555,-0.044117647058823525
1556,0.5882352941176471
1557,0.3058823529411765
1558,0.7323529411764707
1559,0.2647058823529412
1560,0.5558823529411765
1561,0.2352941176470588
1562,0.7294117647058823
1563,0.33529411764705885
1564,0.3117647058823529
1565,0.6941176470588235
1566,0.6088235294117647
1567,0.4852941176470588
1568,0.5882352941176471
1569,-0.6235294117647059
1570,-0.4205882352941176
1571,0.6323529411764706
1572,0.4147058823529412
1573,0.6588235294117648
1574,0.65
1575,0.7147058823529412
1576,-0.34411764705882353
1577,0.8764705882352942
1578,0.7205882352941175
1579,0.4
1580,0.18235294117647055
1581,0.8529411764705882
1582,0.6264705882352941
1583,0.3529411764705882
1584,0.3794117647058824
1585,0.4676470588235294
1586,0.15
1587,0.4617647058823529
1588,0.5823529411764706
1589,0.4911764705882353
1590,0.6529411764705881
1591,0.3264705882352941
1592,0.2764705882352941
1593,0.38235294117647056
1594,0.5705882352941177
1595,0.3411764705882353
1596,0.5058823529411764
1597,0.7176470588235294
1598,-0.08823529411764705
1599,0.17058823529411765
1600,0.7558823529411764
1601,0.5294117647058824
1602,0.4147058823529412
1603,0.8264705882352942
1604,0.4735294117647058
1605,0.7647058823529411
1606,-0.2470588235294117
1607,0.6264705882352941
1608,0.7323529411764707
1609,0.5264705882352941
1610,0.8294117647058824
1611,0.4911764705882353
1612,0.4647058823529412
1613,-0.08529411764705883
1614,0.7852941176470588
1615,0.5205882352941177
1616,0.4176470588235294
1617,0.7823529411764706
1618,-0.12352941176470587
1619,0.5235294117647059
1620,0.027961744140999858
1621,-0.2441176470588235
1622,0.4294117647058823
1623,0.0
1624,0.3794117647058824
1625,0.4823529411764706
1626,0.4441176470588235
1627,0.8117647058823528
1628,0.5882352941176471
1629,0.3235294117647059
1630,0.4088235294117647
1631,0.4088235294117647
1632,0.4470588235294117
1633,0.7823529411764706
1634,0.2529411764705882
1635,0.7558823529411764
1636,0.4852941176470588
1637,-0.12058823529411765
1638,0.6941176470588235
1639,0.2441176470588235
1640,0.17058823529411765
1641,0.8058823529411765
1642,0.7294117647058823
1643,0.4794117647058824
1644,0.4764705882352941
1645,0.3294117647058824
1646,0.6411764705882352
1647,-0.3558823529411765
1648,-0.17352941176470588
1649,0.3470588235294117
1650,0.7647058823529411
1651,0.2441176470588235
1652,-0.02058823529411765
1653,0.8941176470588235
1654,0.6029411764705882
1655,0.35000000000000003
1656,0.3529411764705882
1657,0.6264705882352941
1658,0.026470588235294117
1659,0.1764705882352941
1660,0.5176470588235293
1661,0.4176470588235294
1662,-0.10294117647058824
1663,0.4852941176470588
1664,0.6882352941176471
1665,0.7147058823529412
1666,0.8205882352941177
1667,-0.18823529411764706
1668,0.3852941176470588
1669,0.29705882352941176
1670,0.7382352941176471
1671,0.7382352941176471
1672,0.6647058823529411
1673,0.07352941176470587
1674,-0.1352941176470588
1675,-0.3294117647058824
1676,0.8911764705882352
1677,0.6852941176470588
1678,0.5088235294117647
1679,0.6088235294117647
1680,0.4147058823529412
1681,-0.1
1682,0.3941176470588235
1683,0.3911764705882353
1684,0.4382352941176471
1685,0.2676470588235294
1686,0.7617647058823529
1687,0.7764705882352941
1688,0.8088235294117646
1689,0.5205882352941177
1690,-0.22941176470588234
1691,0.3705882352941177
1692,-0.5764705882352941
1693,0.411764705882353
1694,0.30882352941176466
1695,0.19411764705882356
1696,0.035294117647058816
1697,0.8088235294117646
1698,0.45
1699,0.3294117647058824
1700,0.5
1701,-0.17058823529411765
1702,0.7705882352941176
1703,0.7058823529411764
1704,0.7794117647058825
1705,0.7617647058823529
1706,-0.08529411764705883
1707,0.36764705882352944
1708,0.5617647058823529
1709,0.6235294117647059
1710,0.8588235294117647
1711,0.7323529411764707
1712,0.6323529411764706
1713,0.22352941176470587
1714,0.7088235294117646
1715,0.3529411764705882
1716,-0.18235294117647055
1717,0.3382352941176471
1718,0.6529411764705881
1719,-0.12352941176470587
1720,0.2264705882352941
1721,0.3588235294117647
1722,0.4852941176470588
1723,-0.45
1724,-0.05
1725,0.65
1726,0.5235294117647059
1727,0.5617647058823529
1728,-0.12058823529411765
1729,0.4294117647058823
1730,-0.10882352941176472
1731,-0.08823529411764705
1732,0.21764705882352944
1733,0.5647058823529412
1734,0.48823529411764705
1735,0.23823529411764705
1736,0.34411764705882353
1737,0.8911764705882352
1738,0.15882352941176472
1739,0.3411764705882353
1740,0.5058823529411764
1741,0.5970588235294118
1742,0.22941176470588234
1743,0.8382352941176471
1744,0.8529411764705882
1745,0.55
1746,0.5205882352941177
1747,0.7941176470588236
1748,0.8117647058823528
1749,0.5676470588235295
1750,0.10588235294117647
1751,0.7735294117647058
1752,0.17352941176470588
1753,0.5735294117647058
1754,0.3735294117647059
1755,0.3705882352941177
1756,0.05
1757,0.12941176470588234
1758,0.4147058823529412
1759,0.7794117647058825
1760,0.6941176470588235
1761,0.3588235294117647
1762,0.6705882352941177
1763,-0.33529411764705885
1764,0.6588235294117648
1765,0.5941176470588235
1766,0.5264705882352941
1767,0.5470588235294118
1768,0.3647058823529412
1769,0.4735294117647058
1770,-0.16764705882352945
1771,-0.2911764705882353
1772,0.023529411764705882
1773,0.6352941176470589
1774,0.25
1775,0.6558823529411765
1776,0.6882352941176471
1777,0.2264705882352941
1778,0.0029411764705882357
1779,0.2411764705882353
1780,0.6441176470588235
1781,0.008823529411764706
1782,-0.22941176470588234
1783,0.8911764705882352
1784,0.5205882352941177
1785,0.7294117647058823
1786,0.4823529411764706
1787,0.48823529411764705
1788,0.3
1789,0.4235294117647059
1790,0.8411764705882352
1791,0.4852941176470588
1792,0.4205882352941176
1793,0.8705882352941177
1794,0.2911764705882353
1795,0.4764705882352941
1796,-0.1264705882352941
1797,-0.1103753058197363
1798,0.7911764705882354
1799,0.3058823529411765
1800,0.7794117647058825
1801,0.3882352941176471
1802,-0.035294117647058816
1803,0.6794117647058824
1804,-0.6
1805,-0.09411764705882353
1806,0.29705882352941176
1807,0.7676470588235293
1808,0.6323529411764706
1809,0.7117647058823531
1810,0.5735294117647058
1811,0.008823529411764706
1812,0.5176470588235293
1813,0.2764705882352941
1814,0.8970588235294116
1815,0.9294117647058824
1816,0.6088235294117647
1817,0.5558823529411765
1818,0.3235294117647059
1819,-0.005882352941176471
1820,0.911764705882353
1821,0.4470588235294117
1822,0.5647058823529412
1823,0.4323529411764706
1824,0.7147058823529412
1825,0.035294117647058816
1826,0.8117647058823528
1827,0.6
1828,-0.017647058823529408
1829,0.4382352941176471
1830,0.6058823529411764
1831,0.7411764705882353
1832,0.6
1833,0.18235294117647055
1834,0.9058823529411764
1835,0.3529411764705882
1836,0.3058823529411765
1837,0.9205882352941176
1838,0.22941176470588234
1839,0.2617647058823529
1840,0.023529411764705882
1841,0.4764705882352941
1842,0.3147058823529411
1843,0.2588235294117647
1844,-0.09705882352941177
1845,0.7411764705882353
1846,0.2352941176470588
1847,0.8558823529411764
1848,0.4323529411764706
1849,0.7323529411764707
1850,-0.035294117647058816
1851,0.4941176470588235
1852,-0.1764705882352941
1853,0.35000000000000003
1854,-0.1323529411764706
1855,0.8088235294117646
1856,0.7088235294117646
1857,0.4323529411764706
1858,-0.3529411764705882
1859,0.6764705882352942
1860,-0.6205882352941177
1861,0.4911764705882353
1862,0.4352941176470588
1863,0.3705882352941177
1864,0.7705882352941176
1865,0.14411764705882352
1866,0.22941176470588234
1867,0.4088235294117647
1868,0.12941176470588234
1869,0.7483445782813805
1870,0.22352941176470587
1871,0.5
1872,0.5705882352941177
1873,-0.33529411764705885
1874,-0.21764705882352944
1875,0.2029411764705882
1876,0.7176470588235294
1877,-0.14705882352941174
1878,0.8617647058823529
1879,0.4147058823529412
1880,0.4470588235294117
1881,-0.3205882352941176
1882,-0.22941176470588234
1883,-0.5294117647058824
1884,-0.017647058823529408
1885,0.5764705882352941
1886,0.6911764705882353
1887,0.823529411764706
1888,0.3205882352941176
1889,-0.09117647058823528
1890,0.1323529411764706
1891,0.8441176470588234
1892,0.5147058823529412
1893,0.7676470588235293
1894,0.4058823529411764
1895,0.4647058823529412
1896,0.8558823529411764
1897,0.0823529411764706
1898,0.5764705882352941
1899,-0.2588235294117647
1900,0.6558823529411765
1901,0.3852941176470588
1902,0.7323529411764707
1903,0.3705882352941177
1904,0.6
1905,0.7970588235294117
1906,0.4764705882352941
1907,0.7235294117647059
1908,0.5852941176470587
1909,0.6735294117647058
1910,0.6264705882352941
1911,0.75
1912,0.3705882352941177
1913,0.29705882352941176
1914,0.6
1915,0.14411764705882352
1916,0.1764705882352941
1917,0.5852941176470587
1918,0.7558823529411764
1919,0.4840611483516362
1920,0.0
1921,0.8147058823529412
1922,0.5029411764705883
1923,0.7235294117647059
1924,0.8735294117647058
1925,0.11176470588235292
1926,0.4441176470588235
1927,0.2852941176470589
1928,-0.3294117647058824
1929,0.3588235294117647
1930,0.6941176470588235
1931,0.8147058823529412
1932,0.10294117647058824
1933,0.8794117647058824
1934,0.7529411764705882
1935,0.7117647058823531
1936,-0.16176470588235295
1937,0.3382352941176471
1938,0.1264705882352941
1939,0.5088235294117647
1940,0.34411764705882353
1941,0.08529411764705883
1942,0.5058823529411764
1943,-0.0029411764705882357
1944,0.5088235294117647
1945,-0.2147058823529412
1946,-0.2411764705882353
1947,0.5058823529411764
1948,0.44117647058823534
1949,0.19411764705882356
1950,0.2911764705882353
1951,0.6235294117647059
1952,0.2735294117647059
1953,0.5941176470588235
1954,0.011764705882352941
1955,0.15
1956,0.4735294117647058
1957,-0.17352941176470588
1958,-0.3147058823529411
1959,0.023529411764705882
1960,0.4
1961,0.33529411764705885
1962,0.17941176470588235
1963,-0.19411764705882356
1964,0.888235294117647
1965,0.29705882352941176
1966,-0.3205882352941176
1967,0.15
1968,0.5441176470588236
1969,0.3593523779366399
1970,0.3323529411764706
1971,0.4529411764705882
1972,0.2735294117647059
1973,0.7264705882352941
1974,0.2529411764705882
1975,0.5764705882352941
1976,0.026470588235294117
1977,-0.4509959436749138
1978,0.6823529411764706
1979,-0.31764705882352945
1980,0.3264705882352941
1981,0.29705882352941176
1982,-0.1764705882352941
1983,0.3
1984,-0.17352941176470588
1985,0.02058823529411765
1986,0.6647058823529411
1987,0.7000000000000001
1988,0.2411764705882353
1989,-0.2058823529411765
1990,-0.3294117647058824
1991,0.1764705882352941
1992,0.3764705882352941
1993,0.3
1994,0.3029411764705882
1995,-0.07941176470588236
1996,-0.15882352941176472
1997,0.2764705882352941
1998,0.3
1999,0.2823529411764706
