,value_per_image
0,0.5560538116591929
1,0.5022421524663677
2,0.5201793721973094
3,0.5291479820627802
4,0.4932735426008968
5,0.4708520179372198
6,0.4977578475336323
7,0.5291479820627802
8,0.5022421524663677
9,0.5291479820627802
10,0.5022421524663677
11,0.5829596412556054
12,0.4932735426008968
13,0.4798206278026906
14,0.5201793721973094
15,0.5022421524663677
16,0.5336322869955157
17,0.5695067264573991
18,0.5291479820627802
19,0.5022421524663677
20,0.4798206278026906
21,0.5022421524663677
22,0.45291479820627795
23,0.5022421524663677
24,0.5605381165919282
25,0.5381165919282511
26,0.5605381165919282
27,0.5067264573991032
28,0.5156950672645739
29,0.6053811659192825
30,0.5246636771300448
31,0.5246636771300448
32,0.5112107623318386
33,0.5067264573991032
34,0.5381165919282511
35,0.5022421524663677
36,0.5156950672645739
37,0.5067264573991032
38,0.5156950672645739
39,0.5156950672645739
40,0.5246636771300448
41,0.5291479820627802
42,0.4977578475336323
43,0.5201793721973094
44,0.5560538116591929
45,0.5291479820627802
46,0.45291479820627795
47,0.5246636771300448
48,0.5470852017937221
49,0.5381165919282511
50,0.5156950672645739
51,0.5381165919282511
52,0.4843049327354261
53,0.5246636771300448
54,0.5067264573991032
55,0.4887892376681615
56,0.5515695067264574
57,0.5336322869955157
58,0.45291479820627795
59,0.4663677130044843
60,0.5650224215246636
61,0.5560538116591929
62,0.5156950672645739
63,0.5560538116591929
64,0.5246636771300448
65,0.5336322869955157
66,0.5650224215246636
67,0.5381165919282511
68,0.4977578475336323
69,0.5381165919282511
70,0.5291479820627802
71,0.5246636771300448
72,0.5022421524663677
73,0.5022421524663677
74,0.5381165919282511
75,0.5291479820627802
76,0.4843049327354261
77,0.5156950672645739
78,0.5201793721973094
79,0.4932735426008968
80,0.5201793721973094
81,0.5515695067264574
82,0.5201793721973094
83,0.5426008968609866
84,0.5426008968609866
85,0.4843049327354261
86,0.4798206278026906
87,0.5381165919282511
88,0.5426008968609866
89,0.5291479820627802
90,0.5291479820627802
91,0.5291479820627802
92,0.5112107623318386
93,0.5605381165919282
94,0.5022421524663677
95,0.5695067264573991
96,0.5381165919282511
97,0.5156950672645739
98,0.4932735426008968
99,0.4618834080717489
100,0.4708520179372198
101,0.5112107623318386
102,0.5381165919282511
103,0.5112107623318386
104,0.4843049327354261
105,0.5067264573991032
106,0.4887892376681615
107,0.5560538116591929
108,0.5291479820627802
109,0.5605381165919282
110,0.5605381165919282
111,0.5112107623318386
112,0.5426008968609866
113,0.5156950672645739
114,0.4843049327354261
115,0.5022421524663677
116,0.4798206278026906
117,0.5381165919282511
118,0.5739910313901345
119,0.5112107623318386
120,0.4708520179372198
121,0.5291479820627802
122,0.5112107623318386
123,0.5022421524663677
124,0.5515695067264574
125,0.45291479820627795
126,0.5964125560538116
127,0.5336322869955157
128,0.4618834080717489
129,0.4708520179372198
130,0.5336322869955157
131,0.5112107623318386
132,0.5067264573991032
133,0.5201793721973094
134,0.5022421524663677
135,0.5874439461883408
136,0.5112107623318386
137,0.5336322869955157
138,0.5381165919282511
139,0.5336322869955157
140,0.5336322869955157
141,0.5022421524663677
142,0.5246636771300448
143,0.5022421524663677
144,0.5515695067264574
145,0.4932735426008968
146,0.5739910313901345
147,0.5067264573991032
148,0.4932735426008968
149,0.5426008968609866
150,0.5560538116591929
151,0.5156950672645739
152,0.4753363228699552
153,0.5336322869955157
154,0.4887892376681615
155,0.5067264573991032
156,0.5336322869955157
157,0.4798206278026906
158,0.5560538116591929
159,0.5426008968609866
160,0.5112107623318386
161,0.5156950672645739
162,0.4932735426008968
163,0.5336322869955157
164,0.4932735426008968
165,0.5515695067264574
166,0.5784753363228701
167,0.5336322869955157
168,0.5246636771300448
169,0.4798206278026906
170,0.5515695067264574
171,0.4977578475336323
172,0.5156950672645739
173,0.4932735426008968
174,0.5426008968609866
175,0.5201793721973094
176,0.5246636771300448
177,0.5784753363228701
178,0.5426008968609866
179,0.4887892376681615
180,0.5156950672645739
181,0.4932735426008968
182,0.5246636771300448
183,0.5022421524663677
184,0.4977578475336323
185,0.5067264573991032
186,0.5515695067264574
187,0.5515695067264574
188,0.5022421524663677
189,0.4798206278026906
190,0.5246636771300448
191,0.5201793721973094
192,0.5336322869955157
193,0.5246636771300448
194,0.5246636771300448
195,0.5470852017937221
196,0.5515695067264574
197,0.5246636771300448
198,0.5695067264573991
199,0.4932735426008968
200,0.5695067264573991
201,0.5605381165919282
202,0.4798206278026906
203,0.5246636771300448
204,0.5156950672645739
205,0.5067264573991032
206,0.5784753363228701
207,0.5112107623318386
208,0.5426008968609866
209,0.5426008968609866
210,0.5112107623318386
211,0.4977578475336323
212,0.5246636771300448
213,0.5246636771300448
214,0.5067264573991032
215,0.5381165919282511
216,0.4932735426008968
217,0.5515695067264574
218,0.4977578475336323
219,0.4618834080717489
220,0.4932735426008968
221,0.5605381165919282
222,0.5067264573991032
223,0.5201793721973094
224,0.5067264573991032
225,0.4708520179372198
226,0.5156950672645739
227,0.5426008968609866
228,0.5067264573991032
229,0.5560538116591929
230,0.4798206278026906
231,0.5067264573991032
232,0.5515695067264574
233,0.5515695067264574
234,0.5381165919282511
235,0.5381165919282511
236,0.5829596412556054
237,0.5470852017937221
238,0.5156950672645739
239,0.5156950672645739
240,0.5336322869955157
241,0.5291479820627802
242,0.5470852017937221
243,0.5201793721973094
244,0.5201793721973094
245,0.5336322869955157
246,0.4932735426008968
247,0.5426008968609866
248,0.5336322869955157
249,0.5964125560538116
250,0.5560538116591929
251,0.5470852017937221
252,0.5067264573991032
253,0.5291479820627802
254,0.5919282511210763
255,0.5112107623318386
256,0.5336322869955157
257,0.5291479820627802
258,0.5246636771300448
259,0.5246636771300448
260,0.5022421524663677
261,0.5067264573991032
262,0.5201793721973094
263,0.5022421524663677
264,0.5022421524663677
265,0.5470852017937221
266,0.5470852017937221
267,0.5201793721973094
268,0.4843049327354261
269,0.5739910313901345
270,0.5246636771300448
271,0.4843049327354261
272,0.5156950672645739
273,0.5112107623318386
274,0.5246636771300448
275,0.5112107623318386
276,0.5515695067264574
277,0.5156950672645739
278,0.5695067264573991
279,0.5605381165919282
280,0.5650224215246636
281,0.5067264573991032
282,0.5470852017937221
283,0.4843049327354261
284,0.5067264573991032
285,0.4887892376681615
286,0.5067264573991032
287,0.5156950672645739
288,0.5470852017937221
289,0.4932735426008968
290,0.4887892376681615
291,0.4887892376681615
292,0.5201793721973094
293,0.5112107623318386
294,0.5246636771300448
295,0.4977578475336323
296,0.4663677130044843
297,0.5246636771300448
298,0.5022421524663677
299,0.5246636771300448
300,0.5246636771300448
301,0.5695067264573991
302,0.4798206278026906
303,0.5201793721973094
304,0.5246636771300448
305,0.5650224215246636
306,0.5291479820627802
307,0.5246636771300448
308,0.4887892376681615
309,0.5156950672645739
310,0.5201793721973094
311,0.5022421524663677
312,0.5246636771300448
313,0.5246636771300448
314,0.5156950672645739
315,0.4932735426008968
316,0.5470852017937221
317,0.5560538116591929
318,0.5381165919282511
319,0.5022421524663677
320,0.5201793721973094
321,0.5067264573991032
322,0.5112107623318386
323,0.5156950672645739
324,0.5112107623318386
325,0.4753363228699552
326,0.5470852017937221
327,0.5201793721973094
328,0.5470852017937221
329,0.5112107623318386
330,0.5560538116591929
331,0.4977578475336323
332,0.5246636771300448
333,0.5246636771300448
334,0.5291479820627802
335,0.5381165919282511
336,0.5919282511210763
337,0.5291479820627802
338,0.5426008968609866
339,0.4977578475336323
340,0.5246636771300448
341,0.4932735426008968
342,0.4977578475336323
343,0.5381165919282511
344,0.5291479820627802
345,0.5426008968609866
346,0.5201793721973094
347,0.4977578475336323
348,0.5426008968609866
349,0.5695067264573991
350,0.4932735426008968
351,0.5291479820627802
352,0.4843049327354261
353,0.5246636771300448
354,0.5470852017937221
355,0.5112107623318386
356,0.5112107623318386
357,0.5739910313901345
358,0.5874439461883408
359,0.5291479820627802
360,0.4932735426008968
361,0.5515695067264574
362,0.4932735426008968
363,0.4932735426008968
364,0.4932735426008968
365,0.5470852017937221
366,0.5739910313901345
367,0.5067264573991032
368,0.5336322869955157
369,0.5381165919282511
370,0.5201793721973094
371,0.5201793721973094
372,0.4439461883408072
373,0.4977578475336323
374,0.5246636771300448
375,0.5515695067264574
376,0.4887892376681615
377,0.5201793721973094
378,0.5112107623318386
379,0.5336322869955157
380,0.5022421524663677
381,0.4887892376681615
382,0.5246636771300448
383,0.5650224215246636
384,0.5426008968609866
385,0.5291479820627802
386,0.5201793721973094
387,0.5695067264573991
388,0.4977578475336323
389,0.4932735426008968
390,0.5426008968609866
391,0.5201793721973094
392,0.4887892376681615
393,0.5470852017937221
394,0.5067264573991032
395,0.5067264573991032
396,0.4932735426008968
397,0.5605381165919282
398,0.5156950672645739
399,0.5201793721973094
400,0.4887892376681615
401,0.5156950672645739
402,0.5829596412556054
403,0.5246636771300448
404,0.5336322869955157
405,0.4887892376681615
406,0.5381165919282511
407,0.5426008968609866
408,0.5022421524663677
409,0.4887892376681615
410,0.5112107623318386
411,0.4977578475336323
412,0.5246636771300448
413,0.4798206278026906
414,0.5470852017937221
415,0.5336322869955157
416,0.5560538116591929
417,0.5112107623318386
418,0.4977578475336323
419,0.5336322869955157
420,0.5336322869955157
421,0.5246636771300448
422,0.4977578475336323
423,0.5246636771300448
424,0.5246636771300448
425,0.5381165919282511
426,0.5067264573991032
427,0.5201793721973094
428,0.5381165919282511
429,0.4753363228699552
430,0.5201793721973094
431,0.5156950672645739
432,0.4887892376681615
433,0.5560538116591929
434,0.5605381165919282
435,0.5426008968609866
436,0.5156950672645739
437,0.5067264573991032
438,0.5381165919282511
439,0.5336322869955157
440,0.5605381165919282
441,0.5156950672645739
442,0.5605381165919282
443,0.5201793721973094
444,0.5560538116591929
445,0.5470852017937221
446,0.5784753363228701
447,0.5201793721973094
448,0.5470852017937221
449,0.5426008968609866
450,0.5156950672645739
451,0.5426008968609866
452,0.5112107623318386
453,0.4887892376681615
454,0.5067264573991032
455,0.4843049327354261
456,0.5112107623318386
457,0.5112107623318386
458,0.5156950672645739
459,0.4887892376681615
460,0.5784753363228701
461,0.5201793721973094
462,0.5291479820627802
463,0.4753363228699552
464,0.4798206278026906
465,0.5201793721973094
466,0.5381165919282511
467,0.5022421524663677
468,0.5201793721973094
469,0.4753363228699552
470,0.5201793721973094
471,0.5515695067264574
472,0.4932735426008968
473,0.4977578475336323
474,0.5381165919282511
475,0.5201793721973094
476,0.5426008968609866
477,0.5381165919282511
478,0.5291479820627802
479,0.5426008968609866
480,0.5426008968609866
481,0.5515695067264574
482,0.5201793721973094
483,0.5695067264573991
484,0.5201793721973094
485,0.5112107623318386
486,0.5291479820627802
487,0.4708520179372198
488,0.5246636771300448
489,0.5156950672645739
490,0.5201793721973094
491,0.5560538116591929
492,0.5156950672645739
493,0.4573991031390134
494,0.5246636771300448
495,0.5695067264573991
496,0.5784753363228701
497,0.5515695067264574
498,0.6233183856502242
499,0.5560538116591929
500,0.4887892376681615
501,0.4932735426008968
502,0.4843049327354261
503,0.4977578475336323
504,0.4843049327354261
505,0.5470852017937221
506,0.5022421524663677
507,0.5470852017937221
508,0.5156950672645739
509,0.5336322869955157
510,0.5470852017937221
511,0.5336322869955157
512,0.4932735426008968
513,0.5470852017937221
514,0.4932735426008968
515,0.5336322869955157
516,0.5022421524663677
517,0.5515695067264574
518,0.5112107623318386
519,0.5112107623318386
520,0.5022421524663677
521,0.5426008968609866
522,0.5426008968609866
523,0.5336322869955157
524,0.5829596412556054
525,0.5650224215246636
526,0.4977578475336323
527,0.5426008968609866
528,0.5470852017937221
529,0.4663677130044843
530,0.5112107623318386
531,0.5201793721973094
532,0.5067264573991032
533,0.5201793721973094
534,0.5381165919282511
535,0.5336322869955157
536,0.5515695067264574
537,0.5381165919282511
538,0.4484304932735426
539,0.5022421524663677
540,0.5291479820627802
541,0.5156950672645739
542,0.4932735426008968
543,0.5022421524663677
544,0.5829596412556054
545,0.5695067264573991
546,0.5022421524663677
547,0.4484304932735426
548,0.5515695067264574
549,0.5291479820627802
550,0.5201793721973094
551,0.4484304932735426
552,0.5291479820627802
553,0.5381165919282511
554,0.4798206278026906
555,0.5112107623318386
556,0.5112107623318386
557,0.4843049327354261
558,0.5067264573991032
559,0.4932735426008968
560,0.4977578475336323
561,0.5291479820627802
562,0.5605381165919282
563,0.5336322869955157
564,0.5470852017937221
565,0.5426008968609866
566,0.5291479820627802
567,0.5426008968609866
568,0.5022421524663677
569,0.5246636771300448
570,0.4618834080717489
571,0.5964125560538116
572,0.5022421524663677
573,0.4573991031390134
574,0.4977578475336323
575,0.5246636771300448
576,0.5336322869955157
577,0.5829596412556054
578,0.5246636771300448
579,0.5470852017937221
580,0.5426008968609866
581,0.5336322869955157
582,0.5560538116591929
583,0.5426008968609866
584,0.4932735426008968
585,0.5112107623318386
586,0.5650224215246636
587,0.5560538116591929
588,0.4798206278026906
589,0.5156950672645739
590,0.5067264573991032
591,0.5605381165919282
592,0.5291479820627802
593,0.5156950672645739
594,0.5381165919282511
595,0.4618834080717489
596,0.5156950672645739
597,0.4977578475336323
598,0.4708520179372198
599,0.5470852017937221
600,0.5381165919282511
601,0.5381165919282511
602,0.5381165919282511
603,0.5246636771300448
604,0.4753363228699552
605,0.5381165919282511
606,0.5246636771300448
607,0.5067264573991032
608,0.5022421524663677
609,0.5560538116591929
610,0.5605381165919282
611,0.5381165919282511
612,0.4843049327354261
613,0.5112107623318386
614,0.5156950672645739
615,0.5470852017937221
616,0.6143497757847534
617,0.5022421524663677
618,0.5246636771300448
619,0.5426008968609866
620,0.5336322869955157
621,0.4932735426008968
622,0.5246636771300448
623,0.5739910313901345
624,0.5022421524663677
625,0.5336322869955157
626,0.5112107623318386
627,0.5246636771300448
628,0.4753363228699552
629,0.4977578475336323
630,0.5964125560538116
631,0.4932735426008968
632,0.5470852017937221
633,0.5291479820627802
634,0.5156950672645739
635,0.5426008968609866
636,0.5067264573991032
637,0.5156950672645739
638,0.5426008968609866
639,0.5156950672645739
640,0.5381165919282511
641,0.4798206278026906
642,0.5381165919282511
643,0.5381165919282511
644,0.5560538116591929
645,0.5515695067264574
646,0.5067264573991032
647,0.5426008968609866
648,0.5156950672645739
649,0.5291479820627802
650,0.5739910313901345
651,0.4932735426008968
652,0.5201793721973094
653,0.5112107623318386
654,0.5156950672645739
655,0.4932735426008968
656,0.5739910313901345
657,0.4977578475336323
658,0.5112107623318386
659,0.5022421524663677
660,0.5381165919282511
661,0.4663677130044843
662,0.4798206278026906
663,0.5112107623318386
664,0.5605381165919282
665,0.5246636771300448
666,0.5201793721973094
667,0.5112107623318386
668,0.5605381165919282
669,0.5426008968609866
670,0.5022421524663677
671,0.5291479820627802
672,0.5246636771300448
673,0.5246636771300448
674,0.5201793721973094
675,0.5067264573991032
676,0.5067264573991032
677,0.5874439461883408
678,0.5381165919282511
679,0.5246636771300448
680,0.6053811659192825
681,0.5246636771300448
682,0.4932735426008968
683,0.4753363228699552
684,0.4932735426008968
685,0.5112107623318386
686,0.5112107623318386
687,0.5201793721973094
688,0.5784753363228701
689,0.5650224215246636
690,0.5201793721973094
691,0.5650224215246636
692,0.5201793721973094
693,0.5381165919282511
694,0.4843049327354261
695,0.5784753363228701
696,0.5022421524663677
697,0.4394618834080717
698,0.5112107623318386
699,0.4753363228699552
700,0.4618834080717489
701,0.5336322869955157
702,0.5739910313901345
703,0.4753363228699552
704,0.5336322869955157
705,0.5201793721973094
706,0.5336322869955157
707,0.5156950672645739
708,0.5426008968609866
709,0.5156950672645739
710,0.5291479820627802
711,0.5695067264573991
712,0.5291479820627802
713,0.5201793721973094
714,0.5336322869955157
715,0.5650224215246636
716,0.5381165919282511
717,0.5829596412556054
718,0.5022421524663677
719,0.4977578475336323
720,0.5470852017937221
721,0.5156950672645739
722,0.5112107623318386
723,0.4887892376681615
724,0.5246636771300448
725,0.4843049327354261
726,0.5470852017937221
727,0.5560538116591929
728,0.5560538116591929
729,0.5381165919282511
730,0.5381165919282511
731,0.5201793721973094
732,0.5560538116591929
733,0.4977578475336323
734,0.5784753363228701
735,0.5426008968609866
736,0.5336322869955157
737,0.4977578475336323
738,0.5246636771300448
739,0.5067264573991032
740,0.5291479820627802
741,0.5560538116591929
742,0.5470852017937221
743,0.5695067264573991
744,0.5381165919282511
745,0.5291479820627802
746,0.5470852017937221
747,0.5336322869955157
748,0.5515695067264574
749,0.5650224215246636
750,0.4887892376681615
751,0.5381165919282511
752,0.600896860986547
753,0.4798206278026906
754,0.4887892376681615
755,0.5336322869955157
756,0.4887892376681615
757,0.5067264573991032
758,0.5112107623318386
759,0.4977578475336323
760,0.5381165919282511
761,0.5201793721973094
762,0.5156950672645739
763,0.4708520179372198
764,0.5201793721973094
765,0.5739910313901345
766,0.4484304932735426
767,0.5426008968609866
768,0.5112107623318386
769,0.5515695067264574
770,0.5201793721973094
771,0.5067264573991032
772,0.4798206278026906
773,0.5874439461883408
774,0.5470852017937221
775,0.5201793721973094
776,0.5470852017937221
777,0.5201793721973094
778,0.5201793721973094
779,0.5067264573991032
780,0.5605381165919282
781,0.5201793721973094
782,0.5470852017937221
783,0.5381165919282511
784,0.5426008968609866
785,0.5336322869955157
786,0.5829596412556054
787,0.5695067264573991
788,0.4843049327354261
789,0.4932735426008968
790,0.5156950672645739
791,0.5381165919282511
792,0.5381165919282511
793,0.5156950672645739
794,0.5246636771300448
795,0.5470852017937221
796,0.5291479820627802
797,0.5112107623318386
798,0.5515695067264574
799,0.5605381165919282
800,0.5201793721973094
801,0.5201793721973094
802,0.5964125560538116
803,0.5426008968609866
804,0.4977578475336323
805,0.5246636771300448
806,0.5156950672645739
807,0.5336322869955157
808,0.5381165919282511
809,0.5112107623318386
810,0.5336322869955157
811,0.5426008968609866
812,0.5336322869955157
813,0.5291479820627802
814,0.5515695067264574
815,0.5022421524663677
816,0.5246636771300448
817,0.5381165919282511
818,0.5470852017937221
819,0.4843049327354261
820,0.5739910313901345
821,0.5470852017937221
822,0.4798206278026906
823,0.5336322869955157
824,0.45291479820627795
825,0.5156950672645739
826,0.4932735426008968
827,0.5605381165919282
828,0.5067264573991032
829,0.5515695067264574
830,0.5156950672645739
831,0.5022421524663677
832,0.5112107623318386
833,0.5560538116591929
834,0.5201793721973094
835,0.5201793721973094
836,0.5201793721973094
837,0.5470852017937221
838,0.5022421524663677
839,0.4977578475336323
840,0.5022421524663677
841,0.4843049327354261
842,0.4977578475336323
843,0.5515695067264574
844,0.5426008968609866
845,0.5112107623318386
846,0.4843049327354261
847,0.5470852017937221
848,0.4663677130044843
849,0.4887892376681615
850,0.5470852017937221
851,0.5201793721973094
852,0.5695067264573991
853,0.5291479820627802
854,0.5067264573991032
855,0.5067264573991032
856,0.4484304932735426
857,0.5112107623318386
858,0.5291479820627802
859,0.5246636771300448
860,0.4798206278026906
861,0.4887892376681615
862,0.5739910313901345
863,0.5067264573991032
864,0.5156950672645739
865,0.5515695067264574
866,0.5156950672645739
867,0.5381165919282511
868,0.5650224215246636
869,0.4708520179372198
870,0.5246636771300448
871,0.5022421524663677
872,0.5112107623318386
873,0.5605381165919282
874,0.4618834080717489
875,0.4843049327354261
876,0.5605381165919282
877,0.5201793721973094
878,0.5515695067264574
879,0.5156950672645739
880,0.4977578475336323
881,0.5201793721973094
882,0.4932735426008968
883,0.4887892376681615
884,0.5201793721973094
885,0.5650224215246636
886,0.5201793721973094
887,0.5291479820627802
888,0.5201793721973094
889,0.5829596412556054
890,0.5336322869955157
891,0.5605381165919282
892,0.4708520179372198
893,0.5156950672645739
894,0.5470852017937221
895,0.4887892376681615
896,0.4798206278026906
897,0.5246636771300448
898,0.5067264573991032
899,0.5156950672645739
900,0.5336322869955157
901,0.5022421524663677
902,0.4887892376681615
903,0.4887892376681615
904,0.5156950672645739
905,0.5112107623318386
906,0.4977578475336323
907,0.5201793721973094
908,0.5515695067264574
909,0.5381165919282511
910,0.5246636771300448
911,0.4304932735426009
912,0.4663677130044843
913,0.5336322869955157
914,0.5201793721973094
915,0.5022421524663677
916,0.5336322869955157
917,0.5650224215246636
918,0.5650224215246636
919,0.5156950672645739
920,0.5470852017937221
921,0.5067264573991032
922,0.4843049327354261
923,0.5067264573991032
924,0.4887892376681615
925,0.5605381165919282
926,0.5067264573991032
927,0.4932735426008968
928,0.5739910313901345
929,0.5112107623318386
930,0.5156950672645739
931,0.5381165919282511
932,0.5426008968609866
933,0.5470852017937221
934,0.5336322869955157
935,0.5156950672645739
936,0.5605381165919282
937,0.5156950672645739
938,0.5201793721973094
939,0.5022421524663677
940,0.4887892376681615
941,0.4798206278026906
942,0.5695067264573991
943,0.5067264573991032
944,0.5515695067264574
945,0.4932735426008968
946,0.4843049327354261
947,0.5112107623318386
948,0.5739910313901345
949,0.5291479820627802
950,0.5112107623318386
951,0.4887892376681615
952,0.5381165919282511
953,0.5156950672645739
954,0.4843049327354261
955,0.5112107623318386
956,0.5156950672645739
957,0.5336322869955157
958,0.5246636771300448
959,0.5246636771300448
960,0.5426008968609866
961,0.5739910313901345
962,0.5246636771300448
963,0.5156950672645739
964,0.5695067264573991
965,0.5246636771300448
966,0.5336322869955157
967,0.4843049327354261
968,0.5112107623318386
969,0.5201793721973094
970,0.5336322869955157
971,0.5560538116591929
972,0.5964125560538116
973,0.5246636771300448
974,0.4843049327354261
975,0.5560538116591929
976,0.5470852017937221
977,0.5156950672645739
978,0.5201793721973094
979,0.5426008968609866
980,0.5560538116591929
981,0.5112107623318386
982,0.5426008968609866
983,0.5515695067264574
984,0.5829596412556054
985,0.5201793721973094
986,0.5426008968609866
987,0.5336322869955157
988,0.5381165919282511
989,0.4843049327354261
990,0.5246636771300448
991,0.5336322869955157
992,0.4798206278026906
993,0.5022421524663677
994,0.4843049327354261
995,0.5515695067264574
996,0.5515695067264574
997,0.5201793721973094
998,0.5336322869955157
999,0.4753363228699552
1000,0.4977578475336323
1001,0.5201793721973094
1002,0.5201793721973094
1003,0.5022421524663677
1004,0.5336322869955157
1005,0.5201793721973094
1006,0.4843049327354261
1007,0.5156950672645739
1008,0.5919282511210763
1009,0.5246636771300448
1010,0.5291479820627802
1011,0.5246636771300448
1012,0.5470852017937221
1013,0.5201793721973094
1014,0.5022421524663677
1015,0.5336322869955157
1016,0.4932735426008968
1017,0.4798206278026906
1018,0.4663677130044843
1019,0.5201793721973094
1020,0.4887892376681615
1021,0.5426008968609866
1022,0.5291479820627802
1023,0.5112107623318386
1024,0.4753363228699552
1025,0.5605381165919282
1026,0.4977578475336323
1027,0.5246636771300448
1028,0.5381165919282511
1029,0.5112107623318386
1030,0.5291479820627802
1031,0.5515695067264574
1032,0.5201793721973094
1033,0.5560538116591929
1034,0.5246636771300448
1035,0.4798206278026906
1036,0.5381165919282511
1037,0.5112107623318386
1038,0.4887892376681615
1039,0.5381165919282511
1040,0.5291479820627802
1041,0.4887892376681615
1042,0.5246636771300448
1043,0.5784753363228701
1044,0.5156950672645739
1045,0.5246636771300448
1046,0.5022421524663677
1047,0.5022421524663677
1048,0.5291479820627802
1049,0.5291479820627802
1050,0.5067264573991032
1051,0.4977578475336323
1052,0.5829596412556054
1053,0.5156950672645739
1054,0.5291479820627802
1055,0.4573991031390134
1056,0.5336322869955157
1057,0.5784753363228701
1058,0.5067264573991032
1059,0.5291479820627802
1060,0.5201793721973094
1061,0.5112107623318386
1062,0.5112107623318386
1063,0.5246636771300448
1064,0.4753363228699552
1065,0.5426008968609866
1066,0.5515695067264574
1067,0.4887892376681615
1068,0.5515695067264574
1069,0.4932735426008968
1070,0.4798206278026906
1071,0.5560538116591929
1072,0.5201793721973094
1073,0.5156950672645739
1074,0.5112107623318386
1075,0.45291479820627795
1076,0.5201793721973094
1077,0.5246636771300448
1078,0.5381165919282511
1079,0.5156950672645739
1080,0.5470852017937221
1081,0.5022421524663677
1082,0.5336322869955157
1083,0.5022421524663677
1084,0.5067264573991032
1085,0.5112107623318386
1086,0.4663677130044843
1087,0.5246636771300448
1088,0.5605381165919282
1089,0.5695067264573991
1090,0.45291479820627795
1091,0.5156950672645739
1092,0.4932735426008968
1093,0.5246636771300448
1094,0.4887892376681615
1095,0.5246636771300448
1096,0.5067264573991032
1097,0.5426008968609866
1098,0.5067264573991032
1099,0.5650224215246636
1100,0.5201793721973094
1101,0.5022421524663677
1102,0.4977578475336323
1103,0.4977578475336323
1104,0.4439461883408072
1105,0.5022421524663677
1106,0.4753363228699552
1107,0.5201793721973094
1108,0.4753363228699552
1109,0.5381165919282511
1110,0.5291479820627802
1111,0.5201793721973094
1112,0.4977578475336323
1113,0.5112107623318386
1114,0.5381165919282511
1115,0.5739910313901345
1116,0.5560538116591929
1117,0.5112107623318386
1118,0.5156950672645739
1119,0.4798206278026906
1120,0.5336322869955157
1121,0.5022421524663677
1122,0.4708520179372198
1123,0.5067264573991032
1124,0.5246636771300448
1125,0.5291479820627802
1126,0.5515695067264574
1127,0.5336322869955157
1128,0.4932735426008968
1129,0.5067264573991032
1130,0.5695067264573991
1131,0.4843049327354261
1132,0.5246636771300448
1133,0.5291479820627802
1134,0.4977578475336323
1135,0.4798206278026906
1136,0.4618834080717489
1137,0.5291479820627802
1138,0.4618834080717489
1139,0.5381165919282511
1140,0.4798206278026906
1141,0.5650224215246636
1142,0.5470852017937221
1143,0.5381165919282511
1144,0.5291479820627802
1145,0.5112107623318386
1146,0.5605381165919282
1147,0.5515695067264574
1148,0.5112107623318386
1149,0.4977578475336323
1150,0.5515695067264574
1151,0.5156950672645739
1152,0.4708520179372198
1153,0.5874439461883408
1154,0.4932735426008968
1155,0.4977578475336323
1156,0.5067264573991032
1157,0.5112107623318386
1158,0.5426008968609866
1159,0.5291479820627802
1160,0.4708520179372198
1161,0.4977578475336323
1162,0.5470852017937221
1163,0.5605381165919282
1164,0.5515695067264574
1165,0.4977578475336323
1166,0.5336322869955157
1167,0.5695067264573991
1168,0.5156950672645739
1169,0.4977578475336323
1170,0.5291479820627802
1171,0.5067264573991032
1172,0.5426008968609866
1173,0.5156950672645739
1174,0.5246636771300448
1175,0.5560538116591929
1176,0.5022421524663677
1177,0.4977578475336323
1178,0.5246636771300448
1179,0.5426008968609866
1180,0.5246636771300448
1181,0.5291479820627802
1182,0.5381165919282511
1183,0.4932735426008968
1184,0.5201793721973094
1185,0.5112107623318386
1186,0.5515695067264574
1187,0.5470852017937221
1188,0.5605381165919282
1189,0.5201793721973094
1190,0.4843049327354261
1191,0.5291479820627802
1192,0.4753363228699552
1193,0.4798206278026906
1194,0.5426008968609866
1195,0.5112107623318386
1196,0.4977578475336323
1197,0.5336322869955157
1198,0.4932735426008968
1199,0.5291479820627802
1200,0.5156950672645739
1201,0.4843049327354261
1202,0.5246636771300448
1203,0.5470852017937221
1204,0.5156950672645739
1205,0.5336322869955157
1206,0.5515695067264574
1207,0.5426008968609866
1208,0.5515695067264574
1209,0.5291479820627802
1210,0.4977578475336323
1211,0.5067264573991032
1212,0.5336322869955157
1213,0.5201793721973094
1214,0.5291479820627802
1215,0.4932735426008968
1216,0.4887892376681615
1217,0.5112107623318386
1218,0.5156950672645739
1219,0.5112107623318386
1220,0.5246636771300448
1221,0.4753363228699552
1222,0.5336322869955157
1223,0.5784753363228701
1224,0.5829596412556054
1225,0.5605381165919282
1226,0.4887892376681615
1227,0.5201793721973094
1228,0.5067264573991032
1229,0.4753363228699552
1230,0.5246636771300448
1231,0.4798206278026906
1232,0.5291479820627802
1233,0.5291479820627802
1234,0.4977578475336323
1235,0.5739910313901345
1236,0.4663677130044843
1237,0.5605381165919282
1238,0.5067264573991032
1239,0.5695067264573991
1240,0.5156950672645739
1241,0.5470852017937221
1242,0.4887892376681615
1243,0.4798206278026906
1244,0.5739910313901345
1245,0.5291479820627802
1246,0.5515695067264574
1247,0.5246636771300448
1248,0.4977578475336323
1249,0.5739910313901345
1250,0.45291479820627795
1251,0.5201793721973094
1252,0.5201793721973094
1253,0.5291479820627802
1254,0.5470852017937221
1255,0.5470852017937221
1256,0.5201793721973094
1257,0.5605381165919282
1258,0.5515695067264574
1259,0.5560538116591929
1260,0.5515695067264574
1261,0.4573991031390134
1262,0.5605381165919282
1263,0.5605381165919282
1264,0.5067264573991032
1265,0.5156950672645739
1266,0.5156950672645739
1267,0.5605381165919282
1268,0.5022421524663677
1269,0.5515695067264574
1270,0.5022421524663677
1271,0.4932735426008968
1272,0.5695067264573991
1273,0.5022421524663677
1274,0.4932735426008968
1275,0.5246636771300448
1276,0.4753363228699552
1277,0.5336322869955157
1278,0.5291479820627802
1279,0.4932735426008968
1280,0.5156950672645739
1281,0.5067264573991032
1282,0.4977578475336323
1283,0.5381165919282511
1284,0.4932735426008968
1285,0.5336322869955157
1286,0.5067264573991032
1287,0.4753363228699552
1288,0.5246636771300448
1289,0.5336322869955157
1290,0.5112107623318386
1291,0.5022421524663677
1292,0.4753363228699552
1293,0.5291479820627802
1294,0.5067264573991032
1295,0.5156950672645739
1296,0.5246636771300448
1297,0.5560538116591929
1298,0.4708520179372198
1299,0.5650224215246636
1300,0.4843049327354261
1301,0.5112107623318386
1302,0.5246636771300448
1303,0.5426008968609866
1304,0.5560538116591929
1305,0.5695067264573991
1306,0.5336322869955157
1307,0.5426008968609866
1308,0.5022421524663677
1309,0.5515695067264574
1310,0.5470852017937221
1311,0.5156950672645739
1312,0.5022421524663677
1313,0.4798206278026906
1314,0.4932735426008968
1315,0.5201793721973094
1316,0.4977578475336323
1317,0.5560538116591929
1318,0.4753363228699552
1319,0.5426008968609866
1320,0.5336322869955157
1321,0.5201793721973094
1322,0.5112107623318386
1323,0.5067264573991032
1324,0.5605381165919282
1325,0.5381165919282511
1326,0.5156950672645739
1327,0.5470852017937221
1328,0.5470852017937221
1329,0.5022421524663677
1330,0.5156950672645739
1331,0.5291479820627802
1332,0.5112107623318386
1333,0.5336322869955157
1334,0.5605381165919282
1335,0.5605381165919282
1336,0.5336322869955157
1337,0.5022421524663677
1338,0.4887892376681615
1339,0.5022421524663677
1340,0.5515695067264574
1341,0.5291479820627802
1342,0.5201793721973094
1343,0.5156950672645739
1344,0.5067264573991032
1345,0.5381165919282511
1346,0.5829596412556054
1347,0.5515695067264574
1348,0.5291479820627802
1349,0.4932735426008968
1350,0.4887892376681615
1351,0.4977578475336323
1352,0.5605381165919282
1353,0.5067264573991032
1354,0.4798206278026906
1355,0.5381165919282511
1356,0.4798206278026906
1357,0.5156950672645739
1358,0.4932735426008968
1359,0.5291479820627802
1360,0.5291479820627802
1361,0.5246636771300448
1362,0.5022421524663677
1363,0.5022421524663677
1364,0.5201793721973094
1365,0.5291479820627802
1366,0.5381165919282511
1367,0.5067264573991032
1368,0.5201793721973094
1369,0.4977578475336323
1370,0.5067264573991032
1371,0.4932735426008968
1372,0.5022421524663677
1373,0.4663677130044843
1374,0.4932735426008968
1375,0.5291479820627802
1376,0.5112107623318386
1377,0.5560538116591929
1378,0.5291479820627802
1379,0.4977578475336323
1380,0.5112107623318386
1381,0.5022421524663677
1382,0.5291479820627802
1383,0.5336322869955157
1384,0.5201793721973094
1385,0.5067264573991032
1386,0.5470852017937221
1387,0.5201793721973094
1388,0.5201793721973094
1389,0.4843049327354261
1390,0.4932735426008968
1391,0.5112107623318386
1392,0.4977578475336323
1393,0.5246636771300448
1394,0.4977578475336323
1395,0.5605381165919282
1396,0.5156950672645739
1397,0.4977578475336323
1398,0.5336322869955157
1399,0.4439461883408072
1400,0.5470852017937221
1401,0.5470852017937221
1402,0.4887892376681615
1403,0.5067264573991032
1404,0.4932735426008968
1405,0.5336322869955157
1406,0.5201793721973094
1407,0.4798206278026906
1408,0.5022421524663677
1409,0.5112107623318386
1410,0.5515695067264574
1411,0.5426008968609866
1412,0.5336322869955157
1413,0.4932735426008968
1414,0.5022421524663677
1415,0.4798206278026906
1416,0.5022421524663677
1417,0.5560538116591929
1418,0.5426008968609866
1419,0.5381165919282511
1420,0.5156950672645739
1421,0.5381165919282511
1422,0.5336322869955157
1423,0.5560538116591929
1424,0.4977578475336323
1425,0.5470852017937221
1426,0.5112107623318386
1427,0.5426008968609866
1428,0.5426008968609866
1429,0.5067264573991032
1430,0.5112107623318386
1431,0.4887892376681615
1432,0.5112107623318386
1433,0.4394618834080717
1434,0.5112107623318386
1435,0.4887892376681615
1436,0.45291479820627795
1437,0.5470852017937221
1438,0.5022421524663677
1439,0.4977578475336323
1440,0.5291479820627802
1441,0.5426008968609866
1442,0.5201793721973094
1443,0.4573991031390134
1444,0.5560538116591929
1445,0.4887892376681615
1446,0.5336322869955157
1447,0.5067264573991032
1448,0.5515695067264574
1449,0.4932735426008968
1450,0.5067264573991032
1451,0.4977578475336323
1452,0.5515695067264574
1453,0.5964125560538116
1454,0.5291479820627802
1455,0.5336322869955157
1456,0.4887892376681615
1457,0.4887892376681615
1458,0.5022421524663677
1459,0.5291479820627802
1460,0.5605381165919282
1461,0.5874439461883408
1462,0.5246636771300448
1463,0.5112107623318386
1464,0.5156950672645739
1465,0.4932735426008968
1466,0.4887892376681615
1467,0.5246636771300448
1468,0.5201793721973094
1469,0.5246636771300448
1470,0.5336322869955157
1471,0.5246636771300448
1472,0.5112107623318386
1473,0.5336322869955157
1474,0.5470852017937221
1475,0.5515695067264574
1476,0.4932735426008968
1477,0.5112107623318386
1478,0.5201793721973094
1479,0.4977578475336323
1480,0.5067264573991032
1481,0.4573991031390134
1482,0.5067264573991032
1483,0.5426008968609866
1484,0.5112107623318386
1485,0.5381165919282511
1486,0.5067264573991032
1487,0.5560538116591929
1488,0.5381165919282511
1489,0.5201793721973094
1490,0.4618834080717489
1491,0.5695067264573991
1492,0.4932735426008968
1493,0.4977578475336323
1494,0.5022421524663677
1495,0.5291479820627802
1496,0.4394618834080717
1497,0.4753363228699552
1498,0.5381165919282511
1499,0.5426008968609866
1500,0.5201793721973094
1501,0.4798206278026906
1502,0.6188340807174888
1503,0.4932735426008968
1504,0.4708520179372198
1505,0.4663677130044843
1506,0.5067264573991032
1507,0.5201793721973094
1508,0.5156950672645739
1509,0.5067264573991032
1510,0.5291479820627802
1511,0.5381165919282511
1512,0.5336322869955157
1513,0.5291479820627802
1514,0.4798206278026906
1515,0.5201793721973094
1516,0.5470852017937221
1517,0.5291479820627802
1518,0.5067264573991032
1519,0.5470852017937221
1520,0.4887892376681615
1521,0.5022421524663677
1522,0.5112107623318386
1523,0.5291479820627802
1524,0.5022421524663677
1525,0.4932735426008968
1526,0.4977578475336323
1527,0.5291479820627802
1528,0.5291479820627802
1529,0.4843049327354261
1530,0.4977578475336323
1531,0.5022421524663677
1532,0.4932735426008968
1533,0.5246636771300448
1534,0.5156950672645739
1535,0.5515695067264574
1536,0.5426008968609866
1537,0.5022421524663677
1538,0.4977578475336323
1539,0.4932735426008968
1540,0.5381165919282511
1541,0.5515695067264574
1542,0.5291479820627802
1543,0.5426008968609866
1544,0.4843049327354261
1545,0.5201793721973094
1546,0.5246636771300448
1547,0.5201793721973094
1548,0.5381165919282511
1549,0.5112107623318386
1550,0.5246636771300448
1551,0.5650224215246636
1552,0.5560538116591929
1553,0.5381165919282511
1554,0.5381165919282511
1555,0.5201793721973094
1556,0.4887892376681615
1557,0.4977578475336323
1558,0.5381165919282511
1559,0.4484304932735426
1560,0.4843049327354261
1561,0.4887892376681615
1562,0.5470852017937221
1563,0.5739910313901345
1564,0.4843049327354261
1565,0.5112107623318386
1566,0.5605381165919282
1567,0.5067264573991032
1568,0.5246636771300448
1569,0.5381165919282511
1570,0.5470852017937221
1571,0.5650224215246636
1572,0.5022421524663677
1573,0.5381165919282511
1574,0.4708520179372198
1575,0.5650224215246636
1576,0.5201793721973094
1577,0.5336322869955157
1578,0.5426008968609866
1579,0.5336322869955157
1580,0.5515695067264574
1581,0.5022421524663677
1582,0.5156950672645739
1583,0.5246636771300448
1584,0.5291479820627802
1585,0.4753363228699552
1586,0.5426008968609866
1587,0.4932735426008968
1588,0.4843049327354261
1589,0.5201793721973094
1590,0.5246636771300448
1591,0.5605381165919282
1592,0.5067264573991032
1593,0.4798206278026906
1594,0.4932735426008968
1595,0.5022421524663677
1596,0.5112107623318386
1597,0.5067264573991032
1598,0.4932735426008968
1599,0.5560538116591929
1600,0.5426008968609866
1601,0.5112107623318386
1602,0.5067264573991032
1603,0.5605381165919282
1604,0.5291479820627802
1605,0.4932735426008968
1606,0.5067264573991032
1607,0.5695067264573991
1608,0.4843049327354261
1609,0.4753363228699552
1610,0.5381165919282511
1611,0.5605381165919282
1612,0.5336322869955157
1613,0.4977578475336323
1614,0.5381165919282511
1615,0.5291479820627802
1616,0.5470852017937221
1617,0.4932735426008968
1618,0.5874439461883408
1619,0.5426008968609866
1620,0.5739910313901345
1621,0.5022421524663677
1622,0.4663677130044843
1623,0.5201793721973094
1624,0.5201793721973094
1625,0.5605381165919282
1626,0.5022421524663677
1627,0.5381165919282511
1628,0.4708520179372198
1629,0.5560538116591929
1630,0.5112107623318386
1631,0.5201793721973094
1632,0.5381165919282511
1633,0.5022421524663677
1634,0.5022421524663677
1635,0.5515695067264574
1636,0.5426008968609866
1637,0.4843049327354261
1638,0.5022421524663677
1639,0.5560538116591929
1640,0.5291479820627802
1641,0.5022421524663677
1642,0.4932735426008968
1643,0.5156950672645739
1644,0.5336322869955157
1645,0.4977578475336323
1646,0.5246636771300448
1647,0.5336322869955157
1648,0.5515695067264574
1649,0.5291479820627802
1650,0.5695067264573991
1651,0.4977578475336323
1652,0.5156950672645739
1653,0.5426008968609866
1654,0.5022421524663677
1655,0.5112107623318386
1656,0.4663677130044843
1657,0.5067264573991032
1658,0.5560538116591929
1659,0.5201793721973094
1660,0.5426008968609866
1661,0.5291479820627802
1662,0.5605381165919282
1663,0.5784753363228701
1664,0.5201793721973094
1665,0.5201793721973094
1666,0.4618834080717489
1667,0.5022421524663677
1668,0.4708520179372198
1669,0.5381165919282511
1670,0.6053811659192825
1671,0.5605381165919282
1672,0.5067264573991032
1673,0.5336322869955157
1674,0.5246636771300448
1675,0.5067264573991032
1676,0.5246636771300448
1677,0.5515695067264574
1678,0.4932735426008968
1679,0.5291479820627802
1680,0.5246636771300448
1681,0.5201793721973094
1682,0.5515695067264574
1683,0.5515695067264574
1684,0.5067264573991032
1685,0.5605381165919282
1686,0.5470852017937221
1687,0.4977578475336323
1688,0.5426008968609866
1689,0.5291479820627802
1690,0.5605381165919282
1691,0.5560538116591929
1692,0.5381165919282511
1693,0.5112107623318386
1694,0.5650224215246636
1695,0.5336322869955157
1696,0.4887892376681615
1697,0.4753363228699552
1698,0.4977578475336323
1699,0.5201793721973094
1700,0.4843049327354261
1701,0.4484304932735426
1702,0.5650224215246636
1703,0.5291479820627802
1704,0.5426008968609866
1705,0.5695067264573991
1706,0.5291479820627802
1707,0.5022421524663677
1708,0.5022421524663677
1709,0.5291479820627802
1710,0.4798206278026906
1711,0.5067264573991032
1712,0.5291479820627802
1713,0.5112107623318386
1714,0.4932735426008968
1715,0.5426008968609866
1716,0.5067264573991032
1717,0.5605381165919282
1718,0.5246636771300448
1719,0.5291479820627802
1720,0.5426008968609866
1721,0.4753363228699552
1722,0.5426008968609866
1723,0.4932735426008968
1724,0.5919282511210763
1725,0.5246636771300448
1726,0.5291479820627802
1727,0.5156950672645739
1728,0.5426008968609866
1729,0.5336322869955157
1730,0.5291479820627802
1731,0.5695067264573991
1732,0.5156950672645739
1733,0.5650224215246636
1734,0.5515695067264574
1735,0.5650224215246636
1736,0.5605381165919282
1737,0.4977578475336323
1738,0.5381165919282511
1739,0.5156950672645739
1740,0.4977578475336323
1741,0.5067264573991032
1742,0.5201793721973094
1743,0.5291479820627802
1744,0.5291479820627802
1745,0.5426008968609866
1746,0.4932735426008968
1747,0.5201793721973094
1748,0.5156950672645739
1749,0.5650224215246636
1750,0.5515695067264574
1751,0.4932735426008968
1752,0.5156950672645739
1753,0.5291479820627802
1754,0.5336322869955157
1755,0.5246636771300448
1756,0.5201793721973094
1757,0.4887892376681615
1758,0.5336322869955157
1759,0.5067264573991032
1760,0.4618834080717489
1761,0.5112107623318386
1762,0.5470852017937221
1763,0.4887892376681615
1764,0.4753363228699552
1765,0.5112107623318386
1766,0.5022421524663677
1767,0.4618834080717489
1768,0.5067264573991032
1769,0.5560538116591929
1770,0.5112107623318386
1771,0.4663677130044843
1772,0.4932735426008968
1773,0.5291479820627802
1774,0.5112107623318386
1775,0.5291479820627802
1776,0.5022421524663677
1777,0.5022421524663677
1778,0.5291479820627802
1779,0.4932735426008968
1780,0.4977578475336323
1781,0.5112107623318386
1782,0.4932735426008968
1783,0.5246636771300448
1784,0.5201793721973094
1785,0.4753363228699552
1786,0.4932735426008968
1787,0.5067264573991032
1788,0.5381165919282511
1789,0.4843049327354261
1790,0.5246636771300448
1791,0.5291479820627802
1792,0.5156950672645739
1793,0.5829596412556054
1794,0.5067264573991032
1795,0.4573991031390134
1796,0.5336322869955157
1797,0.5022421524663677
1798,0.5246636771300448
1799,0.5291479820627802
1800,0.4798206278026906
1801,0.5336322869955157
1802,0.5515695067264574
1803,0.4798206278026906
1804,0.5560538116591929
1805,0.5291479820627802
1806,0.5515695067264574
1807,0.5201793721973094
1808,0.4977578475336323
1809,0.5470852017937221
1810,0.5291479820627802
1811,0.5739910313901345
1812,0.5067264573991032
1813,0.4843049327354261
1814,0.5067264573991032
1815,0.5605381165919282
1816,0.5291479820627802
1817,0.5156950672645739
1818,0.5560538116591929
1819,0.5067264573991032
1820,0.5470852017937221
1821,0.5156950672645739
1822,0.5515695067264574
1823,0.5560538116591929
1824,0.5470852017937221
1825,0.5201793721973094
1826,0.4932735426008968
1827,0.5022421524663677
1828,0.5336322869955157
1829,0.5067264573991032
1830,0.45291479820627795
1831,0.5919282511210763
1832,0.5470852017937221
1833,0.5784753363228701
1834,0.5112107623318386
1835,0.5560538116591929
1836,0.5426008968609866
1837,0.5067264573991032
1838,0.4932735426008968
1839,0.5470852017937221
1840,0.5201793721973094
1841,0.5739910313901345
1842,0.5605381165919282
1843,0.5605381165919282
1844,0.5022421524663677
1845,0.5426008968609866
1846,0.5650224215246636
1847,0.5022421524663677
1848,0.5201793721973094
1849,0.5426008968609866
1850,0.5426008968609866
1851,0.5605381165919282
1852,0.5022421524663677
1853,0.5650224215246636
1854,0.5201793721973094
1855,0.5291479820627802
1856,0.5246636771300448
1857,0.5246636771300448
1858,0.5067264573991032
1859,0.4708520179372198
1860,0.5560538116591929
1861,0.5291479820627802
1862,0.5426008968609866
1863,0.5336322869955157
1864,0.5246636771300448
1865,0.5201793721973094
1866,0.5201793721973094
1867,0.4977578475336323
1868,0.5695067264573991
1869,0.5470852017937221
1870,0.5201793721973094
1871,0.5156950672645739
1872,0.4932735426008968
1873,0.5201793721973094
1874,0.4887892376681615
1875,0.5112107623318386
1876,0.5067264573991032
1877,0.5201793721973094
1878,0.5201793721973094
1879,0.5381165919282511
1880,0.5560538116591929
1881,0.5201793721973094
1882,0.5560538116591929
1883,0.5022421524663677
1884,0.5201793721973094
1885,0.4843049327354261
1886,0.4932735426008968
1887,0.5470852017937221
1888,0.4932735426008968
1889,0.5201793721973094
1890,0.5112107623318386
1891,0.5381165919282511
1892,0.4887892376681615
1893,0.5605381165919282
1894,0.4887892376681615
1895,0.6053811659192825
1896,0.5605381165919282
1897,0.5426008968609866
1898,0.5246636771300448
1899,0.5426008968609866
1900,0.5022421524663677
1901,0.5022421524663677
1902,0.5246636771300448
1903,0.5201793721973094
1904,0.5067264573991032
1905,0.4977578475336323
1906,0.5336322869955157
1907,0.5695067264573991
1908,0.5426008968609866
1909,0.5112107623318386
1910,0.5067264573991032
1911,0.5112107623318386
1912,0.4932735426008968
1913,0.5426008968609866
1914,0.4843049327354261
1915,0.5426008968609866
1916,0.5201793721973094
1917,0.5381165919282511
1918,0.5246636771300448
1919,0.5560538116591929
1920,0.5156950672645739
1921,0.5515695067264574
1922,0.5201793721973094
1923,0.5336322869955157
1924,0.5156950672645739
1925,0.4843049327354261
1926,0.5336322869955157
1927,0.5291479820627802
1928,0.5067264573991032
1929,0.5201793721973094
1930,0.5291479820627802
1931,0.4798206278026906
1932,0.4798206278026906
1933,0.5426008968609866
1934,0.5156950672645739
1935,0.5381165919282511
1936,0.5201793721973094
1937,0.4708520179372198
1938,0.5560538116591929
1939,0.4887892376681615
1940,0.4663677130044843
1941,0.5336322869955157
1942,0.4932735426008968
1943,0.5381165919282511
1944,0.5650224215246636
1945,0.5381165919282511
1946,0.5291479820627802
1947,0.5067264573991032
1948,0.4977578475336323
1949,0.5022421524663677
1950,0.5201793721973094
1951,0.5201793721973094
1952,0.5381165919282511
1953,0.4887892376681615
1954,0.5291479820627802
1955,0.5381165919282511
1956,0.5605381165919282
1957,0.5470852017937221
1958,0.5156950672645739
1959,0.5874439461883408
1960,0.5246636771300448
1961,0.5426008968609866
1962,0.5336322869955157
1963,0.5291479820627802
1964,0.5201793721973094
1965,0.5784753363228701
1966,0.6233183856502242
1967,0.5515695067264574
1968,0.5426008968609866
1969,0.5156950672645739
1970,0.5201793721973094
1971,0.5336322869955157
1972,0.5156950672645739
1973,0.5381165919282511
1974,0.5515695067264574
1975,0.5605381165919282
1976,0.5291479820627802
1977,0.5829596412556054
1978,0.5470852017937221
1979,0.4843049327354261
1980,0.5246636771300448
1981,0.5291479820627802
1982,0.4932735426008968
1983,0.5291479820627802
1984,0.5426008968609866
1985,0.5156950672645739
1986,0.5067264573991032
1987,0.5381165919282511
1988,0.5739910313901345
1989,0.5246636771300448
1990,0.4753363228699552
1991,0.4708520179372198
1992,0.5605381165919282
1993,0.5291479820627802
1994,0.5470852017937221
1995,0.5067264573991032
1996,0.5022421524663677
1997,0.5381165919282511
1998,0.5336322869955157
1999,0.5156950672645739
