,value_per_image
0,22.513903217910087
1,33.07045985868589
2,33.42137989935762
3,30.95628621249387
4,29.835686828128715
5,42.37261289368156
6,31.764402892622275
7,30.148853874073264
8,26.40218956954617
9,27.458746613485314
10,31.6069234600851
11,26.431275509722507
12,31.886765270241177
13,30.463380067490256
14,31.554174739402026
15,33.336029307870255
16,15.961124841311852
17,25.677555002485388
18,23.345993872691867
19,21.0041077074509
20,29.694361609166943
21,22.696511285798838
22,24.361871546619167
23,25.06419521134235
24,24.00652451702349
25,29.565119821343455
26,18.72772629701245
27,23.128105666374058
28,29.853278303445418
29,29.780008699794067
30,28.4610286156908
31,24.43018482404079
32,24.14858982134091
33,30.627005663737783
34,24.640212991453236
35,24.26365248772417
36,22.748252961139983
37,24.299406655581496
38,26.48776490809525
39,28.34361102756589
40,27.114618861688985
41,22.568180943937925
42,23.4046655403358
43,25.13792693789547
44,29.58646803750062
45,28.334496815899275
46,25.334150828708797
47,27.566316591186656
48,26.40637663710901
49,25.07789034588596
50,20.490108825297384
51,28.300672344301656
52,25.36184850920783
53,22.697074563336535
54,28.578749441184655
55,28.085980026528894
56,26.52921406970458
57,27.155415871096118
58,25.890694412429042
59,23.58954717225983
60,26.75549677063797
61,23.30069305788157
62,27.170686461587223
63,26.837156607650353
64,25.646950970153796
65,23.607226094576056
66,24.67381106931486
67,29.905136074974905
68,25.78752378952761
69,27.455363252590907
70,35.14577288572891
71,26.71739705688499
72,25.231018979157014
73,25.17028686848334
74,23.344901093607852
75,24.654584180356977
76,29.689824864322674
77,26.01467786203597
78,21.718705313307183
79,28.641713997241414
80,25.36857773411155
81,23.488340198394088
82,20.93288222021971
83,26.380226937181
84,23.179013962727932
85,22.293659687073085
86,24.018257532618925
87,26.028285182326176
88,23.060548151650934
89,27.54340812205544
90,21.352300513576218
91,24.30281076553484
92,20.59526159498833
93,26.49913174254642
94,23.342052773929716
95,25.63914345167756
96,25.529242232847906
97,20.880085543503128
98,26.15985564517495
99,24.939332632402333
100,29.313556645532653
101,24.561389992653258
102,29.778400595772933
103,26.104286582074952
104,26.036085765853564
105,23.062649218509556
106,23.251742794172696
107,21.79986484993726
108,23.31614794045936
109,25.365396471948007
110,21.933523316493766
111,21.846375834108898
112,24.536549969592233
113,28.894158040619928
114,26.560349677395568
115,26.071934013203823
116,24.546230241476774
117,25.419156054203693
118,26.894605623660233
119,24.714462331602643
120,25.887475165134934
121,21.486870028692913
122,25.28397997296914
123,23.37272283222352
124,24.091196130573955
125,20.60480155245042
126,24.187405448436717
127,27.861709291081368
128,23.630039929970582
129,26.42329467674169
130,24.71834498444092
131,25.583524822293437
132,27.261908862622356
133,29.474742106886644
134,27.48998302636447
135,29.857098499805147
136,21.341802004852877
137,23.302731059253176
138,24.376540570852637
139,23.960672935091818
140,26.52851672895992
141,28.54492659328009
142,25.692995034312943
143,27.469714584776156
144,23.411660133123213
145,25.035740516879933
146,25.380901790862957
147,19.461880722953328
148,25.157257468552668
149,25.801172646370073
150,26.705212441826642
151,26.944020874462282
152,23.736734343828687
153,22.846003204781837
154,23.68019374344558
155,26.598701721947748
156,25.252051201374393
157,23.172810403533123
158,27.452501879850125
159,26.601793506719734
160,24.61581838309328
161,24.425975325891788
162,23.417034884728867
163,22.809565024645597
164,25.74035674297917
165,25.127443428916127
166,25.130468839807577
167,27.4827304513774
168,24.468861273916417
169,24.615076970726353
170,26.292146005144918
171,24.98047571024836
172,24.67486357019208
173,25.770779067428297
174,23.974843581356783
175,21.96278400257006
176,26.237938975338597
177,21.723342222258413
178,25.774581330101423
179,22.55520056935547
180,30.309788602566723
181,28.786862315217594
182,21.265725511943614
183,28.150984921424573
184,26.295807931112115
185,22.180774176591825
186,26.14452606212073
187,24.2644273282158
188,24.86853055877941
189,26.75742602887771
190,28.705959136642797
191,24.665321092683847
192,24.377970039329192
193,25.129340330247853
194,21.063786996438232
195,23.068229704575522
196,27.490508407182556
197,26.389157183393092
198,22.64894608194364
199,26.931503199436328
200,23.594533386574778
201,24.777273056706992
202,24.95431375087969
203,26.43574664219428
204,26.177248614156877
205,24.151405915344984
206,26.813227236869317
207,28.523954158660942
208,25.65919953658601
209,22.867704584034612
210,22.634065298401033
211,26.78117308130516
212,26.58109447476325
213,26.422147583520854
214,26.530952451324648
215,24.65899311401926
216,27.455278491418643
217,25.258274640579035
218,25.86435379794606
219,27.707248831054116
220,27.720715620801823
221,25.16017373692642
222,25.895031661237926
223,28.168397619301977
224,24.923738852868574
225,26.96126233442791
226,26.30469545535377
227,26.06578198261277
228,25.172719495457997
229,28.537587553296536
230,24.194996404831283
231,26.007740845794018
232,27.300862318768132
233,26.996232923395056
234,23.493471741972442
235,25.232306326630574
236,27.84249431801058
237,27.195839926250517
238,24.316789680362387
239,26.578297612631847
240,24.42367997059372
241,23.14289838912902
242,25.00894749178321
243,28.366904356118756
244,25.26984528834839
245,26.690507348898656
246,24.242481292242616
247,25.06883673156649
248,23.83005991879632
249,39.686083500055126
250,28.62096749692555
251,20.9747656467605
252,27.286000483416867
253,21.39808905210907
254,26.418033304580796
255,18.57094137026261
256,23.89664652879083
257,23.09589613641123
258,23.552026034832338
259,24.167159067512955
260,26.646880948734758
261,26.202564436063803
262,24.833219192196186
263,18.91992630470481
264,24.1085295887998
265,29.38596788657873
266,22.032381049728965
267,27.93584744577762
268,24.661994952090033
269,23.35918369740249
270,23.147990203289858
271,23.080760653529232
272,27.887411097618944
273,25.84736867657907
274,24.475735969521292
275,25.01562374886942
276,23.53644194750259
277,26.59354291358902
278,27.013170960974872
279,25.290537841403342
280,25.879399238476882
281,25.337305597978595
282,23.919827138812035
283,26.682701911017325
284,25.179419370530248
285,21.31042769810509
286,23.403075079621075
287,22.637063554475144
288,27.03101251111637
289,20.70701234964783
290,30.223569840819724
291,24.037537124489145
292,24.656356259330384
293,28.25133345688135
294,23.61632426757789
295,24.112701886547335
296,28.566560786288512
297,23.462483501591752
298,24.578378751645598
299,23.27739597774317
300,27.65155722461889
301,17.8254682983193
302,26.61014619617268
303,26.60646970755439
304,25.479026190410643
305,24.729680317509015
306,25.99675314433652
307,25.230781424120305
308,25.435241959387394
309,23.589907512159794
310,22.995390211828486
311,26.491944413104495
312,25.937946875964965
313,30.303106386256133
314,24.299412826324264
315,26.749977915872797
316,27.702085330842333
317,27.590182401112568
318,23.88702285205811
319,25.60638152965344
320,30.316166648035868
321,24.06501313261357
322,29.393559489970286
323,25.817949108873783
324,23.819630766319566
325,28.96702264755527
326,27.40950808750507
327,22.198450155672848
328,24.919772375773473
329,28.836958868159016
330,26.361065209735976
331,23.277139804468547
332,26.048412639438496
333,31.77133327513278
334,25.476651178547513
335,26.66949141110783
336,23.44632074342476
337,26.36005637923075
338,23.345479022144914
339,24.183943430451958
340,23.104717811338386
341,24.077014611975994
342,23.463819755652125
343,24.32009961663938
344,26.809900870024567
345,26.27728520478869
346,25.558341502441007
347,26.923023401120247
348,23.998669741736087
349,23.646054804176373
350,25.66316787202046
351,27.649184743870528
352,24.343365144873676
353,29.574069061044565
354,24.41626058807189
355,26.225966516332303
356,22.639879367316908
357,28.860425158267187
358,26.30420712080671
359,23.577134725886676
360,27.95474501996124
361,23.37441318857127
362,25.760010368199282
363,21.937866869047898
364,33.01924779859724
365,24.861311250944272
366,25.10305942948279
367,21.677227487410295
368,24.218512814725333
369,19.808459119871383
370,26.66039442899427
371,26.668744415808227
372,22.602083686836444
373,25.784154439467724
374,27.449093764475556
375,20.979991868327396
376,25.57515036050983
377,21.21427822223421
378,26.426038673851977
379,23.937952402646047
380,31.341031862765245
381,26.099755719119013
382,27.9073506160671
383,24.794460739496227
384,24.906949262040353
385,24.40311655020329
386,22.254688425267908
387,29.32733886807041
388,24.06647152961062
389,25.384029183700786
390,23.29499000581404
391,28.285222541603336
392,25.279333769486527
393,22.897478821685848
394,27.288293854537198
395,24.58979145310057
396,25.523332663700067
397,23.745665468338274
398,24.85640966368051
399,24.81307213661485
400,28.88919805394414
401,29.027095633276428
402,24.90998088170239
403,35.471417394187355
404,22.677689017210888
405,27.779286537481525
406,28.436733802518035
407,23.37509435885677
408,25.666246868503222
409,26.701031663060377
410,22.9730086110048
411,24.666119400553672
412,26.850770461648022
413,25.966926453742715
414,27.435035681228847
415,18.514087909169056
416,22.716252034988337
417,23.23066690514014
418,25.598990639731618
419,25.571845232472125
420,25.205240317582966
421,22.923250382195736
422,23.04548434161291
423,25.94826150451869
424,26.580424147237988
425,19.770544820833557
426,26.091480155484195
427,23.935758918973328
428,23.11047696399985
429,22.55152625454077
430,23.702683443156168
431,26.05058397652834
432,23.66830895506058
433,25.59748345131141
434,21.509412979847152
435,22.73301855034827
436,24.773608326917753
437,31.711034403868826
438,24.093949544655235
439,23.36815294000709
440,26.793106523180708
441,24.47887859644047
442,24.253530864785773
443,28.03091935003564
444,27.64786308547496
445,26.268915117919597
446,30.768117306893423
447,25.282677348746343
448,24.8053549338041
449,23.09389979999466
450,29.03294612946417
451,22.39101858523042
452,22.00060581400571
453,32.46868695304036
454,27.57679912067455
455,27.956975832374848
456,25.62310451465111
457,21.696977977910194
458,23.58542821128608
459,21.27632071412418
460,24.333893878697776
461,25.13364505366012
462,24.303528127263856
463,32.401863728290174
464,24.072197682508747
465,25.643592472406397
466,24.431027596035815
467,25.08971110017778
468,23.764341175230125
469,24.56610256980874
470,29.909482793747216
471,27.836003213591116
472,24.566848645591467
473,22.88325825729297
474,25.2700078715155
475,30.11420704550262
476,22.292014977496915
477,23.793663999595108
478,24.775962168361037
479,23.093782095522492
480,27.419700310013816
481,27.21747307949348
482,22.735041590946036
483,29.049583099266478
484,22.510982090263084
485,21.23731817947669
486,26.950074066967368
487,22.279270723239062
488,23.531554852529364
489,26.650130654178486
490,25.339520467048303
491,23.552811097365865
492,23.04648589513978
493,27.815515445560944
494,25.99084795246921
495,24.789128250620394
496,22.788102235894662
497,20.078686253040154
498,25.24104571787985
499,21.470010887408627
500,28.226629079625912
501,21.89031687298347
502,25.951370560225037
503,25.045394309257627
504,23.226434131067293
505,23.835276684967067
506,24.751444105890744
507,24.059655340678436
508,26.187935792434896
509,23.568760939033336
510,24.33481195644126
511,26.542390455523396
512,23.772165574745646
513,22.87736568119852
514,27.629661043406074
515,35.298495476606995
516,26.045607939580588
517,22.194225558528206
518,34.15973412107155
519,22.898909104973775
520,24.496976135666134
521,23.80868010187773
522,24.362226878380994
523,29.11576386495325
524,23.978214887242988
525,26.537829394034752
526,22.6740562021044
527,24.24872518307751
528,24.156668533417893
529,24.868775217432912
530,26.87287975635155
531,26.947509815199876
532,25.61584392632607
533,28.36265361568086
534,21.79961920132411
535,23.18448728069603
536,27.160696734600442
537,22.009811105165838
538,24.038654077290463
539,24.62954829915885
540,26.31513094897726
541,23.10326174860485
542,22.26862674753958
543,25.262559879078438
544,18.402952777762614
545,23.18516076247513
546,15.753517362676925
547,22.975133493210503
548,25.33357364987587
549,24.024671656181862
550,26.133212020495368
551,27.39167931242618
552,25.930777956367873
553,23.680045469694
554,26.51954916407756
555,21.719782566979603
556,21.936139322146346
557,21.723085078542194
558,26.187490524936766
559,28.19754933220521
560,22.435069346707532
561,23.937360272234066
562,22.62348704179363
563,21.934365506086035
564,25.747884996268052
565,22.934679236782827
566,23.936516122034085
567,23.209737774602328
568,19.826625307386387
569,21.61577174801124
570,24.120680529315727
571,21.12478228689107
572,26.193296414603683
573,24.805178721447163
574,22.57908601376661
575,23.089332968358075
576,27.350835656917344
577,26.4886040683787
578,24.228304414480622
579,22.81863958917061
580,29.02930975262511
581,23.846216048299922
582,25.553624467105756
583,20.74025803749574
584,27.402710470638745
585,22.670392432551427
586,26.746148746343582
587,24.613695564454517
588,22.62618952352059
589,21.992884989541658
590,24.610448317230052
591,28.22554709057349
592,24.407928040248244
593,25.236030689802643
594,24.468742896840638
595,29.155527510283616
596,25.018052571195238
597,27.195606877834148
598,24.389731187984918
599,25.44872028685463
600,30.81860666442566
601,27.576055592562597
602,26.544192631139747
603,28.075003519164678
604,24.982935204161805
605,23.599744241089347
606,22.836753966649148
607,25.87940047542541
608,20.23710104777623
609,24.339134697762873
610,23.486786725828914
611,27.022039081452046
612,22.824341227471262
613,28.29253455659439
614,25.725816818272236
615,24.369246567192576
616,25.55741566416841
617,27.475299369538075
618,23.41190155227958
619,23.389675781767686
620,27.72004916399353
621,24.204797111369597
622,25.053518698696028
623,24.293827910519664
624,22.354950870743966
625,31.464248153106055
626,24.77137985295628
627,27.4517306158905
628,26.82209959689564
629,20.426098216299746
630,19.244342012362686
631,26.283543064687613
632,23.626897788254336
633,24.463452552367425
634,26.19497339389949
635,15.55483713512367
636,25.801814464161986
637,22.65325454389638
638,22.667170436977624
639,27.16696598745468
640,25.980028681890335
641,25.245327739192767
642,25.881912254334235
643,35.22666619989489
644,23.964247609017455
645,26.116689741888287
646,28.75700149326227
647,27.58084525300172
648,21.077048242622272
649,25.419282557426275
650,27.167401287524157
651,30.75660591575399
652,20.879493745667858
653,23.127056999360647
654,27.490833827162394
655,19.992507295021113
656,25.863295466811557
657,23.802162604882916
658,25.968657000465733
659,28.248790701362125
660,24.658266081629808
661,24.581482260745048
662,26.021445189330343
663,26.063505618387968
664,25.265303278891185
665,20.25550135665039
666,20.32133349797244
667,24.598111253751156
668,31.382579246835213
669,29.71375450408933
670,24.81277416975093
671,26.681362025019457
672,27.350823178227838
673,18.72068775288522
674,21.216604062241124
675,22.52126968153255
676,25.019141102371385
677,27.853925298510557
678,24.052813117222968
679,22.78634922197343
680,22.53170069163927
681,24.680612772848644
682,24.748416799310256
683,27.649667937456446
684,25.20089798060009
685,27.364380944090172
686,23.564775669585348
687,24.92039218019296
688,24.957249144243043
689,22.36548267966861
690,24.47475724042293
691,26.232156287999903
692,29.113677178281822
693,27.410587492022977
694,24.624398990033132
695,28.577923966254435
696,22.12044308134604
697,21.465558630478064
698,26.07324408967679
699,23.910872233252864
700,25.244617324051447
701,26.53787432009305
702,29.251988250762103
703,24.70338543590753
704,26.637338025707624
705,22.466904285730813
706,25.274252842827625
707,25.133185436280698
708,26.909259337294174
709,25.526055667454894
710,27.180029541687524
711,26.59592336109004
712,28.589314019698033
713,27.56907633931154
714,28.120970053996075
715,24.154502672306265
716,24.61633550402319
717,23.462821152602963
718,26.232535698131162
719,23.530394581232695
720,24.771793918643738
721,20.390348832970652
722,28.088860737494265
723,25.624156427745834
724,26.775017304177748
725,24.957815740066355
726,23.471504393157936
727,24.002874301878602
728,23.6156539634864
729,29.817231521317172
730,22.544270663294924
731,25.203700288731497
732,22.203760714074807
733,26.57566470673787
734,30.24111547514326
735,21.113790532762255
736,24.900010629190493
737,27.62365688680268
738,21.922815685121325
739,29.043178360248373
740,25.307919951811517
741,21.888549792760966
742,22.925272677701507
743,28.09587606912086
744,22.97407499874237
745,29.26898787003521
746,24.72336402672776
747,34.30736866862799
748,23.33633634143229
749,26.344115621225626
750,27.197481922704753
751,27.521966022897402
752,22.885405793078963
753,25.562965239614368
754,25.45198874045838
755,27.654020752873187
756,26.067213146950806
757,25.933746689576022
758,23.310577871740986
759,28.101597354397835
760,25.62949419539774
761,25.67382732236057
762,37.12638828550002
763,23.469209969998115
764,25.685927905932367
765,24.41493522648075
766,23.765520111072508
767,24.193380250039617
768,23.590362623721177
769,21.410712073060502
770,26.62244079816876
771,24.92686845389903
772,27.159365069223277
773,26.24174145969191
774,27.426704895280626
775,26.30391530928868
776,26.738312045069037
777,25.93452630940061
778,22.12950332126997
779,26.82594272229296
780,19.82578708226509
781,22.462184174121752
782,25.46938166925163
783,20.41400097637435
784,26.69390777018162
785,26.160234741015174
786,19.87794088978022
787,20.718574732660432
788,20.969354148766374
789,26.48343010607956
790,23.141243721481842
791,30.164081553751867
792,24.17148504337155
793,22.837386038654923
794,21.99774464847959
795,23.246807581584424
796,28.49894122457739
797,22.155355562150515
798,27.686571794817784
799,23.15365726876117
800,22.79032264860502
801,29.812108164987475
802,30.718088149582968
803,26.56851654904181
804,26.354775092600047
805,23.043130097219283
806,25.877353689232038
807,25.583513309973586
808,27.092912853811555
809,23.043007113267766
810,24.401819948959673
811,20.477618082917235
812,19.400017168267613
813,26.77265192180521
814,26.378100666600766
815,24.63480517185142
816,24.78329044384957
817,26.575241501262266
818,21.377107911768476
819,23.958909326566957
820,26.298422147876376
821,26.7261214630413
822,22.938046597683794
823,24.412236729884405
824,25.971158107935715
825,28.446667893882424
826,21.0763378105123
827,25.469734932539165
828,35.47207328794375
829,30.845973427921717
830,25.06172665785543
831,25.669309171897524
832,29.929221610013236
833,31.79283853730359
834,24.164767534571478
835,22.09087588016924
836,24.221730957511582
837,32.33953269802727
838,24.86255977278052
839,25.763381097420783
840,25.124721317519445
841,22.917936038266976
842,27.310821065293688
843,24.309489207567964
844,25.60397244714493
845,22.15832754755906
846,24.97966910043054
847,25.171098686119716
848,24.826741867937717
849,24.87887483642996
850,25.222320372138167
851,27.316139007131156
852,25.857747111167726
853,25.42700769056167
854,22.255226053063158
855,33.30188217096136
856,25.318748650355353
857,21.797228946812044
858,26.439756294253165
859,21.786017080332282
860,23.389629697926726
861,24.635162829086084
862,23.286999820114207
863,27.83350174315877
864,24.205855859324437
865,28.24122519605041
866,24.219736190807748
867,24.207745549998204
868,26.571010924805588
869,21.569130686783357
870,21.16749669499394
871,22.62366170240032
872,26.061790679958836
873,24.858598193462946
874,23.092699886763153
875,27.166262514590805
876,24.801503305445163
877,22.284467438549928
878,26.570084095658423
879,29.816350570512945
880,26.695414433063302
881,25.69320487828132
882,23.90842665825058
883,27.027901843389795
884,23.368915820282336
885,29.26601851422869
886,27.378842822846387
887,27.802900948907627
888,22.45447167169892
889,31.47004367109511
890,27.117883538120864
891,28.602848536757982
892,24.82089130381207
893,30.2015240315495
894,25.466781664778047
895,22.31806647474477
896,26.93054759241427
897,24.149273327036305
898,25.01548753239798
899,26.159618069136215
900,24.258388140603266
901,25.192509040388366
902,24.160726785219033
903,27.08549071940263
904,24.977847413930522
905,24.683924797756887
906,27.188644233895744
907,30.306813221504406
908,23.117116807075792
909,23.71215154693501
910,23.692889570282475
911,25.249277937819844
912,24.5584592353155
913,23.958986254913867
914,25.312446923635537
915,23.761503625292377
916,28.341646004930894
917,23.159950788518756
918,28.306916125547502
919,26.214466613252508
920,28.250337204423733
921,27.489390791638847
922,26.329864895943494
923,26.382118486227313
924,31.808626371700893
925,26.290818933464436
926,29.490140417801335
927,23.905973411520907
928,23.817001403250984
929,25.35733196913127
930,29.077224654652888
931,25.567979216722485
932,26.658530621502614
933,24.797872432500824
934,25.926268570223474
935,24.15689805833622
936,29.480766810358958
937,26.47609405234103
938,29.070983154571486
939,24.883429483007482
940,27.168301868386664
941,23.512908652702624
942,22.768225050706803
943,25.510485466053012
944,29.13026073348452
945,21.931706527160202
946,32.060426402446474
947,28.493607124522253
948,25.76661111938671
949,23.857862799346762
950,24.331258198165205
951,27.391648315611313
952,23.951064824986357
953,28.615165278597456
954,32.57977433388505
955,23.89816533007196
956,22.189561898428156
957,26.24092267738817
958,24.271096132240473
959,26.30847284367775
960,22.1749789004634
961,29.27753410132787
962,26.47060154468991
963,20.977172098999137
964,22.8646060572758
965,23.206440421430415
966,26.027118330146504
967,27.033581457467793
968,23.295717023809637
969,24.564165050240785
970,21.372629882797057
971,27.493204618324672
972,26.763610604259878
973,24.869789001160765
974,25.978606200104206
975,28.366750027574643
976,25.73940122393011
977,25.221671195557835
978,25.113805470147366
979,24.527184052384378
980,28.617696116059182
981,23.807263242226863
982,26.86190505990588
983,29.863201553079147
984,34.01713872542829
985,24.958510698305748
986,20.07745007950292
987,24.89642456352248
988,29.61610235950622
989,29.684536134344278
990,28.33154323666453
991,24.079834838567013
992,24.303439146916805
993,25.269461531039077
994,24.599598991683244
995,24.19801625792178
996,25.00605245778055
997,21.64534402647127
998,23.535336933788084
999,29.917716967281336
1000,22.045059475792478
1001,24.081184783995308
1002,25.835306831420286
1003,28.037672386345296
1004,23.46704261432855
1005,22.151242808462737
1006,23.51073375284736
1007,24.322296250846485
1008,26.669448211513576
1009,31.328644980838867
1010,32.505416484857896
1011,26.21147112606639
1012,28.624286170461527
1013,24.907330984467993
1014,27.004842193111543
1015,31.775199759535564
1016,24.578029031327297
1017,30.962049473762903
1018,25.094928012165777
1019,23.86012616806635
1020,23.21216729334015
1021,25.426721611390445
1022,19.83798685413522
1023,24.634146500856218
1024,27.736647812092578
1025,23.505619653474294
1026,25.813807855783818
1027,23.384362059437724
1028,26.749580043303872
1029,26.686133271901763
1030,21.309969020304123
1031,22.563713898041676
1032,25.791618959766872
1033,29.12769471424087
1034,24.229397175959225
1035,23.995833389927032
1036,25.22904790254119
1037,21.548760910901027
1038,25.27959602895121
1039,26.485178372676522
1040,24.350086413303885
1041,22.95631946585312
1042,25.36310990236986
1043,23.611221618380053
1044,25.466695929112852
1045,24.38582167789195
1046,24.41529393800392
1047,22.23665082876675
1048,23.051105018145087
1049,19.650660350263454
1050,25.166138390514618
1051,27.987913139829857
1052,23.90712711720181
1053,27.532958112162667
1054,27.856502334434737
1055,21.947219364609417
1056,24.362418833783348
1057,19.578671836838744
1058,25.133776765257778
1059,25.456746163449562
1060,23.72589089188365
1061,24.758905469857055
1062,27.71357090161522
1063,27.693494988092016
1064,27.236545638892146
1065,21.92111032818183
1066,24.886919698657163
1067,29.11380288267607
1068,27.54037748382556
1069,22.578746032592605
1070,26.170244263573114
1071,24.008323931970686
1072,24.975319846249857
1073,26.16857535174083
1074,21.834544132378692
1075,24.980383970979563
1076,22.02073768963789
1077,25.47572658348465
1078,22.092861185145757
1079,24.959097052092424
1080,25.51828541523154
1081,21.998827586649085
1082,22.274801392351144
1083,22.71471720952072
1084,25.666268077865638
1085,25.51451134542273
1086,24.974544252961667
1087,27.228092491768844
1088,33.00066266970716
1089,24.782720468786255
1090,23.119961198937293
1091,18.69223393148782
1092,24.479339743759297
1093,23.537281244789778
1094,22.16858842604354
1095,21.960467397056565
1096,29.447730308380557
1097,20.63759275818206
1098,24.42179395279758
1099,24.579729011471727
1100,26.049908704031246
1101,24.74696373150331
1102,22.13749214595405
1103,24.55147819263894
1104,25.724669492360945
1105,26.105066501800398
1106,29.81614099145351
1107,23.47842776494417
1108,24.079377341467822
1109,28.437257295776337
1110,23.330737963880722
1111,24.025321109111406
1112,25.09693566511143
1113,18.68824329644181
1114,24.070281315067493
1115,24.98623312205625
1116,22.206534602242524
1117,25.711767652879974
1118,24.227755570994905
1119,24.413392383413875
1120,28.333320300927404
1121,21.772336600307103
1122,23.40023972114529
1123,21.09798440679817
1124,35.818985541174825
1125,27.233362072886273
1126,20.841669262864883
1127,22.44328823721308
1128,23.56722870922276
1129,25.348615341635004
1130,30.07653710447365
1131,23.268933956978803
1132,28.857825466995145
1133,27.61465841866334
1134,25.280108761822692
1135,30.542652645737473
1136,28.078956278198376
1137,23.258648395581993
1138,27.275595271483454
1139,22.919339361756396
1140,23.02546770521524
1141,26.33867435238372
1142,22.7021699923323
1143,27.318704641004615
1144,36.84956734160095
1145,24.751503277528798
1146,24.867179467458843
1147,23.88981685037933
1148,26.892548978698187
1149,24.893623986339435
1150,26.789732046749435
1151,24.81695905608805
1152,25.32296537857532
1153,24.794353251181327
1154,26.12294898992452
1155,20.961930111365053
1156,24.01897232636384
1157,21.54953929976952
1158,24.813134379634466
1159,20.13536896786007
1160,23.97480300796271
1161,27.123134037372786
1162,25.366056597421125
1163,21.789842909625385
1164,27.476466731400155
1165,22.487913325695807
1166,28.303203149358108
1167,27.32152837829143
1168,27.150145237421683
1169,24.608111335994092
1170,23.642370298582232
1171,27.391239618864798
1172,24.885276306995323
1173,24.907205818555777
1174,25.11832100060294
1175,19.912304353901632
1176,25.870573571968105
1177,28.268726865163096
1178,23.106222507346594
1179,25.497778614070892
1180,26.926799842949453
1181,27.4227851299952
1182,22.52633763343367
1183,27.13344216286589
1184,26.285272371379047
1185,26.987522127570667
1186,26.993736463516573
1187,23.442571630480817
1188,18.55999437848988
1189,22.67530250626254
1190,27.73057553061677
1191,26.270648868889577
1192,24.370669662669776
1193,23.46385791280222
1194,24.68835643953024
1195,24.270401656320544
1196,24.757618802007748
1197,21.532880424479945
1198,24.96738295033793
1199,24.125020890901542
1200,40.157298093541385
1201,28.905964721447628
1202,25.547087632027367
1203,29.570051668036864
1204,22.271521867187364
1205,30.768111938355254
1206,19.1300050047866
1207,26.6607016331997
1208,28.277038383015867
1209,26.860229566734617
1210,26.050559191650542
1211,24.77196691290367
1212,26.746078186938433
1213,22.98906631159319
1214,26.851708672443653
1215,28.798720557514905
1216,23.914019424123733
1217,22.330603328750588
1218,21.19716557785384
1219,24.101037813618557
1220,25.485838523821418
1221,26.926943510682225
1222,26.44326807462101
1223,25.65506250762115
1224,29.90638708700895
1225,24.77140417892208
1226,24.802273469283254
1227,22.942117522365805
1228,23.770677131374118
1229,26.15806172166969
1230,25.98964844068509
1231,23.725782376428516
1232,19.988840451936053
1233,25.66056037106999
1234,25.63100210159567
1235,24.51750423555661
1236,24.269995862931943
1237,22.956171201352692
1238,24.2633812173182
1239,26.959369859447392
1240,24.44767103862791
1241,25.958652225416483
1242,23.169721132459685
1243,20.701349228593266
1244,23.07920519640749
1245,22.277706423726645
1246,26.932457033898853
1247,23.583326005264897
1248,27.190939996707673
1249,27.049108777798168
1250,24.98632502449801
1251,23.563363050506332
1252,26.579067804307538
1253,29.323489828910855
1254,19.44030158094488
1255,23.392993685771728
1256,24.28032254319797
1257,17.235211317311045
1258,26.37626348915726
1259,23.869793742373044
1260,29.766456898095036
1261,24.166211661099528
1262,26.914343955293894
1263,22.6391029708358
1264,31.470598948684035
1265,23.37076927831756
1266,26.71640756276045
1267,25.463370279921623
1268,23.22088480875249
1269,26.268037244892426
1270,23.02063960705742
1271,24.32187185336907
1272,23.525878709616613
1273,26.32301039104695
1274,20.107017813238283
1275,21.594820518949124
1276,25.20345469095535
1277,26.978912119558483
1278,19.657652529601627
1279,28.30914855134156
1280,30.635805684501737
1281,30.603929198649162
1282,18.285247123907226
1283,24.80192823667384
1284,24.323978015232985
1285,26.424126815694628
1286,25.905535172451035
1287,26.600420427433587
1288,24.878185245510373
1289,26.513589800233504
1290,23.36103242438873
1291,30.80079377784182
1292,25.338572302860218
1293,24.15161178785805
1294,21.50253954890643
1295,22.861666907593992
1296,22.732552432209697
1297,24.062374682881703
1298,22.346181538046338
1299,26.201599686353116
1300,25.70030880590397
1301,22.843385782982452
1302,29.235712952318245
1303,25.440243074377406
1304,25.487554069569384
1305,35.380749928897785
1306,25.50045143562442
1307,29.129473422926264
1308,26.560733823935404
1309,17.680156511532342
1310,24.525847647554638
1311,25.61427606054573
1312,23.77846899509019
1313,24.016801518491114
1314,22.692535061970997
1315,24.541845272409613
1316,24.012309326651465
1317,27.593526594818837
1318,23.976098309528272
1319,23.69887584574011
1320,18.874981248461996
1321,23.41135216498327
1322,25.664527505762642
1323,27.579981492985336
1324,24.231835244582324
1325,23.269608559712534
1326,25.193930246937622
1327,27.933167244452658
1328,26.48684990154343
1329,27.540062065237855
1330,25.235986771770733
1331,26.751307538167175
1332,33.98239962580895
1333,25.715046876516727
1334,20.0103039240665
1335,24.590507874492047
1336,25.047640002331406
1337,27.090960507516492
1338,25.17726630357757
1339,24.67204916984674
1340,28.166074438937958
1341,25.914686642828897
1342,21.29562976125719
1343,24.952611086913162
1344,24.65606769992726
1345,29.953445619106073
1346,23.613890058886305
1347,24.694827155547376
1348,26.011500979388703
1349,23.43245508145797
1350,24.279295156016026
1351,24.80485482513032
1352,27.070280519725188
1353,23.604939068359272
1354,27.88118568817764
1355,20.077262329361123
1356,20.509986690513916
1357,26.06678881576089
1358,24.66363111745132
1359,27.402513449827428
1360,21.316428631645376
1361,21.24571111972959
1362,21.230649562939135
1363,29.295809275781846
1364,28.110598491997546
1365,27.117947061196404
1366,27.28692027892849
1367,23.812612708410292
1368,26.325111480539693
1369,23.72117836569774
1370,22.750553613032274
1371,24.713733790262452
1372,25.211107217245807
1373,25.866038185317205
1374,19.369036227503297
1375,21.662709807728415
1376,22.373030883249903
1377,26.179828865641028
1378,25.575116280977245
1379,32.399428506673715
1380,24.6915911417315
1381,24.357423948615512
1382,28.569146485462955
1383,25.613210177073068
1384,28.40240591915779
1385,20.871719824412033
1386,22.022755755859045
1387,23.098370072553003
1388,22.216341611959383
1389,26.75182087944674
1390,20.890876305480383
1391,21.37151088291672
1392,29.414467220698253
1393,27.310591796424735
1394,22.582935482507903
1395,23.730560941037126
1396,23.700198484434853
1397,25.84723384735157
1398,27.83497527503884
1399,26.61569742346575
1400,24.436329407735446
1401,22.092543888258646
1402,26.968012761860848
1403,29.90323330063258
1404,27.58741499016989
1405,24.232688262209905
1406,25.578340440187816
1407,24.81670101456771
1408,28.353924466006255
1409,24.246056803042315
1410,25.93634690600537
1411,23.565580022709266
1412,28.391082115595548
1413,23.163921991551398
1414,19.931089857498815
1415,18.399511622799366
1416,23.937064963212173
1417,25.893086935100687
1418,27.88306179803155
1419,26.153211258456526
1420,24.797373693121653
1421,22.638489541239508
1422,27.033617914087994
1423,24.85588011814022
1424,26.29702768192081
1425,23.613574844494007
1426,24.709980178609165
1427,26.706730013743474
1428,28.724964667094238
1429,25.094144183369057
1430,29.099850820131838
1431,21.802398958619726
1432,23.636820662856735
1433,23.81781236372585
1434,27.7888326807956
1435,21.364500450681426
1436,24.748790442302617
1437,21.995620599270755
1438,24.963982878805353
1439,24.510274915073357
1440,25.04930053877077
1441,26.84992349867503
1442,25.856911204268
1443,23.847787469522064
1444,22.57903614596907
1445,27.745757214693253
1446,26.8180058734008
1447,24.1486116592446
1448,19.734797926496213
1449,26.53755254020977
1450,25.05352725252347
1451,23.29971288655282
1452,25.52038626075654
1453,26.14064018827338
1454,24.71768600118611
1455,18.546869580288774
1456,25.902712753946933
1457,23.319555161946646
1458,24.684111229610664
1459,16.79171825589135
1460,24.397466180184708
1461,25.388611060518716
1462,25.33620698858515
1463,24.50262856656023
1464,26.266531104197156
1465,25.007642361368777
1466,27.163282641007076
1467,26.632315421735242
1468,27.350569860081297
1469,28.268682367052367
1470,25.56928874991283
1471,27.264703693272956
1472,27.89450965517125
1473,25.855094274519193
1474,26.270410553150697
1475,27.05171520317463
1476,24.051806733181486
1477,22.8884102774161
1478,24.762932819504613
1479,25.66638462639659
1480,27.531077066577694
1481,22.425793732085346
1482,22.30740932875963
1483,31.11653970624766
1484,22.345102366592716
1485,27.074430009835755
1486,25.25363850218995
1487,23.97565996843744
1488,24.675170659543607
1489,23.73058713456865
1490,24.89463913733913
1491,22.171396323170207
1492,24.91763235129488
1493,26.08294914059922
1494,25.564539072326696
1495,23.98826419466094
1496,27.1022668471991
1497,24.006407910067725
1498,22.846097378308148
1499,27.57742166087584
1500,25.23567198118736
1501,25.722000114714692
1502,24.69326514613141
1503,28.68947773693246
1504,25.161024875682344
1505,21.89730161420698
1506,21.907495612964077
1507,25.899273001691352
1508,22.953114510651645
1509,23.997487140928705
1510,21.728084106887028
1511,22.081087037322355
1512,25.368847058105036
1513,28.343803209235272
1514,21.428698874027113
1515,31.85837370638697
1516,28.146410709267784
1517,23.141931028822796
1518,23.91430128800442
1519,19.27075406324438
1520,21.299620625830965
1521,23.99490039724059
1522,24.002084329577862
1523,26.182801344965586
1524,24.70964061255928
1525,25.854614239403443
1526,26.289287945031017
1527,29.91950420234515
1528,26.29117006265074
1529,22.124279242230227
1530,23.863639528747015
1531,26.58403663521854
1532,21.608232018025443
1533,19.089983555599556
1534,26.976159098861327
1535,21.21650925775956
1536,22.305226968234255
1537,23.033717073010248
1538,29.846549068576568
1539,22.161925763664772
1540,24.617068884955152
1541,19.772940963077986
1542,27.147050717499283
1543,30.221446541694327
1544,25.160448581798285
1545,23.0385625616036
1546,24.61680882998609
1547,28.746211673528723
1548,26.24882687910752
1549,27.684468511594932
1550,14.59967127455728
1551,23.760008560102
1552,25.602779693633487
1553,26.023848139632353
1554,28.77139912086112
1555,23.28839785978856
1556,21.237219721993323
1557,24.41618864078558
1558,28.12859282540709
1559,25.18328949352885
1560,20.960321877187756
1561,25.150325008591047
1562,31.213528722814235
1563,30.087603011924422
1564,28.709855820000556
1565,25.517413399186538
1566,26.57729548023658
1567,29.354958901542197
1568,27.00496009885318
1569,26.493402455760695
1570,25.89274254213453
1571,21.359993683379543
1572,24.92513443586253
1573,25.50628247810647
1574,21.03595997734574
1575,25.430863636197405
1576,25.818421418309974
1577,25.348109556401553
1578,23.243336058975498
1579,24.704463444201835
1580,18.64944190394121
1581,25.337755673238075
1582,24.741082613999975
1583,26.94864894136967
1584,22.398883870488476
1585,22.94010066516988
1586,24.37947923035229
1587,30.548898000157337
1588,28.82990121572053
1589,23.06215597711235
1590,27.387580493034566
1591,27.384588700340093
1592,23.083000372314608
1593,22.82796326380823
1594,26.700707601002183
1595,24.85219825580744
1596,24.462995899219944
1597,27.148797358117154
1598,24.163137184326352
1599,28.202586532884474
1600,24.779413239855664
1601,26.46182082588689
1602,24.350708143100935
1603,27.045947884288847
1604,25.404286493334226
1605,24.73448441779712
1606,25.7085031434336
1607,25.691652371657465
1608,25.35088068626107
1609,25.331513233548055
1610,24.34074676353749
1611,23.339538839937475
1612,25.12145800172695
1613,22.948752076521274
1614,25.610460671086038
1615,27.433276336247612
1616,20.17054223792681
1617,24.976683112460627
1618,24.357745919893883
1619,28.821704011439927
1620,25.38974865013479
1621,26.542223021734767
1622,31.76739297783763
1623,28.416403996473825
1624,31.72784074246104
1625,24.0741833376365
1626,27.607299708240145
1627,27.71869842010402
1628,21.10003264810769
1629,23.88078866433102
1630,23.700981364290985
1631,26.151113259717413
1632,25.028502332870733
1633,22.22523542522817
1634,27.00724814797758
1635,24.01621818165296
1636,26.32734501911541
1637,26.888774414249454
1638,22.81209609331086
1639,25.298248493705582
1640,27.533907403907424
1641,26.843966018338197
1642,27.879138355325047
1643,29.39809576433085
1644,26.837579462341353
1645,29.066652547812584
1646,22.471959864982136
1647,22.936980566842998
1648,26.9754019690136
1649,24.239934548215103
1650,21.030983726891034
1651,24.275158457031257
1652,26.397565721249023
1653,23.690290168433293
1654,21.963911508059546
1655,24.117778160715453
1656,23.82195287501604
1657,25.406770646209267
1658,25.01052159382554
1659,24.78562491899515
1660,28.96898403219524
1661,22.686150928557126
1662,24.451136302336163
1663,23.94220025846895
1664,27.945189281360076
1665,25.17354167476274
1666,26.97640826886992
1667,32.596055834274125
1668,25.49617238289903
1669,26.624452779331744
1670,23.57907893665642
1671,25.58293071665987
1672,25.669859729922056
1673,24.815874449597427
1674,27.458272998186608
1675,25.16047926864705
1676,26.955532441409915
1677,22.218197121791963
1678,22.580273347652188
1679,25.71708503563851
1680,24.618457952082533
1681,23.199575606169635
1682,23.916649911118313
1683,22.80282752714505
1684,21.1679830025086
1685,21.996620735539782
1686,27.48786060995636
1687,29.34308606047385
1688,23.387465877628767
1689,29.19193275539531
1690,25.034872557631946
1691,25.518552764341614
1692,23.18631998898468
1693,25.76513359491125
1694,24.40279213726097
1695,20.97965271056489
1696,24.848463464208255
1697,25.40560576133778
1698,25.483582959424314
1699,26.983064359342972
1700,27.550739387212914
1701,26.228273418754725
1702,27.621554770421014
1703,25.80489646254689
1704,28.875557313073053
1705,21.77919828031479
1706,23.36768709670985
1707,24.09277908596166
1708,25.390354820238127
1709,31.709642508938774
1710,23.00861520436964
1711,25.1548765341815
1712,20.54165224862582
1713,20.85682684821577
1714,26.9680165311933
1715,18.721589086409946
1716,26.752824921351987
1717,24.46185404710634
1718,16.228161193746704
1719,29.54471689871346
1720,30.504099842393735
1721,22.26353947187717
1722,15.561194755548264
1723,23.028263505840048
1724,23.24249812657519
1725,28.365369387941787
1726,27.127524053370262
1727,28.1398944474364
1728,26.570080647720626
1729,25.741156654457093
1730,25.98986007793567
1731,23.34534603464241
1732,23.969066146570984
1733,32.45269785484991
1734,32.20312604684792
1735,30.099040220657407
1736,25.1526750143298
1737,24.301920227613298
1738,23.762948570670396
1739,22.631711293393835
1740,25.12239156241256
1741,26.352262775790134
1742,24.004308689101215
1743,24.464869397460863
1744,26.024108619048086
1745,19.691946263511777
1746,22.59365015676667
1747,27.274858641935396
1748,24.86236205775548
1749,26.45008095224298
1750,24.994105264372525
1751,28.548864028857626
1752,23.657278951103947
1753,28.889821014771442
1754,30.551090272930754
1755,24.11303667584938
1756,23.679400237710595
1757,21.77513275070428
1758,22.389250897825153
1759,24.942209490390564
1760,24.676092973712215
1761,21.976763149891305
1762,22.475649078037677
1763,23.27203226869783
1764,24.50624381079576
1765,22.2496861832753
1766,28.71333138887249
1767,26.228244432078046
1768,23.841394962028826
1769,34.539505951502036
1770,23.92543634207189
1771,25.380193119527632
1772,21.315604207633328
1773,23.8042647167829
1774,25.297161073740543
1775,22.465860941909202
1776,26.174579909940665
1777,26.26828906412817
1778,31.461662404505987
1779,26.004732743723714
1780,23.32834259203259
1781,23.950766001978884
1782,23.88708063340162
1783,29.24692994757522
1784,24.439672561121633
1785,37.088779356141224
1786,23.22823024514076
1787,24.277780198422303
1788,32.30481564523479
1789,23.134140261929737
1790,23.33646711105498
1791,24.886941006343566
1792,22.93487035097174
1793,25.59580460507777
1794,27.823782675436064
1795,24.822833659113115
1796,27.398928900198452
1797,25.982581582965253
1798,25.503707482804003
1799,26.48329008238791
1800,23.304735845340936
1801,26.94767008379022
1802,25.712277278451882
1803,27.283307136471898
1804,29.220599766248554
1805,25.457997387776018
1806,27.505016374326765
1807,24.682228516370806
1808,23.123742136977373
1809,24.626479432298222
1810,22.938589524138454
1811,24.001954645375243
1812,21.504500332738168
1813,29.066594963437886
1814,27.26238803903926
1815,17.573780083062523
1816,23.917937146589935
1817,27.625085195407696
1818,22.323768238493916
1819,30.179950734289157
1820,24.39354240655277
1821,25.8273121319685
1822,21.79625558782719
1823,23.749175577483765
1824,26.696212424682354
1825,25.362629640795063
1826,26.732488603009493
1827,24.998396000026993
1828,22.355280475066433
1829,24.871915414866297
1830,23.291924310832893
1831,33.293084720542794
1832,27.1189494659838
1833,29.474995148584714
1834,25.09999561269904
1835,20.062141106452998
1836,24.554145533211358
1837,27.18528769153148
1838,22.822297043774185
1839,26.511995684353483
1840,31.618774923753776
1841,19.953469295125156
1842,27.083708302905006
1843,27.50058321578096
1844,23.40728484526375
1845,24.36825324517402
1846,22.00004957058837
1847,22.60722886234907
1848,22.153850983764908
1849,21.558643487825293
1850,23.144516792769984
1851,24.33084593445445
1852,25.305570764710662
1853,23.93621449959473
1854,24.07693524289397
1855,24.60144596690554
1856,20.030363333575224
1857,23.22807734081504
1858,26.487753017554045
1859,21.386001966130177
1860,24.751551769083793
1861,24.08154485409275
1862,28.283814196386796
1863,26.68662108495634
1864,24.063459701808334
1865,23.99016486585795
1866,24.39949282609046
1867,20.31061081565428
1868,24.775267074777084
1869,22.877638267624842
1870,27.730450128392757
1871,18.642377305108347
1872,23.917083351492433
1873,26.052331822337315
1874,24.547654943245416
1875,24.243541289333344
1876,23.102431439302915
1877,24.701711981755103
1878,25.464178424374182
1879,21.276451716839208
1880,32.84600293186842
1881,30.205102914007508
1882,22.395361978430802
1883,25.49551273883433
1884,24.451138633650725
1885,24.199506737867523
1886,22.055801442335454
1887,25.27037253062323
1888,26.17819493411585
1889,29.977505448949515
1890,22.990906280354032
1891,27.263311340386053
1892,26.206182403371034
1893,25.08802744900323
1894,25.222767058725818
1895,25.103128294852592
1896,24.714160552300005
1897,28.05941283690042
1898,25.68210713723032
1899,23.45259430130484
1900,26.016000864000464
1901,27.38352351948201
1902,22.779251081837973
1903,26.09961428746839
1904,22.683308618513607
1905,24.417782535273357
1906,25.876839065440834
1907,28.766488066138336
1908,26.21162799261011
1909,23.542580554504045
1910,25.87707599961497
1911,22.38769618350981
1912,21.67063592805999
1913,27.399104077843962
1914,23.23541452345787
1915,22.240892415854468
1916,23.947509009264422
1917,24.362172779979712
1918,26.583730771896217
1919,25.12430569805867
1920,30.768012625166186
1921,17.581691400232494
1922,24.04600406230464
1923,25.586448197272198
1924,25.12873542539458
1925,25.16234404400759
1926,26.99163189510734
1927,24.88140864020649
1928,25.101330183168173
1929,23.038612481001827
1930,25.374060760446437
1931,27.38905332566129
1932,24.284497781615613
1933,23.610503800876987
1934,25.90188107499214
1935,20.48003605258492
1936,26.568478318145576
1937,24.207985531997537
1938,29.27718145201328
1939,23.118889117407885
1940,24.141497393759867
1941,23.00698663370277
1942,30.072842495442924
1943,25.716700787024173
1944,30.44993678134204
1945,22.21733164861753
1946,21.003531549897566
1947,23.335138429574975
1948,28.04324983258105
1949,23.47868722077791
1950,30.87705393999685
1951,23.567614306794024
1952,24.87070136168825
1953,19.932180617097
1954,25.843919820988763
1955,25.588635370211318
1956,27.59190922567459
1957,23.281300826680685
1958,33.47411903755374
1959,26.16335757350897
1960,24.613108301532872
1961,20.552018034495212
1962,26.00091243869423
1963,26.58557948732555
1964,29.93704929960252
1965,21.92918946410153
1966,25.16698792088797
1967,26.50292845210764
1968,22.649766284770436
1969,25.236600690598987
1970,27.239850731311968
1971,31.357558086059875
1972,28.127315354495433
1973,25.255169026474693
1974,23.52594611800251
1975,22.302551312643185
1976,22.91884624796603
1977,30.018907401323887
1978,27.006126774896902
1979,21.962152088778026
1980,27.582155077130395
1981,27.076212722210045
1982,24.244244053642444
1983,22.583815541519673
1984,27.438422089126117
1985,25.719581462925685
1986,26.394708262633447
1987,26.822932144106204
1988,22.825105599961155
1989,27.066071173867698
1990,30.628888838356595
1991,24.17769618259168
1992,25.334917969057596
1993,23.091039094680017
1994,23.725828657665314
1995,24.32330128461922
1996,26.454749811344215
1997,25.485194418967296
1998,24.138349595101317
1999,25.213435044190817
