,value_per_image
0,0.15729686318320632
1,0.2185365744322344
2,0.23782113775305366
3,0.21176131773066992
4,0.1744839867710897
5,0.2769191699763843
6,0.3839987245271624
7,0.08160217712811381
8,0.3543169104105231
9,0.20715857053408368
10,0.27156441192477176
11,0.15997410248349142
12,0.2580627359828855
13,0.2700892446599193
14,0.1674561404046939
15,0.25969613097509536
16,0.18871532906677915
17,0.2304973004043779
18,0.2561754575525703
19,0.2581458070865029
20,0.20416275773951856
21,0.5573562807862781
22,0.2363262804191712
23,0.3081450281824571
24,0.3908026392805541
25,0.2603432793206987
26,0.10444870009842322
27,0.3033863316185142
28,0.2785053781657431
29,0.241778825042682
30,0.27765025976027685
31,0.2786222007659093
32,0.1233846524842978
33,0.29788802318959995
34,0.2746797854726934
35,0.1811338291283734
36,0.28131088120949865
37,0.2820733906558208
38,0.16940325328721126
39,0.23846626276330984
40,0.3236419170410499
41,0.2902208771074658
42,0.32235798172728125
43,0.1846787851677461
44,0.15219347671044708
45,0.14079710457704225
46,0.2413662910011903
47,0.14535416837084605
48,0.10282161782215092
49,0.13272408092409865
50,0.14874211178210198
51,0.15781108588561302
52,0.1153513207697932
53,0.1302411864878221
54,0.06930416448994374
55,0.16022079590727736
56,0.1304639843172627
57,0.2326186888598671
58,0.12337904639396682
59,0.3967481246160379
60,0.12353097084340164
61,0.04577517637973382
62,0.15347611959553326
63,0.14758208672758208
64,0.4129863042231249
65,0.19970637897946505
66,0.2392196351760684
67,0.17803935885828318
68,0.19075496128321373
69,0.1730326924642344
70,0.20828262287259275
71,0.3157352666744174
72,0.28399483594417624
73,0.15878324292188328
74,0.1049421606805522
75,0.23337656483823266
76,0.1769015733052103
77,0.1295456200740559
78,0.3038505917164076
79,0.2125191091909892
80,0.19482120723236288
81,0.22969384530093706
82,0.2639794694112302
83,0.3628483707088291
84,0.2300245621405987
85,0.29325057923486525
86,0.34288203531873984
87,0.17759805834705386
88,0.2605826874740317
89,0.2692849337448582
90,0.2215373162751897
91,0.20729937531505144
92,0.21896518052471928
93,0.21254138560625602
94,0.23863374533888254
95,0.3568200262406326
96,0.2155885584507244
97,0.06160606377840527
98,0.15708809348417355
99,0.4195316856454981
100,0.1574713262571264
101,0.2814404842887989
102,0.23983120396899665
103,0.2790572989340155
104,0.3433504879697116
105,0.25291780862610685
106,0.33360542183335645
107,0.3253722383255842
108,0.16928873504047465
109,0.1779655022228406
110,0.3258337866100767
111,0.2154211433106384
112,0.06655086007269187
113,0.13174312245274894
114,0.29711364527586204
115,0.18083113800292025
116,0.1015850471755983
117,0.12485993017195092
118,0.09888194173145927
119,0.2047437166671259
120,0.17366614049891888
121,0.08922836199280616
122,0.1352741003082072
123,0.061320505010457715
124,0.04377091796154152
125,0.12294198871208292
126,0.08190090001703637
127,0.17972979112775853
128,0.3222133768128365
129,0.1361018259144631
130,0.21478441518290803
131,0.155061070752391
132,0.3190332142258169
133,0.15195486802368327
134,0.1996757535441283
135,0.20006209795643504
136,0.1871637068397657
137,0.2879285656029057
138,0.14543263751028504
139,0.10613409564377302
140,0.3467265860372863
141,0.12871719142080051
142,0.3191986362869958
143,0.29965591153231186
144,0.3245073701342448
145,0.3696024715425757
146,0.1402542452189007
147,0.2194226864256588
148,0.3734142887750308
149,0.24219536774486825
150,0.2393274962861993
151,0.21673385614499968
152,0.511695707343008
153,0.090624948124825
154,0.3933228367149085
155,0.2714184174859524
156,0.33524486085782784
157,0.2572123176159794
158,0.32574298319819484
159,0.12783829893127022
160,0.4254182877648056
161,0.1512938777624576
162,0.3327793704103635
163,0.25955021770381353
164,0.1625778067411649
165,0.2352950285655768
166,0.12603332633300926
167,0.16801639419514403
168,0.23642533059278065
169,0.2107053761011464
170,0.14640155438472044
171,0.4516126064572168
172,0.21886510787786556
173,0.29468730525452425
174,0.25322745589241585
175,0.2747856769195342
176,0.10017378033267332
177,0.2144543004331477
178,0.2459353475165559
179,0.15723190362946393
180,0.18263369979008065
181,0.19413455424648446
182,0.286255201068424
183,0.16523529373440826
184,0.16667165954289653
185,0.07453268580086474
186,0.15490700533876442
187,0.10971679039595247
188,0.4138708127118982
189,0.2348665507474033
190,0.06343074313849241
191,0.1862593340286548
192,0.11002081207318476
193,0.09825688782716313
194,0.1131511709227873
195,0.09736560295012894
196,0.11187305267045644
197,0.19618527016302706
198,0.08955601568892267
199,0.12414899417531333
200,0.07969784530127592
201,0.09489169738905087
202,0.12752055099627596
203,0.13154609714478924
204,0.10594659882274547
205,0.17128860460697926
206,0.12551184001967694
207,0.199979249325414
208,0.24055782344885698
209,0.33744662997509656
210,0.4999195352502208
211,0.2307784034210963
212,0.2465755433517176
213,0.4048343844332955
214,0.218484755160865
215,0.27842971959845825
216,0.2221244301896545
217,0.2813046616527375
218,0.3118404727251512
219,0.29916398597116434
220,0.385961291527634
221,0.1790783367435312
222,0.3237328439664418
223,0.20716232731363105
224,0.10178462646598027
225,0.16637093455969074
226,0.1309715730917431
227,0.12400377081995205
228,0.04840512530750239
229,0.14475798237988904
230,0.19253216386913186
231,0.12051827703599455
232,0.13251800138061692
233,0.1114242214263112
234,0.10737964458968167
235,0.1948061871818348
236,0.09048153198239847
237,0.11878400344110715
238,0.23267166527613595
239,0.11804702424009457
240,0.09878245308276126
241,0.1143864804536488
242,0.28900033154003946
243,0.1021318852152173
244,0.1401410199260698
245,0.1086153917176213
246,0.226769823976166
247,0.07271632136961728
248,0.28690148271722
249,0.1346572988935701
250,0.09287638222967086
251,0.09117288948647
252,0.3031750507579875
253,0.17245425119614732
254,0.14517253453355186
255,0.2333624528860441
256,0.3403578189155784
257,0.18512738619229888
258,0.2954739991254985
259,0.12697725909074334
260,0.21598040611399366
261,0.2013568615068756
262,0.28571009056282504
263,0.16206290631857415
264,0.27745824150246545
265,0.19204816540779732
266,0.15333089277139458
267,0.3134616581007815
268,0.31136722820359913
269,0.1914953612294192
270,0.08978579260268664
271,0.15221947101027192
272,0.17751373825746075
273,0.33000113491686833
274,0.17923397260013058
275,0.16446123984763994
276,0.1011308841248567
277,0.07461084334591289
278,0.14793839861269736
279,0.23946951393305624
280,0.14253206603905227
281,0.18512424011523265
282,0.22441512935342686
283,0.2627044961445336
284,0.14325501794964526
285,0.11305023788181015
286,0.3380572659073118
287,0.11443596461747725
288,0.16070346008167855
289,0.17129838454807075
290,0.1739276490283825
291,0.13515673741466258
292,0.29957600295149817
293,0.2373173232166753
294,0.1489233802769911
295,0.2046214949316079
296,0.19943732489623173
297,0.2037524782155941
298,0.17798463876096735
299,0.5895149993555042
300,0.1047890556045097
301,0.11660929979091625
302,0.20816392988750235
303,0.15240000693603592
304,0.4298759320758304
305,0.2708169546083562
306,0.17059783576173812
307,0.1086390646245433
308,0.43848461483619017
309,0.16820199698655666
310,0.2630128067916682
311,0.143511952432176
312,0.10365201714311728
313,0.260130806494173
314,0.16993719306959862
315,0.4001946647387349
316,0.16464417977787546
317,0.2124108595606113
318,0.30070395461524113
319,0.2259435222633475
320,0.27942618223516225
321,0.20105417653688493
322,0.17735151545643682
323,0.15898109455523318
324,0.4560257043077729
325,0.14899711422791898
326,0.1544680714865772
327,0.10055520854120532
328,0.0953619896794482
329,0.20444887253732666
330,0.12078521005868632
331,0.2158579413250257
332,0.1373377460201657
333,0.12470491362882835
334,0.1121223172929624
335,0.38524950404906894
336,0.20503006048124728
337,0.2890674350011172
338,0.2828136061470292
339,0.2419707145803568
340,0.14897838116715165
341,0.3785251951836564
342,0.4258232772295738
343,0.17414368447997566
344,0.22450509203239472
345,0.184088304159508
346,0.09709206362851952
347,0.2932897033628061
348,0.2486665365507639
349,0.19789432049792727
350,0.2308040121416792
351,0.1689279625346102
352,0.12866255672459168
353,0.42698670672023054
354,0.056838603969099524
355,0.1529308458226081
356,0.33940642978171404
357,0.11697817693680805
358,0.17542478766091246
359,0.14838343349234828
360,0.33070815745547144
361,0.28001508814891496
362,0.17409858827250585
363,0.21118845147586013
364,0.2974747057015294
365,0.12940094322288478
366,0.13080128967185353
367,0.09001350907917377
368,0.22202707818110626
369,0.17044165048152418
370,0.28587738054169914
371,0.15931506054317526
372,0.4992503617995037
373,0.2345515587263875
374,0.1808567112903086
375,0.306031765775078
376,0.2096843378927131
377,0.15748496715891494
378,0.2536751137360509
379,0.26761218682640964
380,0.2883028690546559
381,0.1783227785125975
382,0.1964367343530872
383,0.1885963094556816
384,0.197453044521427
385,0.13163256886736294
386,0.20899083663513596
387,0.18650007848318692
388,0.2988123849516527
389,0.3704012506368697
390,0.1513599564643413
391,0.1745192028463211
392,0.3858942883392452
393,0.1439566804932845
394,0.20573853511269688
395,0.13002619753187308
396,0.2728001782685068
397,0.2560708523202646
398,0.202794059173689
399,0.15529528535674292
400,0.15812478461835586
401,0.06428107715946434
402,0.1084788385100792
403,0.21216859276574154
404,0.3023881695338405
405,0.3220064564874721
406,0.2698382380056355
407,0.3294696112963259
408,0.16153213879493106
409,0.1977294869586723
410,0.17903165725388762
411,0.2433052237857205
412,0.2845024917211759
413,0.3983978784283364
414,0.30932755225348096
415,0.2112178397640023
416,0.2180348303184907
417,0.3448809375797204
418,0.09649418357955372
419,0.18702020033522251
420,0.12113623695801858
421,0.1846817027948831
422,0.12841223523286768
423,0.2594107214240545
424,0.050824797144246925
425,0.17485988530231736
426,0.11893025912787145
427,0.09894211228799264
428,0.2358545470240081
429,0.2690602851372822
430,0.10042257065703802
431,0.17397857330843047
432,0.2972726353537727
433,0.18336696594195906
434,0.11563381342041287
435,0.2634048096483374
436,0.31278187130275475
437,0.2385065277672914
438,0.3536939649822332
439,0.23730415816322656
440,0.2703737583516663
441,0.16666326992405453
442,0.12207498962296785
443,0.36677963231826266
444,0.30122609668101064
445,0.20808619371311046
446,0.17562364723953966
447,0.125240313493253
448,0.2166449779777174
449,0.18208929516459396
450,0.22247720580873626
451,0.18919883260587425
452,0.2898840645106753
453,0.2563624612620796
454,0.19056498620675866
455,0.12213417753281232
456,0.1179827994373622
457,0.2508165731172738
458,0.33144414471899536
459,0.19153176946631484
460,0.1429668921467834
461,0.19262829652426508
462,0.16391255918447248
463,0.22828372677756656
464,0.10517482898461993
465,0.2242491150816401
466,0.16595062230227822
467,0.20422460202541476
468,0.09534808905938247
469,0.310453648961136
470,0.1628632432784594
471,0.2614366205938975
472,0.1505817998982102
473,0.1884413470950125
474,0.3113489316388303
475,0.1669420535944383
476,0.0623366669767877
477,0.3072367598456889
478,0.09756443132006108
479,0.1405591664183295
480,0.196146216364938
481,0.3106897617870401
482,0.2641640978501438
483,0.24098542924994265
484,0.21633463019535465
485,0.13350660003718953
486,0.11707281943350326
487,0.193460637005448
488,0.1264191416892529
489,0.22218828936731788
490,0.13235537334834244
491,0.13086559285731922
492,0.1154556913805026
493,0.20688649452326724
494,0.11402833638538558
495,0.3700529120688754
496,0.2384271134553038
497,0.1597986886551626
498,0.16837228137399055
499,0.20993188289572612
500,0.23179228665611784
501,0.3632456465707663
502,0.27103066596997344
503,0.250077918190649
504,0.1889373759500887
505,0.21583800492070646
506,0.5702916144549178
507,0.25268186261890274
508,0.1794598115510862
509,0.20418811657994865
510,0.2231136735115882
511,0.2760622151426284
512,0.3628077857133486
513,0.09528303484212992
514,0.2526344861249906
515,0.25070432108676954
516,0.18743013495671992
517,0.11934251420844183
518,0.1304605979310573
519,0.1429774222618654
520,0.2726676313583396
521,0.4289038022381333
522,0.30983889760882705
523,0.15412823937972114
524,0.14443594649761538
525,0.13870895367916075
526,0.13305878710834174
527,0.3301161812958716
528,0.12042810273486253
529,0.2487053729556845
530,0.1827909118666061
531,0.14370977346543715
532,0.20552416126519665
533,0.2704589723633942
534,0.20766692448213936
535,0.16686093994046022
536,0.3459316554408215
537,0.34659124251347745
538,0.3077406646869445
539,0.2113186106035079
540,0.254752960839267
541,0.1395599969998362
542,0.1786475252486484
543,0.19080564362364366
544,0.16108808647873468
545,0.14801834812249876
546,0.22157099724344692
547,0.2270684524746336
548,0.2502618450825629
549,0.1241774581400464
550,0.2559277559588745
551,0.2841944238961756
552,0.23292332579880895
553,0.20014449499046374
554,0.4941978769833123
555,0.5184633034356942
556,0.23048048946540384
557,0.10647994655169644
558,0.2609255063713237
559,0.16737207126256914
560,0.33591765150594793
561,0.18270657458966805
562,0.20964217621722206
563,0.20888048150440872
564,0.214014153922376
565,0.1518572861003851
566,0.2267364513788041
567,0.15977392037830274
568,0.2574654226174456
569,0.17356715743213091
570,0.4690342684602848
571,0.2037784027551697
572,0.2080204159297056
573,0.465738425475409
574,0.2862139763755689
575,0.3786563763463039
576,0.20379970669370026
577,0.09333240452865707
578,0.26008843741492244
579,0.14156087936169004
580,0.09571898791445264
581,0.13643171189491524
582,0.3230830318387753
583,0.14233339485809435
584,0.37243365430425707
585,0.09194545111556657
586,0.1230611850283542
587,0.04347547424125733
588,0.3015384567473793
589,0.3066418004924192
590,0.1943617444434104
591,0.1776999699989035
592,0.1467016325955447
593,0.1894903108808048
594,0.12406881620166715
595,0.2469228275646668
596,0.2961320302156168
597,0.18215556823120255
598,0.5702362548790466
599,0.21768516078147712
600,0.2184664086511136
601,0.0971579164129284
602,0.20405093260665025
603,0.3243002694497648
604,0.2428116596566163
605,0.04629301756097919
606,0.1335808265520199
607,0.230883033233937
608,0.16138299129755182
609,0.15532663554777476
610,0.17710569088508946
611,0.15259617212432233
612,0.13172212295421978
613,0.1555994843303153
614,0.2314368136912031
615,0.10423643710850022
616,0.09442824974562196
617,0.16810576996165055
618,0.2701333195845511
619,0.13385306784838946
620,0.2027209040708689
621,0.2588402259267052
622,0.2227257498706274
623,0.12537119831365198
624,0.20953545682644736
625,0.360208075461984
626,0.217692433023646
627,0.3377187107514786
628,0.3469987156553359
629,0.23876273469847595
630,0.19572336096807924
631,0.1924778728555184
632,0.2106922315849646
633,0.30258375969942586
634,0.3617531778126725
635,0.05474367913547413
636,0.25355465476090355
637,0.19551393282109866
638,0.14256038154010472
639,0.21296665522110844
640,0.2359237558043633
641,0.33804263230042336
642,0.2514083888492369
643,0.1672308256864915
644,0.10915723307728717
645,0.08924774248773566
646,0.2747619500826134
647,0.10924399088828382
648,0.1700444167858008
649,0.2769190405759238
650,0.12409537970562955
651,0.17172228520225355
652,0.16381412924988814
653,0.2955166050067635
654,0.1468525626018353
655,0.22782930344584995
656,0.10330035062562036
657,0.42841613012349866
658,0.1992518892354037
659,0.1180894778451165
660,0.19482728465409774
661,0.1698175295440836
662,0.17633513515255822
663,0.3626699161663479
664,0.13066567938775153
665,0.11104278885901712
666,0.3381657999726422
667,0.23574371039601466
668,0.35430074710780296
669,0.1782387934917826
670,0.2614289551230393
671,0.13244086961441853
672,0.2724648807847625
673,0.20807992855078755
674,0.3224192717590156
675,0.42313616777144186
676,0.19631784017951368
677,0.2024040958301635
678,0.2694004408671821
679,0.19749940611103212
680,0.13369720325473314
681,0.23199193957737874
682,0.13345554338124807
683,0.2582989722485706
684,0.2540982434853422
685,0.2355318490534315
686,0.15890438642434335
687,0.2471346777312524
688,0.2068913758827036
689,0.12434896826121022
690,0.056044693826834746
691,0.11106684707156186
692,0.10641147064145086
693,0.2591556568457203
694,0.3251142528586485
695,0.07894216429589829
696,0.1926793968470896
697,0.21342771947922856
698,0.254424360676316
699,0.18773222542032228
700,0.1834665447236314
701,0.08050264396630405
702,0.28073529929046404
703,0.2634463843659117
704,0.22285062724528906
705,0.2368581256860111
706,0.2855878249889972
707,0.205284776966118
708,0.2996159323205349
709,0.29849472331310856
710,0.1483304718281498
711,0.1456158128945741
712,0.20741919983681775
713,0.19693142226542787
714,0.16647876283886964
715,0.17716641155419174
716,0.2580705781226733
717,0.13780929058291164
718,0.1864167288925698
719,0.2199953033789117
720,0.2461863502400035
721,0.09889444431233134
722,0.208969735136892
723,0.2165426429775569
724,0.348560265394977
725,0.16130550330367835
726,0.1652201060130497
727,0.2931868067730381
728,0.20459205978409836
729,0.12611293354906006
730,0.27506589448861074
731,0.15867634171329062
732,0.10551572512793532
733,0.24112098551862685
734,0.15458645401252422
735,0.10469314931884803
736,0.16315485507003016
737,0.1284341684154427
738,0.20835387613955594
739,0.14628631886547327
740,0.18985320983130144
741,0.25576285421645945
742,0.08834711330973348
743,0.120304680462697
744,0.1696709678983258
745,0.12469071523932733
746,0.2591742045383509
747,0.15474743903799906
748,0.28886388894575843
749,0.08763836764684657
750,0.22198315637081475
751,0.2268671276900547
752,0.1089374463930992
753,0.24984776687302301
754,0.11797796395548382
755,0.2812061329041695
756,0.13254530323485136
757,0.1553301355580084
758,0.4044987713863308
759,0.34496615226270017
760,0.15781193602633511
761,0.12485631425719307
762,0.22814966774023426
763,0.20202973937451965
764,0.18767676177146173
765,0.17125797090381195
766,0.2337705966785271
767,0.1549944140171768
768,0.17221331531520553
769,0.19795904259441574
770,0.32917005534211685
771,0.12921142727956647
772,0.271890960002172
773,0.17090578980439
774,0.17323353243192205
775,0.2084402906547104
776,0.25976848064663843
777,0.19292020365825208
778,0.3768273230871456
779,0.13415060485582522
780,0.237312005672367
781,0.3064752232080657
782,0.3661126346359447
783,0.16692094460562146
784,0.14544766024312206
785,0.21773634221488467
786,0.11643406183419334
787,0.0946223255628714
788,0.14487285096123742
789,0.27191664475346483
790,0.18842277589389025
791,0.14787232376579754
792,0.2097455452259044
793,0.23861891489198134
794,0.12457504288649125
795,0.1417559906870423
796,0.1565645731340609
797,0.2844631037589207
798,0.14377122764638164
799,0.1303417280309647
800,0.22156597231826225
801,0.2669736862244825
802,0.19430759615109044
803,0.11119716279341026
804,0.3699287543488329
805,0.27415815532314985
806,0.15478063638788128
807,0.05984693929896314
808,0.3583588661315353
809,0.2530135876330106
810,0.3068872672905524
811,0.2200142346160618
812,0.1376133440619234
813,0.1997582143986502
814,0.2957364333877231
815,0.3704651014908735
816,0.2517402675541921
817,0.3516702173454844
818,0.15721958250623727
819,0.15182336768883498
820,0.18412101298217187
821,0.3923929917648626
822,0.13938491014270166
823,0.0943894819565443
824,0.4538335403976713
825,0.047264336443830386
826,0.1962361012157562
827,0.15366222206340724
828,0.2339788727091176
829,0.1560416365151873
830,0.09047711736169957
831,0.18047584321635288
832,0.2065806395770449
833,0.21541024408506784
834,0.1760378150759566
835,0.09159023534174396
836,0.17468273240170407
837,0.22474225391967675
838,0.2509903983552105
839,0.13575041042012526
840,0.1600543362872453
841,0.17920968825240166
842,0.1135799689527723
843,0.12855068919396018
844,0.20493201439649428
845,0.18890329359300956
846,0.14242069733303225
847,0.3440529835035089
848,0.19572736360876414
849,0.3830224385477141
850,0.16231728135954554
851,0.3057622646570816
852,0.1303886801083789
853,0.3095642971128788
854,0.12285407155508325
855,0.34905121682579704
856,0.3517749436453101
857,0.2778340852066988
858,0.3620957295886798
859,0.2663922343306901
860,0.12808916106204948
861,0.23762114838247286
862,0.14793905876327282
863,0.1696058062528304
864,0.22590771638602164
865,0.20328685399161997
866,0.2530846748179105
867,0.19457598521525687
868,0.2489639824548093
869,0.2308959570312797
870,0.12822996744272602
871,0.42268694744518825
872,0.2290494619287073
873,0.2739154405221223
874,0.4638957314816886
875,0.3605893084822921
876,0.16092249696850008
877,0.16782090662372973
878,0.23896992957841276
879,0.16543335461990344
880,0.1299037251863115
881,0.1904776936666322
882,0.31705704410763624
883,0.209652023816811
884,0.12563835813146146
885,0.16125171050757178
886,0.20566749258078035
887,0.2318772238166073
888,0.25775995153334585
889,0.08645388587872771
890,0.17314843755963866
891,0.14331712864188162
892,0.12536265924041454
893,0.08138474250000227
894,0.10849125684709644
895,0.31469698320433265
896,0.2585609345973009
897,0.14331055412007868
898,0.2592188869032481
899,0.13914916056229212
900,0.11665975511275616
901,0.3247163886371849
902,0.21095881051506685
903,0.2192515892916538
904,0.10043311160051774
905,0.2695611978152009
906,0.1464662518224485
907,0.3497511665242649
908,0.15271536976230773
909,0.1294707385852623
910,0.1803741006083747
911,0.1848266354947744
912,0.3763078708189632
913,0.14484623260240562
914,0.0994319827888963
915,0.15645386625184746
916,0.3504095023902639
917,0.31915101628378995
918,0.21815968379004294
919,0.18532738062496235
920,0.3993304787522584
921,0.12028893158857355
922,0.4423511913212478
923,0.13311527591238473
924,0.19781068360253545
925,0.3308152561491485
926,0.2227729968447979
927,0.22995227359203085
928,0.3033654220384576
929,0.3817255433865296
930,0.11026604663150692
931,0.11754067951949038
932,0.24767594912210605
933,0.14214375333524587
934,0.1724786766239269
935,0.27272239762170025
936,0.11196077978922962
937,0.29031859618843303
938,0.12252354644942785
939,0.09991721162972636
940,0.34700344156186885
941,0.2954515287085433
942,0.1423725069891261
943,0.26642304166646713
944,0.1401380743098333
945,0.21137161109054028
946,0.3092985394868329
947,0.1606469699742161
948,0.0764023796265019
949,0.17447298198751413
950,0.32910084483392177
951,0.16891567788532125
952,0.13499560599109922
953,0.20884475292321725
954,0.18448036627667205
955,0.1795245847393081
956,0.22446376110594352
957,0.1662421128947264
958,0.1833837823877376
959,0.2318861318018361
960,0.16281838795576584
961,0.06028691735767532
962,0.32078735345900034
963,0.24279066992282936
964,0.19443878495775405
965,0.0979444191289884
966,0.20980649965876425
967,0.3004624989189031
968,0.3999573230192599
969,0.055801738327035326
970,0.16060259762233314
971,0.05889496080309505
972,0.19931331596177893
973,0.06528514881037822
974,0.0650277298670555
975,0.20918839611746545
976,0.11653846218687132
977,0.20502953823023135
978,0.2801650903467103
979,0.10997606113459348
980,0.1058020816338659
981,0.12172020510403522
982,0.1684871002312877
983,0.11640376830748796
984,0.34206354930003835
985,0.18072781922572054
986,0.2298923188023917
987,0.15338982009249985
988,0.16259187143477002
989,0.2803474636169872
990,0.20841156040129666
991,0.16283712629150168
992,0.29985437812322474
993,0.3864069301377084
994,0.20337489425764124
995,0.2683675194118306
996,0.16917077339851125
997,0.12298986139487347
998,0.158596656360197
999,0.2867081893039568
1000,0.14020622645141848
1001,0.3763283737070543
1002,0.23691222504985002
1003,0.17440301221721996
1004,0.16182627673844055
1005,0.13839285603416918
1006,0.32507744179096554
1007,0.363971958873055
1008,0.2347025129685209
1009,0.1960316653809089
1010,0.30351111985993473
1011,0.10087856851246757
1012,0.10147899173415713
1013,0.17168209521348018
1014,0.2868404239524476
1015,0.2586724530603216
1016,0.1779713903110589
1017,0.31251019038201544
1018,0.4806083836485287
1019,0.1835691108541919
1020,0.24951060907010145
1021,0.21162930208970746
1022,0.27074460824290003
1023,0.13512293961525534
1024,0.10302961406349308
1025,0.06950600784478786
1026,0.4219566256434221
1027,0.3823776769756698
1028,0.13197896678212148
1029,0.2961882314021281
1030,0.2160077787537144
1031,0.11031863233189088
1032,0.2644524968451855
1033,0.14192768489639834
1034,0.2666166517792741
1035,0.11772261745004013
1036,0.1786471583559341
1037,0.12478130416635452
1038,0.16379211771034427
1039,0.2715043894464068
1040,0.3749021922948497
1041,0.26465255120475123
1042,0.15887372263601907
1043,0.11471141706093704
1044,0.17129153702378752
1045,0.2309078605211782
1046,0.2089078708477896
1047,0.1716210993424808
1048,0.22760483846420346
1049,0.13029322561533674
1050,0.2331896309322232
1051,0.21944658232796346
1052,0.15825800962470324
1053,0.15800596248007687
1054,0.10986004203027938
1055,0.19191891607824588
1056,0.3190937965020996
1057,0.10070359216917167
1058,0.22457663087556795
1059,0.29577446017947945
1060,0.30447210996556395
1061,0.26298901479713915
1062,0.26168599313044777
1063,0.1344188701686843
1064,0.20633755236496906
1065,0.10252262773309066
1066,0.2924306263934473
1067,0.12547159965008844
1068,0.3061724998631372
1069,0.3109876990136375
1070,0.1908690451670413
1071,0.10613586294112662
1072,0.22763072599311185
1073,0.18096688939821012
1074,0.242510387419472
1075,0.281728121408061
1076,0.3665857374948329
1077,0.11148295867775586
1078,0.17519126236786814
1079,0.12002486901268015
1080,0.10529470288024532
1081,0.4437750200782343
1082,0.18007329698922742
1083,0.24476963619727635
1084,0.15984001866690914
1085,0.2281095056684016
1086,0.4082960370098215
1087,0.25694858019523675
1088,0.2909773879725979
1089,0.12235187046658255
1090,0.3264381493973416
1091,0.2774110225083025
1092,0.14831777871348334
1093,0.27950323762208706
1094,0.2490808099052112
1095,0.15615686780734378
1096,0.3376009014457703
1097,0.24369515281983184
1098,0.21167151541828272
1099,0.07290490726105135
1100,0.15950245625425533
1101,0.2941263378900222
1102,0.2333833894479379
1103,0.4226090857433938
1104,0.07726679877518185
1105,0.2644098839764904
1106,0.15155605036569136
1107,0.14800732820490006
1108,0.4549257149797628
1109,0.14718637232413445
1110,0.20720874729158728
1111,0.08449167676151736
1112,0.14385806617242872
1113,0.15616265057948225
1114,0.16290291712199642
1115,0.10807361207367856
1116,0.09693020602528372
1117,0.21012379653323365
1118,0.4523031932157919
1119,0.2594857712755655
1120,0.27809444785480075
1121,0.1849313005110676
1122,0.22411893925820808
1123,0.19423944780462127
1124,0.22368506435988467
1125,0.2466031836798012
1126,0.29017109799743424
1127,0.3758313097949959
1128,0.12620331731643394
1129,0.1588114187120888
1130,0.1917571253401508
1131,0.2295526515836885
1132,0.2413430378105135
1133,0.1215334643982266
1134,0.3163923153333802
1135,0.3039393860764795
1136,0.0848162821888711
1137,0.2153812911091406
1138,0.2714919888106508
1139,0.2535318668471537
1140,0.5524317975411508
1141,0.14019870716973545
1142,0.2613957956192097
1143,0.2784859066555531
1144,0.1691601151610344
1145,0.19033192554294215
1146,0.229749345447216
1147,0.15233490324465984
1148,0.2593037873250729
1149,0.2529897395792807
1150,0.1406581287356181
1151,0.4304624375054658
1152,0.18251185485415566
1153,0.195356798393382
1154,0.19161468352151145
1155,0.13648528193571896
1156,0.1790109146913073
1157,0.08052479466352852
1158,0.1105035960220041
1159,0.2723078908357323
1160,0.24149728428916314
1161,0.3293671478606569
1162,0.22282830190266809
1163,0.1261749471576154
1164,0.2882465322688603
1165,0.3649124328861586
1166,0.16907168557478836
1167,0.14300733498183174
1168,0.2679011524999423
1169,0.26358248684829394
1170,0.13769668314977404
1171,0.14514148015351225
1172,0.2283420634672972
1173,0.21083308790830788
1174,0.0831193517336908
1175,0.15205323765786807
1176,0.20582028647240155
1177,0.2661696428740423
1178,0.11280941626115608
1179,0.25192234079705844
1180,0.20030407326732605
1181,0.2000560420212032
1182,0.14841300577389166
1183,0.2628535493551519
1184,0.23045191734840906
1185,0.2090916388591984
1186,0.223617814309283
1187,0.3211794548219909
1188,0.1016377704205602
1189,0.07438809500188814
1190,0.1989464798785248
1191,0.14110003628633488
1192,0.06602487732708337
1193,0.3649987631606501
1194,0.2224238617558763
1195,0.456270613941103
1196,0.13440349613525115
1197,0.16451153070854893
1198,0.20712633355378607
1199,0.4480065080858382
1200,0.19846523880224065
1201,0.13041525584108649
1202,0.12738624657253006
1203,0.121716399436291
1204,0.1411719173747585
1205,0.11276087535314162
1206,0.09213416837294942
1207,0.18435033790972302
1208,0.19766678313222746
1209,0.16260377498125142
1210,0.3454149913099112
1211,0.2539187179068153
1212,0.24601926260058565
1213,0.3803959668151586
1214,0.21903917197647052
1215,0.16712028678183766
1216,0.30082172376908983
1217,0.2867430799070171
1218,0.18591321360017085
1219,0.15556543535546996
1220,0.12646331232221555
1221,0.26886713490123065
1222,0.1971021419807636
1223,0.13394602736711944
1224,0.1502448204029841
1225,0.18378415869978207
1226,0.2969924260737915
1227,0.2953362060277888
1228,0.16605116593057356
1229,0.2915352090894778
1230,0.15323297409522815
1231,0.052533358158014416
1232,0.1426595307649129
1233,0.18333757446799773
1234,0.18345021844738235
1235,0.22574154740293545
1236,0.2891450349518704
1237,0.15842304240459273
1238,0.13946415360187686
1239,0.15203230451898533
1240,0.17511860238560262
1241,0.1988490742034926
1242,0.19926715659296276
1243,0.16400814961791632
1244,0.4173941243576609
1245,0.11796788003892394
1246,0.1835802508125319
1247,0.06719219515521614
1248,0.2993668585684191
1249,0.12741521296449868
1250,0.32032121450132595
1251,0.2960815172119713
1252,0.13907197910397254
1253,0.38815148967891616
1254,0.07201614948992467
1255,0.2573299452691334
1256,0.3764412884463512
1257,0.37040400246325617
1258,0.2651025145257488
1259,0.3921507717625751
1260,0.4026613464158144
1261,0.4287503880246786
1262,0.2507426041026502
1263,0.09831606402858688
1264,0.1883686144069516
1265,0.3199511325998453
1266,0.20669100376934524
1267,0.15066853241199069
1268,0.35484104192870985
1269,0.2593131011805091
1270,0.3053993478480425
1271,0.3750919144462243
1272,0.2009209117910024
1273,0.4358338632456093
1274,0.3304694510016116
1275,0.2671146728558355
1276,0.2878156883304563
1277,0.2737388328110935
1278,0.23607701003996398
1279,0.2740136909721344
1280,0.3443567968244497
1281,0.2488667698971555
1282,0.13431434412055365
1283,0.2281251212970182
1284,0.2089398730623635
1285,0.11835943887751404
1286,0.1706410251814465
1287,0.1121972672231393
1288,0.20415189569425327
1289,0.22057447847070555
1290,0.2253156911425875
1291,0.2472678636077393
1292,0.3518845270078145
1293,0.1492962610033098
1294,0.2380695318576504
1295,0.4434252172642605
1296,0.17651971912440426
1297,0.16835636496164672
1298,0.3577034240011209
1299,0.14102359447204646
1300,0.20406754597024548
1301,0.2476308415995071
1302,0.2473188514468229
1303,0.17617924711986435
1304,0.10766790968227836
1305,0.08141213040137785
1306,0.21014742847746765
1307,0.28871537900318234
1308,0.3438377580174662
1309,0.28929226454822715
1310,0.1300810129552188
1311,0.148165704589398
1312,0.3177620100928075
1313,0.2982604914362822
1314,0.3522382065353658
1315,0.3900346743078163
1316,0.35665941240282945
1317,0.0839925438043692
1318,0.35230929115620313
1319,0.15698244186119298
1320,0.2418694049565197
1321,0.14401624981663785
1322,0.23442244740885435
1323,0.14172974055034188
1324,0.1486663512037319
1325,0.2587570492015633
1326,0.1000141897699082
1327,0.2800305625240304
1328,0.19144329186778106
1329,0.29845902611136205
1330,0.2799455077516132
1331,0.09541974808759862
1332,0.32507359019362725
1333,0.22053890800565212
1334,0.1468479782102846
1335,0.16477680197337374
1336,0.20152126517199664
1337,0.12061874798565135
1338,0.1658220469364995
1339,0.1043828702563069
1340,0.11561418091453657
1341,0.1813723081011642
1342,0.2666253661933896
1343,0.12219384123773945
1344,0.2575833069719384
1345,0.2604503012156749
1346,0.22038695586842175
1347,0.2940435648170183
1348,0.11048830075921147
1349,0.19714988743088727
1350,0.2529234566912491
1351,0.1863721217193602
1352,0.1791384144970566
1353,0.13068726155116694
1354,0.2435068174367516
1355,0.08683232022486442
1356,0.16495601935587814
1357,0.09341050670445557
1358,0.12724969217062548
1359,0.08757666041325994
1360,0.2782987105964498
1361,0.09443251369531856
1362,0.1693031490967378
1363,0.15718720808151693
1364,0.17343545040641448
1365,0.10043478177120907
1366,0.32001568422200105
1367,0.2755068512575079
1368,0.08046614504471905
1369,0.4064562518052676
1370,0.11007493014310207
1371,0.3290862326181798
1372,0.09482013640499676
1373,0.2829056268863109
1374,0.2198615676628101
1375,0.17299952475091585
1376,0.09498484878919057
1377,0.33004687247876785
1378,0.2956091242058634
1379,0.23797586282114805
1380,0.3198761734980537
1381,0.27523111565634817
1382,0.2526912511679044
1383,0.2855134127733588
1384,0.13312965026034634
1385,0.2358099381643776
1386,0.2828073902318784
1387,0.08424074802339226
1388,0.2594748288054643
1389,0.2875443555839754
1390,0.16671927850100715
1391,0.28128136925819475
1392,0.2125507985300316
1393,0.23904456224481094
1394,0.32141574657622873
1395,0.13477517346721507
1396,0.31786496870656805
1397,0.1858519139950024
1398,0.3232035928946467
1399,0.20571784255844344
1400,0.14350355055406694
1401,0.4218034725990717
1402,0.22919865127098665
1403,0.38134808753684857
1404,0.23772431785563397
1405,0.16737045712378096
1406,0.1915032276879707
1407,0.2944809909213337
1408,0.18491804124511088
1409,0.18627388288003144
1410,0.22046988738915865
1411,0.2023741707822609
1412,0.3015198800155587
1413,0.3964902663834968
1414,0.319251586411767
1415,0.10789011051307038
1416,0.25178187010917075
1417,0.14404453687336966
1418,0.17188355806233707
1419,0.1731343485854097
1420,0.16446141599586275
1421,0.1750024051697099
1422,0.1505641748601657
1423,0.19212562432407812
1424,0.14948263002165255
1425,0.1295546487580911
1426,0.2410249044858239
1427,0.1294711636350646
1428,0.2855132395538986
1429,0.2817713832192316
1430,0.27575154812058084
1431,0.16946506285859886
1432,0.2249424260895626
1433,0.16210918081465733
1434,0.2818736473206401
1435,0.36841219940312897
1436,0.3644014455245351
1437,0.13224250623338255
1438,0.3731688398553452
1439,0.1407546159799043
1440,0.1362086042996627
1441,0.12181267287412052
1442,0.20065270912933428
1443,0.462019260876097
1444,0.4016716879390243
1445,0.33198467498320394
1446,0.17521595789458075
1447,0.12623841534225894
1448,0.17310849508273962
1449,0.2948132258141197
1450,0.13830259720649604
1451,0.1413128385636458
1452,0.23982222528062844
1453,0.25523783117726023
1454,0.24345031761261696
1455,0.1246348243675558
1456,0.31975570757677124
1457,0.4090103552040795
1458,0.28289677323630336
1459,0.169630833365333
1460,0.0953445880364661
1461,0.20559002996261266
1462,0.20830959047812067
1463,0.2517623210212557
1464,0.1420092961330001
1465,0.19588716530212136
1466,0.08591639667610285
1467,0.21690555983242715
1468,0.1252805250229651
1469,0.23635883732175
1470,0.16832181732844134
1471,0.2004837116385975
1472,0.21542807417170895
1473,0.15150482814941588
1474,0.2933245194351686
1475,0.18338574817884692
1476,0.3565047064905157
1477,0.28988567437132523
1478,0.4115538855052814
1479,0.1347250512638446
1480,0.13204518684462938
1481,0.2537095255600573
1482,0.3726277843850078
1483,0.2547283064645388
1484,0.2348680427970629
1485,0.1556345235567502
1486,0.23559240687453786
1487,0.18398196668148448
1488,0.09433168974774862
1489,0.1453018325871749
1490,0.2467723445220797
1491,0.22700501985069374
1492,0.17642800270869158
1493,0.12563502758759149
1494,0.2417897761753613
1495,0.0682141008419782
1496,0.3122787951345274
1497,0.33207803810163283
1498,0.19013204158947225
1499,0.09558391451908738
1500,0.24617031796538555
1501,0.21804924994131272
1502,0.3245485894399348
1503,0.21962942395484855
1504,0.2422373837013114
1505,0.14545698407681473
1506,0.06567788457326515
1507,0.1980951804859424
1508,0.08469878970731727
1509,0.15583858064911185
1510,0.10154091020449604
1511,0.2259834208742024
1512,0.17129928649589926
1513,0.11387278837248847
1514,0.07810624522069859
1515,0.2154368658982377
1516,0.22312740836284176
1517,0.19457379689094206
1518,0.0531715788186774
1519,0.14454771528596413
1520,0.29137341440418496
1521,0.1727569495369515
1522,0.25921999911551274
1523,0.20545898631776136
1524,0.14118705627730804
1525,0.2692161959079642
1526,0.21654711651799724
1527,0.2946375576795843
1528,0.27167405307110715
1529,0.28351004356054144
1530,0.2176244162203069
1531,0.2649335053798702
1532,0.4734775155062576
1533,0.1508582766416928
1534,0.20868197840160005
1535,0.15327481699179682
1536,0.17476464334801625
1537,0.2502501136530866
1538,0.3116723949042217
1539,0.3628804263355926
1540,0.1422680480055034
1541,0.2531586558911824
1542,0.27174224254946217
1543,0.16518341807083706
1544,0.2641330093163285
1545,0.19877499949441252
1546,0.2098449680955877
1547,0.18855997670446592
1548,0.18567596741956024
1549,0.34581586725024005
1550,0.2193676582366774
1551,0.294122048577534
1552,0.24365771081124696
1553,0.20784172230257705
1554,0.2694685320324942
1555,0.1310730086143232
1556,0.20237018201140175
1557,0.2182278883215082
1558,0.3650598994948152
1559,0.2939264205522908
1560,0.2149815121957134
1561,0.30667632727162103
1562,0.4256479900519641
1563,0.16916665916948878
1564,0.22663364423471766
1565,0.15513238601608886
1566,0.17234209360196973
1567,0.19466699666658327
1568,0.2319001526277189
1569,0.11802608940884984
1570,0.2381721385650133
1571,0.1562344175433544
1572,0.4283432579967423
1573,0.22121504909656498
1574,0.12258537125985874
1575,0.2276363960353793
1576,0.4254179496431511
1577,0.17668789734312113
1578,0.27973388239601765
1579,0.3002635419469865
1580,0.25003571023847
1581,0.35170951067121986
1582,0.2269573569653708
1583,0.25679934529427706
1584,0.2355272718032641
1585,0.2004115438905376
1586,0.09125317670733453
1587,0.1449579819612133
1588,0.18776310324523632
1589,0.2986902019303374
1590,0.15264592842555566
1591,0.11285594591730128
1592,0.4586227427278414
1593,0.11568174067814688
1594,0.28767681592270883
1595,0.1730397511441377
1596,0.4705847569296918
1597,0.3098510982219188
1598,0.1926792449395552
1599,0.1161257615430231
1600,0.22368279041797007
1601,0.10873825258457484
1602,0.0896252484914902
1603,0.15745237800818013
1604,0.13010314911686202
1605,0.1862405461084056
1606,0.19474553787883409
1607,0.18029929288634985
1608,0.1363927543508772
1609,0.34476724002736586
1610,0.2337607700568998
1611,0.07794281333575953
1612,0.1304110280371423
1613,0.21807846273103915
1614,0.12351789870569815
1615,0.23556471266321086
1616,0.1542933399107104
1617,0.20330507682545385
1618,0.4070408511368166
1619,0.3941410779550588
1620,0.10474890014559604
1621,0.14144277881133865
1622,0.2483971372488081
1623,0.19725013146253206
1624,0.23898264924982324
1625,0.12458950130394815
1626,0.15581917131153686
1627,0.32464044539801024
1628,0.08567993010069233
1629,0.06008997816702825
1630,0.09719534632538003
1631,0.10873139284863584
1632,0.2495375245964814
1633,0.3837459809247783
1634,0.0972777138244212
1635,0.2607981776336659
1636,0.08666116735428747
1637,0.13065525270991915
1638,0.11079776832803813
1639,0.10154392164494257
1640,0.1846283563462096
1641,0.11935210271479928
1642,0.15929192035042938
1643,0.18485320209801728
1644,0.29786263997979995
1645,0.29400053430902634
1646,0.24122590497595325
1647,0.1633586469668448
1648,0.19385868473449944
1649,0.15321836459521698
1650,0.09308155109652932
1651,0.1489894313625985
1652,0.2714552359950773
1653,0.30207627875158205
1654,0.19707764516661
1655,0.2657855349050258
1656,0.14326374680042395
1657,0.1958630428741681
1658,0.12681572271499122
1659,0.1580777659877504
1660,0.10126416550407907
1661,0.2256303662998778
1662,0.11628054690138474
1663,0.1605372973580245
1664,0.3489579682692789
1665,0.3185198858183522
1666,0.17691499694368248
1667,0.13800011771374165
1668,0.31669163481127643
1669,0.28334543109497284
1670,0.15098317701694544
1671,0.0702471795434457
1672,0.16809845607717674
1673,0.3121354528933752
1674,0.15219813014783315
1675,0.21193961580967
1676,0.2514156805517391
1677,0.2389664251445453
1678,0.35497022410957146
1679,0.2521545856706255
1680,0.22574351063610976
1681,0.1912539545900984
1682,0.285739377848675
1683,0.06852309896607614
1684,0.17288300125033718
1685,0.07809399516581292
1686,0.2555258978633455
1687,0.21411457054278493
1688,0.1072678337624974
1689,0.2668492234871404
1690,0.05582114131308653
1691,0.16065700467614402
1692,0.13705208304893945
1693,0.18589342323997166
1694,0.16141221788295185
1695,0.12240244239076528
1696,0.17640973303720522
1697,0.19582073013219786
1698,0.18687840809479928
1699,0.3428484947359532
1700,0.2898254544224447
1701,0.42968244252633897
1702,0.1405381668692269
1703,0.16700160727501834
1704,0.23969173569401256
1705,0.1913768196758659
1706,0.3429600702811937
1707,0.29986184315929465
1708,0.2706745442651308
1709,0.10279286815938918
1710,0.19530162892459085
1711,0.186577004086802
1712,0.22352185869448926
1713,0.16818277048049518
1714,0.24608354915871655
1715,0.2427500269080538
1716,0.2270322674738291
1717,0.18457425162806734
1718,0.20497085590176198
1719,0.12199062311839935
1720,0.34077043157835685
1721,0.29237202334464657
1722,0.1438945897904125
1723,0.17842682449452876
1724,0.13631669960427656
1725,0.18966564471429204
1726,0.1972226014275892
1727,0.1885397097230476
1728,0.22270598410447792
1729,0.2297986527491776
1730,0.18577102781556806
1731,0.2606127852596789
1732,0.13792638585806036
1733,0.231235955125021
1734,0.2281333046803127
1735,0.18422878994177844
1736,0.27848962798896976
1737,0.21446366083649365
1738,0.15552361232824355
1739,0.10834381666500817
1740,0.0977950843649226
1741,0.2848599696305674
1742,0.2615365640298063
1743,0.19511185947171367
1744,0.16587237206347247
1745,0.17504851151480652
1746,0.14785370264173675
1747,0.3165430480919043
1748,0.216227085556232
1749,0.18726068884343305
1750,0.2549467445682638
1751,0.2541890710649631
1752,0.3102110872339109
1753,0.16402150651579706
1754,0.1371445876039483
1755,0.17707899828416473
1756,0.21455664531205695
1757,0.14525941623038208
1758,0.09816613557310357
1759,0.20019469042304736
1760,0.2724867962171826
1761,0.2121681845402697
1762,0.1877639677905205
1763,0.3856047189012721
1764,0.3663339183904786
1765,0.18666800341007705
1766,0.21676284866531692
1767,0.2828176728316831
1768,0.2485653723686019
1769,0.21242382099243912
1770,0.10618449195331583
1771,0.3002026783778382
1772,0.3549315528744337
1773,0.1595048609961576
1774,0.18419272225272965
1775,0.2502895670535055
1776,0.1457220160237144
1777,0.2895219111648675
1778,0.2763514226511173
1779,0.2615532077618564
1780,0.1477534318232736
1781,0.2850949705697564
1782,0.4755265200743243
1783,0.15584330902597687
1784,0.16626277664070774
1785,0.29694659129811085
1786,0.1975361616365422
1787,0.3681114544772257
1788,0.08676057071442772
1789,0.24072860829571224
1790,0.2860713309949478
1791,0.18707732688540915
1792,0.11240995364833176
1793,0.219209666244173
1794,0.25431274847078905
1795,0.1498333390415729
1796,0.11607146489518134
1797,0.13995560830304893
1798,0.3777548911337073
1799,0.11350420841458085
1800,0.2973444558482323
1801,0.3696761104469118
1802,0.22658040428065954
1803,0.2641663090337332
1804,0.13779329573395946
1805,0.2873229606469177
1806,0.13917766397409415
1807,0.3993032819337803
1808,0.17161038632655864
1809,0.20685591674128745
1810,0.23298366135985654
1811,0.18201370943000209
1812,0.3629379886744218
1813,0.29588772242676536
1814,0.3178775891476469
1815,0.2156021148934524
1816,0.2111756881436405
1817,0.2955874857911766
1818,0.1986945809760501
1819,0.13712905746588858
1820,0.2487964259569408
1821,0.27264630001888096
1822,0.1337304305688868
1823,0.3064431187166096
1824,0.3145223921227885
1825,0.17591215820977438
1826,0.158589858556644
1827,0.22158506148343451
1828,0.20759940988715908
1829,0.2639689336666481
1830,0.22298257873325672
1831,0.3713657883002137
1832,0.12509824309028236
1833,0.2162701053260992
1834,0.16007275994309744
1835,0.34566100934645644
1836,0.15766920098609286
1837,0.2432240861241547
1838,0.2441682490412633
1839,0.2717631767196063
1840,0.1547126680848481
1841,0.2715652855664915
1842,0.22133652059173897
1843,0.16809985168194572
1844,0.33296985833355514
1845,0.16332941807102686
1846,0.2158978471432995
1847,0.4324302759686288
1848,0.1882208389991355
1849,0.26030480599806555
1850,0.12438613491341274
1851,0.13405879508954413
1852,0.18540953362142254
1853,0.18403626643278725
1854,0.26148461783481897
1855,0.18246187947588768
1856,0.1558485122180258
1857,0.3290596240421557
1858,0.19466350538252455
1859,0.410971460417303
1860,0.16657188276092047
1861,0.14445652850557458
1862,0.17394321494005333
1863,0.34584989389534176
1864,0.14678198997135244
1865,0.08911504773844116
1866,0.3627806801560524
1867,0.16215386946512025
1868,0.1525586322327271
1869,0.14512888001506308
1870,0.13033325924392186
1871,0.15609708636106387
1872,0.22261972268124905
1873,0.2326044540352653
1874,0.324226892640731
1875,0.2766874325220478
1876,0.2907448666094565
1877,0.3642929905659124
1878,0.4010156202577599
1879,0.3086122109114989
1880,0.19318967430438388
1881,0.2885457180480706
1882,0.1828740288992757
1883,0.23049584086357705
1884,0.2763801207191739
1885,0.30205032922752234
1886,0.3391413821409846
1887,0.2535502402690994
1888,0.186362598348364
1889,0.1914118968019439
1890,0.26669634726217273
1891,0.33840446022016946
1892,0.4509740879652163
1893,0.2050478698553629
1894,0.227687792067554
1895,0.11046492188460807
1896,0.2872881395244034
1897,0.05464927279637287
1898,0.2486266270594231
1899,0.0876046566897879
1900,0.16529299035143696
1901,0.11763363976073292
1902,0.20018798433619134
1903,0.2966465949130309
1904,0.2084694678473037
1905,0.3599049352608076
1906,0.14822459527824147
1907,0.136477275107991
1908,0.166035282455358
1909,0.3557109120731249
1910,0.10865497627111173
1911,0.2833214750905051
1912,0.2240311139968782
1913,0.31135786783587
1914,0.2732042133487511
1915,0.1012847358265688
1916,0.13461621056254064
1917,0.15723964998035214
1918,0.24946669906681626
1919,0.119768214311411
1920,0.14804416165534298
1921,0.07492572553302915
1922,0.23576704611967805
1923,0.1454658263757206
1924,0.3243336343152399
1925,0.10396111012078503
1926,0.0906893233357366
1927,0.08249953783634388
1928,0.0595542602665585
1929,0.054919674132313134
1930,0.16605248617252855
1931,0.1340168241186515
1932,0.1490001520600729
1933,0.08483649896885584
1934,0.13953334483222338
1935,0.1445309416761851
1936,0.14679234115810685
1937,0.16944138219091304
1938,0.1940535555189456
1939,0.19322448113720184
1940,0.31467983869117266
1941,0.17112149137602362
1942,0.1593785295593476
1943,0.16834580912000072
1944,0.16245233743011758
1945,0.18110378443824726
1946,0.2924518414705783
1947,0.4575099626548521
1948,0.1856853681960232
1949,0.17264861732037726
1950,0.2775599594583144
1951,0.20567814076708196
1952,0.043842509772126594
1953,0.2251705621838557
1954,0.09575987698618467
1955,0.12864944175944348
1956,0.14265338490152155
1957,0.1060389980604862
1958,0.2351928722449866
1959,0.1070187338137478
1960,0.14508261835366024
1961,0.038845454711393786
1962,0.03789867420105891
1963,0.12510374473177532
1964,0.1124408921609113
1965,0.10083964789486832
1966,0.4384237815734642
1967,0.09075627703766946
1968,0.2372582214157261
1969,0.18101232513125315
1970,0.2513506105650677
1971,0.2656441023039932
1972,0.2534567034397434
1973,0.2577786773739951
1974,0.16607900778664408
1975,0.12636500776788512
1976,0.21534937534010984
1977,0.14796992079771293
1978,0.3309067003853042
1979,0.18981309671309465
1980,0.3028870274568035
1981,0.17559677887130015
1982,0.14441143778499296
1983,0.4489027969577824
1984,0.26530770196254355
1985,0.4908992353237149
1986,0.2851264457425826
1987,0.1361682975362202
1988,0.2041981794157318
1989,0.17429390349800472
1990,0.17833905299318376
1991,0.23928273016568474
1992,0.2908364314084389
1993,0.2381778458330494
1994,0.3710404234616127
1995,0.2474206737148477
1996,0.21543641181548445
1997,0.13589913035915754
1998,0.17614826795432706
1999,0.2972626655673239
