,value_per_image
0,-50120
1,-50121
2,-50083
3,-50152
4,-50109
5,-50163
6,-50141
7,-50120
8,-50076
9,-50160
10,-50092
11,-50156
12,-50170
13,-50104
14,-50153
15,-50097
16,-50135
17,-50136
18,-50156
19,-50139
20,-50141
21,-50139
22,-50143
23,-50153
24,-50150
25,-50137
26,-50141
27,-50112
28,-50137
29,-50167
30,-50108
31,-50140
32,-50130
33,-50121
34,-50168
35,-50157
36,-50060
37,-50164
38,-50112
39,-50161
40,-50126
41,-50098
42,-50023
43,-50117
44,-50152
45,-50127
46,-50146
47,-50153
48,-50159
49,-50126
50,-50131
51,-50163
52,-50116
53,-50085
54,-50148
55,-50148
56,-50155
57,-50126
58,-50144
59,-50164
60,-50159
61,-50161
62,-50126
63,-50151
64,-50057
65,-50159
66,-50155
67,-50059
68,-50145
69,-50059
70,-50156
71,-50152
72,-50152
73,-50118
74,-50151
75,-50053
76,-50149
77,-50135
78,-50099
79,-50134
80,-50081
81,-50144
82,-50100
83,-50169
84,-50114
85,-50003
86,-50144
87,-50159
88,-50100
89,-50153
90,-50160
91,-50140
92,-50108
93,-50132
94,-50141
95,-50160
96,-50157
97,-50156
98,-50159
99,-50144
100,-50158
101,-50146
102,-50144
103,-50114
104,-50156
105,-50141
106,-50020
107,-49951
108,-50135
109,-50158
110,-50125
111,-50085
112,-50064
113,-50154
114,-50137
115,-50154
116,-50162
117,-50160
118,-50152
119,-50116
120,-50113
121,-50161
122,-50151
123,-50125
124,-50137
125,-50074
126,-50157
127,-50131
128,-50131
129,-50147
130,-50104
131,-50062
132,-50157
133,-50166
134,-50056
135,-50152
136,-50055
137,-50106
138,-50137
139,-50134
140,-50142
141,-50159
142,-50158
143,-50145
144,-50159
145,-50120
146,-50165
147,-50051
148,-50113
149,-50153
150,-50105
151,-50155
152,-50148
153,-50170
154,-50112
155,-50126
156,-50141
157,-50115
158,-50161
159,-50155
160,-50144
161,-50122
162,-50160
163,-50138
164,-50155
165,-50138
166,-50121
167,-50150
168,-50165
169,-50143
170,-50132
171,-50067
172,-50159
173,-50108
174,-50136
175,-50155
176,-50157
177,-50149
178,-50049
179,-50111
180,-50144
181,-50118
182,-50147
183,-50137
184,-50148
185,-50134
186,-50139
187,-50089
188,-50074
189,-50160
190,-50162
191,-50156
192,-50081
193,-50153
194,-50080
195,-50134
196,-50156
197,-50166
198,-50161
199,-50141
200,-50083
201,-50149
202,-50140
203,-50150
204,-50155
205,-50122
206,-50167
207,-50126
208,-50163
209,-50155
210,-50117
211,-50150
212,-50137
213,-50146
214,-50143
215,-50135
216,-50157
217,-50168
218,-50149
219,-50131
220,-50130
221,-50156
222,-50119
223,-50147
224,-50154
225,-50162
226,-50169
227,-50162
228,-50155
229,-50136
230,-50155
231,-49989
232,-50159
233,-50151
234,-50161
235,-50087
236,-50140
237,-50129
238,-50161
239,-50167
240,-50162
241,-50164
242,-50151
243,-50148
244,-50152
245,-50152
246,-50131
247,-50158
248,-50140
249,-50094
250,-50148
251,-50040
252,-50151
253,-50137
254,-50149
255,-50128
256,-50059
257,-50137
258,-50135
259,-50155
260,-50160
261,-50143
262,-50156
263,-50049
264,-50164
265,-50135
266,-50163
267,-50119
268,-50145
269,-50132
270,-50149
271,-50143
272,-50132
273,-50156
274,-50138
275,-50137
276,-50100
277,-50144
278,-50159
279,-50148
280,-50161
281,-50149
282,-50089
283,-50127
284,-50138
285,-49898
286,-50025
287,-50149
288,-50157
289,-50138
290,-50155
291,-50157
292,-50142
293,-50146
294,-50140
295,-50148
296,-50136
297,-50158
298,-50097
299,-50140
300,-50155
301,-50163
302,-50133
303,-50157
304,-50075
305,-50161
306,-50143
307,-50158
308,-50086
309,-50124
310,-50099
311,-50160
312,-50159
313,-50146
314,-50144
315,-50151
316,-50165
317,-50142
318,-50149
319,-50139
320,-50150
321,-50163
322,-50133
323,-50125
324,-50132
325,-50165
326,-50154
327,-50105
328,-50159
329,-50142
330,-50120
331,-50155
332,-50080
333,-50135
334,-50133
335,-50114
336,-50139
337,-50142
338,-50107
339,-50136
340,-50145
341,-50121
342,-50138
343,-50167
344,-50142
345,-50155
346,-50150
347,-50137
348,-50163
349,-50153
350,-50160
351,-50145
352,-50132
353,-50163
354,-50144
355,-50117
356,-50157
357,-50141
358,-50166
359,-50158
360,-50156
361,-50140
362,-50166
363,-50152
364,-50150
365,-50128
366,-50141
367,-50130
368,-50112
369,-50126
370,-50149
371,-50113
372,-50169
373,-50161
374,-50166
375,-50146
376,-50158
377,-50097
378,-50159
379,-50145
380,-50141
381,-50143
382,-50137
383,-50130
384,-50163
385,-50124
386,-50125
387,-50158
388,-49980
389,-50145
390,-50120
391,-50132
392,-50148
393,-50151
394,-50069
395,-50131
396,-50137
397,-50153
398,-50163
399,-50122
400,-50146
401,-50158
402,-50144
403,-50153
404,-50148
405,-50153
406,-50141
407,-50133
408,-50144
409,-50078
410,-50044
411,-50128
412,-50146
413,-50160
414,-50151
415,-50093
416,-50151
417,-50019
418,-50140
419,-50133
420,-50116
421,-50139
422,-50148
423,-50165
424,-50149
425,-50066
426,-50154
427,-50103
428,-50144
429,-50136
430,-50132
431,-50089
432,-50106
433,-50144
434,-50157
435,-50055
436,-50112
437,-50158
438,-50135
439,-50134
440,-50134
441,-50151
442,-50143
443,-50141
444,-50161
445,-50137
446,-50161
447,-50158
448,-50145
449,-50158
450,-50156
451,-50156
452,-50154
453,-50168
454,-50156
455,-50045
456,-50161
457,-50159
458,-50165
459,-50053
460,-50162
461,-50160
462,-50167
463,-50126
464,-50144
465,-50155
466,-50094
467,-50074
468,-50154
469,-50150
470,-50164
471,-50143
472,-50150
473,-50160
474,-50158
475,-50115
476,-50155
477,-50145
478,-50168
479,-50092
480,-50152
481,-50161
482,-50155
483,-50158
484,-50147
485,-50053
486,-50165
487,-50159
488,-50167
489,-50119
490,-50155
491,-50134
492,-50161
493,-50164
494,-50138
495,-50171
496,-50088
497,-50133
498,-50162
499,-50100
500,-50149
501,-50164
502,-50090
503,-50159
504,-50158
505,-50140
506,-50141
507,-50150
508,-50156
509,-50113
510,-50140
511,-50129
512,-50158
513,-50155
514,-50097
515,-50127
516,-50115
517,-50110
518,-50149
519,-50144
520,-50116
521,-50146
522,-50164
523,-50153
524,-50159
525,-50161
526,-50101
527,-50136
528,-50111
529,-50165
530,-50152
531,-50139
532,-50148
533,-50120
534,-50150
535,-50158
536,-50153
537,-50130
538,-50128
539,-50061
540,-50152
541,-50154
542,-50153
543,-50139
544,-50122
545,-50155
546,-50053
547,-50124
548,-50154
549,-50145
550,-50115
551,-50154
552,-50147
553,-50139
554,-50151
555,-50024
556,-50043
557,-50140
558,-50149
559,-50157
560,-50004
561,-50117
562,-50095
563,-50124
564,-50152
565,-50150
566,-50137
567,-50152
568,-50044
569,-50130
570,-50049
571,-50157
572,-50081
573,-49983
574,-50131
575,-50016
576,-50130
577,-50158
578,-50095
579,-50108
580,-50155
581,-50147
582,-50011
583,-50148
584,-50166
585,-50149
586,-50153
587,-50165
588,-50101
589,-50152
590,-50152
591,-50136
592,-50111
593,-50121
594,-50139
595,-50159
596,-50119
597,-50165
598,-50089
599,-50091
600,-50114
601,-50064
602,-50160
603,-50129
604,-50146
605,-50150
606,-50120
607,-50132
608,-50135
609,-50147
610,-50156
611,-50152
612,-50150
613,-50143
614,-50124
615,-50154
616,-50151
617,-50153
618,-49976
619,-50160
620,-50158
621,-50071
622,-50146
623,-50156
624,-50107
625,-50117
626,-50123
627,-50137
628,-50159
629,-50042
630,-50149
631,-50131
632,-50135
633,-50134
634,-50149
635,-50150
636,-50144
637,-50149
638,-50123
639,-50164
640,-50116
641,-50149
642,-50148
643,-50124
644,-50157
645,-50157
646,-50155
647,-50148
648,-50109
649,-50053
650,-50157
651,-50144
652,-50096
653,-49992
654,-50135
655,-50131
656,-50161
657,-50063
658,-50121
659,-50132
660,-50150
661,-50121
662,-50116
663,-50135
664,-50153
665,-50165
666,-50161
667,-50162
668,-50158
669,-50160
670,-50145
671,-50151
672,-50140
673,-50107
674,-50047
675,-50026
676,-50155
677,-50161
678,-50099
679,-50121
680,-50155
681,-50148
682,-50161
683,-50150
684,-50138
685,-50134
686,-50169
687,-50155
688,-50104
689,-50163
690,-50116
691,-50158
692,-50161
693,-50155
694,-50156
695,-50156
696,-50150
697,-50139
698,-50141
699,-50110
700,-50167
701,-50125
702,-50135
703,-50124
704,-50158
705,-50152
706,-50146
707,-50147
708,-50163
709,-50132
710,-50147
711,-50137
712,-50154
713,-50156
714,-50141
715,-50158
716,-50156
717,-50128
718,-50158
719,-50162
720,-50040
721,-50156
722,-50153
723,-50132
724,-50152
725,-50139
726,-50159
727,-50073
728,-50162
729,-50165
730,-50089
731,-50138
732,-50142
733,-50138
734,-50072
735,-50144
736,-50119
737,-50129
738,-50138
739,-50158
740,-50145
741,-50133
742,-50146
743,-50145
744,-50138
745,-50157
746,-50150
747,-50145
748,-50149
749,-50122
750,-50141
751,-50161
752,-50148
753,-50141
754,-50136
755,-50149
756,-50147
757,-50147
758,-50140
759,-50145
760,-50160
761,-50153
762,-50142
763,-50155
764,-50157
765,-50089
766,-50039
767,-50142
768,-50115
769,-50049
770,-50166
771,-50124
772,-50134
773,-50162
774,-50149
775,-50153
776,-50157
777,-50159
778,-50150
779,-50158
780,-50142
781,-50149
782,-50133
783,-50168
784,-50153
785,-50148
786,-50141
787,-50151
788,-50122
789,-50153
790,-50150
791,-50163
792,-49936
793,-50157
794,-50149
795,-50120
796,-50108
797,-50141
798,-50155
799,-50135
800,-50136
801,-50143
802,-50136
803,-50125
804,-50098
805,-50123
806,-50148
807,-50162
808,-50147
809,-50166
810,-50126
811,-50110
812,-50094
813,-50144
814,-50147
815,-50157
816,-50154
817,-50137
818,-50092
819,-50144
820,-50155
821,-50145
822,-50135
823,-50123
824,-50101
825,-50115
826,-50089
827,-50149
828,-50170
829,-50038
830,-50144
831,-50148
832,-50159
833,-50144
834,-50157
835,-50160
836,-50161
837,-50146
838,-50086
839,-50152
840,-50124
841,-50123
842,-50143
843,-50107
844,-50163
845,-50092
846,-50159
847,-50105
848,-50145
849,-50130
850,-50145
851,-50161
852,-50125
853,-49973
854,-50141
855,-50147
856,-50085
857,-50127
858,-50166
859,-50136
860,-50157
861,-50160
862,-50146
863,-50154
864,-50160
865,-50146
866,-50109
867,-50153
868,-50167
869,-50139
870,-50165
871,-50170
872,-50147
873,-50154
874,-50055
875,-50138
876,-50141
877,-50138
878,-50165
879,-50159
880,-50158
881,-50150
882,-50073
883,-50136
884,-50117
885,-50166
886,-50123
887,-50145
888,-50136
889,-50159
890,-50161
891,-50155
892,-50129
893,-50139
894,-50145
895,-49958
896,-50148
897,-50159
898,-50159
899,-50150
900,-50135
901,-50156
902,-50152
903,-50166
904,-50164
905,-50148
906,-50153
907,-50162
908,-50150
909,-50150
910,-50153
911,-50156
912,-50128
913,-50128
914,-50130
915,-50159
916,-50147
917,-50130
918,-50163
919,-50155
920,-50122
921,-50151
922,-50166
923,-50157
924,-50154
925,-50091
926,-50154
927,-50136
928,-50152
929,-50135
930,-50146
931,-50155
932,-50132
933,-50161
934,-50147
935,-50095
936,-50159
937,-50155
938,-50137
939,-50166
940,-50102
941,-50168
942,-50161
943,-50120
944,-50150
945,-50058
946,-50137
947,-50162
948,-50145
949,-50124
950,-50160
951,-50161
952,-50099
953,-50103
954,-50161
955,-50157
956,-50121
957,-50148
958,-50158
959,-50131
960,-50150
961,-50152
962,-50089
963,-50139
964,-50105
965,-50162
966,-50163
967,-50150
968,-50162
969,-50162
970,-50117
971,-50158
972,-50112
973,-50138
974,-50106
975,-50154
976,-50165
977,-50154
978,-50146
979,-50147
980,-50164
981,-50149
982,-50148
983,-50146
984,-50156
985,-50148
986,-50083
987,-50108
988,-50166
989,-50163
990,-50148
991,-50145
992,-50117
993,-50147
994,-50113
995,-50168
996,-50107
997,-50114
998,-50101
999,-50151
1000,-50081
1001,-50143
1002,-50158
1003,-50161
1004,-50143
1005,-50117
1006,-50123
1007,-50005
1008,-50132
1009,-50148
1010,-50136
1011,-50147
1012,-50155
1013,-50160
1014,-50140
1015,-50152
1016,-50157
1017,-50142
1018,-50133
1019,-50149
1020,-50050
1021,-50156
1022,-50126
1023,-50153
1024,-50148
1025,-50158
1026,-50160
1027,-50131
1028,-50153
1029,-50137
1030,-50147
1031,-50139
1032,-50158
1033,-50157
1034,-50133
1035,-50166
1036,-50122
1037,-50115
1038,-50122
1039,-50161
1040,-50032
1041,-50092
1042,-50160
1043,-50165
1044,-50147
1045,-50157
1046,-50139
1047,-50025
1048,-50155
1049,-50148
1050,-50155
1051,-50164
1052,-50157
1053,-50145
1054,-50149
1055,-50101
1056,-50136
1057,-50134
1058,-50109
1059,-50149
1060,-50127
1061,-50130
1062,-50135
1063,-50146
1064,-50133
1065,-50160
1066,-50164
1067,-50140
1068,-50139
1069,-50161
1070,-50114
1071,-50160
1072,-50103
1073,-50153
1074,-50142
1075,-50163
1076,-50114
1077,-50156
1078,-50138
1079,-50123
1080,-50151
1081,-50135
1082,-50118
1083,-50050
1084,-50164
1085,-50151
1086,-50051
1087,-50151
1088,-50123
1089,-50151
1090,-50166
1091,-50093
1092,-50157
1093,-50124
1094,-50154
1095,-50160
1096,-50154
1097,-50125
1098,-50156
1099,-50156
1100,-50132
1101,-50165
1102,-50104
1103,-50144
1104,-50163
1105,-50155
1106,-50147
1107,-50136
1108,-50165
1109,-50141
1110,-50146
1111,-50123
1112,-50148
1113,-50160
1114,-50026
1115,-50162
1116,-50147
1117,-50146
1118,-50170
1119,-50072
1120,-50146
1121,-50141
1122,-50146
1123,-50089
1124,-50150
1125,-50145
1126,-50147
1127,-50117
1128,-50134
1129,-50161
1130,-50148
1131,-50110
1132,-50138
1133,-50158
1134,-50153
1135,-50149
1136,-50153
1137,-50157
1138,-50158
1139,-50151
1140,-50104
1141,-50148
1142,-50153
1143,-50152
1144,-50163
1145,-50106
1146,-50156
1147,-50164
1148,-50151
1149,-50165
1150,-50097
1151,-49852
1152,-50150
1153,-50156
1154,-50153
1155,-50065
1156,-50063
1157,-50130
1158,-50140
1159,-50103
1160,-50159
1161,-50141
1162,-50141
1163,-50145
1164,-50121
1165,-50083
1166,-50136
1167,-50160
1168,-50143
1169,-50153
1170,-50124
1171,-50164
1172,-50107
1173,-50160
1174,-50153
1175,-50115
1176,-50128
1177,-50152
1178,-50148
1179,-50107
1180,-50142
1181,-50128
1182,-50114
1183,-50153
1184,-50149
1185,-50136
1186,-50145
1187,-50165
1188,-50157
1189,-50142
1190,-50156
1191,-50164
1192,-50168
1193,-50136
1194,-50124
1195,-50089
1196,-50143
1197,-50168
1198,-50132
1199,-50126
1200,-50151
1201,-50151
1202,-50105
1203,-50154
1204,-50101
1205,-50137
1206,-50134
1207,-50154
1208,-50150
1209,-50165
1210,-50161
1211,-50139
1212,-50147
1213,-50160
1214,-50142
1215,-50164
1216,-50120
1217,-50141
1218,-50087
1219,-50155
1220,-50153
1221,-50149
1222,-50157
1223,-50159
1224,-50151
1225,-50124
1226,-50158
1227,-50135
1228,-50160
1229,-50152
1230,-50147
1231,-50153
1232,-50160
1233,-50164
1234,-50158
1235,-50150
1236,-50165
1237,-50149
1238,-50129
1239,-50144
1240,-50105
1241,-50132
1242,-50154
1243,-50095
1244,-50150
1245,-50148
1246,-50143
1247,-50149
1248,-50169
1249,-50166
1250,-50121
1251,-50169
1252,-50158
1253,-50135
1254,-50159
1255,-50129
1256,-50132
1257,-50154
1258,-50109
1259,-50110
1260,-50156
1261,-50148
1262,-50159
1263,-50134
1264,-50154
1265,-50018
1266,-50132
1267,-50148
1268,-49984
1269,-50159
1270,-50147
1271,-50104
1272,-50147
1273,-50110
1274,-50068
1275,-50139
1276,-50098
1277,-50146
1278,-50113
1279,-50139
1280,-50128
1281,-50152
1282,-50143
1283,-50142
1284,-50145
1285,-50145
1286,-50116
1287,-50139
1288,-50143
1289,-50134
1290,-50146
1291,-50163
1292,-50101
1293,-50148
1294,-50150
1295,-50166
1296,-50126
1297,-50137
1298,-50091
1299,-50116
1300,-50077
1301,-50157
1302,-50151
1303,-50148
1304,-50154
1305,-50148
1306,-50157
1307,-50151
1308,-50161
1309,-50151
1310,-50151
1311,-50140
1312,-50127
1313,-50112
1314,-50131
1315,-50115
1316,-50059
1317,-50133
1318,-50150
1319,-50145
1320,-50081
1321,-50140
1322,-50148
1323,-50139
1324,-50169
1325,-50085
1326,-50147
1327,-50138
1328,-50159
1329,-50134
1330,-50119
1331,-50141
1332,-50147
1333,-50117
1334,-50114
1335,-50150
1336,-50147
1337,-50160
1338,-50151
1339,-50153
1340,-50155
1341,-50149
1342,-50099
1343,-50158
1344,-50109
1345,-50161
1346,-50157
1347,-50097
1348,-50098
1349,-50154
1350,-50071
1351,-50157
1352,-50147
1353,-50137
1354,-50139
1355,-50126
1356,-50115
1357,-50163
1358,-50144
1359,-50169
1360,-50015
1361,-50150
1362,-50152
1363,-50150
1364,-50144
1365,-50147
1366,-50163
1367,-50129
1368,-50137
1369,-50148
1370,-50154
1371,-50144
1372,-50147
1373,-50157
1374,-50151
1375,-50136
1376,-50164
1377,-50150
1378,-50144
1379,-50115
1380,-50129
1381,-50089
1382,-50132
1383,-50164
1384,-50143
1385,-50126
1386,-49779
1387,-50140
1388,-50154
1389,-50125
1390,-50061
1391,-50049
1392,-50172
1393,-50153
1394,-50166
1395,-50166
1396,-50070
1397,-50162
1398,-50164
1399,-50119
1400,-50140
1401,-50151
1402,-50049
1403,-50148
1404,-50149
1405,-50158
1406,-50150
1407,-50161
1408,-50145
1409,-50123
1410,-50157
1411,-50088
1412,-50159
1413,-50021
1414,-50123
1415,-50157
1416,-50138
1417,-50142
1418,-50152
1419,-50142
1420,-50164
1421,-50115
1422,-50164
1423,-50139
1424,-50152
1425,-50152
1426,-50143
1427,-50140
1428,-50151
1429,-50155
1430,-50134
1431,-50112
1432,-50157
1433,-50134
1434,-50150
1435,-50144
1436,-50166
1437,-50063
1438,-50160
1439,-50158
1440,-50149
1441,-50152
1442,-50155
1443,-50142
1444,-50050
1445,-50159
1446,-50156
1447,-50162
1448,-50153
1449,-50162
1450,-50140
1451,-50143
1452,-50150
1453,-50147
1454,-50094
1455,-50131
1456,-50088
1457,-50163
1458,-50151
1459,-50143
1460,-50161
1461,-50160
1462,-50145
1463,-50127
1464,-50161
1465,-50153
1466,-50161
1467,-50124
1468,-50146
1469,-50152
1470,-50161
1471,-50156
1472,-50138
1473,-50152
1474,-50144
1475,-50157
1476,-50163
1477,-50138
1478,-50149
1479,-50126
1480,-50163
1481,-50126
1482,-50154
1483,-50089
1484,-50126
1485,-50134
1486,-50164
1487,-50075
1488,-50158
1489,-50150
1490,-50079
1491,-50161
1492,-50151
1493,-50156
1494,-50115
1495,-50148
1496,-50144
1497,-50158
1498,-50117
1499,-50151
1500,-50151
1501,-50148
1502,-50169
1503,-50159
1504,-50153
1505,-50145
1506,-50161
1507,-50107
1508,-50155
1509,-50119
1510,-50131
1511,-50108
1512,-50153
1513,-50160
1514,-50129
1515,-50149
1516,-50161
1517,-50107
1518,-50159
1519,-50161
1520,-49859
1521,-50142
1522,-50155
1523,-50157
1524,-50073
1525,-50139
1526,-50158
1527,-50147
1528,-50112
1529,-50141
1530,-50109
1531,-50154
1532,-50160
1533,-50146
1534,-50120
1535,-50129
1536,-50122
1537,-50124
1538,-50158
1539,-50144
1540,-50129
1541,-50135
1542,-50144
1543,-50167
1544,-50144
1545,-50149
1546,-50156
1547,-50137
1548,-50143
1549,-50158
1550,-50146
1551,-50130
1552,-50117
1553,-50134
1554,-50142
1555,-50160
1556,-50154
1557,-50154
1558,-50145
1559,-50134
1560,-50082
1561,-50122
1562,-50148
1563,-50155
1564,-50157
1565,-50141
1566,-50147
1567,-50143
1568,-50156
1569,-50139
1570,-50140
1571,-50157
1572,-50033
1573,-50153
1574,-50167
1575,-50147
1576,-50149
1577,-50120
1578,-50149
1579,-50144
1580,-50147
1581,-50129
1582,-50161
1583,-50120
1584,-50154
1585,-50141
1586,-50166
1587,-50135
1588,-50162
1589,-50007
1590,-50159
1591,-50155
1592,-50160
1593,-50112
1594,-50157
1595,-50114
1596,-50136
1597,-50128
1598,-50124
1599,-50132
1600,-50105
1601,-50152
1602,-50153
1603,-50160
1604,-50109
1605,-50101
1606,-50156
1607,-50126
1608,-50099
1609,-50100
1610,-50080
1611,-50157
1612,-50138
1613,-50068
1614,-50147
1615,-50163
1616,-50158
1617,-50149
1618,-50132
1619,-50127
1620,-50143
1621,-50098
1622,-50155
1623,-50162
1624,-50161
1625,-50147
1626,-50130
1627,-50165
1628,-50129
1629,-50161
1630,-50133
1631,-50161
1632,-49991
1633,-50097
1634,-50151
1635,-50155
1636,-50149
1637,-50148
1638,-50106
1639,-50166
1640,-50130
1641,-50161
1642,-50141
1643,-50123
1644,-50155
1645,-50133
1646,-50032
1647,-50159
1648,-50143
1649,-50153
1650,-50154
1651,-50162
1652,-50112
1653,-50015
1654,-50102
1655,-50141
1656,-50110
1657,-50106
1658,-50158
1659,-50150
1660,-50157
1661,-50166
1662,-50159
1663,-50119
1664,-50162
1665,-50120
1666,-50157
1667,-50143
1668,-50143
1669,-50134
1670,-50163
1671,-50158
1672,-50138
1673,-50150
1674,-50156
1675,-50145
1676,-50153
1677,-50113
1678,-50096
1679,-50148
1680,-50107
1681,-50137
1682,-50076
1683,-50165
1684,-50062
1685,-50139
1686,-50145
1687,-50149
1688,-50145
1689,-50146
1690,-50116
1691,-50151
1692,-50161
1693,-50149
1694,-50140
1695,-50159
1696,-50147
1697,-50144
1698,-50153
1699,-50152
1700,-50131
1701,-50119
1702,-50150
1703,-50148
1704,-50146
1705,-50157
1706,-50060
1707,-50155
1708,-50162
1709,-50136
1710,-50155
1711,-50165
1712,-50094
1713,-50092
1714,-50117
1715,-50158
1716,-50149
1717,-50138
1718,-50150
1719,-50151
1720,-50151
1721,-50123
1722,-50148
1723,-50145
1724,-50158
1725,-50171
1726,-50146
1727,-50154
1728,-50136
1729,-50138
1730,-50138
1731,-50158
1732,-50123
1733,-50172
1734,-50155
1735,-50148
1736,-50156
1737,-50145
1738,-50075
1739,-50159
1740,-50135
1741,-50158
1742,-50140
1743,-50074
1744,-50133
1745,-50135
1746,-50111
1747,-50171
1748,-50124
1749,-50133
1750,-50165
1751,-50145
1752,-50150
1753,-50159
1754,-50107
1755,-50145
1756,-50132
1757,-50078
1758,-50151
1759,-50150
1760,-50144
1761,-50154
1762,-50123
1763,-50160
1764,-50127
1765,-50137
1766,-50149
1767,-50166
1768,-50158
1769,-50137
1770,-50143
1771,-50120
1772,-50128
1773,-50053
1774,-50158
1775,-50113
1776,-50157
1777,-50161
1778,-50164
1779,-50147
1780,-50138
1781,-50123
1782,-50110
1783,-50151
1784,-50125
1785,-50152
1786,-50099
1787,-50076
1788,-50158
1789,-50118
1790,-50037
1791,-50148
1792,-50130
1793,-50052
1794,-50137
1795,-50091
1796,-50153
1797,-50152
1798,-50141
1799,-50162
1800,-50154
1801,-50051
1802,-50154
1803,-50161
1804,-50148
1805,-50150
1806,-50165
1807,-50158
1808,-50139
1809,-50123
1810,-50140
1811,-50160
1812,-50115
1813,-50158
1814,-50134
1815,-50150
1816,-50146
1817,-50129
1818,-50149
1819,-50164
1820,-50159
1821,-50153
1822,-49989
1823,-50138
1824,-50104
1825,-50153
1826,-50127
1827,-50130
1828,-50127
1829,-50141
1830,-50122
1831,-50138
1832,-50160
1833,-50154
1834,-50058
1835,-50111
1836,-50154
1837,-50153
1838,-50107
1839,-50112
1840,-50152
1841,-50139
1842,-50144
1843,-50110
1844,-50166
1845,-50135
1846,-50109
1847,-50161
1848,-50094
1849,-50150
1850,-50151
1851,-50146
1852,-50154
1853,-50116
1854,-50149
1855,-50156
1856,-50101
1857,-50126
1858,-50130
1859,-50035
1860,-50148
1861,-50133
1862,-50136
1863,-50105
1864,-50130
1865,-50092
1866,-50150
1867,-50128
1868,-50162
1869,-50129
1870,-50133
1871,-50084
1872,-50048
1873,-50157
1874,-50113
1875,-50153
1876,-50159
1877,-50134
1878,-50165
1879,-50046
1880,-50147
1881,-50165
1882,-50140
1883,-50165
1884,-50108
1885,-50132
1886,-50129
1887,-50132
1888,-50154
1889,-50141
1890,-50173
1891,-49963
1892,-50104
1893,-50154
1894,-50146
1895,-50153
1896,-50043
1897,-50144
1898,-50114
1899,-50161
1900,-50142
1901,-50144
1902,-50132
1903,-50154
1904,-50166
1905,-50160
1906,-50125
1907,-50144
1908,-50143
1909,-50132
1910,-50162
1911,-50149
1912,-50121
1913,-50160
1914,-50160
1915,-50157
1916,-50133
1917,-50091
1918,-50132
1919,-50148
1920,-50140
1921,-50104
1922,-50158
1923,-50150
1924,-50155
1925,-50142
1926,-50161
1927,-50138
1928,-50162
1929,-50167
1930,-50146
1931,-50085
1932,-50162
1933,-50160
1934,-50143
1935,-50150
1936,-50156
1937,-50140
1938,-50149
1939,-50132
1940,-50160
1941,-50138
1942,-50139
1943,-50153
1944,-50167
1945,-50159
1946,-50152
1947,-50162
1948,-50127
1949,-50161
1950,-50119
1951,-50125
1952,-50146
1953,-50140
1954,-50149
1955,-50159
1956,-50156
1957,-50144
1958,-50139
1959,-50152
1960,-50107
1961,-50164
1962,-50138
1963,-50162
1964,-50156
1965,-50157
1966,-50137
1967,-50145
1968,-50110
1969,-50165
1970,-50156
1971,-50154
1972,-50106
1973,-50160
1974,-50149
1975,-50153
1976,-50099
1977,-50104
1978,-50131
1979,-50146
1980,-50139
1981,-50164
1982,-50105
1983,-50112
1984,-50162
1985,-50132
1986,-50151
1987,-50161
1988,-50147
1989,-50145
1990,-50144
1991,-50135
1992,-49958
1993,-50140
1994,-50137
1995,-50152
1996,-50134
1997,-50115
1998,-50153
1999,-50147
