,value_per_image
0,-19913.74203942537
1,-21481.301939093195
2,-21919.731994360744
3,-28686.245057331987
4,-11576.899657097953
5,-5262.860763429898
6,-4901.375039731891
7,-4093.615875088583
8,-8039.243692478055
9,-18652.25489330778
10,-3888.513937435739
11,-1781.2399670691607
12,-1176.498548614657
13,-73530.30751737626
14,-39036.138406699436
15,-12697.550403929417
16,-23583.936310805588
17,-13391.944458682075
18,-1884.746263614305
19,-8101.274045342107
20,-9055.602974068892
21,-12939.51433423645
22,-15714.314465676247
23,-15235.478422154274
24,-12755.123683323183
25,-3482.356932101832
26,-4854.508243226426
27,-24184.762458169356
28,-3071.352138193452
29,-5752.21076577347
30,-215950.12633545528
31,-6657.817105820334
32,-2333.3650220216527
33,-9071.300758836196
34,-3348.8812738659117
35,-5842.2669203662535
36,-10565.946575859742
37,-1768.9196410347906
38,-5224.1096904142105
39,-64574.420201005625
40,-1418.365907359773
41,-16370.841027889375
42,-12718.4156640886
43,-2751.087885930617
44,-12389.133291340042
45,-830.9150211315477
46,-7197.442798565167
47,-63300.877974235096
48,-26731.972287062505
49,-4876.266625382365
50,-1660.647305671968
51,-6117.3280545124
52,-15361.402481219402
53,-2106.296260347631
54,-11378.932632493445
55,-4545.927173929365
56,-10412.010051401783
57,-7311.16123306883
58,-3657.725509533937
59,-20526.177528592467
60,-19848.605902381696
61,-3907.4020212770342
62,-4480.16181570842
63,-5314.937447819058
64,-4093.307306396497
65,-184394.3446565009
66,-3824.030582544229
67,-17792.999225963496
68,-8856.955692808246
69,-2872.658272062089
70,-4724.818488449621
71,-7467.031615383047
72,-3919.615898168836
73,-3947.7762976261183
74,-1245.796502035091
75,-216945.91552045805
76,-2987.121769645379
77,-7488.766964095255
78,-21670.323858202075
79,-8027.210131650193
80,-2413.433455133341
81,-12268.34004904978
82,-4915.888100483929
83,-5671.14926967444
84,-13770.836962900703
85,-12597.533171472161
86,-2546.958717851921
87,-8700.908034897544
88,-6338.200191068809
89,-9882.654197875509
90,-62819.42832843857
91,-18838.09860463329
92,-4160.620120645821
93,-3016.634824467878
94,-83019.90044009888
95,-29517.596132849067
96,-3031.8455547575354
97,-2838.632845187265
98,-11620.647259653215
99,-83399.79166539042
100,-148405.48810915762
101,-2757.77695033233
102,-41785.9613364197
103,-2299.873317289298
104,-13704.835390106224
105,-11979.40033731357
106,-1635.0740866829099
107,-1767.1704885960025
108,-6974.755585084388
109,-206603.06795626663
110,-4151.883650332788
111,-6118.228783267104
112,-5380.8757076899465
113,-146428.20694946215
114,-11803.36692287718
115,-3072.105229672556
116,-5226.073488590922
117,-4744.252195555706
118,-4545.026083002877
119,-2903.116488351872
120,-2993.132782808761
121,-10180.175673426264
122,-5300.07573244543
123,-4745.00106222542
124,-6256.823536560672
125,-2054.357954078439
126,-14819.967935260996
127,-5846.151811385029
128,-10156.435096205709
129,-12921.026775043603
130,-3619.870666495354
131,-5401.672392979027
132,-7536.337606566114
133,-6917.777571359748
134,-2315.649581652292
135,-37684.514873732944
136,-14843.68438705701
137,-2627.3848833681304
138,-4711.990332771893
139,-1618.5684773212631
140,-2077.1344303992137
141,-53693.3045566917
142,-1710.7809395836914
143,-14390.115632940013
144,-8375.072149878672
145,-47653.699340284285
146,-1051.9442496321526
147,-3019.6310269119044
148,-9356.819019684266
149,-4980.380715098801
150,-4517.313890615485
151,-4685.912051036694
152,-1619.4602858252786
153,-3707.9342872507727
154,-5858.313661404357
155,-150982.88140202468
156,-4273.3550738105405
157,-1832.9855287522694
158,-8163.773763581258
159,-8877.641862425007
160,-10221.785954822712
161,-2818.4519741883587
162,-8309.770223424974
163,-98518.36923570982
164,-43357.08885492799
165,-2947.5004636959657
166,-14623.701926184349
167,-2798.345311264349
168,-2942.667372639261
169,-21527.911200756593
170,-4303.929904911398
171,-25744.14904201581
172,-2733.789294371272
173,-9300.529694170684
174,-8078.898373172437
175,-5045.259731318246
176,-3396.423771215432
177,-4029.353045623448
178,-6624.448730424756
179,-7417.276301383495
180,-6166.480971992639
181,-16593.218215716028
182,-2649.479729597
183,-2201.9837556636794
184,-4783.135029407316
185,-2469.808629452485
186,-14914.48454991795
187,-5141.497450559246
188,-61517.155945774524
189,-7303.594310073731
190,-1418.7188571172335
191,-89221.4614975056
192,-3017.798490490499
193,-2958.60978679156
194,-7744.1350700378125
195,-5216.666942886337
196,-8659.949175290432
197,-3669.4714705632705
198,-8262.773422437187
199,-7709.323943235815
200,-10108.66818185078
201,-4449.3766066760745
202,-24770.320706486298
203,-4831.953102565353
204,-5494.230617456214
205,-51600.608463464785
206,-14461.1574038873
207,-14226.587678041506
208,-22917.62289436868
209,-4446.123552561803
210,-24931.769105518848
211,-2842.1763680764784
212,-7311.208984232766
213,-4476.876331294357
214,-11038.8880876674
215,-89836.47665101891
216,-2495.3807461700767
217,-8672.055117379676
218,-47256.49051741673
219,-2501.208662553436
220,-3159.5746903239515
221,-6706.923102101582
222,-333714.87673637195
223,-1067989.190788877
224,-1859.242287358253
225,-7269.690151948823
226,-3091.6477920978414
227,-33433.384775846964
228,-19598.21812824551
229,-4773.990923737105
230,-4092.4441091551225
231,-27186.6504301328
232,-3414.087016746037
233,-11235.2744224776
234,-5123.199744496615
235,-1497.2700772581354
236,-10963.141596970958
237,-18187.34833536912
238,-17118.33942889818
239,-2542.809536925407
240,-21376.311143145325
241,-10369.132869627434
242,-2733.450506741824
243,-33682.777996083045
244,-3805.6269638015333
245,-3343.1398115022416
246,-1819.0543656564585
247,-27664.205794725283
248,-31074.424605888784
249,-7471.544098156972
250,-152487.59536534833
251,-2504.158661442386
252,-17420.937373145516
253,-10569.871797122078
254,-5603.2280723879285
255,-13148.9367692171
256,-1735.3426526689886
257,-44501.79735376435
258,-8772.026579949397
259,-2559.622840715753
260,-2931.510088987296
261,-3439.571517619769
262,-202068.24457554336
263,-50967.42044408132
264,-11672.374289336749
265,-3405.2050578673548
266,-2079.423500912478
267,-10967.924005703531
268,-1930.666126059594
269,-3904.7509568239425
270,-11952.697272233312
271,-18268.10295522827
272,-12546.324334634974
273,-2286.584537422801
274,-6210.388272624758
275,-3459.5836139827948
276,-1090.1295060380023
277,-858.1772926553157
278,-5630.176093972253
279,-4502.598892029384
280,-21704.21338478932
281,-6499.656296153188
282,-262358.99178700283
283,-5559.369421389539
284,-5314.540237911992
285,-4324.989430825472
286,-4134.8005252774765
287,-14232.468720239109
288,-10520.618814959185
289,-4227.309349195761
290,-5701.059405984711
291,-14941.492374128418
292,-32479.72079429656
293,-4652.189706844411
294,-1758.1119415138369
295,-3678.8010433432814
296,-5499.362979017686
297,-2543.753025672123
298,-10540.530457433912
299,-14080.935928180552
300,-2409.600753976758
301,-8610.53812376738
302,-7424.0575332819335
303,-7731.822537835473
304,-1378.5600712758014
305,-29322.3417180768
306,-1707.6530412133636
307,-23491.59752024465
308,-1248.1329463271813
309,-5296.914271243842
310,-3204.3976857755406
311,-845.38759085292
312,-7180.450436525322
313,-1982.2777465995002
314,-12499.818780482317
315,-3810.417324623417
316,-4994.249007306936
317,-2599.1278293892137
318,-6059.7261193587365
319,-5982.673268203247
320,-3660.672129461841
321,-6193.650354511281
322,-15337.132364881103
323,-4461.777303608363
324,-3350.575405094079
325,-1091.5899903468962
326,-10144.38477812047
327,-9246.236313811083
328,-5471.396595963979
329,-10990.045371803368
330,-50078.123602678264
331,-6210.181192626051
332,-108687.69102712336
333,-7292.279385087548
334,-4379.448065022199
335,-4059.742920835637
336,-47569.238539100195
337,-2937.421419482184
338,-14813.201797667962
339,-3723.1411756404627
340,-4650.93593666183
341,-44193.62546347041
342,-1506.2830988050302
343,-5483.155977826357
344,-3434.165150245553
345,-8760.923747150538
346,-10656.515714820676
347,-5506.472616414739
348,-80740.43865012746
349,-9461.250088642626
350,-14461.167039020747
351,-13954.33152833525
352,-1082.5501957070176
353,-1009.8122196703476
354,-2967.3719594812856
355,-30337.70843015504
356,-11760.415979522295
357,-46364.881186699655
358,-3385.864995342526
359,-1587.152225617192
360,-44135.18511169082
361,-15672.698004662348
362,-7032.156133411055
363,-2656.705065864922
364,-1997.7753741330102
365,-4380.832331412239
366,-32616.499251979345
367,-48695.17338668341
368,-2499.252596275784
369,-5430.779681614601
370,-8794.864235098556
371,-1910.8844732821208
372,-15760.530789654867
373,-8070.907395911616
374,-5264.503432866647
375,-150925.87424218206
376,-1002.7831746231407
377,-2494.100550578358
378,-10398.40035518812
379,-15342.354219922114
380,-7580.716363773986
381,-2077.2344332755233
382,-10287.483732561312
383,-343572.266115933
384,-3090.17314449296
385,-52199.40632144411
386,-68855.70417503097
387,-12530.733620906176
388,-5818.998098848513
389,-10548.842192417256
390,-7784.53727946856
391,-7539.678331483002
392,-7440.428790739201
393,-16728.63892451556
394,-3385.610261254605
395,-8779.333766303991
396,-6189.661277825186
397,-7331.908118252381
398,-4717.224170044057
399,-8679.434758796519
400,-2152.387939296088
401,-2950.889724456141
402,-3777.8082220717515
403,-4936.192180183013
404,-3604.89357760108
405,-6724.8756940087305
406,-2881.024583429134
407,-6460.341750815415
408,-2089.894959082718
409,-3067.4070083007277
410,-50015.89670139708
411,-4547.259099555152
412,-5314.0315780165365
413,-3724.780271604688
414,-1263.6019185635616
415,-1991.830417144123
416,-2575.882782558057
417,-1857.4186497504786
418,-5582.66955321257
419,-3536.451994524693
420,-14848.425328565674
421,-17903.330360483218
422,-3442.249242053397
423,-6994.843135388263
424,-2771.14850917614
425,-6289.0023409487685
426,-6652.378079831256
427,-2816.5400462343773
428,-1940.7238767907565
429,-8433.325400980259
430,-9834.884185423944
431,-9344.689349928709
432,-2631.1933315181172
433,-9541.623033223936
434,-7303.851138628296
435,-13046.22302495795
436,-2593.7583249204113
437,-9818.764992054934
438,-2936.861480818768
439,-2999.6369072968596
440,-1676.334863149036
441,-4958.720210824767
442,-2913.107892780863
443,-2874.3397083472996
444,-2158.103788156495
445,-8102.698570107604
446,-18464.928074172407
447,-3018.352465909908
448,-7258.352796667357
449,-77282.06079022468
450,-35662.90147088525
451,-20442.69777739212
452,-4957.571942355025
453,-3169.960558069345
454,-34004.22343722616
455,-32484.07089245455
456,-17794.221395125744
457,-9328.629087086309
458,-4583.734747772508
459,-2129.002215764152
460,-7786.910577877044
461,-2521.145017631812
462,-11065.521789159626
463,-8116.07231045996
464,-1796.3637127017803
465,-1510.5705525451588
466,-22414.275486573446
467,-5110.442132657919
468,-404774.2885411258
469,-6907.237614178297
470,-2198.4869301352046
471,-8139.094113689734
472,-5016.803133154855
473,-1595.2649284560478
474,-904.6352939642288
475,-4606.4279743864
476,-5743.155831942571
477,-2594.9990410575474
478,-3372.0451711910982
479,-1193.4641344426961
480,-1311.1165913356092
481,-1708.2873973468052
482,-494975.18140202365
483,-12319.420266453248
484,-1673.6938411123929
485,-4100.158917071643
486,-1711.1363229755848
487,-3721.8943501820677
488,-8812.244517514659
489,-26841.87345257792
490,-8191.061948071868
491,-59766.40903893484
492,-4221.168525689196
493,-14812.335821288794
494,-9251.37687977692
495,-4927.088985299301
496,-2308.7173396187304
497,-4034.947934182708
498,-1457.3779831665295
499,-56621.91972232935
500,-3385.3907939607343
501,-11142.727650505734
502,-32564.13323722311
503,-1273.2765779272188
504,-11953.483312393157
505,-12158.620688513789
506,-24515.80094799304
507,-8883.96838047123
508,-32879.61208014666
509,-3595.552735621907
510,-3775.3650512398167
511,-10402.28220903679
512,-1789.9338112203193
513,-57947.443512031736
514,-278471.10991812684
515,-17851.964461343243
516,-8100.112045868444
517,-9483.662359854843
518,-12548.70357264052
519,-5376.65261789156
520,-2810.644009833749
521,-13455.457642904064
522,-1573.7948972563086
523,-5805.594409085807
524,-4612.705835797472
525,-11504.578433082463
526,-25386.11722361108
527,-25152.10848634889
528,-28172.505498721624
529,-1983.5336262718934
530,-8513.93151934038
531,-4205.94469323274
532,-11268.029812385825
533,-13217.89168401684
534,-15553.874925328377
535,-87813.87429302493
536,-12934.636421588164
537,-5005.365382228079
538,-9353.441485845524
539,-19427.42103627299
540,-7079.530700710121
541,-5137.481994283673
542,-2772.8752993400453
543,-2445.005296288217
544,-50286.51608864107
545,-20568.82485851049
546,-8958.116101714146
547,-171090.8275188485
548,-1405.107457459651
549,-4678.6275673177815
550,-14892.425042217144
551,-24335.00421147533
552,-1894.382161933552
553,-21606.675107363753
554,-17354.4533040993
555,-11378.761839152607
556,-7175.063790081339
557,-3958.045705499952
558,-1666.4261590179485
559,-115064.10687652553
560,-2965.6612158811854
561,-10965.367393195884
562,-637655.0937288274
563,-5202.02627952099
564,-2008.1862721160992
565,-7690.588476338748
566,-4162.002168774225
567,-38243.00274794496
568,-8894.121480656257
569,-1676.2248225343105
570,-15409.966546347106
571,-7384.24261555825
572,-4849.787034145599
573,-51479.64015609107
574,-2051.4974520352444
575,-5255.889010609694
576,-4062.453871692973
577,-1767.276734345494
578,-8431.143947671264
579,-1428.8504969482842
580,-2696.423509227221
581,-3709.883709261468
582,-17204.58270396827
583,-153425.18087884242
584,-6003.447288284805
585,-4159.837025121656
586,-5882.837200870423
587,-7278.7867210339855
588,-18569.81699726929
589,-49725.257389327235
590,-2796.711762813921
591,-8732.72955376763
592,-34047.33638445698
593,-3711.062534088133
594,-1709.4823209230735
595,-9840.78479097459
596,-2934.3879266188783
597,-1953.313228650188
598,-16149.623615916465
599,-2296.6927488629995
600,-12382.313436166376
601,-15218.915908176048
602,-9440.679083793002
603,-6424.224687737105
604,-2188.8389165542108
605,-6852.521894622882
606,-42228.89019614839
607,-18688.529623945
608,-24891.71684657421
609,-8640.114368923243
610,-1624.7864310098514
611,-52202.132587544715
612,-49154.86710847126
613,-8689.548420079691
614,-68304.61862534753
615,-7576.425094437931
616,-13026.759455053583
617,-13974.177723383213
618,-3154.414437919778
619,-13553.395656690383
620,-2678.6136023289705
621,-9238.670541389765
622,-24005.95367052745
623,-9063.627581196513
624,-3126.795974755606
625,-1453.1829058815565
626,-8959.123435266987
627,-8753.667030323364
628,-17340.73510649008
629,-123801.5892037908
630,-1152.710555700261
631,-6536.106507561952
632,-1370.1022726993065
633,-5861.636579917594
634,-7050.284143550865
635,-2145.594486237181
636,-3574.1180803092025
637,-3546.576121687549
638,-3821.200613771443
639,-1679.7462833041834
640,-9609.192263541288
641,-103076.95969439654
642,-7151.283240280116
643,-3927.375258304636
644,-8144.515250820646
645,-3342.208124105237
646,-4834.513827851982
647,-8926.503026557091
648,-2174.7571911969835
649,-6044.378725915412
650,-8088.682392554541
651,-9280.38817438222
652,-3152.268228994582
653,-1807.526780278625
654,-3955.866816748025
655,-4787.978372571681
656,-4852.553222108654
657,-22378.045383301967
658,-3300.5410703271505
659,-11994.982168428609
660,-7821.744103939768
661,-20639.232874189493
662,-9227.450450398575
663,-5373.19929556129
664,-5031.691663375663
665,-4339.273878863506
666,-2122.483098910853
667,-7174.98315567501
668,-32645.347764798822
669,-10998.780780673509
670,-19357.78175131135
671,-2599.987106892557
672,-23111.03777705096
673,-9461.996589852197
674,-3554.1806040273677
675,-14559.2893971371
676,-3599.477965441161
677,-7395.615405437266
678,-96949.79802357288
679,-2911.2643089406984
680,-2621.6900911570465
681,-10672.187795214604
682,-9802.646305574126
683,-8078.6489430608835
684,-15453.625900522467
685,-6087.20220946529
686,-4180.160559058068
687,-6750.913555292278
688,-3399.876382840418
689,-2532.132384819001
690,-11603.1853391123
691,-2810.815631929214
692,-10352.784940328698
693,-29763.153279956838
694,-5608.917844607537
695,-5119.882335838255
696,-17533.248541224468
697,-3200.5305076880863
698,-3371.96938940573
699,-2856.251841925765
700,-3238.2400829633198
701,-55622.82804843914
702,-1983.0249646445354
703,-9109.952393538162
704,-4023.7616419664173
705,-25323.96797665892
706,-2085.3864238362976
707,-18174.72250207825
708,-2712.5217672966346
709,-8440.558571486405
710,-5041.632045173164
711,-2492.342506144738
712,-9462.572988227254
713,-433570.2839964179
714,-2030.1589824323041
715,-3983.425672995921
716,-1897.5532363425166
717,-2708.448060336503
718,-13571.937375848967
719,-4998.44752076508
720,-1947.8138515797766
721,-2056.3693804131713
722,-7456.390898092392
723,-11745.414481639236
724,-2275.795441226101
725,-1667.938787104417
726,-13583.907632763732
727,-19257.623068426503
728,-6412.6714128268895
729,-1048.5012543287523
730,-9282.19107445546
731,-8824.711052361763
732,-20220.95703611484
733,-2416.09884929452
734,-1250.3988213554946
735,-1379.4971269227665
736,-10811.46810933997
737,-3207.203824937386
738,-10426.864535221168
739,-5107.005732061571
740,-1818.0959806395945
741,-5486.632009674071
742,-3224.104737208809
743,-386834.36565089703
744,-15112.253734823063
745,-1443.5623322520134
746,-3657.761782738634
747,-6552.478839965495
748,-14539.528855869718
749,-1182.2975467355552
750,-1684.431119832075
751,-4293.435713589137
752,-1608.5465579022436
753,-8948.666094423223
754,-16102.224557182193
755,-6900.457579449912
756,-48820.10186953843
757,-2813.246001238329
758,-9789.435402907018
759,-25371.1170646014
760,-5528.861621801095
761,-5524.281120714515
762,-15913.008371747332
763,-4626.887744821764
764,-2986.689455615854
765,-74372.68651683527
766,-3428.643340476975
767,-8222.666534945853
768,-32771.313385498855
769,-1021.705646503953
770,-5229.452861693604
771,-3614.173017300206
772,-12712.119580260949
773,-15417.999074882646
774,-5905.945114578231
775,-3551.178690076875
776,-5467.249604941683
777,-2329.640647952111
778,-10285.546818660743
779,-2535.037611675594
780,-1412.6200586772268
781,-9816.29720851438
782,-4267.5725337577505
783,-49263.89903565225
784,-2300.515019907324
785,-4060.800473352109
786,-3165.586446144356
787,-7923.102840431228
788,-12799.313560372295
789,-1858.9180386689225
790,-12917.141387473444
791,-9486.518795201673
792,-3511.8766149535054
793,-4903.52307762473
794,-51899.967782393134
795,-2344.8966185174154
796,-15701.149337961884
797,-2748.1218253304464
798,-4292.502451262193
799,-349734.3639443118
800,-10710.029169482828
801,-8345.848828503998
802,-4429.9592785214345
803,-5483.332866602166
804,-56242.722175458184
805,-36166.1764278532
806,-40622.36895742487
807,-3353.998411086474
808,-11279.570192559737
809,-2769.0854794111406
810,-131085.17147206195
811,-50410.588550605506
812,-4223.957703587906
813,-19507.97194439825
814,-2455.234552201307
815,-2188.9028029592027
816,-11303.7264212043
817,-14249.912188885817
818,-15564.939395337971
819,-28404.788516275563
820,-12936.917440617919
821,-19844.004453082536
822,-3707.2613180566814
823,-1256.549727858131
824,-3236.3677573320624
825,-1951.4599337801055
826,-11109.689657716532
827,-9675.10466600825
828,-5199.673534158057
829,-2925.9374315222467
830,-6156.669530740697
831,-5846.585271994879
832,-1744.5276378183407
833,-20764.67946256166
834,-3632.6862362050765
835,-9343.13117116115
836,-23258.96135004516
837,-2771.767012433318
838,-12263.9998721416
839,-5285.109806632604
840,-5326.503690443952
841,-12359.128611156617
842,-2733.818240870968
843,-7172.519031252776
844,-2485.8666235769947
845,-9323.407609888243
846,-21153.08656032736
847,-5201.6570374658695
848,-2054.989675400336
849,-3701.4913886231184
850,-33518.255481127664
851,-5606.801710755879
852,-7422.502284374654
853,-2345.832278703948
854,-19856.372732706237
855,-11863.412986040137
856,-2114.1220693994733
857,-8167.945537707689
858,-21347.425939455625
859,-10327.939821406117
860,-11247.261821978313
861,-9326.58364155091
862,-4627.540130295974
863,-15942.068996679602
864,-20204.106877294398
865,-7271.021750138065
866,-12465.472189060689
867,-1144.556064819673
868,-2319.4693531051944
869,-7908.155641707043
870,-3222.0150471935463
871,-2340.191911944432
872,-12846.057383506455
873,-16417.51182918723
874,-2711.759889181927
875,-4032.0102231952337
876,-9717.926206274144
877,-110782.89898768322
878,-27468.344751429235
879,-3679.021525673627
880,-20877.43286876185
881,-10057.355832815683
882,-3779.190648752655
883,-6991.465859249155
884,-25069.49750776168
885,-11877.958203373459
886,-4221.384416568017
887,-15238.482352212362
888,-6755.723022879075
889,-5805.034935401467
890,-3007.818378818146
891,-1115882.4754197032
892,-25658.29302886916
893,-13940.546770600933
894,-25040.742087240502
895,-5074.874943729099
896,-2542.7987144663944
897,-6914.51402595207
898,-4210.582071490651
899,-10209.289169036638
900,-8649.515357556194
901,-7657.010245049071
902,-10580.352135876596
903,-19263.030263696317
904,-3580.034939570512
905,-9260.878044324249
906,-172339.3675779899
907,-5852.893684570973
908,-2451.4647752096
909,-3610.672204523808
910,-2575.464364908136
911,-18563.37124145731
912,-3400.0062435252594
913,-8361.560470805412
914,-2953.197867170435
915,-3597.8846135975327
916,-3056.4912005959386
917,-1207.877528273614
918,-2649.410875289746
919,-38007.45125130238
920,-19204.73298396859
921,-2877.740362097565
922,-9065.44882999472
923,-4157.0519679946365
924,-2116.099303900453
925,-10586.799638697625
926,-7434.691937027089
927,-3862.0506639895375
928,-10731.00780171194
929,-3359.6934024137518
930,-7090.792135483629
931,-1742.5668139339623
932,-6743.176172761106
933,-4979.334552134021
934,-2174.376815668294
935,-8127.06141023413
936,-4167.109486930011
937,-3333.9445482010888
938,-35728.45997962616
939,-4355.882185427907
940,-1619.2559064861691
941,-27695.58239387584
942,-25294.747856153324
943,-11393.157062905995
944,-4357.937843982813
945,-13465.46643007342
946,-6659.6776577838245
947,-1417.8441587309064
948,-2340.777538274837
949,-3134.110264254352
950,-13872.69020115468
951,-3931.0237831521727
952,-14970.206321155338
953,-3900.9641733532703
954,-3849.4289747509656
955,-2045.022797414091
956,-5001.071144501384
957,-3824.776905739562
958,-3428.116136437312
959,-33788.948941507886
960,-1283.2182517874635
961,-7513.586438472757
962,-10436.35527917228
963,-61582.61274048499
964,-1662.6806960797235
965,-23586.25347634464
966,-1760.5591587509125
967,-13911.644338819251
968,-15365.442457677758
969,-4527.474095849217
970,-3618.282889869811
971,-17176.873569063308
972,-1532.3640866496426
973,-10375.580492073585
974,-6707.226807134493
975,-4432.623325974493
976,-2088.83476025664
977,-23258.02506330445
978,-1611.3487582440216
979,-2027.7689206594114
980,-10390.489903134063
981,-148077.52990679434
982,-1835.1628539926803
983,-4233.683478946011
984,-4282.238406844415
985,-215167.1444540865
986,-12048.482288398658
987,-10853.672867387237
988,-5003.860422556129
989,-5992.851071398593
990,-7866.7357814718225
991,-10236.175398517473
992,-3314.9990711502082
993,-1458.724721473277
994,-5037.227805941478
995,-5507.446330817175
996,-1703.9745716255663
997,-7226.955470574584
998,-34793.63202930401
999,-5893.586844539302
1000,-4152.481579101546
1001,-7513.6441101278915
1002,-14585.08307877674
1003,-3621.487961374456
1004,-10963.311421578426
1005,-1953.3448531623346
1006,-144153.37639329472
1007,-91000.66393432724
1008,-7385.0073554844075
1009,-16486.876897691312
1010,-3160.511327679386
1011,-9596.979004285377
1012,-3637.5236134425777
1013,-5753.595699045461
1014,-22361.736115887816
1015,-6936.930949022647
1016,-2881.0482686187056
1017,-3953.5213729694105
1018,-8236.616754480143
1019,-7044.180150162238
1020,-3918.9575436468763
1021,-5338.118362687632
1022,-38279.598599971716
1023,-8107.258162567779
1024,-4216.237773092745
1025,-3804.5729055117977
1026,-10019.210957422574
1027,-7736.7400414725425
1028,-1976.5479338584155
1029,-256309.78907857763
1030,-1894.1857177465156
1031,-4835.753918172085
1032,-2723.990624103378
1033,-3963.960813458487
1034,-3253.123883888258
1035,-16035.499179960947
1036,-16590.771576120333
1037,-9779.064528979836
1038,-6301.290582514891
1039,-2644.944180081877
1040,-82113.33863908361
1041,-1616.0799815360683
1042,-8174.207291178051
1043,-11522.482249546958
1044,-1356.0547746176892
1045,-9672.691208955679
1046,-3476.9492551943067
1047,-2618.730258640418
1048,-19633.05361549012
1049,-9485.37728221374
1050,-3207.708987650936
1051,-1181.8233305205233
1052,-49617.129286482865
1053,-19756.970451118184
1054,-4879.634068064449
1055,-49286.33288051012
1056,-16034.07269201594
1057,-3793.0823943805535
1058,-3315.3056680675236
1059,-4079.654235553563
1060,-10052.77762552942
1061,-21415.17442279861
1062,-2321.9983667441657
1063,-10841.805778999986
1064,-80596.43365544282
1065,-5853.304141300329
1066,-38574.98457053398
1067,-1967.4823677131649
1068,-2942.5379114879383
1069,-8838.437127029101
1070,-20107.37506057407
1071,-1421.9267059679294
1072,-5595.490304053419
1073,-14250.128547547727
1074,-11609.893940636122
1075,-2404.997080246952
1076,-41037.47276163714
1077,-1802.6343202590576
1078,-34841.37184346869
1079,-4065.9315054315
1080,-3434.6722758743467
1081,-1935.9252459095649
1082,-6508.971375348608
1083,-2341.332551591214
1084,-2581.380326242106
1085,-6566.5852912656665
1086,-6242.407466391689
1087,-4195.879461826239
1088,-4614.720818283882
1089,-71961.36201967095
1090,-2366.9799190391627
1091,-13039.883577916073
1092,-1306.5580123141433
1093,-6812.313305975968
1094,-1009541.8697312912
1095,-9438.549160955932
1096,-17989.251790809958
1097,-1160.6710206950095
1098,-10474.400074283974
1099,-91785.34880069313
1100,-60644.663300073116
1101,-66172.45745706456
1102,-8353.472309901463
1103,-82104.35657234633
1104,-1876.928594152718
1105,-2922.400733752462
1106,-3136.0866728486076
1107,-9950.998476690225
1108,-3925.6379280476335
1109,-1855.5622017897283
1110,-18328.516856794493
1111,-2760.4097097321464
1112,-4002.782812922017
1113,-2338.7469157201604
1114,-4400.912555255654
1115,-3919.080050495797
1116,-18168.02981161026
1117,-3407.0081918178585
1118,-5818.391356771509
1119,-2988.546528337375
1120,-12307.191752308468
1121,-12490.586335661721
1122,-2477.345246930371
1123,-3939.9587158914014
1124,-16683.080408485075
1125,-5064.900623103155
1126,-3805.5283926208645
1127,-20680.247576258
1128,-27206.477198906654
1129,-3028.9692190723918
1130,-11960.732811144786
1131,-28263.23287805331
1132,-4227.8575387989085
1133,-16169.85171429264
1134,-2540.332592349297
1135,-1211.2525344652506
1136,-51844.703756332754
1137,-3628.6614895606763
1138,-14799.315391070777
1139,-39265.778374561836
1140,-16567.119894997257
1141,-1702.2955854504166
1142,-3848.6812069730654
1143,-3767.2741779850294
1144,-5272.665266029724
1145,-16246.222604114719
1146,-8435.68624848458
1147,-6210.699282971862
1148,-3692.8611188662708
1149,-180175.27948777343
1150,-12462.620307524718
1151,-10282.075766483777
1152,-43968.55828264948
1153,-1523.098300602512
1154,-151262.11895824267
1155,-7090.332828367611
1156,-4040.110024335198
1157,-2984.142938846172
1158,-20444.04957208777
1159,-51419.50328197933
1160,-147025.55741719628
1161,-1806.1955973424924
1162,-9342.94176451094
1163,-28458.7051386302
1164,-18274.55940651004
1165,-30607.08774276596
1166,-3341.718066772545
1167,-4457.625061143568
1168,-2210.8246327414404
1169,-4121.020123364443
1170,-15295.128736568786
1171,-17869.434859455698
1172,-7354.5360908456705
1173,-33068.6575296761
1174,-5866.811259273065
1175,-4162.830510853295
1176,-18769.376098075863
1177,-3302.093800252271
1178,-12515.068425046009
1179,-4329.96605700734
1180,-1591.0684031779776
1181,-3543.172654702693
1182,-6534.112848784748
1183,-7347.416295731578
1184,-1067.139197547637
1185,-120639.67540438303
1186,-1920.6628048796842
1187,-10635.804025332603
1188,-21548.970179461623
1189,-8509.40692623943
1190,-3082.5320708024574
1191,-4614.443199192242
1192,-2171.658979338888
1193,-18819.17316992044
1194,-1662.9754961691785
1195,-13641.088043060096
1196,-2980.431480490785
1197,-12464.343428400369
1198,-2318.1562883150173
1199,-5599.621239286011
1200,-74342.78539744476
1201,-5967.966177402693
1202,-3757.610667482545
1203,-2253.38983596459
1204,-2936.4673914855
1205,-12940.85553388806
1206,-2174.446158903133
1207,-4012.1205472721635
1208,-158350.6258911605
1209,-1902.0352651614005
1210,-5038.00436269714
1211,-21444.413496903897
1212,-3792.369494766151
1213,-3020.801134635948
1214,-8983.924791822472
1215,-88258.75889201809
1216,-16539.233536498956
1217,-3978.522607318647
1218,-1038.0141397793918
1219,-10321.43770221613
1220,-10501.557580404857
1221,-2185778.606486549
1222,-4531.333833010733
1223,-9367.274120704104
1224,-2816.865344947775
1225,-343610.0031763393
1226,-15495.736277960024
1227,-5082.2876519236825
1228,-127914.44561819259
1229,-2427.790911936643
1230,-8656.099881104316
1231,-4689.779186198065
1232,-7242.796346845458
1233,-8223.858051721785
1234,-3130.0886723055132
1235,-32591.78792417342
1236,-1756.6137435547512
1237,-3380.596828085705
1238,-42670.15907685215
1239,-4648.075011247526
1240,-4962.048039589978
1241,-3511.074978726574
1242,-3618.1415102380506
1243,-4694.5102344107645
1244,-12033.399291668864
1245,-7744.8633040303575
1246,-3905.09824497745
1247,-10837.9188685497
1248,-46501.51237392701
1249,-29859.655881370585
1250,-2123.118213932938
1251,-2234.1201124391923
1252,-5953.6853080214205
1253,-188698.75564914962
1254,-5185.218567766005
1255,-4889.5166951601395
1256,-2244.5769606669255
1257,-16730.538695932173
1258,-7983.622631339308
1259,-28356.582528696654
1260,-4659.323407711445
1261,-47015.823918632384
1262,-4915.340340833192
1263,-3531.780071164112
1264,-3397.922519291291
1265,-7921.536968003408
1266,-33331.50529692138
1267,-2676.548497234757
1268,-3674.4885743607488
1269,-13063.728265700678
1270,-4638.216686328433
1271,-175062.86767541245
1272,-137672.88828589546
1273,-2242.264499078856
1274,-66081.1237404861
1275,-14512.177453172475
1276,-51845.31842491141
1277,-18033.3589136665
1278,-10274.528608303059
1279,-3433.645491846539
1280,-4025.515306864339
1281,-4164.126388558733
1282,-2604.225657210112
1283,-15305.973138083324
1284,-5858.654937225293
1285,-9228.214485013095
1286,-2276.4215050075823
1287,-52882.631255672844
1288,-115678.36493837085
1289,-6276.146535645762
1290,-13867.464711743452
1291,-6859.580707060215
1292,-19124.177118378087
1293,-9827.048085128974
1294,-2451.553094006994
1295,-29005.430046410533
1296,-39589.59250743732
1297,-16162.179441070613
1298,-3042.219340635203
1299,-6198.63957898122
1300,-5253.744637261716
1301,-11236.13861732387
1302,-24768.749652245402
1303,-20574.621585622343
1304,-1593.5619001543612
1305,-3898.112220636056
1306,-346037.1689791078
1307,-64765.35563186521
1308,-14386.024895572124
1309,-24219.044152674425
1310,-115800.08476275636
1311,-2828.2737606501814
1312,-2788.947619556522
1313,-35178.809983544255
1314,-1643.7475319310406
1315,-10008.455581420241
1316,-15848.987827381592
1317,-26301.51509969725
1318,-6833.263144291662
1319,-3561.9252018253887
1320,-3384.2957598897524
1321,-4119.526801588843
1322,-15194.757870862795
1323,-9272.65049066337
1324,-963.5053221953128
1325,-7114.41980568951
1326,-27593.14095989565
1327,-1208.5400331675135
1328,-2331.207974837721
1329,-26199.771721524638
1330,-3471.285702149181
1331,-6001.4517922466885
1332,-75335.53634741202
1333,-6715.553173917079
1334,-8228.000049008764
1335,-99318.776516554
1336,-3336.0038766637217
1337,-1371.1465892685542
1338,-6241.439670996421
1339,-2850.771824358545
1340,-7839.694139099912
1341,-16723.822068512993
1342,-3376.858629017749
1343,-3622.8645091777703
1344,-4152.555018589304
1345,-3889.103147870261
1346,-2438.9013479105024
1347,-12250.823179937504
1348,-8395.536261208892
1349,-1440.4711088445035
1350,-5153.185105008402
1351,-3935.299705355063
1352,-6440.7612214597275
1353,-7644.099456577789
1354,-21207.633557971047
1355,-6822.185920605664
1356,-78921.65006897502
1357,-4382.19433102694
1358,-2964.2021021691644
1359,-4448.187506881032
1360,-4013.741191723112
1361,-8047.454696234521
1362,-11067.61804379212
1363,-57238.77220335136
1364,-1687.837288835059
1365,-7939.352407608502
1366,-2093.4173678229267
1367,-1663.2439974052793
1368,-2868.9615792397108
1369,-18375.798252303408
1370,-8188.805792253482
1371,-3196.939215429585
1372,-8480.657566370937
1373,-7343.4120660096105
1374,-2820.6636817961303
1375,-1906.3428966089264
1376,-2496.202406843202
1377,-21613.20035455989
1378,-11219.413570811543
1379,-10236.223517566541
1380,-5909.111997588302
1381,-69793.82419704593
1382,-1770.8281371451803
1383,-8401.519480372339
1384,-30062.9001179488
1385,-2117.3142056179167
1386,-11270.171182720436
1387,-21865.08168993127
1388,-25926.08002465124
1389,-97261.75763970836
1390,-11398.937328088688
1391,-4596.4218751578255
1392,-18196.425601239
1393,-8347.871848888226
1394,-1661.238188898337
1395,-3317.3178485331364
1396,-4164.990616771532
1397,-8266.791630773747
1398,-3954.197198130271
1399,-54134.569356908614
1400,-13589.346397094894
1401,-2462.23031592371
1402,-5096.932453851878
1403,-3323.1346691601243
1404,-3615.081124173517
1405,-6758.085602526264
1406,-15983.172214341976
1407,-2861.9875353446723
1408,-2344.9810906745165
1409,-3084.876932172781
1410,-3462.8794043941784
1411,-886.4895040280737
1412,-14086.033015286872
1413,-2405.295550550463
1414,-1224.1727719741768
1415,-11100.40320240867
1416,-152766.33375304838
1417,-11208.64447547549
1418,-5453.14835883398
1419,-17255.35212289339
1420,-29480.641256959338
1421,-2208.762721897684
1422,-11350.57928733062
1423,-369113.981946758
1424,-4556.119901665028
1425,-5209.444675587374
1426,-4828.923454287008
1427,-10946.981349072901
1428,-6479.405511073725
1429,-8259.490398538077
1430,-1275.8678263095712
1431,-4127.55794625294
1432,-25463.42417109428
1433,-3501.6176509392076
1434,-2525.1696619746185
1435,-7480.176019067981
1436,-40123.31377848466
1437,-8240.25096726168
1438,-4699.515395427386
1439,-3176.653481312406
1440,-1776.350686236783
1441,-7101.955954579066
1442,-10571.514312172614
1443,-10973.171242587654
1444,-6887.361183925293
1445,-24426.317574185807
1446,-2010.2088240239825
1447,-22862.79771687076
1448,-2682.031847013452
1449,-4235.449484674508
1450,-5369.527749892431
1451,-26074.650633226152
1452,-6165.045851985456
1453,-9490.314559076083
1454,-4410.064170488089
1455,-4739.010232685281
1456,-5407.752761807085
1457,-41539.236195949416
1458,-2832.8361266071856
1459,-6924.8818195379945
1460,-3059.796305719572
1461,-13683.151697570342
1462,-3321.515391425041
1463,-12560.754459139629
1464,-216350.70741474046
1465,-3157.915482611537
1466,-13159.061371138083
1467,-16855.59623355799
1468,-198454.7181211213
1469,-16249.040375789724
1470,-112568.1719035334
1471,-2011.9604384014813
1472,-31685.18453795962
1473,-6317.6174506750685
1474,-4626.765226560357
1475,-5927.017276955981
1476,-1830.6502033177346
1477,-48865.17857340332
1478,-3472.3098158148828
1479,-34662.171876181696
1480,-5648.036634524164
1481,-3306.144070674529
1482,-22450.127507370235
1483,-3959.5917334536853
1484,-6646.877642256012
1485,-17559.870047876684
1486,-427349.82922849146
1487,-2061998.835957253
1488,-2191.1681105856924
1489,-17942.006119185804
1490,-29898.20570839825
1491,-2608.251699231769
1492,-8973.552795763972
1493,-8224.429774624055
1494,-2560.586864002164
1495,-2940.1814782250012
1496,-3375.9925829185577
1497,-9925.010648246833
1498,-3514.2085255916136
1499,-2735.772841785996
1500,-7754.09568863076
1501,-2159.56492132735
1502,-13146.555400689693
1503,-32490.428254590297
1504,-7386.555766815709
1505,-20502.60376901039
1506,-9070.678258176438
1507,-3089.814402177757
1508,-146447.17823581854
1509,-1931.9590289461457
1510,-19827.496644188832
1511,-4729.954416943107
1512,-3508.5081895676562
1513,-2367.701502624477
1514,-13937.386693030494
1515,-8890.6098543353
1516,-3624.9462812601782
1517,-12361.7605520264
1518,-3260.0992388436516
1519,-33181.421760298814
1520,-8535.91089491471
1521,-13878.819785804026
1522,-1810.7482798781934
1523,-18450.655210777983
1524,-36518.02586647792
1525,-6405.577619390949
1526,-3316.162973730239
1527,-4984.71005268944
1528,-2318.862219294838
1529,-10330.71271448544
1530,-10701.179551350651
1531,-2154.930973889813
1532,-17248.245231744957
1533,-1674.6216488287243
1534,-4440.075982452932
1535,-3863.7708911185614
1536,-2980.333799746979
1537,-106537.65424789488
1538,-11496.37625700968
1539,-3154.827776230269
1540,-3802.5292218717527
1541,-4712.367827136788
1542,-36861.88541405543
1543,-3482.8630952578105
1544,-10072.76461971904
1545,-4590.628153937131
1546,-5713.826571265741
1547,-4829.107019354694
1548,-7938.454948038661
1549,-5249.179456847052
1550,-2316.4723135097197
1551,-7922.436250828088
1552,-9588.068020338602
1553,-14310.840619344552
1554,-5047.157907050194
1555,-5556.1178620059045
1556,-2042.3026092577923
1557,-2386.1402609943075
1558,-1362.7991581291512
1559,-953.1353115733327
1560,-3279.5826904260884
1561,-45303.47869591788
1562,-12152.225249839463
1563,-7599.697382553354
1564,-1758.5102610603342
1565,-7312.3358492544485
1566,-111703.52171385936
1567,-5684.024909701261
1568,-4953.767743726035
1569,-2380.722504476871
1570,-11538.693811277511
1571,-10333.371954004746
1572,-9332.55993344868
1573,-4463.7879626829135
1574,-2301.627612496545
1575,-1564.5456491937243
1576,-2536.67331029957
1577,-8881.956006775214
1578,-2841.09846439916
1579,-1760.3836784732669
1580,-5850.141567231207
1581,-7914.0378938384965
1582,-14606.68259918443
1583,-6299.012318941842
1584,-1439.1535246282433
1585,-2539.7344048398027
1586,-16690.509126797668
1587,-7388.682388033491
1588,-3606.2628704490007
1589,-22161.833805018883
1590,-53799.10685333085
1591,-147837.66397961762
1592,-2776.5432769189715
1593,-5415.254229342565
1594,-5722.204762449591
1595,-3979.8644222150233
1596,-1091.9720804821006
1597,-15880.993134411838
1598,-6505.036607592198
1599,-3766.311591321239
1600,-1617.8140675017275
1601,-4109.439019501027
1602,-2238.379490421108
1603,-41965.39281225814
1604,-2443.2059549883647
1605,-6380.614667596254
1606,-17678.244166926303
1607,-4978.883925736599
1608,-4093.519874935083
1609,-1672.7917862764145
1610,-3329.385068701546
1611,-2834.035689145696
1612,-9953.829355970407
1613,-5559.843863466556
1614,-7295.230143098946
1615,-2337.2208303512602
1616,-229701.8784194219
1617,-20862.744607645283
1618,-5653.173585874749
1619,-1638.369076153263
1620,-18946.123486638102
1621,-1675.4633786210388
1622,-5653.461342737756
1623,-9377.574324506917
1624,-2776.300083248754
1625,-2523.6266564464827
1626,-3786.2909967800438
1627,-5683.251796464898
1628,-7998.174146213938
1629,-1412.0504340653265
1630,-5298.278623139347
1631,-6147.696679793987
1632,-35212.821124349466
1633,-7320.8209974699
1634,-1701.5125692117265
1635,-4175.940727577437
1636,-4748.5749136324275
1637,-8295.93297362297
1638,-10896.643599872135
1639,-9883.245340014124
1640,-8129.563469274196
1641,-91317.89117671653
1642,-3267.3762310166967
1643,-9018.442040056188
1644,-25631.50228577316
1645,-3569.226975690592
1646,-2378.1351404378365
1647,-5634.920687280731
1648,-5905.31893768242
1649,-9625.56004006409
1650,-6834.5878966356995
1651,-11734.618125201609
1652,-2191.691911870765
1653,-2393.173525412727
1654,-2698.53711561028
1655,-3848.634366368871
1656,-1897.4284813350346
1657,-12591.72387820864
1658,-11117.981409736774
1659,-3082.8150721090437
1660,-12761.814642950756
1661,-6831.120719754644
1662,-9535.801999686999
1663,-5942.351647111825
1664,-1633.9393593594225
1665,-7854.006055594241
1666,-11687.940398227669
1667,-3564.8915127836
1668,-6274.5356725513675
1669,-10575.615257612813
1670,-5106.840636409104
1671,-3700.4322862111812
1672,-21713.086765273314
1673,-4859.555299757752
1674,-2114051.0052044448
1675,-10682.13185222723
1676,-21369.976789009397
1677,-12750.927898364895
1678,-4699.667847670498
1679,-3356.2193900563752
1680,-10489.90095328692
1681,-2116.1006088518684
1682,-46313.07300914116
1683,-1837.538624055701
1684,-22018.052731439886
1685,-70695.3304277467
1686,-159415.2028117265
1687,-1453.9336318577666
1688,-3090.913617828588
1689,-1894.073666081502
1690,-23803.477787939977
1691,-2467.1258306083027
1692,-5252.600422871625
1693,-11318.47672589308
1694,-2323.016631624328
1695,-9409.890626541102
1696,-6378.289361855113
1697,-7996.000617869695
1698,-13254.99959468856
1699,-13891.589930844153
1700,-5374.5420484541
1701,-3407.265036076232
1702,-12256.916017179154
1703,-8968.727668301419
1704,-12509.238420530295
1705,-11048.761409458479
1706,-22948.305732285473
1707,-5228.974562110288
1708,-673.8260360051613
1709,-6436.072280130838
1710,-6669.949065543601
1711,-10399.751119554878
1712,-11254.33655576831
1713,-17782.242541366842
1714,-1825.8906945842623
1715,-2923.263999101238
1716,-1221.0589014491247
1717,-8542.845601013561
1718,-17000.1663123325
1719,-641491.3614058269
1720,-25643.91578791034
1721,-7277.641345540822
1722,-3956.609147298518
1723,-6841.7520805167505
1724,-15011.317200681868
1725,-4789.642323764944
1726,-67409.77274738683
1727,-253528.09276104628
1728,-2444.4627986149867
1729,-6973.042501787476
1730,-7954.068688262661
1731,-3755.6168461004436
1732,-20260.400705030832
1733,-3994.6096330521777
1734,-17320.078616786705
1735,-9273.599681406951
1736,-10865.944635363696
1737,-2117.411846966778
1738,-29397.09052733206
1739,-5723.031819628482
1740,-4812.477467173769
1741,-29472.158906487515
1742,-2454.0441733661223
1743,-17121.7052067508
1744,-1465.3378723014246
1745,-10632.276446384192
1746,-16742.171039014203
1747,-53738.71771573664
1748,-33719.413552732985
1749,-5049.6655120874575
1750,-11671.681795359775
1751,-1859.2166793432311
1752,-3628.208029518423
1753,-1829.9227759232447
1754,-3183.726496699568
1755,-12001.407753316607
1756,-52253.628574625254
1757,-32924.47586254522
1758,-6574.367921498275
1759,-6330.348081177914
1760,-67881.29461687901
1761,-11340.103381261742
1762,-4287.159087750596
1763,-11297.629268711002
1764,-2891.7430908470146
1765,-3708.7217305779
1766,-9325.993466668504
1767,-6773.2814624399
1768,-5413.709153733049
1769,-4755.219530215512
1770,-1647.5703833928023
1771,-3750.895465077159
1772,-2857.092790701804
1773,-34405.708335937605
1774,-6961.283421056795
1775,-11194.169138626936
1776,-2687.6590032738823
1777,-36523.59243537428
1778,-1016.6686938213213
1779,-1668.0992172655178
1780,-4256.42556174253
1781,-14273.084694081013
1782,-1449.6581314230048
1783,-4343.789708074056
1784,-2293.55367756235
1785,-7680.444593523569
1786,-7925.5052229315625
1787,-10044.107166041451
1788,-3563.0484459034587
1789,-1535.1648995256644
1790,-7039.123627517841
1791,-6515.754171679388
1792,-4247.862747655353
1793,-1173.1668048746965
1794,-1886.7889838397355
1795,-3215.167830038261
1796,-24338.468834471932
1797,-13325.71109280911
1798,-298206.6681809043
1799,-5640.030052551132
1800,-10609.510919394506
1801,-65044.33387397122
1802,-8464.876554342833
1803,-13291.844321521277
1804,-15053.08255607916
1805,-9899.646769191664
1806,-1891.019708135224
1807,-4077.565041334328
1808,-21355.57401619849
1809,-3949.364045213456
1810,-2119.9606773843184
1811,-1796.8420335108872
1812,-23189.653593207182
1813,-4040.2897238417354
1814,-15898.89817327535
1815,-2286.726451322871
1816,-7465.173623884999
1817,-26918.468078885675
1818,-2698.992028934954
1819,-1897.9967036432706
1820,-4312.977353652527
1821,-4748.674500265785
1822,-610.9692563298387
1823,-14275.341822814746
1824,-2978.219448190206
1825,-2930.4259200917168
1826,-2014.2785449773687
1827,-867.0938872106382
1828,-6783.057568201165
1829,-20249.20831504824
1830,-12295.5504315095
1831,-28174.46451160809
1832,-3828.826866213783
1833,-4231.967474943762
1834,-1067.7485659388428
1835,-26348.352164287036
1836,-2654.0810243578435
1837,-3916.571793479312
1838,-1490.095517689224
1839,-17649.124203234525
1840,-542310.0651396961
1841,-5136.502027575712
1842,-2598.552363348296
1843,-3038.2161361210124
1844,-3895.192176504551
1845,-3859.451811877727
1846,-12746.756667239162
1847,-12373.373636167713
1848,-17244.07597750007
1849,-13097.389164583965
1850,-25316.130853511782
1851,-5668.505683453351
1852,-4592.376045324425
1853,-7495.537624586886
1854,-4098.049981076255
1855,-7329.841592466254
1856,-1696.719798988685
1857,-23480.300071728663
1858,-2644.6990854750384
1859,-3955.532091301443
1860,-4806.838799425153
1861,-14311.723901696978
1862,-10147.53463962584
1863,-2020.655191112096
1864,-64266.42855926053
1865,-12538.994397262162
1866,-7122.541505156959
1867,-23304.507741307603
1868,-12427.684948088403
1869,-68359.67455217501
1870,-3290.618474276421
1871,-7271.951309075934
1872,-42028.56492483567
1873,-8293.132624742222
1874,-5420.079108080686
1875,-6056.640333241648
1876,-1165.4746865739094
1877,-45583.07871436216
1878,-12204.747567669549
1879,-4014.331339304897
1880,-1270.7373339802632
1881,-64606.08344162664
1882,-1793.5879429657589
1883,-3971.421860174375
1884,-3230.23931803632
1885,-6851.2927249355835
1886,-7095.4711769441465
1887,-2832.1090263167853
1888,-66740.45819448166
1889,-86659.77756718424
1890,-44746.64893895299
1891,-28569.57841288256
1892,-6999.1764183300875
1893,-7435.8704197891075
1894,-25453.612763634083
1895,-4200.978602770454
1896,-12598.055202773283
1897,-1745.1866926766738
1898,-2428.816610948981
1899,-9403.687919631187
1900,-1610.1289928271815
1901,-3017.3047474972773
1902,-4293.575077882907
1903,-117114.95259249961
1904,-1299.7266335290012
1905,-16353.560521366611
1906,-3754.2199108747145
1907,-5483.728875447235
1908,-800999.9807386791
1909,-1021.1842678993152
1910,-7903.519997325912
1911,-352594.88291733654
1912,-15891.288179262832
1913,-33499.78784836885
1914,-7767.086117452943
1915,-11709.619531724808
1916,-5708.234651745766
1917,-27926.171033746832
1918,-11680.321978416816
1919,-2736.575534053352
1920,-1736.3549465896633
1921,-1218.4790919691766
1922,-1779.0705101556173
1923,-11060.959128323158
1924,-9478.37010489903
1925,-2566.618952756633
1926,-19978.526853565265
1927,-5304.479169618525
1928,-5590.925478986211
1929,-2809.626138967668
1930,-5902.004291301233
1931,-3715.385297741214
1932,-5996.122707457838
1933,-8096.760701891627
1934,-10510.16557568037
1935,-2013.3390606560608
1936,-6822.513372067027
1937,-1768.6019640307627
1938,-217743.76000098806
1939,-2222.350619100625
1940,-6853.671032830886
1941,-7654.916508126566
1942,-6225.923192599445
1943,-4771.743279606118
1944,-1514.5661146420755
1945,-23032.260102726475
1946,-88456.55433514943
1947,-22121.89430360897
1948,-27960.95756386519
1949,-6815.974169697242
1950,-2467.4428811378493
1951,-4866.5377909680965
1952,-3553.4573330013513
1953,-3467.2797394688023
1954,-8025.520074878455
1955,-12987.809820560049
1956,-3823.7171894205153
1957,-1596.5763446086014
1958,-3785.72132647224
1959,-16271.623214719863
1960,-2442.6685262643828
1961,-8106.882216511013
1962,-4436.636868091706
1963,-33125.20277982028
1964,-14044.876616997924
1965,-1416.0583055910342
1966,-5224.989135801667
1967,-1292.2066292139825
1968,-852.5548281437207
1969,-2194.4438454118813
1970,-16035.339901152123
1971,-8328.639379811157
1972,-11427.151322105527
1973,-61624.288652359144
1974,-12132.83274831586
1975,-7104.007800609254
1976,-773145.1908353567
1977,-2800.5262114661987
1978,-2205.5210946459165
1979,-4297.1867515840995
1980,-75871.47292523463
1981,-6527.135279121825
1982,-24725.58669307814
1983,-8506.753811561626
1984,-9525.871354499615
1985,-4608.029394297844
1986,-1293.2143125136536
1987,-3100.9993863006384
1988,-11565.964061852192
1989,-6928.23849741805
1990,-2546.648095381992
1991,-24782.22641959165
1992,-9890.719908088602
1993,-5172.4030485011635
1994,-594024.174170578
1995,-13668.03390391339
1996,-13224.441526190027
1997,-2735.598058384028
1998,-618551.8408209227
1999,-31462.401408912523
