,value_per_image
0,-933.6923876439687
1,-715.1763614714146
2,-1092.2896552756429
3,-1719.6908100247383
4,-507.55782566964626
5,-613.2673367396928
6,-35.91879390798567
7,-382.9596839752048
8,-245.8076047617942
9,-1790.6929600834846
10,-540.9441129863262
11,-1499.5094977021217
12,-6.515681432272686
13,-2.210676921790764
14,-243.7263944875449
15,-23.64593587978743
16,-1777.7840310931206
17,-64.02249945444055
18,-1659.9233528375626
19,-213.93704698234797
20,-277.2174837811617
21,-0.6408145501263789
22,-12.10756540595321
23,-147.96349919610657
24,-1536.587093859911
25,-1781.0476418733597
26,-1790.9887226819992
27,-0.4388940430653747
28,-1604.9280408024788
29,-1044.0016788691282
30,-759.3267997279763
31,-897.7012732774019
32,-1.9496237553048559
33,-763.2428555116057
34,-1539.8614021241665
35,-8.129052085336298
36,-766.4630001336336
37,-58.157505328369666
38,-1608.9928871691227
39,-1641.0793165564537
40,-353.6879116035998
41,-825.4141925468575
42,-1036.1616358608007
43,-2.619666107799276
44,-559.6114331483841
45,-129.22131272085244
46,-1.9297642996425566
47,-435.0002511392813
48,-431.9764559492469
49,-685.2625265512615
50,-65.49080646649236
51,-31.37028842093423
52,-1190.249368365854
53,-184.2292255377397
54,-1303.2370297908783
55,-70.14640175597742
56,-201.42691901046783
57,-1148.158105403185
58,-66.30232073133811
59,-1.6202932713349583
60,-1654.261062860489
61,-1427.188482567668
62,-1554.0765913426876
63,-1021.5757975354791
64,-72.4212411493063
65,-882.1607827842236
66,-1594.0039004087448
67,-1790.405308842659
68,-860.2314429879189
69,-42.735529679688625
70,-690.3827356472611
71,-1564.8512835279107
72,-1047.2490831948817
73,-230.94069363176823
74,-1545.2456226199865
75,-368.0366090320973
76,-678.2544861678034
77,-1044.8072385042906
78,-1755.551579684019
79,-1284.6536865830421
80,-519.9049987606704
81,-146.31129559408873
82,-528.9235948333226
83,-1663.5193051099777
84,-1660.5574924945831
85,-991.0500621721148
86,-1494.9722629860044
87,-129.2429372202605
88,-1171.2561698071659
89,-784.2370766401291
90,-538.6793700403068
91,-1443.7982033491135
92,-342.71238944755896
93,-1070.6734858453274
94,-1697.8922890126705
95,-1777.6087936460972
96,-1657.8977709114552
97,-1135.7458103075624
98,-11.230398008832708
99,-14.536951130256057
100,-85.03335606912151
101,-110.64689032908063
102,-411.1191284582019
103,-1526.8646722137928
104,-32.50829001120292
105,-293.7093961215578
106,-35.72851453236194
107,-333.48335364065133
108,-277.8145895698108
109,-1774.499420017004
110,-914.3399028554559
111,-1310.6392599344254
112,-314.5035791192204
113,-1014.0750987827778
114,-870.4316028244793
115,-264.21824418753386
116,-356.79345789924264
117,-845.7601935639977
118,-1557.9118564128876
119,-98.4605075372383
120,-227.5298865083605
121,-1678.5942527651787
122,-1439.823486059904
123,-2.4257295573406736
124,-188.85039520962164
125,-1092.6563379899599
126,-1790.4687423110008
127,-0.5758632164615847
128,-39.53781939554028
129,-112.04111402481794
130,-1762.823142081499
131,-1783.820534259081
132,-1564.2542439699173
133,-1558.9456807672977
134,-275.18655502889305
135,-1789.129722803831
136,-149.99206503573805
137,-238.03847538330592
138,-1254.4412477724254
139,-418.4177219623234
140,-122.84118774254966
141,-83.34376297100243
142,-186.48529796511866
143,-62.747426301980795
144,-126.40950958244503
145,-978.4503344297409
146,-971.4667442459613
147,-1399.6389568902086
148,-29.864777746610343
149,-1790.9100635051727
150,-1765.8055291175842
151,-1048.1609900305048
152,-4.888083526602713
153,-286.46071382225637
154,-1722.6401642858982
155,-179.52863421454094
156,-1597.054722726345
157,-2.3258377412589653
158,-1464.1675900816917
159,-1275.309066725662
160,-202.05246794398408
161,-227.02394099906087
162,-73.54091612083721
163,-109.64936329331249
164,-1.2628782148305504
165,-1018.1949798837304
166,-1045.312908266671
167,-1756.2296218276024
168,-38.2603612561943
169,-71.09251379437592
170,-1672.053428053856
171,-238.16284274833743
172,-1669.4763792157173
173,-4.3760034836408295
174,-640.3746173586696
175,-17.990697836321488
176,-53.66238533961587
177,-833.4308441206813
178,-481.6554974503815
179,-28.003766387683186
180,-1488.5176467448473
181,-767.6735456585884
182,-676.5853785276413
183,-1241.1061226576567
184,-269.063654974103
185,-179.68805996794254
186,-1684.693805217743
187,-1712.3729763627052
188,-336.0689091407694
189,-6.156139152037213
190,-136.38903687661514
191,-166.4295827408787
192,-342.31481916829944
193,-246.57940176059492
194,-1071.461472928524
195,-886.7893369048834
196,-71.6902668653056
197,-1789.0009435415268
198,-487.79566604830325
199,-1.6202249500202015
200,-302.7041081637144
201,-132.73228529142216
202,-341.2530835252255
203,-1304.1066811084747
204,-1145.3177132159472
205,-620.4792854762636
206,-272.6696273572743
207,-1056.354286450427
208,-88.6941396202892
209,-1691.8787912130356
210,-6.646059429622255
211,-495.7361317975083
212,-1772.93118801713
213,-1070.4889757037163
214,-348.6366626136005
215,-730.7462458238006
216,-14.350436334731057
217,-1785.4057390093803
218,-815.053444236517
219,-0.06965514132025419
220,-405.49517237674445
221,-666.9021327830851
222,-166.59464258188382
223,-966.0887834206223
224,-14.940197999938391
225,-1760.7962366640568
226,-541.6138961985707
227,-1576.3177611529827
228,-4.295370369167358
229,-1790.2695397138596
230,-130.04159839154454
231,-3.112288017626156
232,-1786.9314271211624
233,-1694.388620108366
234,-35.89696599781746
235,-432.4290458858013
236,-1651.969187438488
237,-938.7760910838842
238,-27.07886344508006
239,-1644.5388738512993
240,-1272.736647337675
241,-449.25125223211944
242,-52.0205825002231
243,-28.51213531778194
244,-756.0139298588037
245,-639.4127962235361
246,-700.3057692996226
247,-452.28556556999683
248,-1790.9993236660957
249,-169.22752596903592
250,-1716.1170478761196
251,-1443.3860270380974
252,-747.1940666157752
253,-1106.9896177574992
254,-1546.8552123606205
255,-855.7707479852252
256,-164.5069745965302
257,-69.70366500131786
258,-969.9499213859672
259,-347.3133446276188
260,-37.09931145608425
261,-0.13377768243390165
262,-1005.3950978815556
263,-87.7843072131509
264,-218.80442539231444
265,-955.9126942157745
266,-1769.4060320854187
267,-174.5051346323453
268,-218.75317328868186
269,-100.28455010987818
270,-1043.1118151247501
271,-12.955151849004324
272,-1347.0488233566284
273,-7.732508289103862
274,-838.600509621203
275,-514.4932652525604
276,-36.969762110864394
277,-640.7128381766379
278,-804.4001247426495
279,-911.2132445275784
280,-1756.450863957405
281,-37.47644653124735
282,-1142.9169158741415
283,-632.4108431204222
284,-1153.7571672797203
285,-166.0011640448538
286,-787.7554184430483
287,-1727.611450701952
288,-58.57802926772274
289,-0.10873835688062172
290,-0.9374098680479221
291,-16.081516415579244
292,-844.6464940010919
293,-442.90984380379086
294,-1148.5658114925027
295,-0.15825931847803076
296,-458.75376357883215
297,-81.61186381313019
298,-55.17620996718415
299,-314.98706869018497
300,-1368.1246873140335
301,-1349.79360345006
302,-5.578404335203231
303,-221.07235997123644
304,-15.159694173104072
305,-1783.2934230864048
306,-968.0103164613247
307,-1666.837445139885
308,-874.7988731809892
309,-1552.1848399937153
310,-12.681167841743445
311,-36.02385951667384
312,-762.5461237505078
313,-2.5790778154678264
314,-67.73577815620229
315,-0.2668374195936849
316,-179.00236677436624
317,-826.0975682211574
318,-23.21560882398626
319,-6.095100547361653
320,-446.32047277715174
321,-83.57969438354485
322,-1486.5423649549484
323,-1344.2299905717373
324,-62.89849971351214
325,-1363.390621200204
326,-1621.1109383702278
327,-1133.0549121499062
328,-1777.0675463676453
329,-1326.6420910209417
330,-1749.4870112538338
331,-1428.8735022842884
332,-211.54811473563313
333,-336.7889050319791
334,-1393.8460880815983
335,-341.00677915645065
336,-771.5294133704156
337,-424.3291139770299
338,-1187.9632815262303
339,-1167.5766788721085
340,-141.5376218399033
341,-1232.2479826882482
342,-0.05026378963020761
343,-1284.2443332448602
344,-15.152262178249657
345,-41.12626853631809
346,-353.69966819137335
347,-32.171884529525414
348,-637.4804793149233
349,-1580.2801811397076
350,-31.868225769139826
351,-1668.0700310766697
352,-1558.9723787903786
353,-50.31676312730997
354,-1724.4071483910084
355,-853.5625780373812
356,-1747.34460785985
357,-1602.4635853469372
358,-1028.6546821072698
359,-64.51987768907884
360,-1.9634999732516007
361,-290.8481093160808
362,-0.7614358018295206
363,-13.765330362686655
364,-190.15908309798033
365,-1790.8070690631866
366,-1575.988359093666
367,-999.4102350771427
368,-102.78054542164318
369,-1187.9739311784506
370,-232.7358337866608
371,-1424.2518854737282
372,-8.247657828103002
373,-252.3132025868399
374,-731.4377142740414
375,-1687.757840692997
376,-681.9040528908372
377,-110.19359372455801
378,-1369.8808158603497
379,-298.7580112887081
380,-104.29074024409056
381,-0.44524159609318303
382,-9.279300309863174
383,-884.0163661241531
384,-485.68211627099663
385,-561.1402291173581
386,-53.76912393979728
387,-1778.3882064819336
388,-123.78898736834526
389,-0.085469414711973
390,-1636.76577180624
391,-361.9156269207597
392,-0.20972626768343616
393,-556.3104924932668
394,-300.9800718824845
395,-1592.7742754742503
396,-798.7540090344846
397,-1403.9429427534342
398,-1359.6808673739433
399,-220.40354795288295
400,-1567.0454319119453
401,-99.77375014778227
402,-665.4041440486908
403,-1393.3102621138096
404,-392.054449127987
405,-125.32161632739007
406,-1747.6500963568687
407,-334.95937633374706
408,-1781.879746466875
409,-174.53984718304127
410,-290.38031619740286
411,-799.1833368688822
412,-492.0213001635857
413,-0.03940703069848439
414,-9.561833912175643
415,-351.88281503971666
416,-1403.927682518959
417,-8.321160733496072
418,-1572.645255625248
419,-535.9078568371478
420,-286.07494251430035
421,-1671.1217309832573
422,-391.6142079215497
423,-1533.1569567918777
424,-617.2702955799177
425,-398.13997971173376
426,-578.3129528835416
427,-232.5192590415827
428,-402.66963255032897
429,-6.387922446447192
430,-164.28184443921782
431,-590.8600045032799
432,-843.5034104399383
433,-724.206236843951
434,-1405.1022843718529
435,-1772.0031543970108
436,-1680.9491026699543
437,-1211.0013596713543
438,-1097.8106933310628
439,-603.4673616886139
440,-377.08602804504335
441,-358.14718563714996
442,-1078.236247137189
443,-22.386270205010078
444,-153.39507183013484
445,-658.0499643757939
446,-1685.7686237096786
447,-27.745068571413867
448,-1757.2970227599144
449,-206.1294310837984
450,-1716.9568806886673
451,-359.62880519777536
452,-141.5632925350219
453,-1476.1166179925203
454,-1007.8601232618093
455,-0.14410643458455752
456,-316.40484389290214
457,-559.0703542083502
458,-1530.2790762633085
459,-431.5794314048253
460,-256.81039316393435
461,-1144.216287728399
462,-1693.1650176942348
463,-182.02976873517036
464,-758.7507037278265
465,-1274.6367532908916
466,-585.841557521373
467,-495.058705445379
468,-1730.4411405026913
469,-189.5465578660369
470,-1065.0271777436137
471,-401.3354300111532
472,-1682.279602110386
473,-3.335184322011628
474,-1.0385895692634222
475,-68.08674941211939
476,-1469.57225183025
477,-314.8248004466295
478,-1762.181941330433
479,-1646.3442200422287
480,-1588.7743701636791
481,-310.9481574888341
482,-187.8918493258534
483,-253.48839470744133
484,-486.9343272857368
485,-567.6929085701704
486,-1377.4771522581577
487,-67.7108746075537
488,-657.5629920065403
489,-21.971544362750137
490,-889.8274955227971
491,-311.3085485091433
492,-491.322795022279
493,-34.68497941942769
494,-1681.1700679063797
495,-1755.5674166083336
496,-1757.9187924861908
497,-1714.5101804435253
498,-416.2741223657504
499,-1765.271279990673
500,-71.70088625093922
501,-1297.5747457146645
502,-325.73906284198165
503,-168.2060143428389
504,-31.93379433033988
505,-1696.2805467247963
506,-1.9202653156171436
507,-1341.501427486539
508,-411.60381491854787
509,-663.8897655755281
510,-613.837988846004
511,-1560.0522788763046
512,-1063.3553804254625
513,-1724.536976724863
514,-254.26854228193406
515,-1170.5599112096243
516,-1040.7735000894754
517,-1771.1622461676598
518,-1615.6158443689346
519,-243.9451168794185
520,-310.5360059008817
521,-16.961570780549664
522,-111.97155007417314
523,-1786.237636744976
524,-174.76979454257526
525,-1652.1203730106354
526,-519.1054116636515
527,-50.35379259080946
528,-718.8346133492887
529,-2.8203334948411793
530,-1598.9146115779877
531,-1080.322952836752
532,-1631.4159935712814
533,-919.0650653466582
534,-756.6735269129276
535,-1542.822890251875
536,-1657.6744488477707
537,-279.4806298317926
538,-237.75222240388393
539,-403.69380068726605
540,-120.32791137020104
541,-48.46752442717843
542,-1656.0703248679638
543,-1.7355081217683619
544,-1785.1019078493118
545,-1664.2831116318703
546,-1104.2312019988894
547,-30.804055302680354
548,-1773.9016987979412
549,-1622.1211351752281
550,-883.2886479571462
551,-0.06060555102754961
552,-1498.714229464531
553,-1730.0575071573257
554,-18.527925640113608
555,-1437.8175290189683
556,-31.59470992803108
557,-0.7044137921794515
558,-59.94262054224964
559,-77.11451378418133
560,-27.42103532357214
561,-1320.247561454773
562,-1717.2323645353317
563,-847.9077497981489
564,-1778.779166817665
565,-1043.419488415122
566,-1549.647148489952
567,-1789.3677215874195
568,-107.29402665758971
569,-105.96902991365641
570,-7.122198145909351
571,-1706.3626471757889
572,-14.64677930509788
573,-55.42049498806591
574,-59.048833357781405
575,-740.5452132066712
576,-1212.9003372564912
577,-1549.051303088665
578,-257.8195161055446
579,-84.84275425644591
580,-397.25530887790956
581,-378.999185920693
582,-1499.9517056047916
583,-419.176217533648
584,-6.522691908779848
585,-72.44104912132025
586,-979.4195985868573
587,-1780.455162703991
588,-12.18272502876789
589,-1338.3171095252037
590,-692.1286252439022
591,-1575.9102357029915
592,-551.6418205109658
593,-32.31301364712999
594,-1752.4072822928429
595,-56.149691028986126
596,-1761.049858868122
597,-459.3007116392255
598,-0.399593299220669
599,-3.929193748455873
600,-1717.4109317362309
601,-1519.578759253025
602,-1611.4958210587502
603,-6.194507528198301
604,-205.74291680988972
605,-0.025132082505933795
606,-780.1329877339303
607,-617.5660234317183
608,-1762.1325573921204
609,-1124.0108043029904
610,-544.346700578928
611,-375.16132818814367
612,-10.584636877756566
613,-279.3398470720276
614,-1758.939241886139
615,-1766.1953919529915
616,-1790.791823387146
617,-1584.2087077498436
618,-1.5056369835147052
619,-89.6979867410846
620,-65.92503555119038
621,-52.96291008370099
622,-331.2978316489607
623,-1407.027067542076
624,-1454.5004209280014
625,-621.4295245265748
626,-659.600107319653
627,-528.6969925835729
628,-303.847482257057
629,-581.5123684331775
630,-369.350143764168
631,-1645.7773407697678
632,-8.232844009340624
633,-1782.4442685246468
634,-1498.423612665385
635,-1691.121858716011
636,-1181.857239291072
637,-82.09658665210009
638,-1441.5822730362415
639,-1188.6034956872463
640,-516.8238153839484
641,-0.4016354374434741
642,-1356.6930704191327
643,-221.44910081051785
644,-507.5824775323272
645,-1570.8823826313019
646,-12.181733884732239
647,-982.7123060524464
648,-1255.6801055073738
649,-133.40732358460082
650,-942.6887284237891
651,-419.4621267924085
652,-261.797259343788
653,-0.12749152490232518
654,-70.27068586065434
655,-0.2491000240311223
656,-1536.053612202406
657,-0.7905351378244632
658,-1160.5391963124275
659,-84.08777397951599
660,-1776.1574972867966
661,-1034.353691603057
662,-8.964592683521914
663,-0.11839350312891384
664,-14.540185994817875
665,-1737.3849880695343
666,-3.0340099578970694
667,-1614.7311033904552
668,-31.112573242513463
669,-401.57694285549223
670,-160.72386566596106
671,-720.3387141730636
672,-244.89332030154765
673,-1001.5066141225398
674,-56.94765788351651
675,-723.7291448951
676,-34.91724295914173
677,-1328.6954973638058
678,-780.4673065543175
679,-295.2146122244303
680,-891.9807300642133
681,-1014.9136714488268
682,-374.9113425628748
683,-356.5885039521381
684,-37.264357955777086
685,-1225.7003630613908
686,-1612.7910828590393
687,-201.6830743525643
688,-346.38052819576114
689,-1509.9922319352627
690,-773.9654470458627
691,-1620.5547561049461
692,-1413.1498766243458
693,-1418.2233780771494
694,-824.0811164677143
695,-1790.5265327394009
696,-530.9020479628816
697,-554.1031414554454
698,-82.02707964822184
699,-1.7318769281284858
700,-0.35963770477701473
701,-215.5694389855489
702,-1721.592022061348
703,-37.217633079970255
704,-89.36162186716683
705,-816.6097109019756
706,-22.044048031326383
707,-476.62105710431933
708,-248.97717711422592
709,-942.5332209430635
710,-7.304929347417783
711,-703.7792303748429
712,-1740.54522934556
713,-1663.5050694942474
714,-1632.2905731797218
715,-1506.6200425326824
716,-1790.754377901554
717,-1767.3644658625126
718,-39.42583118297625
719,-11.288886054622708
720,-813.9201245866716
721,-296.56439830583986
722,-285.2798407264054
723,-79.27127645467408
724,-7.051072968853987
725,-1107.380856897682
726,-1485.7431636452675
727,-1789.1016455292702
728,-297.6413939855993
729,-185.91186371492222
730,-19.676410611893516
731,-1706.4604493379593
732,-1572.9434960484505
733,-76.94371048305766
734,-291.0592489205301
735,-1331.2474167943
736,-42.26541893486865
737,-1346.8191416859627
738,-930.4572451373097
739,-632.1712120771408
740,-1.0182287700736197
741,-11.785648849327117
742,-1013.3500935770571
743,-993.5256025791168
744,-1504.1704544350505
745,-1530.06660297513
746,-228.3707575428998
747,-1785.0548405051231
748,-1754.0611222088337
749,-89.09019970707595
750,-10.198645847995067
751,-56.58478573197499
752,-1638.251278847456
753,-150.28262259531766
754,-683.5464451536536
755,-613.8967405380681
756,-58.60709374700673
757,-435.22719867900014
758,-0.27488313434514566
759,-1.5913170538897248
760,-642.0529399139341
761,-4.591207305813441
762,-820.7493019253016
763,-47.36301399237709
764,-1741.8146463930607
765,-939.0932058393955
766,-78.64967916533351
767,-894.6094164531678
768,-436.8653961807868
769,-71.57183973258361
770,-8.99429299433541
771,-1491.0268583521247
772,-73.06003328133374
773,-1445.2104530334473
774,-488.60710049653426
775,-1760.8752723634243
776,-1449.8999522179365
777,-211.7839790387079
778,-206.75581225473434
779,-1039.7548698931932
780,-1388.2144376784563
781,-1762.5437020659447
782,-10.925150302005932
783,-72.86844498757273
784,-1647.7078057825565
785,-268.12238730862737
786,-960.6658453643322
787,-1313.8218517675996
788,-2.3604545885391417
789,-184.01910358052191
790,-768.6992471367121
791,-907.3844340071082
792,-1366.005641028285
793,-312.18692341446877
794,-1104.8819193020463
795,-1162.7057613432407
796,-36.79730108964213
797,-19.86405918581295
798,-1500.2743895351887
799,-1783.0790712535381
800,-39.45087525120471
801,-457.57670610025525
802,-1671.5304493010044
803,-1718.2160662412643
804,-515.7849459238132
805,-7.158135771562229
806,-1274.7395949587226
807,-156.4066077605122
808,-1733.9893578886986
809,-1298.111903950572
810,-38.30885487725027
811,-947.2953095883131
812,-770.2766060982831
813,-645.0494262271095
814,-512.718629497831
815,-51.54731573793106
816,-43.32322763878619
817,-923.630080781877
818,-1593.9970902502537
819,-931.1142489016056
820,-785.9092924967408
821,-1.4826984355086097
822,-1694.782097041607
823,-1615.4192125499249
824,-869.4000007044524
825,-1784.1751432418823
826,-395.878207590431
827,-1132.3135197758675
828,-10.921833814412821
829,-1563.930118381977
830,-1493.8927078545094
831,-732.8256554878317
832,-41.714991751126945
833,-1166.7309801876545
834,-19.640080978977494
835,-897.9154992587864
836,-9.365581509890035
837,-1778.6803238391876
838,-304.25511957739946
839,-22.181926261164335
840,-1564.343450397253
841,-1699.6911243647337
842,-858.1106447428465
843,-1664.2265384495258
844,-207.66536157671362
845,-6.394153613512742
846,-510.3563333004713
847,-923.364908233285
848,-0.13242532181584465
849,-62.52381470124237
850,-1732.9568047821522
851,-0.6553303366682712
852,-1031.5490759313107
853,-47.72395609099317
854,-1423.7768678963184
855,-190.51501849479973
856,-10.326379288222597
857,-1.3691575671982719
858,-527.6912312023342
859,-109.85854399111122
860,-580.1172484471463
861,-1659.835278749466
862,-1782.1971663832664
863,-19.70015412045177
864,-421.1997931378428
865,-1790.9291305541992
866,-714.7119387984276
867,-545.8517662212253
868,-1740.4947345256805
869,-676.3802158460021
870,-6.650416400225367
871,-1731.5120026767254
872,-488.3459043521434
873,-519.1814235597849
874,-0.011289880266250663
875,-501.43083596229553
876,-262.1932972986251
877,-48.80419193699299
878,-1756.162193953991
879,-53.1716557496693
880,-205.04741801635828
881,-1693.3813982009888
882,-1594.345941156149
883,-1028.4939979463816
884,-38.684436803781864
885,-421.7332544103265
886,-66.31172264798079
887,-26.412049428618047
888,-1602.5573912858963
889,-1512.1268475949764
890,-126.26886599815589
891,-1052.6979538798332
892,-0.23191548515569593
893,-1382.395632147789
894,-1344.7777644097805
895,-4.572273822639545
896,-2.1847746292514785
897,-1458.908380717039
898,-0.44013301630207025
899,-778.4625011906028
900,-389.75431890413165
901,-334.0862721162848
902,-418.6889045983553
903,-52.3393939929083
904,-1787.0007593035698
905,-1583.9903119802475
906,-9.707427653716877
907,-728.8871170021594
908,-723.9758243635297
909,-70.96771015465492
910,-104.8869872188734
911,-1.58058297628304
912,-0.278563898632342
913,-519.0202685818076
914,-1450.4570374563336
915,-606.3207296766341
916,-33.52476370544173
917,-46.44055443722755
918,-1080.36236949265
919,-1058.5568311885
920,-57.26351313921623
921,-542.3125917762518
922,-28.885780816548504
923,-1346.9426408708096
924,-967.3686835467815
925,-273.145028560888
926,-734.2627215981483
927,-521.2859544269741
928,-1685.5526970922947
929,-291.9193174857646
930,-488.49427787959576
931,-1399.335763901472
932,-459.2010484067723
933,-914.386406198144
934,-553.6299560759217
935,-458.6808464489877
936,-1743.68011200428
937,-129.53309670867748
938,-1146.4684325475246
939,-208.39065389125608
940,-48.76677880057832
941,-93.84279284859076
942,-165.81577408908197
943,-60.59184040267428
944,-664.7410920374095
945,-18.45483300916385
946,-2.5456557131935824
947,-425.21664549410343
948,-1734.2728301882744
949,-63.17202149156947
950,-0.02028219925296071
951,-3.8532334231131244
952,-3.2038753447013733
953,-1477.598525032401
954,-205.15849867323413
955,-92.57182462658966
956,-1094.0506814997643
957,-1558.2718624770641
958,-773.1674402207136
959,-935.2900129407644
960,-1537.9951901733875
961,-1213.5237707048655
962,-1413.3683492839336
963,-25.788791920822405
964,-1150.1705457065254
965,-471.11208389513195
966,-1652.2892325222492
967,-0.6503186924687725
968,-1.826313384452078
969,-1252.3602881282568
970,-739.6424143677577
971,-1783.918606877327
972,-1735.4167154729366
973,-1001.7880251258612
974,-8.432185574027244
975,-1562.6778057217598
976,-30.33591441658791
977,-0.5960855396569968
978,-1675.6529388129711
979,-681.8801403716207
980,-1758.9450823068619
981,-1203.0026834011078
982,-1534.6249486804008
983,-159.6040484830737
984,-24.209833331406116
985,-196.99191132298438
986,-1230.5412461012602
987,-123.39453093043994
988,-256.8867619468365
989,-159.79493011900922
990,-157.4881772333756
991,-1673.7646530866623
992,-411.3234903924167
993,-394.3356431305583
994,-1137.2749494463205
995,-49.73205176461488
996,-581.3314247988164
997,-561.9206569492817
998,-210.11527392215794
999,-1057.502813577652
1000,-132.31189837201782
1001,-1762.590543627739
1002,-837.5595202669501
1003,-6.743020366411656
1004,-1.3464335656717594
1005,-244.90611463412642
1006,-60.61193984653801
1007,-212.69800201013277
1008,-1781.6970567405224
1009,-1768.2826745212078
1010,-1561.3610695898533
1011,-1595.438625305891
1012,-577.9454573392868
1013,-1715.2375334203243
1014,-407.21624555811286
1015,-50.64617372813518
1016,-232.13669503084384
1017,-63.076775767840445
1018,-196.4462333443571
1019,-1082.905945555307
1020,-35.11077215906698
1021,-144.59635752206668
1022,-1736.462802529335
1023,-535.4549791458994
1024,-132.55436344066402
1025,-1462.3000831604004
1026,-2.2946805429819506
1027,-24.010238238755846
1028,-1185.5801866650581
1029,-131.89758044628252
1030,-1272.5832960307598
1031,-1769.6289370656013
1032,-889.3302787691355
1033,-1788.9652992784977
1034,-1579.5672227032483
1035,-1532.2069476246834
1036,-22.403339345939457
1037,-1278.4115980267525
1038,-837.5818947330117
1039,-70.66998243308626
1040,-46.07027864072006
1041,-12.223864299401612
1042,-1067.757904857397
1043,-1287.0865460634232
1044,-384.19471917673945
1045,-1685.4429024159908
1046,-312.4425774819683
1047,-529.6512615159154
1048,-8.415867487543437
1049,-570.3403092593071
1050,-44.981337442295626
1051,-414.8651439012028
1052,-1763.6483436226845
1053,-1790.943378686905
1054,-17.835361340432428
1055,-87.59846554859541
1056,-64.364083913184
1057,-923.3810578286648
1058,-10.86753605281774
1059,-1109.5419558882713
1060,-639.784575983882
1061,-913.1514086641837
1062,-2.188580472560716
1063,-1522.767835125327
1064,-21.3230904179527
1065,-1746.5575464367867
1066,-1641.0183136165142
1067,-1787.1363946199417
1068,-1115.9572151899338
1069,-160.3534155995585
1070,-1772.7597627341747
1071,-1271.3816526830196
1072,-408.39137636794476
1073,-1694.0523771345615
1074,-362.76054342435964
1075,-20.722199610434473
1076,-15.263042548496742
1077,-745.543912938796
1078,-1664.4465565383434
1079,-504.190619031433
1080,-1484.3444648087025
1081,-4.152386406985897
1082,-128.56880358140916
1083,-18.257130627388506
1084,-7.51368847003323
1085,-385.57566279917955
1086,-1358.9311547108518
1087,-72.23688549234066
1088,-540.6177901737392
1089,-582.570898681879
1090,-273.4872377659194
1091,-1634.8552977144718
1092,-1496.316188402474
1093,-657.2739552110434
1094,-1084.9994583427906
1095,-1662.1380042433739
1096,-7.995681814616546
1097,-576.8201872743666
1098,-895.7238539847312
1099,-1601.377144008875
1100,-313.22339135501534
1101,-109.210234423168
1102,-1675.0652748346329
1103,-1768.7604504525661
1104,-0.41741223197641375
1105,-1651.267405718565
1106,-450.611914859619
1107,-734.5862085521221
1108,-17.025465285172686
1109,-1553.5256510674953
1110,-1771.8182977437973
1111,-193.70259835757315
1112,-83.4902118271566
1113,-562.089476659894
1114,-409.0833715996705
1115,-127.37653452914674
1116,-1305.3000874370337
1117,-197.00636427477002
1118,-10.762225032507558
1119,-124.60558530114213
1120,-379.322323942557
1121,-0.02364321321235252
1122,-61.054490856215125
1123,-10.496802271751221
1124,-1205.990924268961
1125,-1657.9945924282074
1126,-1137.746478587389
1127,-57.204663557815365
1128,-769.4304108191282
1129,-26.390445359633304
1130,-1105.0473360270262
1131,-576.869686780934
1132,-19.296520505449735
1133,-1056.168016180396
1134,-114.08384240278974
1135,-1541.6991510391235
1136,-8.253175408171955
1137,-100.13751791743562
1138,-52.02876971679507
1139,-93.00538009800948
1140,-0.23350822438800378
1141,-691.5497095398605
1142,-1368.963709205389
1143,-831.9271024167538
1144,-1659.193191409111
1145,-387.8897472284734
1146,-1305.0847454071045
1147,-348.0258349505566
1148,-42.46646663045976
1149,-2.5913074439537276
1150,-300.39456127025187
1151,-484.11436144352774
1152,-304.3603279092349
1153,-253.93744483031332
1154,-1301.4947390258312
1155,-1125.1772843636572
1156,-8.888649361324497
1157,-1677.4543024897575
1158,-60.93452566675842
1159,-2.0278546959598316
1160,-27.196242822683416
1161,-0.4859206435503438
1162,-66.42193131893873
1163,-583.1536308564246
1164,-27.906695306650363
1165,-548.4364745777253
1166,-824.2779986611567
1167,-1738.8403266370296
1168,-1508.8522094488144
1169,-6.892198341432959
1170,-1094.3247129898518
1171,-129.42084353868267
1172,-548.2970692958334
1173,-61.15198268392123
1174,-1748.7920652925968
1175,-579.1388617455959
1176,-17.372116531056236
1177,-1227.8820208609104
1178,-1637.939415305853
1179,-4.2667949951282935
1180,-449.8480591624975
1181,-934.5065130661242
1182,-289.19338320568204
1183,-383.08270591311157
1184,-403.74852789379656
1185,-1538.1446780264378
1186,-1016.7464553117752
1187,-336.12076606508344
1188,-1751.7192646563053
1189,-549.05800332129
1190,-391.00651541817933
1191,-330.52026816271245
1192,-1059.9108819663525
1193,-286.5305604948662
1194,-511.62539141625166
1195,-0.07901507979477174
1196,-1780.9796365499496
1197,-8.716103171531358
1198,-957.2668901458383
1199,-9.65400810401843
1200,-792.7611883184509
1201,-28.574773806169105
1202,-835.281995549798
1203,-862.8207333758473
1204,-1777.4180406332016
1205,-1427.882961601019
1206,-1499.1799990832806
1207,-1238.5084255933762
1208,-1399.1082226634026
1209,-617.0039299027994
1210,-9.325907840509899
1211,-1065.3968056365848
1212,-1780.2251439988613
1213,-213.91838951340497
1214,-274.59763014502823
1215,-698.2796051322366
1216,-0.3555930494385393
1217,-14.584694392062374
1218,-1146.0352711677551
1219,-580.3191624321043
1220,-341.4677764251828
1221,-352.4621164756827
1222,-1121.090503912419
1223,-139.30896906997077
1224,-1737.3120892047882
1225,-253.43395847640932
1226,-49.99294469378947
1227,-31.833735892010736
1228,-372.5062601941172
1229,-0.5609489950675197
1230,-1150.4308864027262
1231,-484.0293534696102
1232,-239.66291132569313
1233,-305.0590981915593
1234,-520.4261642298661
1235,-1790.553205192089
1236,-90.98799175722525
1237,-1231.4761276236386
1238,-796.6361185088754
1239,-1772.7256280481815
1240,-1648.7911516726017
1241,-544.5492972340435
1242,-7.391397803759901
1243,-226.38229421849246
1244,-272.87899258045945
1245,-1770.6270332932472
1246,-800.6966681443155
1247,-1165.7141188681126
1248,-594.0147248598514
1249,-1099.620671749115
1250,-1138.6792397616882
1251,-0.014695056504933746
1252,-684.8249184023589
1253,-11.644976843352197
1254,-1790.1437661647797
1255,-138.61544203711674
1256,-133.7761718556285
1257,-449.987884581089
1258,-1165.0207980126143
1259,-564.0315790046006
1260,-1234.4644534289837
1261,-1.9010057441694812
1262,-25.351350617580465
1263,-1416.6077564060688
1264,-5.63930535011059
1265,-429.6033042627387
1266,-1374.2669855952263
1267,-524.3749225009233
1268,-1.1156673033924562
1269,-1785.343028485775
1270,-33.89475107874023
1271,-82.29214682220481
1272,-1758.2211386561394
1273,-154.07979172701016
1274,-1387.5922282338142
1275,-204.1768967274411
1276,-150.62660804763436
1277,-1522.7984146177769
1278,-1719.7550314366817
1279,-2.3199963861552533
1280,-77.57087927788962
1281,-101.07744352746522
1282,-362.9146882984787
1283,-1074.8449962288141
1284,-218.37491785211023
1285,-1188.1540433466434
1286,-30.635644765406482
1287,-5.831116153625771
1288,-80.69757204595953
1289,-1773.453904658556
1290,-1370.2696892619133
1291,-348.03810135647655
1292,-291.1774982699717
1293,-785.109617933631
1294,-432.77117765694857
1295,-1568.5626024901867
1296,-518.3123510254427
1297,-770.7431408986449
1298,-5.543472567631397
1299,-1773.971745967865
1300,-23.844466337235644
1301,-0.7975414933898719
1302,-472.3034784528427
1303,-1222.352789849043
1304,-1780.0308995842934
1305,-1425.435975521803
1306,-619.7269239276648
1307,-1101.2581208646297
1308,-854.3656198885292
1309,-1540.8544245362282
1310,-397.81333955936134
1311,-1595.1205708682537
1312,-1587.55739864707
1313,-0.4421307058427715
1314,-507.6840630748775
1315,-1733.8901455551386
1316,-277.23860478611186
1317,-330.2361351363361
1318,-1.732327905119746
1319,-888.5105194151402
1320,-650.631949365139
1321,-475.52439198625507
1322,-119.38701472933826
1323,-716.6859633028507
1324,-1787.3370369076729
1325,-234.7863938738592
1326,-1477.1907485425472
1327,-1560.8002293407917
1328,-1672.6436354517937
1329,-494.4025546684861
1330,-22.521679578980184
1331,-1668.5203926563263
1332,-1157.2376947551966
1333,-264.06499653194624
1334,-873.479836370796
1335,-1226.5416807830334
1336,-133.18517915799748
1337,-1.9429540987403016
1338,-406.46333788335323
1339,-105.34410085325362
1340,-1715.7584590315819
1341,-16.522672073653666
1342,-1712.972587287426
1343,-420.12935347110033
1344,-101.42741789668798
1345,-537.0661560825538
1346,-1187.9563709199429
1347,-1311.7684625827242
1348,-1248.0105565786362
1349,-1472.318433791399
1350,-1235.1803097147495
1351,-1737.3678178191185
1352,-1789.1812252700329
1353,-1121.5469212681055
1354,-287.9907523507718
1355,-1433.720060557127
1356,-12.908344510942698
1357,-193.74225839565042
1358,-253.79115278279642
1359,-1743.9318897724152
1360,-61.77551809922079
1361,-1579.1937625706196
1362,-1758.7448888421059
1363,-1290.5230071246624
1364,-1503.5916593372822
1365,-1766.8336006999016
1366,-27.94937797487364
1367,-10.755302515129188
1368,-1276.9644830971956
1369,-80.61812792066485
1370,-1720.5970547795296
1371,-26.42313002460287
1372,-1614.3601109981537
1373,-0.13833171886108175
1374,-436.4536454193294
1375,-143.77310873568058
1376,-596.4862711131573
1377,-1644.4833409190178
1378,-223.87605722714216
1379,-299.9554931501625
1380,-101.12941927404609
1381,-25.00175547093386
1382,-171.22488608397543
1383,-392.9354377184063
1384,-680.2403287068009
1385,-1287.2087144106627
1386,-532.8862876566127
1387,-64.34305256002699
1388,-243.44401232153177
1389,-2.5818443943353486
1390,-1706.7201429605484
1391,-1643.2927387356758
1392,-1196.4436644762754
1393,-604.7043580934405
1394,-141.35753763257526
1395,-573.5681430995464
1396,-104.37238867604174
1397,-4.694072490919098
1398,-446.3056118027307
1399,-704.3843065928668
1400,-1639.3480677902699
1401,-380.8823279030621
1402,-0.1176697404685001
1403,-576.879213642329
1404,-44.828564427327365
1405,-878.8427453190088
1406,-137.2580080856569
1407,-270.42438544519246
1408,-1084.61573950015
1409,-105.92136357072741
1410,-1247.1928215324879
1411,-30.420869745170762
1412,-13.667564022063743
1413,-3.4307352110572538
1414,-14.855181192033342
1415,-0.9345094722320937
1416,-33.19748575112317
1417,-1342.9785098433495
1418,-630.4177174046636
1419,-387.50969392061234
1420,-428.244644574821
1421,-1566.6082699596882
1422,-391.2574365772307
1423,-1478.2320571243763
1424,-1200.2773571014404
1425,-743.9153102338314
1426,-239.11723701935261
1427,-527.36415168643
1428,-1052.7508982986037
1429,-1785.7204055190086
1430,-455.56870602816343
1431,-361.3789001852274
1432,-293.42197827249765
1433,-0.43224387308691803
1434,-843.1258335709572
1435,-10.448410140905253
1436,-754.6823852201924
1437,-593.0320878587663
1438,-404.63645693846047
1439,-62.19398454373004
1440,-267.5321757234633
1441,-1040.9150424301624
1442,-113.38070184900425
1443,-0.016607802774245783
1444,-1678.0662360787392
1445,-216.99978323676623
1446,-1702.379857480526
1447,-364.4950839802623
1448,-1512.4303635060787
1449,-357.7558465562761
1450,-149.2184533625841
1451,-306.36418995447457
1452,-599.4672126644291
1453,-316.5517946854234
1454,-1320.5630694627762
1455,-711.9207340216963
1456,-1109.5810511663985
1457,-156.7782883549953
1458,-497.1431400477886
1459,-11.157483483781107
1460,-1244.0857739150524
1461,-1785.1229692697525
1462,-1243.016133993864
1463,-853.0811208492378
1464,-1338.876342177391
1465,-464.2633999432437
1466,-4.919765426860977
1467,-1764.7343324422836
1468,-227.3066208846867
1469,-210.26358843047637
1470,-1082.2635729312897
1471,-1489.455256998539
1472,-719.3857173323631
1473,-1532.3494406789541
1474,-747.8572212211438
1475,-1677.6645775437355
1476,-12.866083663306199
1477,-6.290084821921482
1478,-454.40947184036486
1479,-175.78250432718778
1480,-34.80563839455135
1481,-1529.161023080349
1482,-50.36262954300037
1483,-251.63603558391333
1484,-132.1220040190965
1485,-883.9765841849148
1486,-685.5788591997698
1487,-101.45693432819098
1488,-1306.7573317587376
1489,-357.1189531236887
1490,-151.4807739686221
1491,-618.3915625670925
1492,-42.87422783114016
1493,-406.82753518456593
1494,-363.7459183540195
1495,-1333.9409187436104
1496,-0.629885123740678
1497,-19.492997453082353
1498,-1418.4398479759693
1499,-206.4312345739454
1500,-856.2260597348213
1501,-128.84629773246706
1502,-1787.9373798072338
1503,-100.53485087770969
1504,-646.4091947809793
1505,-153.44206402893178
1506,-1221.8186954874545
1507,-507.0780741907656
1508,-561.9450213834643
1509,-451.41421784460545
1510,-665.889499826706
1511,-87.30131971649826
1512,-410.0583336651325
1513,-208.332274582237
1514,-0.01948863428597747
1515,-769.9429518263787
1516,-659.5757252126932
1517,-891.8870889693499
1518,-1419.1279481295496
1519,-707.6123674969131
1520,-43.69181701913476
1521,-1489.7394433617592
1522,-13.238269830566423
1523,-385.31105003505945
1524,-658.1126150693744
1525,-1041.0415214849636
1526,-1271.33589335531
1527,-23.631894079968333
1528,-11.164851839246694
1529,-219.68954989500344
1530,-676.285695284605
1531,-150.50850958982483
1532,-305.8732473425043
1533,-1790.5433802902699
1534,-862.9005640149117
1535,-38.35351769969566
1536,-1756.157046943903
1537,-936.1435540765524
1538,-651.4377165585756
1539,-172.61558470432647
1540,-12.24100749968784
1541,-773.1329284757376
1542,-130.77319904789329
1543,-355.3111055130139
1544,-0.22333033941788472
1545,-294.3248401931487
1546,-138.55943920044228
1547,-348.54187317052856
1548,-347.26004450023174
1549,-145.00819504726678
1550,-1560.4608632326126
1551,-1468.482753753662
1552,-752.2932402901351
1553,-383.28149913488596
1554,-74.69083181137103
1555,-261.0189007207737
1556,-6.373780333378818
1557,-1246.7686505615711
1558,-27.600076361639367
1559,-43.56333631812595
1560,-915.8227296229961
1561,-481.4807672877796
1562,-22.39901654305868
1563,-1310.624704286456
1564,-97.9121782258153
1565,-16.920613337373652
1566,-1359.9137842953205
1567,-161.73529017157853
1568,-1034.1407571434975
1569,-1559.9353052079678
1570,-1737.5681004822254
1571,-1187.3058613240719
1572,-711.7336005797188
1573,-415.10250757075846
1574,-1453.4969971477985
1575,-262.87967279565055
1576,-18.032593061419902
1577,-663.5528518822975
1578,-1210.17151794862
1579,-177.46775843092473
1580,-1637.8285416662693
1581,-1119.1103326380253
1582,-1238.487106859684
1583,-22.785190138444705
1584,-245.27311826852383
1585,-919.3472888208926
1586,-30.907225141796516
1587,-27.843195283694968
1588,-806.891910225153
1589,-1031.9804405608447
1590,-406.66689920425415
1591,-473.2988637238741
1592,-11.12498703462552
1593,-15.308584036578736
1594,-62.44249663122173
1595,-458.58148760395125
1596,-699.8693715302506
1597,-82.11367845450422
1598,-1616.71282184124
1599,-1481.119559854269
1600,-594.8016882434022
1601,-1561.1870166659355
1602,-250.28009813823655
1603,-374.56802337174304
1604,-11.929564754595049
1605,-110.54047536547296
1606,-11.68552043044474
1607,-1740.5042116045952
1608,-22.235826591211662
1609,-132.03122036531568
1610,-1494.6539426726522
1611,-382.59620086476207
1612,-1416.974082738161
1613,-75.65847252809908
1614,-1612.6731314361095
1615,-128.9795544948429
1616,-1757.4748465418816
1617,-41.06344391196035
1618,-300.99074693303555
1619,-1229.668335929513
1620,-1790.3461951315403
1621,-113.64433504454792
1622,-814.1393915712833
1623,-449.18856915831566
1624,-289.0501352488063
1625,-1681.768368333578
1626,-931.6371715497226
1627,-1588.873930245638
1628,-154.9097843572963
1629,-859.6171150342561
1630,-1449.8435089290142
1631,-33.139547866769135
1632,-192.86421870440245
1633,-2.316027936180035
1634,-17.529785330872983
1635,-1082.8299277573824
1636,-108.68065369548276
1637,-25.841999702097382
1638,-319.0667528854683
1639,-1345.3678124845028
1640,-317.6466094683856
1641,-897.7186113446951
1642,-1134.939045600593
1643,-1013.0862645953894
1644,-91.07061843248084
1645,-10.323592649714556
1646,-1508.2105503045022
1647,-291.07344886851206
1648,-585.3927863836288
1649,-1284.3350824415684
1650,-1258.2298975735903
1651,-1012.5214451253414
1652,-54.08232543733902
1653,-1475.233240566915
1654,-602.7199644520879
1655,-203.82907669059932
1656,-0.8480056626904116
1657,-1789.5451630353928
1658,-773.9344278946519
1659,-1223.4515139460564
1660,-103.78855374641716
1661,-15.940927467599977
1662,-1078.974828094244
1663,-1437.3647321164608
1664,-75.50811928846815
1665,-388.12998148053885
1666,-707.5575478794053
1667,-71.32458268525079
1668,-3.0674727055516087
1669,-404.2378583960235
1670,-1607.3356894552708
1671,-1755.706720918417
1672,-265.51304967328906
1673,-18.221013868344016
1674,-445.7628487122711
1675,-33.35516436700709
1676,-38.81426977645606
1677,-711.4659451423213
1678,-976.1403976203874
1679,-247.27407696470618
1680,-1183.501340687275
1681,-118.55527204554528
1682,-1654.8445197343826
1683,-1790.2837375700474
1684,-11.859924986842088
1685,-1644.7658929601312
1686,-1272.2059093290009
1687,-1677.6288132369518
1688,-1107.0489300303161
1689,-14.046989996655611
1690,-1756.045488357544
1691,-1453.8718027174473
1692,-761.3938522189856
1693,-18.070128192426637
1694,-1304.2014719843864
1695,-1376.0822928398848
1696,-121.36478704074398
1697,-341.50475684786215
1698,-0.9098485459394396
1699,-626.6451452895999
1700,-1194.4172728136182
1701,-0.00014274456880558617
1702,-1709.5281747281551
1703,-1723.278774291277
1704,-1710.33599203825
1705,-407.2834098674357
1706,-1226.4570848941803
1707,-85.58091897540726
1708,-922.8733605649322
1709,-1768.8457553386688
1710,-1439.928897678852
1711,-827.5285969022661
1712,-192.7607617052272
1713,-1420.91149315238
1714,-459.44008579151705
1715,-1789.807418167591
1716,-1414.4925484657288
1717,-1781.617169290781
1718,-736.3168197572231
1719,-1481.7679490447044
1720,-536.8240373581648
1721,-1242.0204405784607
1722,-1784.4787666201591
1723,-1734.4581084251404
1724,-1273.9059958457947
1725,-670.6287201866508
1726,-375.871175263077
1727,-1320.527549535036
1728,-1681.1701028645039
1729,-32.39783989574062
1730,-1388.2421766221523
1731,-1766.2124119400978
1732,-533.714518416673
1733,-1657.5399212241173
1734,-1188.597793519497
1735,-355.7307654110482
1736,-27.03296851750929
1737,-130.5130828488618
1738,-20.643690959899686
1739,-611.7462403476238
1740,-314.91926877526566
1741,-63.06142711125722
1742,-1635.233466759324
1743,-1559.0138718485832
1744,-1567.4543365240097
1745,-1727.5531162917614
1746,-9.83418829020593
1747,-1577.8352683782578
1748,-1323.2852214574814
1749,-1163.7652034461498
1750,-1293.5037896931171
1751,-1693.8865629583597
1752,-305.452106051147
1753,-52.483810486184666
1754,-924.5620943158865
1755,-1120.8359099961817
1756,-1210.4434911459684
1757,-82.82405260205269
1758,-616.4392512664199
1759,-422.62270437926054
1760,-1104.0410528387874
1761,-1328.866513311863
1762,-1699.569299608469
1763,-1.2937193516954721
1764,-1739.902312606573
1765,-196.33078484237194
1766,-330.9284000112675
1767,-1088.7469387799501
1768,-987.966789111495
1769,-1688.0879995524883
1770,-458.1113726806361
1771,-78.67564454011881
1772,-1182.5062251240015
1773,-130.22107565635815
1774,-197.362403206178
1775,-64.87865167018026
1776,-431.844321930781
1777,-1291.4812612980604
1778,-1370.7169242203236
1779,-1724.8194385766983
1780,-1427.6122142076492
1781,-1644.941119670868
1782,-1012.7823516875505
1783,-1007.498388601467
1784,-440.79450383782387
1785,-32.78867600578815
1786,-87.06185361517328
1787,-352.81174482559436
1788,-1503.9307476878166
1789,-53.41339656866876
1790,-186.01882552541792
1791,-1301.2166242040694
1792,-11.93540604042937
1793,-1771.7349144518375
1794,-225.3837725437479
1795,-335.4912523580133
1796,-1200.9265570789576
1797,-1508.0406641215086
1798,-94.85005726490635
1799,-1612.1635210514069
1800,-626.0645206198096
1801,-1138.210395366361
1802,-102.1594551380258
1803,-736.5965226739645
1804,-1525.8288148641586
1805,-986.657989166677
1806,-553.1887660790235
1807,-22.154980179113863
1808,-1.0766416199294326
1809,-1775.2360572516918
1810,-535.9469428360462
1811,-1584.7771746516228
1812,-3.0689102321048267
1813,-35.438782626821194
1814,-328.12724214605987
1815,-230.18808477558196
1816,-1646.1689596176147
1817,-868.9361602226272
1818,-744.8144124597311
1819,-549.8922910168767
1820,-707.938030526042
1821,-204.1364229899964
1822,-107.96646054461598
1823,-1555.8628053963184
1824,-1331.7602836191654
1825,-574.5179528724402
1826,-14.147466080641607
1827,-1196.3633635491133
1828,-1790.7152103483677
1829,-841.5977224249655
1830,-109.8213506275788
1831,-290.99076883680755
1832,-746.0641852095723
1833,-1314.0791773051023
1834,-1520.3434039130807
1835,-1014.9788625389338
1836,-365.9091492816806
1837,-1156.67589199543
1838,-10.059125292915269
1839,-988.342698097229
1840,-731.2382523562992
1841,-1775.9509941637516
1842,-1154.4083078429103
1843,-1764.7831695973873
1844,-987.7295774701051
1845,-1314.1148834824562
1846,-635.6116274297237
1847,-78.35961156754638
1848,-1752.781398832798
1849,-1778.7200742065907
1850,-280.6119869122049
1851,-951.5018975883722
1852,-1642.636227875948
1853,-1406.528939962387
1854,-590.3506874288432
1855,-671.9276550114155
1856,-312.47366029187106
1857,-0.3052142506603559
1858,-459.6501601524651
1859,-506.90829181764275
1860,-1751.2416078150272
1861,-1790.54034486413
1862,-1781.839707404375
1863,-349.4604316689074
1864,-82.8807908334129
1865,-1137.7382049262524
1866,-77.21737339580432
1867,-96.92734565446153
1868,-1144.605308815837
1869,-1373.5128139853477
1870,-1077.386980614625
1871,-0.41246978244362253
1872,-1597.0490384995937
1873,-221.58355678943917
1874,-824.7059050138632
1875,-740.9658437296748
1876,-846.3852582722902
1877,-90.89063245826401
1878,-13.091304757072066
1879,-1616.0369822382927
1880,-1350.515626579523
1881,-1759.3322233259678
1882,-140.1356226503849
1883,-1410.040381193161
1884,-91.6989864888601
1885,-1078.2246014401317
1886,-73.24579891213216
1887,-48.455460731784115
1888,-81.22223730222322
1889,-0.818353263719473
1890,-179.80916988104582
1891,-974.5759726464748
1892,-134.75623111660025
1893,-770.9801692962646
1894,-70.86179003347934
1895,-1673.5746344029903
1896,-130.34079134464264
1897,-1047.7319333525375
1898,-124.47818846395239
1899,-662.0401566103101
1900,-1249.245595768094
1901,-1475.3972851932049
1902,-491.8314275117591
1903,-1787.0691252052784
1904,-1382.0226671546698
1905,-4.165103129504132
1906,-781.5484877116978
1907,-1786.576105415821
1908,-645.7649372965097
1909,-571.5001415293664
1910,-1445.5002712011337
1911,-1.5304334046013537
1912,-743.8287548804656
1913,-1579.928522258997
1914,-1698.5043481588364
1915,-1720.332521378994
1916,-1137.3818213641644
1917,-1383.983387095912
1918,-400.35860206303187
1919,-1790.8790158629417
1920,-301.5370779065415
1921,-1790.3833110928535
1922,-160.0926306693873
1923,-36.13324182329234
1924,-161.52319187298417
1925,-225.94482464221073
1926,-1225.76055637002
1927,-175.4818378003838
1928,-29.514938402513508
1929,-827.7676220060093
1930,-1065.505265980959
1931,-30.64351227437146
1932,-1045.5105746090412
1933,-1472.329179406166
1934,-17.83154475525953
1935,-69.99136030091904
1936,-1609.775635957718
1937,-194.1477805133909
1938,-886.3142325282097
1939,-1656.5069025754929
1940,-4.635054058449896
1941,-9.071323272342852
1942,-32.83941346243955
1943,-649.851787811378
1944,-1373.2614361941814
1945,-1533.0588137507439
1946,-5.363002492915257
1947,-9.003008369312738
1948,-352.22264765203
1949,-952.6046010169666
1950,-1571.1989134550095
1951,-444.1240688217804
1952,-390.7712052134448
1953,-4.366371290569077
1954,-107.99466729350388
1955,-1526.667243361473
1956,-868.4425969719887
1957,-1788.1226621866226
1958,-1787.9812841415405
1959,-1788.9307996332645
1960,-217.94849885674194
1961,-1617.6403726935387
1962,-255.78323880024254
1963,-1.984052729425457
1964,-149.6298760752543
1965,-1142.5792934000492
1966,-1575.4533567130566
1967,-1193.5306771099567
1968,-1650.540742456913
1969,-1790.378241866827
1970,-137.12952709983801
1971,-1342.0318989902735
1972,-36.88571816904005
1973,-1054.9794735908508
1974,-1776.4739971160889
1975,-1668.6467297375202
1976,-352.98867044923827
1977,-1790.9604799747467
1978,-0.4142041635204805
1979,-1232.6052066087723
1980,-1672.8047854602337
1981,-24.023822269577067
1982,-1787.9172867536545
1983,-441.08808738854714
1984,-1307.5881102988496
1985,-181.45073195151053
1986,-77.00207653362304
1987,-1027.6155369728804
1988,-1714.7554243505
1989,-0.8210699512692372
1990,-12.340511582762701
1991,-1039.660386145115
1992,-764.0591592639685
1993,-1782.3169373571873
1994,-618.6957279723138
1995,-528.8296756148338
1996,-1754.817580729723
1997,-158.51073766499758
1998,-830.9850620902143
1999,-134.67606249498203
