,value_per_image
0,-50175
1,-50152
2,-50155
3,-50161
4,-50160
5,-50158
6,-50176
7,-50152
8,-50166
9,-50168
10,-50176
11,-50157
12,-50147
13,-50164
14,-50155
15,-50174
16,-50155
17,-50160
18,-50152
19,-50175
20,-50152
21,-50176
22,-50166
23,-50164
24,-50168
25,-50158
26,-50176
27,-50176
28,-50174
29,-50168
30,-50154
31,-50176
32,-50176
33,-50174
34,-50171
35,-50168
36,-50168
37,-50165
38,-50156
39,-50159
40,-50172
41,-50157
42,-50170
43,-50176
44,-50166
45,-50176
46,-50170
47,-50176
48,-50176
49,-50153
50,-50176
51,-50154
52,-50148
53,-50159
54,-50167
55,-50176
56,-50159
57,-50164
58,-50157
59,-50154
60,-50151
61,-50153
62,-50160
63,-50159
64,-50176
65,-50152
66,-50153
67,-50172
68,-50156
69,-50176
70,-50156
71,-50158
72,-50164
73,-50171
74,-50172
75,-50169
76,-50157
77,-50151
78,-50154
79,-50172
80,-50174
81,-50160
82,-50168
83,-50144
84,-50172
85,-50176
86,-50173
87,-50160
88,-50162
89,-50141
90,-50176
91,-50156
92,-50163
93,-50167
94,-50170
95,-50161
96,-50155
97,-50168
98,-50160
99,-50176
100,-50156
101,-50160
102,-50152
103,-50164
104,-50167
105,-50172
106,-50172
107,-50172
108,-50172
109,-50160
110,-50176
111,-50176
112,-50172
113,-50165
114,-50155
115,-50145
116,-50164
117,-50157
118,-50164
119,-50153
120,-50173
121,-50168
122,-50155
123,-50145
124,-50154
125,-50174
126,-50162
127,-50160
128,-50159
129,-50175
130,-50157
131,-50160
132,-50152
133,-50153
134,-50176
135,-50156
136,-50176
137,-50154
138,-50146
139,-50152
140,-50156
141,-50161
142,-50157
143,-50176
144,-50163
145,-50168
146,-50160
147,-50176
148,-50155
149,-50160
150,-50157
151,-50160
152,-50166
153,-50168
154,-50170
155,-50153
156,-50153
157,-50152
158,-50158
159,-50148
160,-50176
161,-50160
162,-50176
163,-50176
164,-50169
165,-50147
166,-50146
167,-50160
168,-50176
169,-50152
170,-50152
171,-50171
172,-50176
173,-50176
174,-50159
175,-50164
176,-50168
177,-50168
178,-50165
179,-50159
180,-50152
181,-50156
182,-50157
183,-50172
184,-50168
185,-50164
186,-50160
187,-50173
188,-50176
189,-50172
190,-50176
191,-50157
192,-50153
193,-50159
194,-50174
195,-50166
196,-50168
197,-50159
198,-50176
199,-50176
200,-50176
201,-50176
202,-50176
203,-50159
204,-50159
205,-50168
206,-50155
207,-50155
208,-50174
209,-50153
210,-50156
211,-50159
212,-50161
213,-50170
214,-50157
215,-50168
216,-50155
217,-50172
218,-50152
219,-50159
220,-50167
221,-50155
222,-50156
223,-50156
224,-50163
225,-50152
226,-50162
227,-50155
228,-50176
229,-50153
230,-50176
231,-50172
232,-50156
233,-50152
234,-50147
235,-50171
236,-50144
237,-50158
238,-50172
239,-50155
240,-50159
241,-50176
242,-50172
243,-50147
244,-50169
245,-50158
246,-50152
247,-50162
248,-50158
249,-50158
250,-50156
251,-50166
252,-50145
253,-50168
254,-50155
255,-50165
256,-50168
257,-50158
258,-50154
259,-50176
260,-50156
261,-50164
262,-50160
263,-50176
264,-50154
265,-50156
266,-50169
267,-50156
268,-50168
269,-50172
270,-50172
271,-50166
272,-50164
273,-50163
274,-50176
275,-50153
276,-50176
277,-50172
278,-50146
279,-50160
280,-50160
281,-50156
282,-50168
283,-50156
284,-50160
285,-50174
286,-50161
287,-50160
288,-50175
289,-50170
290,-50151
291,-50172
292,-50158
293,-50168
294,-50176
295,-50176
296,-50152
297,-50164
298,-50176
299,-50164
300,-50158
301,-50164
302,-50160
303,-50160
304,-50158
305,-50159
306,-50172
307,-50176
308,-50159
309,-50164
310,-50170
311,-50168
312,-50169
313,-50176
314,-50174
315,-50175
316,-50144
317,-50140
318,-50174
319,-50156
320,-50159
321,-50156
322,-50164
323,-50148
324,-50155
325,-50148
326,-50153
327,-50161
328,-50170
329,-50155
330,-50168
331,-50176
332,-50176
333,-50163
334,-50152
335,-50157
336,-50152
337,-50176
338,-50172
339,-50169
340,-50157
341,-50162
342,-50164
343,-50160
344,-50155
345,-50160
346,-50167
347,-50164
348,-50152
349,-50151
350,-50174
351,-50161
352,-50153
353,-50149
354,-50172
355,-50152
356,-50156
357,-50160
358,-50156
359,-50161
360,-50154
361,-50171
362,-50172
363,-50158
364,-50164
365,-50160
366,-50156
367,-50172
368,-50155
369,-50176
370,-50176
371,-50152
372,-50172
373,-50152
374,-50164
375,-50163
376,-50167
377,-50176
378,-50155
379,-50150
380,-50146
381,-50168
382,-50161
383,-50152
384,-50164
385,-50172
386,-50176
387,-50152
388,-50161
389,-50164
390,-50174
391,-50160
392,-50168
393,-50160
394,-50172
395,-50170
396,-50155
397,-50152
398,-50168
399,-50160
400,-50156
401,-50176
402,-50156
403,-50148
404,-50151
405,-50154
406,-50157
407,-50158
408,-50165
409,-50160
410,-50164
411,-50176
412,-50148
413,-50174
414,-50170
415,-50168
416,-50143
417,-50149
418,-50156
419,-50152
420,-50176
421,-50175
422,-50150
423,-50175
424,-50152
425,-50176
426,-50156
427,-50151
428,-50176
429,-50155
430,-50154
431,-50153
432,-50172
433,-50149
434,-50156
435,-50154
436,-50168
437,-50154
438,-50173
439,-50150
440,-50176
441,-50160
442,-50168
443,-50146
444,-50154
445,-50152
446,-50156
447,-50170
448,-50145
449,-50172
450,-50151
451,-50160
452,-50174
453,-50153
454,-50154
455,-50159
456,-50156
457,-50176
458,-50152
459,-50173
460,-50176
461,-50160
462,-50176
463,-50152
464,-50166
465,-50162
466,-50166
467,-50176
468,-50162
469,-50170
470,-50149
471,-50155
472,-50162
473,-50167
474,-50156
475,-50160
476,-50154
477,-50152
478,-50172
479,-50164
480,-50160
481,-50152
482,-50172
483,-50160
484,-50168
485,-50155
486,-50164
487,-50176
488,-50176
489,-50158
490,-50167
491,-50159
492,-50157
493,-50176
494,-50152
495,-50160
496,-50176
497,-50160
498,-50174
499,-50162
500,-50164
501,-50160
502,-50168
503,-50176
504,-50156
505,-50153
506,-50171
507,-50155
508,-50154
509,-50175
510,-50163
511,-50148
512,-50176
513,-50144
514,-50145
515,-50176
516,-50164
517,-50165
518,-50152
519,-50151
520,-50152
521,-50176
522,-50175
523,-50159
524,-50160
525,-50152
526,-50160
527,-50153
528,-50174
529,-50176
530,-50150
531,-50150
532,-50160
533,-50152
534,-50164
535,-50172
536,-50144
537,-50172
538,-50169
539,-50146
540,-50166
541,-50164
542,-50145
543,-50170
544,-50172
545,-50148
546,-50156
547,-50168
548,-50157
549,-50168
550,-50162
551,-50176
552,-50155
553,-50148
554,-50152
555,-50176
556,-50170
557,-50168
558,-50172
559,-50159
560,-50174
561,-50156
562,-50165
563,-50169
564,-50157
565,-50176
566,-50162
567,-50154
568,-50174
569,-50160
570,-50176
571,-50156
572,-50176
573,-50145
574,-50148
575,-50174
576,-50152
577,-50172
578,-50176
579,-50148
580,-50163
581,-50172
582,-50153
583,-50174
584,-50152
585,-50152
586,-50144
587,-50170
588,-50176
589,-50154
590,-50153
591,-50165
592,-50176
593,-50172
594,-50176
595,-50152
596,-50161
597,-50152
598,-50176
599,-50176
600,-50152
601,-50152
602,-50155
603,-50173
604,-50151
605,-50164
606,-50170
607,-50143
608,-50172
609,-50168
610,-50176
611,-50161
612,-50172
613,-50157
614,-50145
615,-50175
616,-50160
617,-50160
618,-50164
619,-50164
620,-50160
621,-50163
622,-50150
623,-50168
624,-50176
625,-50159
626,-50154
627,-50151
628,-50153
629,-50160
630,-50168
631,-50152
632,-50164
633,-50155
634,-50168
635,-50174
636,-50164
637,-50159
638,-50168
639,-50152
640,-50176
641,-50151
642,-50160
643,-50163
644,-50150
645,-50166
646,-50156
647,-50160
648,-50174
649,-50171
650,-50152
651,-50153
652,-50164
653,-50165
654,-50156
655,-50176
656,-50152
657,-50174
658,-50176
659,-50156
660,-50146
661,-50169
662,-50172
663,-50160
664,-50168
665,-50172
666,-50168
667,-50160
668,-50155
669,-50152
670,-50156
671,-50152
672,-50176
673,-50156
674,-50172
675,-50174
676,-50158
677,-50152
678,-50176
679,-50156
680,-50168
681,-50162
682,-50171
683,-50160
684,-50174
685,-50143
686,-50175
687,-50170
688,-50161
689,-50175
690,-50152
691,-50168
692,-50160
693,-50162
694,-50150
695,-50164
696,-50176
697,-50164
698,-50164
699,-50175
700,-50172
701,-50176
702,-50151
703,-50162
704,-50173
705,-50156
706,-50164
707,-50141
708,-50158
709,-50155
710,-50156
711,-50156
712,-50144
713,-50168
714,-50145
715,-50161
716,-50152
717,-50172
718,-50164
719,-50156
720,-50166
721,-50162
722,-50158
723,-50152
724,-50156
725,-50163
726,-50165
727,-50176
728,-50155
729,-50156
730,-50168
731,-50172
732,-50176
733,-50162
734,-50157
735,-50156
736,-50158
737,-50146
738,-50176
739,-50164
740,-50176
741,-50147
742,-50170
743,-50160
744,-50160
745,-50164
746,-50152
747,-50159
748,-50158
749,-50168
750,-50153
751,-50169
752,-50164
753,-50174
754,-50146
755,-50154
756,-50171
757,-50151
758,-50176
759,-50143
760,-50176
761,-50146
762,-50154
763,-50157
764,-50161
765,-50159
766,-50168
767,-50171
768,-50166
769,-50176
770,-50152
771,-50143
772,-50156
773,-50163
774,-50153
775,-50171
776,-50155
777,-50155
778,-50157
779,-50159
780,-50170
781,-50165
782,-50173
783,-50158
784,-50153
785,-50167
786,-50172
787,-50156
788,-50176
789,-50155
790,-50156
791,-50152
792,-50147
793,-50161
794,-50156
795,-50172
796,-50160
797,-50172
798,-50168
799,-50164
800,-50160
801,-50162
802,-50155
803,-50168
804,-50176
805,-50158
806,-50164
807,-50176
808,-50168
809,-50176
810,-50160
811,-50176
812,-50154
813,-50159
814,-50152
815,-50153
816,-50159
817,-50145
818,-50172
819,-50164
820,-50167
821,-50166
822,-50176
823,-50151
824,-50169
825,-50158
826,-50172
827,-50148
828,-50158
829,-50153
830,-50172
831,-50156
832,-50152
833,-50160
834,-50164
835,-50176
836,-50155
837,-50157
838,-50172
839,-50176
840,-50153
841,-50160
842,-50158
843,-50168
844,-50172
845,-50160
846,-50153
847,-50150
848,-50157
849,-50147
850,-50163
851,-50176
852,-50159
853,-50152
854,-50163
855,-50150
856,-50162
857,-50164
858,-50164
859,-50176
860,-50176
861,-50145
862,-50165
863,-50146
864,-50176
865,-50152
866,-50176
867,-50169
868,-50163
869,-50168
870,-50161
871,-50171
872,-50169
873,-50156
874,-50152
875,-50154
876,-50164
877,-50156
878,-50155
879,-50176
880,-50156
881,-50158
882,-50171
883,-50153
884,-50176
885,-50155
886,-50168
887,-50148
888,-50161
889,-50155
890,-50150
891,-50152
892,-50176
893,-50156
894,-50176
895,-50176
896,-50164
897,-50164
898,-50168
899,-50159
900,-50154
901,-50154
902,-50166
903,-50165
904,-50170
905,-50152
906,-50176
907,-50157
908,-50176
909,-50152
910,-50160
911,-50168
912,-50166
913,-50164
914,-50176
915,-50168
916,-50155
917,-50176
918,-50158
919,-50148
920,-50160
921,-50152
922,-50159
923,-50156
924,-50169
925,-50170
926,-50176
927,-50156
928,-50166
929,-50144
930,-50155
931,-50153
932,-50150
933,-50153
934,-50162
935,-50172
936,-50172
937,-50151
938,-50158
939,-50166
940,-50173
941,-50164
942,-50162
943,-50161
944,-50168
945,-50176
946,-50154
947,-50155
948,-50156
949,-50176
950,-50176
951,-50168
952,-50160
953,-50153
954,-50154
955,-50156
956,-50172
957,-50155
958,-50153
959,-50145
960,-50152
961,-50172
962,-50154
963,-50174
964,-50172
965,-50156
966,-50148
967,-50152
968,-50158
969,-50164
970,-50164
971,-50156
972,-50163
973,-50175
974,-50172
975,-50161
976,-50176
977,-50155
978,-50168
979,-50156
980,-50164
981,-50172
982,-50169
983,-50156
984,-50152
985,-50176
986,-50176
987,-50172
988,-50159
989,-50149
990,-50174
991,-50152
992,-50160
993,-50163
994,-50176
995,-50161
996,-50176
997,-50160
998,-50176
999,-50176
1000,-50172
1001,-50146
1002,-50160
1003,-50173
1004,-50176
1005,-50168
1006,-50172
1007,-50176
1008,-50164
1009,-50152
1010,-50149
1011,-50143
1012,-50156
1013,-50152
1014,-50155
1015,-50155
1016,-50148
1017,-50170
1018,-50164
1019,-50156
1020,-50176
1021,-50172
1022,-50161
1023,-50168
1024,-50164
1025,-50172
1026,-50160
1027,-50176
1028,-50158
1029,-50152
1030,-50146
1031,-50164
1032,-50175
1033,-50160
1034,-50169
1035,-50168
1036,-50168
1037,-50164
1038,-50165
1039,-50155
1040,-50176
1041,-50155
1042,-50146
1043,-50160
1044,-50164
1045,-50172
1046,-50160
1047,-50176
1048,-50165
1049,-50176
1050,-50156
1051,-50151
1052,-50153
1053,-50147
1054,-50164
1055,-50172
1056,-50176
1057,-50170
1058,-50168
1059,-50151
1060,-50162
1061,-50151
1062,-50154
1063,-50160
1064,-50172
1065,-50152
1066,-50157
1067,-50160
1068,-50153
1069,-50168
1070,-50156
1071,-50176
1072,-50164
1073,-50154
1074,-50162
1075,-50160
1076,-50160
1077,-50161
1078,-50161
1079,-50166
1080,-50153
1081,-50176
1082,-50176
1083,-50166
1084,-50162
1085,-50159
1086,-50154
1087,-50160
1088,-50151
1089,-50172
1090,-50176
1091,-50166
1092,-50156
1093,-50173
1094,-50172
1095,-50159
1096,-50165
1097,-50176
1098,-50176
1099,-50166
1100,-50164
1101,-50149
1102,-50171
1103,-50157
1104,-50144
1105,-50164
1106,-50151
1107,-50151
1108,-50163
1109,-50149
1110,-50157
1111,-50161
1112,-50172
1113,-50160
1114,-50176
1115,-50164
1116,-50155
1117,-50160
1118,-50176
1119,-50144
1120,-50155
1121,-50172
1122,-50176
1123,-50174
1124,-50158
1125,-50156
1126,-50162
1127,-50176
1128,-50172
1129,-50171
1130,-50156
1131,-50172
1132,-50156
1133,-50149
1134,-50176
1135,-50158
1136,-50176
1137,-50172
1138,-50139
1139,-50168
1140,-50174
1141,-50176
1142,-50154
1143,-50164
1144,-50149
1145,-50175
1146,-50155
1147,-50158
1148,-50164
1149,-50158
1150,-50152
1151,-50174
1152,-50176
1153,-50160
1154,-50168
1155,-50164
1156,-50176
1157,-50156
1158,-50156
1159,-50170
1160,-50160
1161,-50176
1162,-50176
1163,-50176
1164,-50167
1165,-50151
1166,-50158
1167,-50164
1168,-50168
1169,-50155
1170,-50171
1171,-50164
1172,-50152
1173,-50164
1174,-50156
1175,-50172
1176,-50172
1177,-50152
1178,-50160
1179,-50176
1180,-50168
1181,-50156
1182,-50168
1183,-50176
1184,-50143
1185,-50158
1186,-50156
1187,-50172
1188,-50176
1189,-50168
1190,-50169
1191,-50153
1192,-50166
1193,-50168
1194,-50156
1195,-50176
1196,-50163
1197,-50176
1198,-50156
1199,-50152
1200,-50152
1201,-50158
1202,-50165
1203,-50159
1204,-50146
1205,-50156
1206,-50166
1207,-50164
1208,-50168
1209,-50169
1210,-50153
1211,-50173
1212,-50151
1213,-50156
1214,-50163
1215,-50162
1216,-50156
1217,-50157
1218,-50158
1219,-50156
1220,-50168
1221,-50166
1222,-50152
1223,-50176
1224,-50145
1225,-50163
1226,-50176
1227,-50165
1228,-50149
1229,-50166
1230,-50166
1231,-50169
1232,-50156
1233,-50158
1234,-50154
1235,-50149
1236,-50156
1237,-50172
1238,-50160
1239,-50160
1240,-50152
1241,-50160
1242,-50176
1243,-50176
1244,-50146
1245,-50161
1246,-50168
1247,-50163
1248,-50161
1249,-50140
1250,-50160
1251,-50172
1252,-50150
1253,-50155
1254,-50172
1255,-50161
1256,-50167
1257,-50168
1258,-50149
1259,-50140
1260,-50150
1261,-50156
1262,-50155
1263,-50172
1264,-50152
1265,-50155
1266,-50156
1267,-50168
1268,-50172
1269,-50153
1270,-50176
1271,-50172
1272,-50160
1273,-50169
1274,-50152
1275,-50174
1276,-50152
1277,-50160
1278,-50168
1279,-50176
1280,-50154
1281,-50165
1282,-50168
1283,-50176
1284,-50153
1285,-50165
1286,-50168
1287,-50176
1288,-50148
1289,-50158
1290,-50148
1291,-50155
1292,-50176
1293,-50159
1294,-50144
1295,-50175
1296,-50171
1297,-50176
1298,-50174
1299,-50149
1300,-50147
1301,-50175
1302,-50158
1303,-50150
1304,-50176
1305,-50160
1306,-50160
1307,-50176
1308,-50164
1309,-50171
1310,-50176
1311,-50176
1312,-50157
1313,-50173
1314,-50152
1315,-50167
1316,-50152
1317,-50176
1318,-50176
1319,-50164
1320,-50172
1321,-50172
1322,-50165
1323,-50154
1324,-50176
1325,-50168
1326,-50176
1327,-50164
1328,-50148
1329,-50172
1330,-50176
1331,-50168
1332,-50139
1333,-50171
1334,-50171
1335,-50160
1336,-50148
1337,-50153
1338,-50150
1339,-50176
1340,-50154
1341,-50164
1342,-50172
1343,-50176
1344,-50152
1345,-50154
1346,-50152
1347,-50167
1348,-50170
1349,-50154
1350,-50174
1351,-50148
1352,-50152
1353,-50162
1354,-50176
1355,-50167
1356,-50146
1357,-50176
1358,-50172
1359,-50172
1360,-50172
1361,-50164
1362,-50151
1363,-50155
1364,-50157
1365,-50172
1366,-50172
1367,-50174
1368,-50156
1369,-50168
1370,-50176
1371,-50160
1372,-50167
1373,-50174
1374,-50176
1375,-50156
1376,-50176
1377,-50155
1378,-50152
1379,-50156
1380,-50164
1381,-50172
1382,-50176
1383,-50172
1384,-50159
1385,-50168
1386,-50157
1387,-50174
1388,-50151
1389,-50164
1390,-50166
1391,-50176
1392,-50158
1393,-50168
1394,-50155
1395,-50165
1396,-50176
1397,-50166
1398,-50145
1399,-50149
1400,-50176
1401,-50161
1402,-50160
1403,-50145
1404,-50154
1405,-50164
1406,-50176
1407,-50154
1408,-50152
1409,-50166
1410,-50152
1411,-50167
1412,-50167
1413,-50156
1414,-50160
1415,-50176
1416,-50164
1417,-50152
1418,-50156
1419,-50160
1420,-50156
1421,-50162
1422,-50160
1423,-50154
1424,-50168
1425,-50163
1426,-50156
1427,-50172
1428,-50149
1429,-50159
1430,-50149
1431,-50172
1432,-50168
1433,-50172
1434,-50151
1435,-50176
1436,-50163
1437,-50176
1438,-50158
1439,-50176
1440,-50176
1441,-50152
1442,-50154
1443,-50172
1444,-50142
1445,-50147
1446,-50155
1447,-50174
1448,-50160
1449,-50159
1450,-50173
1451,-50176
1452,-50157
1453,-50160
1454,-50166
1455,-50176
1456,-50157
1457,-50149
1458,-50164
1459,-50168
1460,-50164
1461,-50151
1462,-50157
1463,-50176
1464,-50151
1465,-50160
1466,-50176
1467,-50175
1468,-50171
1469,-50176
1470,-50176
1471,-50150
1472,-50152
1473,-50156
1474,-50176
1475,-50149
1476,-50176
1477,-50176
1478,-50169
1479,-50168
1480,-50152
1481,-50168
1482,-50172
1483,-50157
1484,-50156
1485,-50144
1486,-50164
1487,-50176
1488,-50164
1489,-50172
1490,-50166
1491,-50152
1492,-50158
1493,-50160
1494,-50172
1495,-50167
1496,-50176
1497,-50164
1498,-50153
1499,-50155
1500,-50150
1501,-50154
1502,-50162
1503,-50160
1504,-50159
1505,-50158
1506,-50168
1507,-50160
1508,-50176
1509,-50168
1510,-50174
1511,-50152
1512,-50176
1513,-50155
1514,-50172
1515,-50155
1516,-50153
1517,-50176
1518,-50172
1519,-50158
1520,-50176
1521,-50158
1522,-50171
1523,-50152
1524,-50146
1525,-50176
1526,-50156
1527,-50153
1528,-50152
1529,-50176
1530,-50156
1531,-50164
1532,-50168
1533,-50162
1534,-50149
1535,-50144
1536,-50160
1537,-50153
1538,-50160
1539,-50172
1540,-50168
1541,-50172
1542,-50152
1543,-50176
1544,-50159
1545,-50172
1546,-50174
1547,-50148
1548,-50172
1549,-50175
1550,-50160
1551,-50160
1552,-50164
1553,-50168
1554,-50161
1555,-50152
1556,-50161
1557,-50160
1558,-50174
1559,-50156
1560,-50176
1561,-50147
1562,-50171
1563,-50158
1564,-50176
1565,-50172
1566,-50153
1567,-50143
1568,-50154
1569,-50159
1570,-50151
1571,-50166
1572,-50176
1573,-50176
1574,-50172
1575,-50176
1576,-50176
1577,-50171
1578,-50176
1579,-50159
1580,-50156
1581,-50176
1582,-50162
1583,-50172
1584,-50176
1585,-50176
1586,-50174
1587,-50176
1588,-50151
1589,-50176
1590,-50146
1591,-50176
1592,-50176
1593,-50168
1594,-50146
1595,-50156
1596,-50159
1597,-50175
1598,-50152
1599,-50167
1600,-50158
1601,-50139
1602,-50160
1603,-50168
1604,-50163
1605,-50160
1606,-50168
1607,-50168
1608,-50147
1609,-50142
1610,-50176
1611,-50163
1612,-50158
1613,-50172
1614,-50160
1615,-50167
1616,-50158
1617,-50160
1618,-50176
1619,-50155
1620,-50160
1621,-50156
1622,-50153
1623,-50156
1624,-50155
1625,-50153
1626,-50164
1627,-50149
1628,-50168
1629,-50158
1630,-50176
1631,-50148
1632,-50172
1633,-50154
1634,-50158
1635,-50149
1636,-50164
1637,-50166
1638,-50176
1639,-50172
1640,-50146
1641,-50162
1642,-50155
1643,-50176
1644,-50176
1645,-50162
1646,-50170
1647,-50176
1648,-50157
1649,-50162
1650,-50158
1651,-50176
1652,-50155
1653,-50155
1654,-50145
1655,-50170
1656,-50174
1657,-50156
1658,-50160
1659,-50159
1660,-50172
1661,-50176
1662,-50164
1663,-50174
1664,-50165
1665,-50164
1666,-50152
1667,-50172
1668,-50164
1669,-50158
1670,-50156
1671,-50169
1672,-50172
1673,-50160
1674,-50156
1675,-50172
1676,-50155
1677,-50176
1678,-50162
1679,-50155
1680,-50169
1681,-50172
1682,-50155
1683,-50176
1684,-50166
1685,-50168
1686,-50168
1687,-50152
1688,-50157
1689,-50158
1690,-50176
1691,-50167
1692,-50150
1693,-50160
1694,-50141
1695,-50158
1696,-50175
1697,-50152
1698,-50161
1699,-50155
1700,-50168
1701,-50176
1702,-50160
1703,-50164
1704,-50157
1705,-50154
1706,-50172
1707,-50154
1708,-50159
1709,-50159
1710,-50168
1711,-50150
1712,-50164
1713,-50170
1714,-50176
1715,-50175
1716,-50167
1717,-50176
1718,-50176
1719,-50148
1720,-50152
1721,-50155
1722,-50168
1723,-50157
1724,-50152
1725,-50159
1726,-50172
1727,-50160
1728,-50152
1729,-50155
1730,-50153
1731,-50176
1732,-50172
1733,-50154
1734,-50155
1735,-50150
1736,-50163
1737,-50157
1738,-50167
1739,-50172
1740,-50168
1741,-50153
1742,-50156
1743,-50140
1744,-50153
1745,-50156
1746,-50176
1747,-50154
1748,-50154
1749,-50172
1750,-50165
1751,-50155
1752,-50164
1753,-50174
1754,-50173
1755,-50154
1756,-50160
1757,-50156
1758,-50176
1759,-50153
1760,-50160
1761,-50152
1762,-50176
1763,-50152
1764,-50156
1765,-50156
1766,-50156
1767,-50159
1768,-50176
1769,-50153
1770,-50176
1771,-50176
1772,-50165
1773,-50176
1774,-50176
1775,-50160
1776,-50153
1777,-50149
1778,-50159
1779,-50159
1780,-50162
1781,-50153
1782,-50151
1783,-50156
1784,-50150
1785,-50151
1786,-50176
1787,-50166
1788,-50159
1789,-50172
1790,-50176
1791,-50155
1792,-50176
1793,-50155
1794,-50155
1795,-50155
1796,-50146
1797,-50153
1798,-50149
1799,-50144
1800,-50174
1801,-50150
1802,-50175
1803,-50168
1804,-50156
1805,-50149
1806,-50160
1807,-50153
1808,-50164
1809,-50172
1810,-50176
1811,-50166
1812,-50163
1813,-50147
1814,-50158
1815,-50176
1816,-50168
1817,-50166
1818,-50167
1819,-50171
1820,-50153
1821,-50164
1822,-50176
1823,-50164
1824,-50156
1825,-50163
1826,-50142
1827,-50174
1828,-50167
1829,-50154
1830,-50170
1831,-50172
1832,-50152
1833,-50172
1834,-50174
1835,-50176
1836,-50152
1837,-50147
1838,-50164
1839,-50151
1840,-50166
1841,-50168
1842,-50168
1843,-50150
1844,-50152
1845,-50158
1846,-50168
1847,-50157
1848,-50147
1849,-50160
1850,-50168
1851,-50174
1852,-50152
1853,-50156
1854,-50156
1855,-50140
1856,-50176
1857,-50160
1858,-50157
1859,-50174
1860,-50155
1861,-50170
1862,-50163
1863,-50140
1864,-50176
1865,-50166
1866,-50156
1867,-50174
1868,-50160
1869,-50153
1870,-50151
1871,-50158
1872,-50176
1873,-50172
1874,-50169
1875,-50156
1876,-50160
1877,-50168
1878,-50153
1879,-50170
1880,-50157
1881,-50162
1882,-50156
1883,-50159
1884,-50176
1885,-50151
1886,-50168
1887,-50151
1888,-50160
1889,-50151
1890,-50175
1891,-50144
1892,-50168
1893,-50156
1894,-50164
1895,-50156
1896,-50172
1897,-50168
1898,-50164
1899,-50176
1900,-50164
1901,-50168
1902,-50170
1903,-50150
1904,-50155
1905,-50153
1906,-50171
1907,-50160
1908,-50171
1909,-50152
1910,-50150
1911,-50146
1912,-50160
1913,-50176
1914,-50172
1915,-50152
1916,-50172
1917,-50168
1918,-50154
1919,-50168
1920,-50144
1921,-50155
1922,-50161
1923,-50152
1924,-50172
1925,-50168
1926,-50157
1927,-50176
1928,-50152
1929,-50150
1930,-50168
1931,-50164
1932,-50154
1933,-50144
1934,-50165
1935,-50176
1936,-50172
1937,-50148
1938,-50168
1939,-50165
1940,-50167
1941,-50176
1942,-50149
1943,-50152
1944,-50164
1945,-50163
1946,-50176
1947,-50164
1948,-50152
1949,-50168
1950,-50155
1951,-50166
1952,-50148
1953,-50154
1954,-50176
1955,-50152
1956,-50159
1957,-50150
1958,-50171
1959,-50164
1960,-50151
1961,-50154
1962,-50164
1963,-50159
1964,-50158
1965,-50170
1966,-50153
1967,-50149
1968,-50168
1969,-50152
1970,-50166
1971,-50154
1972,-50174
1973,-50158
1974,-50176
1975,-50159
1976,-50154
1977,-50152
1978,-50155
1979,-50156
1980,-50157
1981,-50166
1982,-50153
1983,-50176
1984,-50152
1985,-50163
1986,-50166
1987,-50176
1988,-50175
1989,-50176
1990,-50176
1991,-50170
1992,-50176
1993,-50145
1994,-50152
1995,-50175
1996,-50163
1997,-50166
1998,-50159
1999,-50155
