,value_per_image
0,-0.44068742
1,-0.21632327
2,-0.30368075
3,-0.24643496
4,-0.32816505
5,-0.19731174
6,-0.27009678
7,-0.24031854
8,-0.2907148
9,-0.20576575
10,-0.29538497
11,-0.22663516
12,-0.22509365
13,-0.35308114
14,-0.2340134
15,-0.2668433
16,-0.35949826
17,-0.21404305
18,-0.26350766
19,-0.3153164
20,-0.19756186
21,-0.22267960000000003
22,-0.22999687
23,-0.21890348
24,-0.19687094
25,-0.2856307
26,-0.22693413
27,-0.29285803
28,-0.4377183
29,-0.32399234
30,-0.36848632
31,-0.32467535
32,-0.24379006
33,-0.35059533
34,-0.19286339
35,-0.21566346
36,-0.28382975
37,-0.25338742
38,-0.40794113
39,-0.21100524
40,-0.24841562
41,-0.29795626
42,-0.39779523
43,-0.28740373
44,-0.24169895
45,-0.28316984
46,-0.28290796
47,-0.27170700000000003
48,-0.27610776
49,-0.22264078
50,-0.350697
51,-0.27546552
52,-0.26583049999999997
53,-0.36181715
54,-0.16130286
55,-0.2182256
56,-0.22905868
57,-0.23786452
58,-0.26681092
59,-0.17260185
60,-0.1694614
61,-0.33966032
62,-0.24606231
63,-0.2767294
64,-0.36019093
65,-0.21205379
66,-0.30942652
67,-0.25870370000000004
68,-0.18967517
69,-0.19868958
70,-0.18508466
71,-0.26006714
72,-0.24659882
73,-0.19778305
74,-0.30365190000000003
75,-0.32605013
76,-0.42745779999999994
77,-0.28289452
78,-0.26712559999999996
79,-0.2669827
80,-0.28199098
81,-0.275993
82,-0.41824496
83,-0.27159229999999995
84,-0.32813582
85,-0.22726479999999996
86,-0.29690653
87,-0.20645449
88,-0.3265054
89,-0.37509307
90,-0.26076233
91,-0.32224947
92,-0.30916297
93,-0.22474962
94,-0.26672959999999996
95,-0.15802632
96,-0.26999146
97,-0.24098551
98,-0.25293627
99,-0.31454942
100,-0.22372423
101,-0.2801619
102,-0.18640599
103,-0.25522128
104,-0.25084656
105,-0.31339976
106,-0.29764026
107,-0.44813308
108,-0.24380687
109,-0.23649147
110,-0.40339452
111,-0.22440065
112,-0.31594190000000005
113,-0.16820125
114,-0.18857100000000002
115,-0.26465276
116,-0.37655327
117,-0.2182256
118,-0.21539164
119,-0.30987993
120,-0.35780466
121,-0.25727707
122,-0.21518108
123,-0.25857958
124,-0.30733305
125,-0.30138737
126,-0.2821343
127,-0.20903614
128,-0.1813369
129,-0.275905
130,-0.30200878
131,-0.29114342
132,-0.19322513
133,-0.2499404
134,-0.33887255
135,-0.32399282
136,-0.29933393
137,-0.23430167
138,-0.388907
139,-0.29294749999999997
140,-0.26080292
141,-0.21000364
142,-0.3581949
143,-0.22836672
144,-0.26485879999999995
145,-0.3231667
146,-0.18350331
147,-0.29415917
148,-0.22127602
149,-0.23427613
150,-0.29535377
151,-0.374708
152,-0.23199515
153,-0.3066913
154,-0.33436555
155,-0.21790124
156,-0.22756267
157,-0.33071554
158,-0.17578329999999998
159,-0.30301222
160,-0.43701962
161,-0.26959494
162,-0.26323828
163,-0.23155048
164,-0.25643852
165,-0.37939405
166,-0.26363042
167,-0.23895414
168,-0.18633263
169,-0.26987037
170,-0.36700767
171,-0.3918727
172,-0.23023659999999999
173,-0.30884236
174,-0.25114116
175,-0.31811643
176,-0.22349323
177,-0.24256676
178,-0.45169985
179,-0.28612557
180,-0.15025793
181,-0.26915914
182,-0.24258718
183,-0.30675825
184,-0.281219
185,-0.35389555
186,-0.42248178
187,-0.29640758
188,-0.586499
189,-0.2611808
190,-0.29332379
191,-0.18930360000000002
192,-0.28408056
193,-0.30078109999999997
194,-0.37768427
195,-0.2419439
196,-0.19900120000000002
197,-0.17476045
198,-0.29000506
199,-0.27412075
200,-0.23822658
201,-0.18193467
202,-0.33014664
203,-0.27016413
204,-0.35280943
205,-0.26992375
206,-0.18422358
207,-0.22260170000000004
208,-0.41696262
209,-0.20112465
210,-0.31130734
211,-0.197153
212,-0.31415743
213,-0.23689672
214,-0.31243488
215,-0.33926952
216,-0.20664336
217,-0.23594369
218,-0.29060584
219,-0.2662771
220,-0.19836143
221,-0.30470964
222,-0.34527802
223,-0.19475316
224,-0.33061093
225,-0.20737416
226,-0.20258433
227,-0.36879662
228,-0.20913148
229,-0.25068367
230,-0.34252197
231,-0.26142132
232,-0.26525941
233,-0.255743
234,-0.22736275
235,-0.39355144
236,-0.2987628
237,-0.2171167
238,-0.18877251
239,-0.340632
240,-0.26887274
241,-0.24188484
242,-0.51428014
243,-0.34523190000000004
244,-0.21697761
245,-0.25098503
246,-0.19150816
247,-0.24771658
248,-0.18368064
249,-0.19950739999999997
250,-0.27403520000000003
251,-0.32494614
252,-0.34108249999999996
253,-0.2950114
254,-0.22020495
255,-0.24321392
256,-0.22144139
257,-0.21922429
258,-0.37998146
259,-0.37683016
260,-0.3330358
261,-0.29146022
262,-0.2669052
263,-0.29656940000000004
264,-0.23687755
265,-0.16693589
266,-0.23384804
267,-0.3501338
268,-0.21622162
269,-0.26711908
270,-0.34443274
271,-0.31468838
272,-0.27232283
273,-0.2090571
274,-0.33071974
275,-0.26027235
276,-0.34132248
277,-0.24795015
278,-0.20368385
279,-0.37902465
280,-0.19225991
281,-0.20361628
282,-0.56752414
283,-0.20400794
284,-0.2984604
285,-0.3203824
286,-0.5538773
287,-0.34652382
288,-0.27200526
289,-0.25731203
290,-0.24020533
291,-0.20806742
292,-0.36092806
293,-0.18836929
294,-0.30572033
295,-0.29355705
296,-0.19284279999999998
297,-0.32455100000000003
298,-0.35985845
299,-0.2654165
300,-0.21890321
301,-0.29366112
302,-0.23033339
303,-0.44355342
304,-0.28122962
305,-0.25247526
306,-0.30257574
307,-0.22978497
308,-0.24820173
309,-0.2958381
310,-0.30154353
311,-0.31681648
312,-0.28587264
313,-0.23631331
314,-0.25360027
315,-0.39566544
316,-0.17482698
317,-0.48931357
318,-0.38190088
319,-0.22106427
320,-0.35795432
321,-0.407233
322,-0.47442296
323,-0.24108247
324,-0.21602568
325,-0.23624414
326,-0.28182688
327,-0.27198815
328,-0.25908646
329,-0.21184112
330,-0.22523789
331,-0.2723773
332,-0.29248384
333,-0.22088617
334,-0.22113304
335,-0.27917123
336,-0.2428449
337,-0.37406495
338,-0.30096447
339,-0.23491204
340,-0.2740114
341,-0.35031554
342,-0.3586594
343,-0.23919511
344,-0.2370109
345,-0.268366
346,-0.33208412
347,-0.24521135
348,-0.23768455
349,-0.24677771
350,-0.21934702
351,-0.3792092
352,-0.27112883
353,-0.19703129
354,-0.45881182
355,-0.30556113
356,-0.17746814
357,-0.24251527
358,-0.18108316
359,-0.2027352
360,-0.25787562
361,-0.3130888
362,-0.2497493
363,-0.21420299
364,-0.4050727
365,-0.28002042
366,-0.25462282
367,-0.24758837
368,-0.2785538
369,-0.39464125
370,-0.2748138
371,-0.30294847
372,-0.20640433
373,-0.33527225
374,-0.26955286
375,-0.27809559999999994
376,-0.26563576
377,-0.2802295
378,-0.3327125
379,-0.18624854
380,-0.30446009999999996
381,-0.2905432
382,-0.30931512
383,-0.27008122
384,-0.3104973
385,-0.22573732
386,-0.3612192
387,-0.20478143
388,-0.2508604
389,-0.3387305
390,-0.3076428
391,-0.38509032
392,-0.24490133
393,-0.23323542
394,-0.255817
395,-0.38755602
396,-0.34107068
397,-0.1487896
398,-0.23976868
399,-0.33025235
400,-0.22544134
401,-0.30242667
402,-0.23609650000000001
403,-0.16182154
404,-0.19367462
405,-0.27920142
406,-0.28535017
407,-0.25582698
408,-0.3909424
409,-0.2887679
410,-0.31840159999999995
411,-0.45036152
412,-0.22962882
413,-0.29428902
414,-0.28139687
415,-0.2918131
416,-0.32166500000000003
417,-0.20941279999999998
418,-0.32439944
419,-0.24528909
420,-0.32628209999999996
421,-0.37131566
422,-0.2717099
423,-0.20143841
424,-0.3385329
425,-0.32172692
426,-0.26871849999999997
427,-0.41961640000000006
428,-0.20476896
429,-0.23503400000000002
430,-0.32296040000000004
431,-0.25740314
432,-0.38182026
433,-0.32215255
434,-0.23510273
435,-0.38179824
436,-0.37402216
437,-0.20483999
438,-0.23476958
439,-0.19332331
440,-0.24951355
441,-0.3406467
442,-0.24302147
443,-0.32320952
444,-0.25731686
445,-0.31184983
446,-0.21303208
447,-0.27615866
448,-0.24792840000000002
449,-0.24637395
450,-0.23994173
451,-0.24531620000000004
452,-0.23521535
453,-0.15068342
454,-0.17304265
455,-0.31394458
456,-0.26190776
457,-0.30086094
458,-0.30396062
459,-0.2806318
460,-0.21602479
461,-0.2376167
462,-0.32937646
463,-0.15625778
464,-0.28097665
465,-0.24074857
466,-0.3006616
467,-0.39009768
468,-0.31341293
469,-0.32702446
470,-0.15739816
471,-0.22792028
472,-0.29535824
473,-0.3727958
474,-0.21573320000000004
475,-0.18764259
476,-0.26936259999999995
477,-0.20307644
478,-0.26302709999999996
479,-0.27619103
480,-0.21370216
481,-0.48826522
482,-0.27732542
483,-0.21865962
484,-0.2240625
485,-0.33258697
486,-0.20182724
487,-0.22179589
488,-0.30145659999999996
489,-0.25322032
490,-0.29603133
491,-0.31886485
492,-0.21226121
493,-0.23216636
494,-0.21078143
495,-0.25240463
496,-0.33019024
497,-0.27740088
498,-0.30429494
499,-0.36078462
500,-0.25083575
501,-0.22070773
502,-0.23588961
503,-0.26075894
504,-0.29664668
505,-0.23146188
506,-0.35653338
507,-0.34589276
508,-0.32553625
509,-0.39517440000000004
510,-0.2503898
511,-0.28793174
512,-0.33245
513,-0.23432004
514,-0.28815058
515,-0.20823103
516,-0.35923553
517,-0.25081182
518,-0.19094203
519,-0.26018476
520,-0.31696722
521,-0.32716978
522,-0.36834562
523,-0.33104253
524,-0.23792787
525,-0.22999498
526,-0.31925398
527,-0.33373579999999997
528,-0.4265526
529,-0.23177697
530,-0.27605283
531,-0.23394693
532,-0.23005524
533,-0.23158258
534,-0.30382950000000003
535,-0.29005098
536,-0.20576765
537,-0.27390075
538,-0.3490021
539,-0.37710732
540,-0.33482399999999995
541,-0.54408234
542,-0.27070120000000003
543,-0.32762545
544,-0.33585545
545,-0.30563954
546,-0.20218256
547,-0.3603097
548,-0.2555151
549,-0.26723891
550,-0.3308236
551,-0.36681268
552,-0.25214154
553,-0.46166518
554,-0.18136549999999999
555,-0.31564200000000003
556,-0.27576490000000003
557,-0.32066002
558,-0.21764944
559,-0.34307677
560,-0.3932934
561,-0.29228795
562,-0.22445372
563,-0.3250006
564,-0.28828797
565,-0.23612547
566,-0.3330276
567,-0.31510782
568,-0.26455918
569,-0.20954967
570,-0.32113647
571,-0.27821025
572,-0.28695843
573,-0.39731914
574,-0.34866032
575,-0.4108835
576,-0.36197302
577,-0.24760556
578,-0.3381263
579,-0.3335348
580,-0.25187582
581,-0.2570765
582,-0.33173165
583,-0.3334836
584,-0.31570607
585,-0.32320229999999994
586,-0.25828886
587,-0.28672445
588,-0.5265966
589,-0.34223074
590,-0.31049693
591,-0.29549873
592,-0.3370546
593,-0.30091809999999997
594,-0.263675
595,-0.20720023
596,-0.24948493
597,-0.23388214
598,-0.3367009
599,-0.35620898
600,-0.17730674
601,-0.342501
602,-0.20116566
603,-0.6033611
604,-0.36016715
605,-0.29028058
606,-0.28533208
607,-0.30534142
608,-0.2400022
609,-0.23592836
610,-0.35071087
611,-0.3015415
612,-0.25170824
613,-0.26920155
614,-0.25698733
615,-0.26340872
616,-0.24367389
617,-0.25235116
618,-0.38647926
619,-0.30341622
620,-0.21047844
621,-0.33993867
622,-0.23861259
623,-0.28426784
624,-0.30720174
625,-0.2156855
626,-0.32912093
627,-0.19738759
628,-0.23771928
629,-0.26419770000000004
630,-0.24647357
631,-0.25323623
632,-0.29244169999999997
633,-0.34494862
634,-0.18390137
635,-0.25703546
636,-0.34243613
637,-0.31206656
638,-0.42379954
639,-0.18886393
640,-0.25124696
641,-0.31173316
642,-0.17015766
643,-0.2741482
644,-0.28500456
645,-0.24095160000000002
646,-0.21315174
647,-0.22393160000000004
648,-0.35699892
649,-0.34648657
650,-0.23982237
651,-0.26029852
652,-0.34688738
653,-0.31218606
654,-0.28618327
655,-0.44012675
656,-0.30321354
657,-0.39233226
658,-0.2567467
659,-0.23087853
660,-0.31253234
661,-0.30261326
662,-0.28916220000000004
663,-0.25534073
664,-0.27204597
665,-0.30618152
666,-0.28089812
667,-0.26367405
668,-0.1803396
669,-0.20468503
670,-0.24289888
671,-0.32065275
672,-0.24984968
673,-0.24089202
674,-0.3742518
675,-0.3145598
676,-0.32176822
677,-0.21519443
678,-0.29441962
679,-0.26313767
680,-0.2256176
681,-0.19233572
682,-0.26358459999999995
683,-0.17475322
684,-0.32925645
685,-0.29355523
686,-0.24413902
687,-0.26583716
688,-0.28278136
689,-0.20534232
690,-0.4699455
691,-0.283051
692,-0.23552103
693,-0.47666886
694,-0.20570706
695,-0.18281235
696,-0.29229316
697,-0.20724602
698,-0.25335660000000004
699,-0.23530641
700,-0.21139234
701,-0.22755906
702,-0.30341923
703,-0.26791012
704,-0.33889997
705,-0.28679606
706,-0.23549126
707,-0.21889722
708,-0.19038522
709,-0.2950682
710,-0.23748316
711,-0.30399677
712,-0.31764123
713,-0.25832224
714,-0.31011754
715,-0.23648049999999998
716,-0.18456207
717,-0.3283452
718,-0.23780982
719,-0.29686290000000004
720,-0.40116322
721,-0.31189340000000004
722,-0.25524357
723,-0.30290443
724,-0.33845192
725,-0.21551841
726,-0.20596054
727,-0.36924872
728,-0.23498109
729,-0.22136459
730,-0.28016484
731,-0.39327142
732,-0.34826258
733,-0.22420818
734,-0.16585577
735,-0.2987088
736,-0.23264077
737,-0.26253107
738,-0.37212518
739,-0.25455356
740,-0.22815733
741,-0.24227476
742,-0.27076718
743,-0.3212065
744,-0.28816727
745,-0.28853124
746,-0.27060044
747,-0.2666975
748,-0.39011514
749,-0.22582884
750,-0.27500615
751,-0.24974753
752,-0.2756005
753,-0.2913801
754,-0.2470558
755,-0.26708776
756,-0.30394879999999996
757,-0.21382439
758,-0.23611355
759,-0.33801928
760,-0.3460164
761,-0.26995042
762,-0.16004013
763,-0.21507865
764,-0.38170892
765,-0.21550073
766,-0.3823757
767,-0.20692337
768,-0.33937117
769,-0.25527707
770,-0.18976086
771,-0.27775118
772,-0.27354038
773,-0.26627138
774,-0.25674447
775,-0.35584390000000005
776,-0.26173514
777,-0.42637506
778,-0.2551503
779,-0.22111349
780,-0.33916247
781,-0.23821537
782,-0.37672797
783,-0.22453697
784,-0.23729777
785,-0.30085197
786,-0.21267077
787,-0.26944137
788,-0.3426808
789,-0.19165075
790,-0.24376564
791,-0.23606588
792,-0.2933986
793,-0.25794290000000003
794,-0.25805485
795,-0.29472134
796,-0.27898649999999997
797,-0.28174618
798,-0.24250837
799,-0.2284344
800,-0.23192196
801,-0.24400455
802,-0.36281428
803,-0.21429868
804,-0.3057001
805,-0.43734140000000005
806,-0.29204527
807,-0.28440544
808,-0.37574285
809,-0.22550803
810,-0.26883098
811,-0.31096399999999996
812,-0.31854478
813,-0.25183585
814,-0.3404185
815,-0.22951439999999998
816,-0.1934088
817,-0.25305197
818,-0.27369140000000003
819,-0.3042784
820,-0.1949055
821,-0.2658359
822,-0.36726004
823,-0.21359251
824,-0.6418924
825,-0.23372872
826,-0.28687862
827,-0.3784088
828,-0.14943410000000001
829,-0.16039379999999998
830,-0.3025506
831,-0.20366716
832,-0.18696217
833,-0.16720472
834,-0.20844570000000004
835,-0.25559387
836,-0.2635917
837,-0.20216736
838,-0.37117383
839,-0.2765754
840,-0.37314412
841,-0.29976267
842,-0.2511315
843,-0.324206
844,-0.24993408
845,-0.27831343
846,-0.20556872
847,-0.49931809999999993
848,-0.22749577
849,-0.2531651
850,-0.32109156
851,-0.30733162
852,-0.26628209999999997
853,-0.44608718
854,-0.3350761
855,-0.14219326
856,-0.28975525
857,-0.29456803
858,-0.27846974
859,-0.20988753
860,-0.24864316
861,-0.17561157
862,-0.31513032
863,-0.35924697
864,-0.25699618
865,-0.17855296
866,-0.28416282
867,-0.29215282
868,-0.21263295
869,-0.3096401
870,-0.27272677
871,-0.27051985
872,-0.24329422
873,-0.36278856
874,-0.3774652
875,-0.23664828
876,-0.4079492
877,-0.20552415
878,-0.18731248
879,-0.25540698
880,-0.36020273
881,-0.21362579999999998
882,-0.2665518
883,-0.28278798
884,-0.27360508
885,-0.29179353
886,-0.31459698
887,-0.2922215
888,-0.26531467
889,-0.21497919
890,-0.26870948
891,-0.25643086
892,-0.31937587
893,-0.21020651
894,-0.25662535
895,-0.4506106
896,-0.29087657
897,-0.3407976
898,-0.23850212
899,-0.31302476
900,-0.33270222
901,-0.23485695
902,-0.19606219
903,-0.27438608
904,-0.28648585
905,-0.2387746
906,-0.24416466
907,-0.37226644
908,-0.26853952
909,-0.24491149999999998
910,-0.35998209999999997
911,-0.31017834
912,-0.29768643
913,-0.31430975
914,-0.43311432
915,-0.3803307
916,-0.16336316
917,-0.31347063
918,-0.25895628
919,-0.34940025
920,-0.27764645
921,-0.21113925
922,-0.3907796
923,-0.30591306
924,-0.25996792
925,-0.2547646
926,-0.1605987
927,-0.20273466
928,-0.28261396
929,-0.42065325
930,-0.31664476
931,-0.22799417
932,-0.4654697
933,-0.27642912
934,-0.26027757
935,-0.2600373
936,-0.30369650000000004
937,-0.20499099999999998
938,-0.5054823
939,-0.29232126
940,-0.34535792
941,-0.26339212
942,-0.28776604
943,-0.33893320000000005
944,-0.2389908
945,-0.21007344
946,-0.17751023
947,-0.27938515
948,-0.23467562
949,-0.33311334
950,-0.19769725
951,-0.22150029999999998
952,-0.27930212
953,-0.18994711
954,-0.16730607
955,-0.24162611
956,-0.27766803
957,-0.20468104
958,-0.22055282
959,-0.33665007
960,-0.26427466
961,-0.26559868
962,-0.22404653
963,-0.22941703
964,-0.3116395
965,-0.23163487
966,-0.24604034
967,-0.20488760000000003
968,-0.20506267
969,-0.2898305
970,-0.33250207
971,-0.26900467
972,-0.29030409999999995
973,-0.2719027
974,-0.3252693
975,-0.29711914
976,-0.36028509999999997
977,-0.28013816
978,-0.26222283
979,-0.26651117
980,-0.19320852
981,-0.2663952
982,-0.22866027
983,-0.17064095
984,-0.19236119
985,-0.6076114
986,-0.22144946
987,-0.28728190000000003
988,-0.24506944
989,-0.19263786
990,-0.22193722
991,-0.14682008
992,-0.23389202
993,-0.50248206
994,-0.33647794
995,-0.2489297
996,-0.19714555
997,-0.23451304
998,-0.22582361
999,-0.23568687
1000,-0.33965996
1001,-0.29635853
1002,-0.20836166
1003,-0.2158732
1004,-0.30058253
1005,-0.3877797
1006,-0.32101053
1007,-0.25123850000000003
1008,-0.1865523
1009,-0.24474292
1010,-0.22178166
1011,-0.22810596
1012,-0.17595153
1013,-0.2634994
1014,-0.20279393
1015,-0.19708104
1016,-0.34107196
1017,-0.14826405
1018,-0.35502043
1019,-0.25989482
1020,-0.22429734
1021,-0.27311394
1022,-0.337124
1023,-0.31009698
1024,-0.22905402
1025,-0.25708592
1026,-0.21371318
1027,-0.1980605
1028,-0.2629296
1029,-0.22462632
1030,-0.27670103
1031,-0.30320483
1032,-0.22676402
1033,-0.29849586
1034,-0.22976956
1035,-0.192529
1036,-0.27131978
1037,-0.24189070000000001
1038,-0.23579597
1039,-0.18420073
1040,-0.61466163
1041,-0.35851792
1042,-0.21509802
1043,-0.20849586
1044,-0.27097908
1045,-0.19650742
1046,-0.26688832
1047,-0.3312874
1048,-0.27333176
1049,-0.31546536
1050,-0.28784442
1051,-0.17371888
1052,-0.2100708
1053,-0.20472811
1054,-0.31575894
1055,-0.39750183
1056,-0.19398881
1057,-0.25238845
1058,-0.3098474
1059,-0.2517005
1060,-0.27694938
1061,-0.21302514
1062,-0.23022929999999997
1063,-0.32473803
1064,-0.21837536
1065,-0.23228173
1066,-0.21232131
1067,-0.27138138
1068,-0.26003242
1069,-0.23867033
1070,-0.25748333
1071,-0.26588047
1072,-0.30316794
1073,-0.2086364
1074,-0.27675858
1075,-0.22033028
1076,-0.19427064
1077,-0.27498516
1078,-0.25785297
1079,-0.31267140000000004
1080,-0.23761754
1081,-0.46951208
1082,-0.30674753
1083,-0.32246125
1084,-0.2555687
1085,-0.28139368
1086,-0.31609990000000004
1087,-0.15625250000000002
1088,-0.14854765
1089,-0.3049475
1090,-0.34779558
1091,-0.26635832
1092,-0.3556243
1093,-0.38194168
1094,-0.25059899999999996
1095,-0.28684363
1096,-0.25736305
1097,-0.3188135
1098,-0.28458223
1099,-0.43228477
1100,-0.32291645
1101,-0.21532874
1102,-0.30063653
1103,-0.35300073
1104,-0.25009167
1105,-0.2151472
1106,-0.20691624
1107,-0.2342087
1108,-0.19096936
1109,-0.16131186
1110,-0.18882957
1111,-0.23703854
1112,-0.35604036
1113,-0.2514041
1114,-0.3052796
1115,-0.43149355
1116,-0.16655579
1117,-0.23272513
1118,-0.18949363
1119,-0.31550068
1120,-0.2050029
1121,-0.38640985
1122,-0.38041142
1123,-0.19828376
1124,-0.28101620000000005
1125,-0.20644622
1126,-0.23208535
1127,-0.27310738
1128,-0.39672503
1129,-0.27898616
1130,-0.26028714
1131,-0.32760036
1132,-0.21741764
1133,-0.19200903
1134,-0.32745364
1135,-0.20693319
1136,-0.23560509
1137,-0.4260858
1138,-0.3733688
1139,-0.25404388
1140,-0.3221991
1141,-0.2628955
1142,-0.2656387
1143,-0.20136158
1144,-0.1622553
1145,-0.41932097
1146,-0.2900315
1147,-0.25507522
1148,-0.2227611
1149,-0.22620231
1150,-0.2848097
1151,-0.51904553
1152,-0.22073434
1153,-0.36490995
1154,-0.33899093
1155,-0.37159175
1156,-0.3818495
1157,-0.21836776
1158,-0.28996859999999997
1159,-0.34444577
1160,-0.41602212
1161,-0.35953662
1162,-0.32414335
1163,-0.27135876
1164,-0.26153895
1165,-0.35853878
1166,-0.30806237
1167,-0.21766798
1168,-0.21168971
1169,-0.30240065
1170,-0.29781726
1171,-0.25874615
1172,-0.19726372
1173,-0.20801985
1174,-0.28614604
1175,-0.3206044
1176,-0.31575796
1177,-0.2570169
1178,-0.34544617
1179,-0.2885736
1180,-0.23664297
1181,-0.21460791
1182,-0.21819367
1183,-0.27147955
1184,-0.27585125
1185,-0.32672086
1186,-0.3588285
1187,-0.26494548
1188,-0.30323774
1189,-0.34596133
1190,-0.23796032
1191,-0.36578499999999997
1192,-0.22462295
1193,-0.28486693
1194,-0.3168308
1195,-0.2850875
1196,-0.24831575
1197,-0.27220792
1198,-0.30461735
1199,-0.45283127
1200,-0.1839231
1201,-0.33130383
1202,-0.24403234
1203,-0.2282364
1204,-0.23392038
1205,-0.30549845
1206,-0.24911903
1207,-0.26906422
1208,-0.21936326
1209,-0.2954401
1210,-0.21081705
1211,-0.2504341
1212,-0.29448855
1213,-0.25211602
1214,-0.23654318
1215,-0.2710991
1216,-0.26789
1217,-0.31007287
1218,-0.58950454
1219,-0.19740778
1220,-0.23506176
1221,-0.35032555
1222,-0.17017536
1223,-0.18401623
1224,-0.19132876
1225,-0.35187090000000004
1226,-0.26429653
1227,-0.31508744
1228,-0.29148090000000004
1229,-0.301585
1230,-0.25916645
1231,-0.24972458
1232,-0.2608938
1233,-0.20000966
1234,-0.23442587
1235,-0.31066509999999997
1236,-0.25697889999999995
1237,-0.21298301
1238,-0.23326494
1239,-0.18607
1240,-0.31963712
1241,-0.25134528
1242,-0.2541951
1243,-0.45007240000000004
1244,-0.15944389
1245,-0.26615173
1246,-0.27012179999999997
1247,-0.30414018
1248,-0.24659589
1249,-0.21409193
1250,-0.31074718
1251,-0.23426427
1252,-0.30263522
1253,-0.2019578
1254,-0.24538186
1255,-0.26011172
1256,-0.33861136
1257,-0.28239325
1258,-0.27317825
1259,-0.16184649
1260,-0.17913872
1261,-0.37888499999999997
1262,-0.18495217
1263,-0.37210479999999996
1264,-0.2148453
1265,-0.32815704
1266,-0.20380157
1267,-0.36716023
1268,-0.39779390000000003
1269,-0.24632843
1270,-0.26331976
1271,-0.46741176
1272,-0.25557333
1273,-0.32834858
1274,-0.37170798
1275,-0.39827764
1276,-0.41335848
1277,-0.30474320000000005
1278,-0.30033243
1279,-0.26933792
1280,-0.29633576
1281,-0.33223850000000005
1282,-0.26440626
1283,-0.27302378
1284,-0.21022002
1285,-0.30581498
1286,-0.31095567
1287,-0.23839913
1288,-0.23593603
1289,-0.35520238
1290,-0.27315232
1291,-0.21338291
1292,-0.5631172
1293,-0.35010257
1294,-0.3026393
1295,-0.27742526
1296,-0.3048594
1297,-0.40205964
1298,-0.30603117
1299,-0.19784985
1300,-0.25525036
1301,-0.31206575
1302,-0.3315236
1303,-0.30568236
1304,-0.23136328
1305,-0.25116017
1306,-0.3194445
1307,-0.24702397
1308,-0.24054323
1309,-0.31954458
1310,-0.26194808
1311,-0.2725307
1312,-0.27561325
1313,-0.29007345
1314,-0.24458538
1315,-0.35662377
1316,-0.41816416
1317,-0.27631906
1318,-0.33779886
1319,-0.3514994
1320,-0.3367628
1321,-0.32522786
1322,-0.27563053
1323,-0.28153974
1324,-0.22957194
1325,-0.2899138
1326,-0.28739464
1327,-0.2811681
1328,-0.26001927
1329,-0.20973289
1330,-0.23143284
1331,-0.26167533
1332,-0.18341921
1333,-0.30880377
1334,-0.24502009
1335,-0.33293015
1336,-0.38351297
1337,-0.27297884
1338,-0.23353714
1339,-0.3135502
1340,-0.23862675
1341,-0.25897112
1342,-0.3399682
1343,-0.24594322
1344,-0.19126034
1345,-0.25524020000000003
1346,-0.27467698
1347,-0.46185192
1348,-0.438047
1349,-0.26631787
1350,-0.2736026
1351,-0.16572835
1352,-0.44801903
1353,-0.24901949
1354,-0.43450594
1355,-0.24653836
1356,-0.3430361
1357,-0.33032948
1358,-0.3740718
1359,-0.23220685
1360,-0.28810787
1361,-0.17497225
1362,-0.20624387
1363,-0.27895390000000003
1364,-0.449899
1365,-0.32749042
1366,-0.27195477
1367,-0.33430424
1368,-0.35848755
1369,-0.35222859999999995
1370,-0.21304916
1371,-0.20360127
1372,-0.31853986
1373,-0.26653844
1374,-0.24634367
1375,-0.29044276
1376,-0.35032895
1377,-0.27987629999999997
1378,-0.23977274
1379,-0.21611051
1380,-0.23279905
1381,-0.32636118
1382,-0.25756896
1383,-0.22451381
1384,-0.2542955
1385,-0.22555874
1386,-0.33363414
1387,-0.3099527
1388,-0.20815706
1389,-0.29714984
1390,-0.30406985
1391,-0.25667260000000003
1392,-0.21656372
1393,-0.29947529999999994
1394,-0.18340297
1395,-0.23935995
1396,-0.2663109
1397,-0.37297764
1398,-0.32980624
1399,-0.2298677
1400,-0.24133836
1401,-0.262839
1402,-0.28003895
1403,-0.13785160000000002
1404,-0.30068457
1405,-0.24977079
1406,-0.21678889
1407,-0.3460884
1408,-0.23743902
1409,-0.3007146
1410,-0.34781334
1411,-0.29409468
1412,-0.26318508
1413,-0.28370264
1414,-0.2112995
1415,-0.23862487
1416,-0.34835184
1417,-0.36578745
1418,-0.32738835
1419,-0.24783216
1420,-0.22028996
1421,-0.34361329999999995
1422,-0.27917729999999996
1423,-0.31820375
1424,-0.22654971
1425,-0.29420793
1426,-0.22393326
1427,-0.27379388
1428,-0.2332837
1429,-0.32979134
1430,-0.20477559
1431,-0.27544472
1432,-0.23675017
1433,-0.33211082
1434,-0.22452275
1435,-0.3330377
1436,-0.15712059
1437,-0.4508793
1438,-0.4215523
1439,-0.28387418
1440,-0.34742254
1441,-0.28437507
1442,-0.43691385
1443,-0.31003124
1444,-0.25774232
1445,-0.407566
1446,-0.24932875
1447,-0.30617237
1448,-0.24661239999999998
1449,-0.32608646
1450,-0.29288828
1451,-0.28818083
1452,-0.30775714
1453,-0.21654943
1454,-0.25304702
1455,-0.33321792
1456,-0.29599264
1457,-0.22366513
1458,-0.33041897
1459,-0.21465538
1460,-0.3057968
1461,-0.18321155
1462,-0.28593725
1463,-0.3244106
1464,-0.23643422
1465,-0.3090375
1466,-0.32476825
1467,-0.29299235
1468,-0.29269722
1469,-0.27868790000000004
1470,-0.24098909
1471,-0.19834809
1472,-0.32033340000000005
1473,-0.31258459999999993
1474,-0.20695412
1475,-0.21552594
1476,-0.19269386
1477,-0.24283384
1478,-0.25449005
1479,-0.2571693
1480,-0.23246235
1481,-0.37953082
1482,-0.26696490000000006
1483,-0.18488829999999998
1484,-0.31196314
1485,-0.32831645
1486,-0.24963503
1487,-0.39588434
1488,-0.25076696
1489,-0.38685268
1490,-0.38187456
1491,-0.38846225
1492,-0.31052113
1493,-0.22717318
1494,-0.37206748
1495,-0.28513917
1496,-0.21623702
1497,-0.31356856
1498,-0.2719406
1499,-0.2651443
1500,-0.27388024
1501,-0.22674842
1502,-0.16462691
1503,-0.31781104
1504,-0.16241331
1505,-0.22518834
1506,-0.25557956
1507,-0.22678103
1508,-0.2883215
1509,-0.440539
1510,-0.32813016
1511,-0.34412506
1512,-0.2591993
1513,-0.2964005
1514,-0.22977258
1515,-0.15323779
1516,-0.30287004
1517,-0.32231113
1518,-0.23736319
1519,-0.31705388
1520,-0.3595468
1521,-0.34672418
1522,-0.21572743
1523,-0.17528364
1524,-0.29304945
1525,-0.33487102
1526,-0.37511843
1527,-0.23466460000000003
1528,-0.2084305
1529,-0.2982085
1530,-0.35381562
1531,-0.38509506
1532,-0.25227433
1533,-0.25663638
1534,-0.28056288
1535,-0.23534549999999999
1536,-0.32355976
1537,-0.2358931
1538,-0.36379409999999995
1539,-0.2522321
1540,-0.378979
1541,-0.22969863
1542,-0.28136173
1543,-0.21933143
1544,-0.3103758
1545,-0.2390139
1546,-0.24638207
1547,-0.2336163
1548,-0.2618444
1549,-0.28491288
1550,-0.46578723
1551,-0.26449870000000003
1552,-0.3694292
1553,-0.36129647
1554,-0.34271228
1555,-0.20450723
1556,-0.26730308
1557,-0.36802090000000004
1558,-0.30550885
1559,-0.52245575
1560,-0.33194786
1561,-0.27785623
1562,-0.19247998
1563,-0.35474938
1564,-0.2680488
1565,-0.44145290000000004
1566,-0.20556355
1567,-0.22287413
1568,-0.27347502
1569,-0.44980177
1570,-0.2545887
1571,-0.24578254
1572,-0.35381684
1573,-0.2490397
1574,-0.33335440000000005
1575,-0.22805208
1576,-0.25888652
1577,-0.30857497
1578,-0.26320192
1579,-0.22245343
1580,-0.18736042
1581,-0.29338646
1582,-0.2597551
1583,-0.31595767
1584,-0.22591633
1585,-0.31671625
1586,-0.25295270000000003
1587,-0.20741260000000003
1588,-0.32397315
1589,-0.44193742
1590,-0.25938472
1591,-0.26980883
1592,-0.16844966
1593,-0.33338487
1594,-0.4487446
1595,-0.25614908
1596,-0.34231168
1597,-0.33821377
1598,-0.205621
1599,-0.31029829999999997
1600,-0.26290974
1601,-0.2764417
1602,-0.33072275
1603,-0.27236658
1604,-0.2870438
1605,-0.21978335
1606,-0.31053509999999995
1607,-0.3167738
1608,-0.23486163
1609,-0.40835208
1610,-0.39171222
1611,-0.25852257
1612,-0.29899436
1613,-0.41550836
1614,-0.257391
1615,-0.18533733
1616,-0.31111723
1617,-0.256971
1618,-0.5943217
1619,-0.19846036
1620,-0.26797855
1621,-0.22258604
1622,-0.14145981
1623,-0.27275240000000006
1624,-0.18583837
1625,-0.24119811
1626,-0.464776
1627,-0.19962235
1628,-0.26712516
1629,-0.31591612
1630,-0.48951122
1631,-0.23683745
1632,-0.43785864
1633,-0.32868716
1634,-0.35925663
1635,-0.26651868
1636,-0.26875505
1637,-0.23715323
1638,-0.34396209999999994
1639,-0.32107154
1640,-0.4063579
1641,-0.28604147
1642,-0.22973423
1643,-0.2835791
1644,-0.35180712
1645,-0.45678409999999997
1646,-0.2957805
1647,-0.31299433
1648,-0.29149044
1649,-0.22858664
1650,-0.3836751
1651,-0.24581832
1652,-0.27824137
1653,-0.22866191
1654,-0.31191465
1655,-0.28527394
1656,-0.38337165
1657,-0.26512128
1658,-0.27998537
1659,-0.23004708
1660,-0.23001353
1661,-0.30000058
1662,-0.21405824
1663,-0.31360355
1664,-0.22647765
1665,-0.23706038
1666,-0.23127425
1667,-0.19269623
1668,-0.2583818
1669,-0.24680917
1670,-0.31217399999999995
1671,-0.30527645
1672,-0.31139234
1673,-0.24026431
1674,-0.22581911
1675,-0.28545016
1676,-0.23765562
1677,-0.27078375
1678,-0.38483379999999995
1679,-0.2058616
1680,-0.45768845
1681,-0.30437174
1682,-0.33258575
1683,-0.28464296
1684,-0.29159558
1685,-0.24875608
1686,-0.29582745
1687,-0.16042152
1688,-0.31304565
1689,-0.31203559999999997
1690,-0.22947091
1691,-0.29324606
1692,-0.23772827
1693,-0.25800812
1694,-0.29274434
1695,-0.22592697
1696,-0.3258187
1697,-0.31135714
1698,-0.28545190000000004
1699,-0.41964447
1700,-0.28423926
1701,-0.24040298
1702,-0.19707577
1703,-0.25185886
1704,-0.2859152
1705,-0.275444
1706,-0.3231366
1707,-0.35041824
1708,-0.24622123
1709,-0.17273029999999998
1710,-0.2422359
1711,-0.21033351
1712,-0.33696947
1713,-0.29248682
1714,-0.35648024
1715,-0.20303623
1716,-0.28983262
1717,-0.28239667
1718,-0.19354467
1719,-0.22346766
1720,-0.41889971
1721,-0.25979367
1722,-0.25665927
1723,-0.23306566
1724,-0.26429367
1725,-0.23948754
1726,-0.28778067
1727,-0.20782533
1728,-0.24645576
1729,-0.27008688
1730,-0.27797014
1731,-0.19791558
1732,-0.3521257
1733,-0.3166123
1734,-0.1624142
1735,-0.15082467
1736,-0.24791281
1737,-0.23372634
1738,-0.3059636
1739,-0.17758375
1740,-0.21231508
1741,-0.26325953
1742,-0.22684999
1743,-0.33499488
1744,-0.48149407
1745,-0.30925325
1746,-0.35199946
1747,-0.19263570000000002
1748,-0.2780743
1749,-0.27081898
1750,-0.21420535
1751,-0.4005256
1752,-0.2717363
1753,-0.27171397
1754,-0.28473425
1755,-0.24999236
1756,-0.28764218
1757,-0.3089769
1758,-0.27809125
1759,-0.21520397
1760,-0.27017877
1761,-0.21947843
1762,-0.29005325
1763,-0.26441437
1764,-0.21678281
1765,-0.32198247
1766,-0.3409163
1767,-0.2660691
1768,-0.25160384
1769,-0.15656094
1770,-0.19496001
1771,-0.3103732
1772,-0.24336852
1773,-0.35354072
1774,-0.41659996
1775,-0.2647215
1776,-0.25343603
1777,-0.20035078
1778,-0.15404959
1779,-0.28598133
1780,-0.20367853
1781,-0.31822333
1782,-0.30395520000000004
1783,-0.29158816
1784,-0.38698608
1785,-0.15728197
1786,-0.33606562
1787,-0.6014068
1788,-0.19107759
1789,-0.37038649999999995
1790,-0.33614442
1791,-0.31152959999999996
1792,-0.22297102
1793,-0.2672819
1794,-0.20929319
1795,-0.2867035
1796,-0.2680816
1797,-0.20881307
1798,-0.28169605
1799,-0.23579042
1800,-0.30572608
1801,-0.36451194
1802,-0.35174632
1803,-0.29341704
1804,-0.30646262
1805,-0.16952161
1806,-0.2687615
1807,-0.26339608
1808,-0.30199236
1809,-0.30525
1810,-0.28067109999999995
1811,-0.31368253
1812,-0.33491194
1813,-0.2868138
1814,-0.24356574
1815,-0.19859439
1816,-0.24274278
1817,-0.36944807
1818,-0.31969899999999996
1819,-0.17418683
1820,-0.26776996
1821,-0.23320289
1822,-0.33814890000000003
1823,-0.23039588
1824,-0.25461417
1825,-0.17630732
1826,-0.34614983
1827,-0.22001536
1828,-0.24930938
1829,-0.34695268
1830,-0.32098392
1831,-0.19574922
1832,-0.286756
1833,-0.31413627
1834,-0.30284393
1835,-0.28143123
1836,-0.21883965
1837,-0.26673982
1838,-0.2329379
1839,-0.27986714
1840,-0.29697463
1841,-0.34032518
1842,-0.29119140000000004
1843,-0.24948449999999997
1844,-0.2880709
1845,-0.291292
1846,-0.22202495
1847,-0.30270790000000003
1848,-0.29700905
1849,-0.27764383
1850,-0.30651724
1851,-0.22655183
1852,-0.24371047
1853,-0.21186753
1854,-0.26516137
1855,-0.24744509
1856,-0.28257376
1857,-0.32442617
1858,-0.24997135
1859,-0.56589144
1860,-0.3512105
1861,-0.283789
1862,-0.16292866
1863,-0.3043587
1864,-0.34308594
1865,-0.25971326
1866,-0.23868471
1867,-0.32540107
1868,-0.25154978
1869,-0.31965458
1870,-0.15054649
1871,-0.23438966
1872,-0.4536299
1873,-0.29653084
1874,-0.38593498
1875,-0.32736406
1876,-0.20432764
1877,-0.2992108
1878,-0.18886456
1879,-0.3881969
1880,-0.23112632
1881,-0.23333454
1882,-0.45004758
1883,-0.2853551
1884,-0.23344952
1885,-0.22820146
1886,-0.26876059999999996
1887,-0.23024197
1888,-0.27080095
1889,-0.23968992
1890,-0.28333488
1891,-0.2750466
1892,-0.36317859999999996
1893,-0.24887060000000003
1894,-0.31263694
1895,-0.22376163
1896,-0.29754007
1897,-0.23001075
1898,-0.2787855
1899,-0.2424113
1900,-0.38764694
1901,-0.29937497
1902,-0.28397536
1903,-0.25447255
1904,-0.15798987
1905,-0.21919726
1906,-0.28774634
1907,-0.23009670000000002
1908,-0.28926402
1909,-0.35913333
1910,-0.27987722
1911,-0.1703976
1912,-0.24557462
1913,-0.19972199
1914,-0.2643771
1915,-0.22213057
1916,-0.29605496
1917,-0.30657336
1918,-0.30122244
1919,-0.19504562
1920,-0.2885176
1921,-0.26964775
1922,-0.34342596
1923,-0.3950302
1924,-0.19726108
1925,-0.33834225
1926,-0.22161187
1927,-0.20764585
1928,-0.30437437
1929,-0.41958454
1930,-0.22065547
1931,-0.21816748
1932,-0.26238388
1933,-0.19970803
1934,-0.42280754
1935,-0.20872570000000001
1936,-0.22526683
1937,-0.33607703
1938,-0.21643226
1939,-0.32129368
1940,-0.28172788
1941,-0.37518850000000004
1942,-0.22320396
1943,-0.25927547
1944,-0.33137164
1945,-0.28684288
1946,-0.30153728
1947,-0.47146213
1948,-0.29206923
1949,-0.25109577
1950,-0.28330114
1951,-0.40152195
1952,-0.2820224
1953,-0.2785645
1954,-0.25557667
1955,-0.2085576
1956,-0.3409428
1957,-0.25079778
1958,-0.17851229999999998
1959,-0.22477661
1960,-0.3025531
1961,-0.20167734
1962,-0.27739709999999995
1963,-0.29342383
1964,-0.37011900000000003
1965,-0.32663804
1966,-0.16624722
1967,-0.31267280000000003
1968,-0.30956912
1969,-0.22796978
1970,-0.3264718
1971,-0.21156271
1972,-0.20246677
1973,-0.16991208
1974,-0.22982915
1975,-0.32167703
1976,-0.35554013
1977,-0.22137924
1978,-0.33689082
1979,-0.2366811
1980,-0.25962648
1981,-0.23659423
1982,-0.39304316
1983,-0.43892527
1984,-0.26064706
1985,-0.3162897
1986,-0.24966441
1987,-0.27078850000000004
1988,-0.37084866
1989,-0.35458094
1990,-0.25261396
1991,-0.49641895
1992,-0.38298833
1993,-0.29661509999999996
1994,-0.32484263
1995,-0.25486985
1996,-0.40726438
1997,-0.21032510000000001
1998,-0.40761116
1999,-0.17693270000000003
