,value_per_image
0,-1582.7826680842231
1,-2401.480597947369
2,-2164.230734504429
3,-2314.809303875477
4,-745.7531010659585
5,-500.9450548174863
6,-251.59314463604213
7,-280.2655957028202
8,-581.1570492661273
9,-2361.6696934942147
10,-129.32719133100892
11,-135.26921760724562
12,-125.37090775714898
13,-8542.388768435216
14,-4100.33599699123
15,-578.0415608881516
16,-3512.351223750329
17,-941.5565400098807
18,-190.8526502574403
19,-600.2539429942702
20,-832.2545833613965
21,-855.0057673671283
22,-1174.859198578794
23,-1413.7901868815773
24,-820.9046465080252
25,-293.70320977659736
26,-329.27999165756665
27,-2710.692634320764
28,-213.93621059112476
29,-796.3602347210989
30,-11867.211526721949
31,-536.3139296645127
32,-166.4439298804823
33,-682.8299620764524
34,-476.09531277564633
35,-547.8730758416829
36,-482.22971617336054
37,-192.5754352845417
38,-496.46285560787607
39,-7635.064997441797
40,-145.807473394113
41,-1067.3632424664204
42,-725.7643570109807
43,-122.47339824525022
44,-1418.317346973927
45,-59.18803636800412
46,-782.7682935913492
47,-5646.015849424823
48,-3289.2530282034363
49,-543.4636267529331
50,-127.7723900327873
51,-761.6020865046106
52,-1093.5562043121672
53,-156.74713218803092
54,-859.4479092421018
55,-335.6274485727902
56,-1013.9502154026487
57,-452.0414659453417
58,-439.8748540383588
59,-1791.0658920553153
60,-2012.8813735488975
61,-492.9355470516243
62,-446.22706152338236
63,-501.8178429802858
64,-204.21984061298252
65,-15671.055356893665
66,-343.8614447711773
67,-734.4669697669675
68,-475.0639606068307
69,-144.46431711607374
70,-584.1227881736246
71,-679.7047457462608
72,-213.8079129804641
73,-222.5257254708668
74,-132.02953157584832
75,-16112.364639230933
76,-224.73179865273332
77,-606.55781193594
78,-1854.403584138276
79,-536.661947077539
80,-75.79633143336711
81,-783.9336180107305
82,-381.88353525414016
83,-630.052071512726
84,-693.4440166187536
85,-404.8875223491788
86,-243.58368146689529
87,-960.4265585589667
88,-640.269276987518
89,-1220.0982342344976
90,-7441.877445054323
91,-1510.897660942613
92,-361.258246996269
93,-369.8975991932544
94,-5783.172889293039
95,-2736.577180542963
96,-394.9834746399519
97,-200.4942339418661
98,-1656.9121222238566
99,-6920.1074058666745
100,-11774.221821525825
101,-315.8240222894652
102,-4628.918376389008
103,-156.9472228164545
104,-1137.7077943766387
105,-1157.8494467120527
106,-97.5436567819698
107,-60.2047751571739
108,-662.7724603649691
109,-21116.597507184728
110,-313.8699855125202
111,-335.7886988704288
112,-218.23574968533802
113,-13493.561446064485
114,-781.394506104048
115,-267.71040103444165
116,-550.104362994423
117,-472.52710044252814
118,-376.2213338749685
119,-235.27068599152
120,-186.36338292156174
121,-1397.4866148213505
122,-362.77354723485337
123,-310.7281265669917
124,-414.0344736772192
125,-130.0317967274972
126,-1553.8567075492062
127,-304.68937540006726
128,-464.7579294441735
129,-1256.924302223208
130,-194.34589781812684
131,-233.48256838792733
132,-671.9991786079241
133,-825.7785214856058
134,-134.88641328185486
135,-2496.710824385601
136,-1123.0252520510962
137,-163.70641373274816
138,-507.68613830554466
139,-125.07895127641363
140,-149.43586156556523
141,-4248.522816814359
142,-181.71317222277486
143,-1510.6943921988366
144,-974.9938145942597
145,-2978.5552050836213
146,-85.8355529026713
147,-245.65473738744168
148,-459.0129961404162
149,-523.5298654835237
150,-458.2112512247113
151,-491.8638575747128
152,-144.86689870841585
153,-418.2811539380097
154,-265.1018422464552
155,-13527.732901312049
156,-414.385745974632
157,-156.1477749291025
158,-999.4278363454775
159,-737.7990058714578
160,-916.1943589122448
161,-191.1211225294728
162,-889.7528990323027
163,-7986.564140861386
164,-3234.020071134384
165,-350.03823751177526
166,-1262.6910595916158
167,-380.8345927842688
168,-415.2432103671935
169,-2045.825424814347
170,-470.82514808872656
171,-2473.4885683426237
172,-270.74819195261347
173,-383.1665419719334
174,-601.1235846274323
175,-468.5630681633138
176,-344.05701444698735
177,-336.36246336301133
178,-145.60339883176053
179,-269.13847352738065
180,-293.0714817580693
181,-1133.746742559541
182,-215.78795715744903
183,-102.01327189197357
184,-574.1323958729954
185,-294.871232976548
186,-1225.9132809044427
187,-331.30379995254924
188,-3551.5389155098496
189,-751.7572294904508
190,-180.08426524115674
191,-6917.843383300007
192,-162.46093420857233
193,-376.74566926269273
194,-686.5771116837882
195,-317.6974676279152
196,-696.8973341868515
197,-320.44520260068987
198,-914.2446786184523
199,-549.5956420170498
200,-360.4425063841969
201,-365.1989896809097
202,-2779.148905745561
203,-514.9453509503602
204,-424.7270257491352
205,-3625.177718044584
206,-1486.5702402091238
207,-937.5587447212604
208,-2047.9620073560209
209,-424.00998756605065
210,-1236.724206392364
211,-327.7755548528627
212,-800.8703866903021
213,-350.8139658716372
214,-839.8192112030458
215,-10334.130374358116
216,-275.6766644415697
217,-1049.488917896833
218,-5193.1840826069565
219,-168.93484974747338
220,-286.46199828979445
221,-455.35098989658854
222,-32398.16519223269
223,-63212.738150845325
224,-156.6986177835516
225,-681.2958642920331
226,-432.6615051425457
227,-4785.306071946693
228,-1831.3073360142864
229,-458.4116228664161
230,-434.92756421307104
231,-1412.4633823155175
232,-293.3227727042546
233,-1172.208387916372
234,-474.93740305859006
235,-70.65811513946713
236,-956.83859943497
237,-970.8696044588354
238,-1269.9995705932288
239,-205.52584424912968
240,-2315.6547663001497
241,-1006.1504145711302
242,-308.35730623934484
243,-4096.20489246341
244,-412.9588450273592
245,-332.2440223746221
246,-197.971991394156
247,-2118.5361462051815
248,-2521.060920323861
249,-619.6135042449596
250,-10634.535464223289
251,-167.13389344208872
252,-1292.0696872591393
253,-883.5491438483397
254,-420.37800418382216
255,-911.4751186918387
256,-129.68423024138096
257,-3876.613631379396
258,-684.1224951673695
259,-350.0418709619458
260,-284.08701829499716
261,-291.1889498142024
262,-28120.50511777805
263,-2158.330385382626
264,-1095.9288720768834
265,-276.29132610667114
266,-220.7520086145821
267,-874.6976136333269
268,-157.53669891204828
269,-277.839281808454
270,-1486.7695674893146
271,-1495.3652155938596
272,-1124.479974920493
273,-169.72051546658255
274,-817.8736206935225
275,-231.5838299077656
276,-70.56212802367232
277,-107.4879655463522
278,-694.0466351331944
279,-416.66362752433787
280,-2791.8500676310364
281,-338.1748009283171
282,-13584.218856404199
283,-360.7989512102834
284,-690.2395367213758
285,-139.26598376399224
286,-173.98435429204295
287,-1961.2435159028228
288,-1216.9088358034812
289,-422.3471572577606
290,-689.2157925391568
291,-1409.4346793669406
292,-3148.9465713278096
293,-443.61124458659583
294,-232.77886201203543
295,-385.5326708502658
296,-315.35770037535235
297,-293.6497811696036
298,-644.2984453923855
299,-691.3345463840519
300,-207.1603488362766
301,-938.2206586310243
302,-838.7173468823636
303,-670.7201729203432
304,-62.61651510801506
305,-2750.058269436579
306,-137.2942772144048
307,-3084.2614748385668
308,-42.3020568014438
309,-433.7330425751387
310,-214.1506678382123
311,-68.56281340409585
312,-487.5382977453852
313,-249.19462829642552
314,-818.3534617834358
315,-301.6133565518246
316,-814.1413630242812
317,-198.52821757323792
318,-428.41085145937484
319,-424.01862606188337
320,-366.9094860444191
321,-782.9404343119844
322,-1399.5088269569035
323,-400.14339216566077
324,-355.63058483151383
325,-126.83786236672249
326,-841.9009427280713
327,-398.9522313181896
328,-412.5572229251016
329,-1060.3373296881543
330,-4803.82184586013
331,-617.6062624861686
332,-9211.295366197872
333,-528.5374261664947
334,-308.66059592514864
335,-248.3605061344252
336,-3358.847986747396
337,-378.28767878489134
338,-724.0204177863037
339,-129.22728640587314
340,-425.0308480038435
341,-3735.886788613803
342,-140.44599044002254
343,-609.4925534566827
344,-276.07788427050633
345,-696.7103880916559
346,-1659.5770774348957
347,-456.68662470445435
348,-7061.120409711648
349,-903.7776214871492
350,-1558.856242755939
351,-1076.2589073168872
352,-68.50514300285806
353,-92.24114394983296
354,-241.71740646537708
355,-2288.170114252345
356,-772.7969853919144
357,-3922.834458482086
358,-370.8986890591038
359,-143.11467640224512
360,-5076.630830287859
361,-1328.412281885298
362,-904.8853865202376
363,-242.6711772868977
364,-185.56837799465188
365,-243.39226257665604
366,-2978.9387439507173
367,-3493.691857775388
368,-222.21466818174764
369,-641.6526349236735
370,-942.4831606086801
371,-173.9421587834184
372,-1692.5613309566093
373,-718.9521299339547
374,-605.3238218521271
375,-7352.165845668478
376,-141.49721371400338
377,-173.149809819558
378,-936.4018542071769
379,-1411.722752330577
380,-448.5717471896598
381,-238.12976171626786
382,-706.4818168103221
383,-25312.148097389643
384,-289.365073985597
385,-3556.6954065883806
386,-5536.160033320169
387,-1004.838808134718
388,-228.8264635464314
389,-895.8296013789566
390,-564.0455639803778
391,-691.0555930839528
392,-665.1820205686323
393,-1518.3827453676972
394,-92.52198558575891
395,-1032.796539098457
396,-364.97080174229933
397,-669.9000783428979
398,-633.1443931334978
399,-904.0352249510496
400,-248.110811316585
401,-296.4169411567873
402,-395.1055450668052
403,-522.0936538609309
404,-277.63602329891086
405,-607.9910117898837
406,-198.41816900932383
407,-479.9608020442714
408,-179.18740583492576
409,-139.02384787501046
410,-2981.6559316554963
411,-529.1169545225118
412,-385.1958438795707
413,-352.4050968247078
414,-120.54130065344566
415,-131.99795844424312
416,-345.12433256417916
417,-84.94052735759992
418,-448.6643902714529
419,-255.98328034081484
420,-1100.0991166298809
421,-1963.5758276912586
422,-284.035979824188
423,-725.0731599782788
424,-242.04333174306046
425,-231.253846212358
426,-741.7356448289407
427,-126.72700927891948
428,-118.67431097329906
429,-597.2284765121973
430,-1201.5784050300783
431,-536.6990942005061
432,-199.77207018235237
433,-990.2044478420396
434,-561.5185023818285
435,-507.3793750916392
436,-100.2705741662593
437,-966.4579128206273
438,-188.4732492761512
439,-324.48376679160305
440,-207.26754632327263
441,-522.9366275442528
442,-217.1710130187788
443,-268.2532992012387
444,-246.93869168991853
445,-705.211286148256
446,-2324.3819936605387
447,-272.7384362522081
448,-771.7792638131486
449,-7443.086995297943
450,-3350.5325251315953
451,-2129.7727318201128
452,-414.9093670726023
453,-287.5251540909094
454,-3681.2120480537214
455,-1881.797941093464
456,-2216.9296244385832
457,-730.5698342938724
458,-513.4292786750799
459,-161.2122009607977
460,-712.5024729911353
461,-321.93396233645853
462,-1162.823276238688
463,-303.46912231598253
464,-193.08892185487812
465,-201.21460739877602
466,-844.4483678318875
467,-379.4707495101909
468,-59235.22783241089
469,-847.9755585539882
470,-220.73057368150742
471,-525.4262311800886
472,-328.58948848005286
473,-200.94987078446587
474,-82.3312089276641
475,-171.41506880519972
476,-698.2188218597753
477,-234.82097160835602
478,-382.1250751308065
479,-116.09738084507241
480,-111.5465590595764
481,-199.72278198551842
482,-48795.52096613774
483,-1365.1939296186474
484,-159.19027139652457
485,-377.8670178649968
486,-175.1372553110388
487,-340.6898241001072
488,-745.8121158052361
489,-1778.9396207135787
490,-941.3090505422284
491,-5292.221354571754
492,-473.7328660359091
493,-1024.6139026766232
494,-673.7014103099085
495,-572.2290401291245
496,-110.39683472838956
497,-357.8729512957429
498,-236.63284491995748
499,-3490.543351299343
500,-248.016647121984
501,-780.1296954049827
502,-3054.296615819408
503,-142.5623337241794
504,-1133.9785005902913
505,-660.3415612783944
506,-2011.3375312531075
507,-474.2407786858408
508,-3091.855159109167
509,-239.25233264336487
510,-325.90161066505084
511,-729.9122727317339
512,-134.67510763365792
513,-5075.9714111345675
514,-26422.251340711602
515,-1572.403734270497
516,-639.2985100076945
517,-576.8765456235308
518,-898.0245696360156
519,-503.44451553691664
520,-324.637802082693
521,-1251.2943720326919
522,-191.09692153261062
523,-559.2357924027651
524,-471.20234969852686
525,-1313.6217679358929
526,-1489.186767860377
527,-1734.1457583788433
528,-2375.011005245133
529,-171.79317537293537
530,-790.3690717191139
531,-289.2640777298498
532,-962.1350006435556
533,-598.6133941174382
534,-1333.3424164828743
535,-12059.024328499758
536,-974.8550226442461
537,-371.88214585162285
538,-945.2966303489777
539,-1162.1098284572774
540,-782.3332468707341
541,-398.36063197163213
542,-216.5107541113921
543,-210.28729033839508
544,-2541.3513398523073
545,-1956.814006316072
546,-355.81605724561217
547,-8511.282552687091
548,-146.20842048368314
549,-294.73108205445993
550,-1247.8064422892155
551,-3652.9944791827534
552,-201.69195303788402
553,-1749.4686450216516
554,-1441.3515192804268
555,-556.7835723834851
556,-295.17870753165244
557,-348.29654503314316
558,-131.6627823179831
559,-13605.56761545656
560,-74.24299420178953
561,-1154.7618604449867
562,-39351.90288296195
563,-374.56434558497284
564,-235.1623873515001
565,-984.4896140417027
566,-278.9908794164533
567,-5808.650537664685
568,-383.7496206651239
569,-134.98177061738053
570,-744.1739543329503
571,-742.9663753749138
572,-254.88483963058377
573,-3144.21763538812
574,-201.2012317417036
575,-175.00527929439724
576,-301.82660553002626
577,-171.0505567301727
578,-510.3182429885152
579,-123.75255368743211
580,-386.43223578745653
581,-519.1215364863226
582,-694.0308193659617
583,-21092.95250446925
584,-612.461582522925
585,-336.2383900743077
586,-696.0525152249644
587,-533.3707562354333
588,-1242.5790709961273
589,-4440.022077768253
590,-308.78092065914717
591,-772.6001584738726
592,-2214.8048868649357
593,-215.33372854173345
594,-114.12784751061085
595,-868.375356374213
596,-242.55959016527245
597,-236.5069305861586
598,-626.0685733020838
599,-135.86787956095094
600,-461.98672543578766
601,-745.6389688198469
602,-602.8621044552361
603,-592.8476662814819
604,-170.82463122591827
605,-544.1715840730664
606,-3489.712466070507
607,-1997.3792620896168
608,-2206.623142397878
609,-536.2192358432312
610,-283.9894837318059
611,-6317.533819327339
612,-3553.275446788623
613,-983.6296113153246
614,-3870.645572320723
615,-585.4714560087065
616,-1123.0371429668248
617,-1577.2870128016516
618,-134.7508809972602
619,-1145.1068500496244
620,-345.1737243303106
621,-478.2004489028575
622,-2857.1034392908728
623,-695.1066727958748
624,-153.70836918705263
625,-118.26073748820869
626,-630.444874533576
627,-396.3994248920429
628,-2264.4527341801154
629,-3913.324053409609
630,-115.18457409106388
631,-463.21425235639913
632,-103.98799076831364
633,-680.0905240578721
634,-496.3414670287939
635,-232.011731320182
636,-447.24087400578463
637,-310.0941569641653
638,-357.4477732539546
639,-189.41441128045062
640,-862.0131193055481
641,-13573.599261646887
642,-604.3599308116322
643,-271.78489438734533
644,-766.2463230810927
645,-212.2571183185528
646,-325.70381091163335
647,-483.993112648116
648,-140.21043703385712
649,-300.77735343802925
650,-1182.8957351354934
651,-704.6476548060755
652,-214.60700157888988
653,-44.62089913478972
654,-320.7598998623613
655,-353.2043024790707
656,-697.5879611796513
657,-1086.3844935761688
658,-248.70240442727138
659,-1135.6089604193025
660,-554.4926733070669
661,-982.2619132516644
662,-693.2681035194022
663,-423.39386120901895
664,-504.3847783290067
665,-733.6237013141147
666,-240.23597847501065
667,-695.5839600784517
668,-3885.356169624356
669,-1054.9373763617823
670,-1862.4253692102454
671,-400.0456052060972
672,-2101.417195236044
673,-624.1827424357032
674,-165.64427926431847
675,-551.3462020843249
676,-642.6960400051727
677,-652.6796326469743
678,-4791.185194144099
679,-226.3266857442081
680,-237.00325632840423
681,-1019.283886248297
682,-1008.8671252138067
683,-683.373223954701
684,-1419.5295697369575
685,-448.1335451504271
686,-565.9343544352982
687,-730.1861053434337
688,-229.9455261195837
689,-209.52750053919
690,-1122.7967909523566
691,-251.67623437457542
692,-1231.569460366091
693,-1974.4454741811267
694,-609.2912883823025
695,-421.6532419108975
696,-1922.0976519751734
697,-246.3024684733395
698,-394.68193791858505
699,-120.12554412098451
700,-432.9601180247977
701,-8658.293522574148
702,-162.60450341424016
703,-528.2099376914068
704,-570.8030559198443
705,-2085.1269051135923
706,-259.18070351333597
707,-1473.7800841101441
708,-340.19002308817346
709,-688.3209764589293
710,-494.41705110416115
711,-143.3341889121256
712,-1279.5703705147228
713,-68719.16875084261
714,-149.27865202063066
715,-424.5710051488544
716,-142.05866301342292
717,-361.65155240296525
718,-1479.2232108250855
719,-614.934328741896
720,-123.03061933095478
721,-178.294762232329
722,-709.0397083305321
723,-661.8881045105314
724,-223.5387352814637
725,-139.02189522926201
726,-957.6273753888607
727,-830.6319914525769
728,-426.2990684970668
729,-127.96169089722946
730,-844.8762976964632
731,-870.9066827214788
732,-1911.429172971724
733,-210.57741005667424
734,-63.94908914768899
735,-125.51136871860413
736,-834.8966016737477
737,-331.3791133008808
738,-728.49954724087
739,-419.6919855695341
740,-193.86016517663845
741,-278.89729799830485
742,-260.7952525582316
743,-23407.12620231189
744,-1104.321617989167
745,-174.52769238980324
746,-324.73356835611094
747,-733.1361055613652
748,-1592.0624150410267
749,-71.89630413969012
750,-111.58002958449705
751,-425.8142607126583
752,-150.8272167022956
753,-1110.555212969006
754,-1716.130305695582
755,-551.7190574930031
756,-5498.820635248318
757,-282.16963602423743
758,-767.541089568245
759,-2201.6175070175896
760,-711.6553682876306
761,-700.2969223805368
762,-1165.5764543969685
763,-388.98207376208154
764,-281.5785281142582
765,-4968.647020599005
766,-125.90434141379684
767,-445.64043202758666
768,-2701.761445810029
769,-70.5906861554467
770,-554.5298267342648
771,-456.4330118042831
772,-903.7107804775819
773,-1100.1745574589715
774,-782.9720560616291
775,-475.49171685947687
776,-606.8529126339
777,-206.97236487210637
778,-863.1476780491856
779,-275.297270089323
780,-104.90519164442145
781,-806.5693426350024
782,-297.50587897136074
783,-6385.085743454703
784,-233.4463761322031
785,-335.63139607791334
786,-195.82455191493364
787,-772.6698294882277
788,-1503.2339008477536
789,-137.42491885012026
790,-670.4116561035837
791,-939.2207163533748
792,-218.51714251760762
793,-609.9168802344692
794,-4688.079094398092
795,-179.1204230693802
796,-1338.597051516692
797,-264.77661014748696
798,-570.294770542557
799,-17183.885478980537
800,-914.8332340927186
801,-431.96364428710206
802,-573.3312685717915
803,-440.4822935332294
804,-1972.3110481152387
805,-2635.4873367346077
806,-3532.0195944271604
807,-399.7871839346237
808,-1078.857133505179
809,-411.9715900356706
810,-9355.11193790107
811,-2081.5679389200736
812,-263.2418430340614
813,-1000.3431237618163
814,-239.20244151354493
815,-194.26092324569177
816,-902.249940543893
817,-1573.2618326326822
818,-1192.4015202910402
819,-2075.4200814461865
820,-799.6328895897998
821,-1394.4064140492178
822,-362.77264229777785
823,-77.93175415993768
824,-143.4587758887546
825,-160.5424838744874
826,-678.0876827865267
827,-1333.0274980879833
828,-596.5221751243306
829,-123.09685811843931
830,-608.2033128579911
831,-459.018062036138
832,-151.47753441265183
833,-1186.3979897467618
834,-377.0129785474061
835,-1325.1392746992422
836,-1836.2026745676721
837,-180.47566119272201
838,-839.0888852246746
839,-625.2291202492405
840,-464.9157576794089
841,-723.797313259193
842,-257.65102916188215
843,-430.819886664128
844,-184.3917147168326
845,-578.2284951217317
846,-1656.8967383740232
847,-381.7791426879322
848,-223.7431813621307
849,-264.84563264246646
850,-3643.835949836176
851,-758.261251858105
852,-464.2384387154296
853,-94.621274948147
854,-1125.4114073273365
855,-1122.1124594137182
856,-177.165952784511
857,-768.0808639755354
858,-2138.338077069709
859,-797.9008715493538
860,-1435.4153217710602
861,-948.785170822684
862,-570.4884108136057
863,-1378.5177572006753
864,-2733.3619721052964
865,-468.4236256061734
866,-1168.8218185731253
867,-141.66323858188412
868,-205.71641991742
869,-732.781540720254
870,-316.43466955537673
871,-244.72029086409137
872,-782.1174421742204
873,-1884.4078208725955
874,-179.8621428059643
875,-281.0841961548463
876,-646.022600900288
877,-8752.098893654607
878,-2142.5057951629087
879,-329.8514478054013
880,-2769.771542375361
881,-561.1802552530645
882,-199.44068102256333
883,-538.1969592448964
884,-1677.6428781114346
885,-1317.764427006425
886,-318.32376330437205
887,-1077.66063845404
888,-567.3482139273186
889,-514.6699178042164
890,-224.85878860409335
891,-97560.12665008826
892,-1432.4669893756195
893,-1346.3101096436308
894,-1499.6925185094094
895,-252.08186887509575
896,-415.1853545227243
897,-773.8566105475345
898,-360.34436532572715
899,-920.6324417004404
900,-709.0699276520891
901,-1086.2066066978623
902,-747.6872404493038
903,-3096.989656365151
904,-373.2577544074516
905,-644.6417614452048
906,-20239.919176309468
907,-558.3124825687229
908,-265.2251560273231
909,-336.1098488953163
910,-262.1652758554045
911,-1323.0067570116184
912,-190.72220308946117
913,-878.6306969366074
914,-335.59460153857236
915,-342.71978646774267
916,-272.62146064492055
917,-75.95632726768491
918,-277.86818770193577
919,-4476.7442823396095
920,-1294.8260950178233
921,-205.8007997908745
922,-870.6104030822031
923,-604.9235727811433
924,-250.4807980249329
925,-708.0986517074632
926,-593.696378959282
927,-363.06336036073316
928,-790.1750575433825
929,-238.03575934892712
930,-580.2603287845741
931,-212.89131951738327
932,-565.1837543797021
933,-555.4802796763132
934,-183.36175836101668
935,-533.3057618129184
936,-543.4262827802413
937,-366.62501523423265
938,-6105.225149747408
939,-606.3734995321691
940,-122.12345138682407
941,-3384.0075688508314
942,-2395.310178711264
943,-1147.229858341029
944,-291.199944963246
945,-698.0221486442782
946,-667.466716837694
947,-128.3225359192392
948,-192.37414214718703
949,-247.2033918344132
950,-1993.3587315753791
951,-323.84963827451384
952,-779.5427631770165
953,-306.6166992623739
954,-546.9885303291502
955,-209.70339525617987
956,-644.3722909430172
957,-313.60725781355376
958,-377.4650108339029
959,-3338.4522101718794
960,-122.94788962379208
961,-690.3991767281266
962,-579.8200970207363
963,-4957.921228023581
964,-78.67235767889504
965,-1769.2366218753766
966,-148.24151010402366
967,-1309.9963486917059
968,-1273.1693995843464
969,-439.00023765495916
970,-118.93161837623384
971,-2255.73348927697
972,-195.55969631869374
973,-748.8436716111917
974,-411.92154663217315
975,-476.3666402028856
976,-274.3425507766333
977,-2689.3086109037945
978,-187.9868533498981
979,-135.66042448587325
980,-978.804854076492
981,-7922.984421106417
982,-95.86796263511391
983,-393.15293584637175
984,-462.61266500789856
985,-22826.39893972335
986,-569.1941233216556
987,-506.5768853155152
988,-688.3486930889029
989,-564.3467950524024
990,-571.8999627556105
991,-831.9743568941092
992,-269.67894800076283
993,-154.02346120490571
994,-238.370766544669
995,-657.8153564872257
996,-87.72750599693916
997,-597.5142323668887
998,-1972.4749857266645
999,-462.6467554534087
1000,-246.9163955255737
1001,-713.4754417798241
1002,-1158.0782916770954
1003,-399.63693477060735
1004,-1236.9762570982139
1005,-206.65008686934243
1006,-16582.043554323314
1007,-4840.584043519376
1008,-563.5960147427563
1009,-1134.8793499823641
1010,-271.9284870662751
1011,-838.5997074069212
1012,-276.65964597013857
1013,-779.7377370184997
1014,-2011.1072303594033
1015,-363.80516104851546
1016,-248.9205606015356
1017,-306.3524932254485
1018,-359.11162680504424
1019,-695.0788882263654
1020,-213.9222125263896
1021,-627.5026031810353
1022,-3409.3411438868457
1023,-981.5259701525534
1024,-402.372451844598
1025,-574.4440280212821
1026,-796.5870050366209
1027,-671.58561163351
1028,-189.9639425578569
1029,-17329.371783759267
1030,-198.11985755219044
1031,-395.92868836077935
1032,-277.03459271341734
1033,-542.2050857598571
1034,-283.59842011461984
1035,-1793.201943810244
1036,-923.4024874706768
1037,-734.5596325783266
1038,-468.2462895708401
1039,-273.82330976215025
1040,-5151.999788270595
1041,-102.31751894550482
1042,-861.2080138271501
1043,-1033.8833202160113
1044,-129.0062671648801
1045,-704.8303735656117
1046,-258.9746424222719
1047,-162.3708452188379
1048,-1361.8965876268664
1049,-751.400683121927
1050,-316.0941162385403
1051,-74.66728237410321
1052,-3228.3964103968865
1053,-1388.8772560205512
1054,-549.3094541125704
1055,-2986.2909666143346
1056,-1269.4908820516291
1057,-406.7353153723865
1058,-323.9678557748876
1059,-248.95123194568836
1060,-607.1987059311707
1061,-1420.1860881461084
1062,-192.94623858639454
1063,-769.6046991836866
1064,-6986.218233132231
1065,-752.3375913029454
1066,-3889.000299663186
1067,-229.42038270014447
1068,-263.67555534350805
1069,-814.9838796535057
1070,-1039.993044916714
1071,-136.27964826378843
1072,-361.9844923038138
1073,-1138.1569292622341
1074,-1229.1966125070608
1075,-257.5462142154185
1076,-3195.1566177594536
1077,-198.3217378290053
1078,-2443.506702785522
1079,-272.60960973681483
1080,-207.90485983758904
1081,-141.0584578254179
1082,-405.1946880629517
1083,-106.42673075288008
1084,-205.13498730460827
1085,-697.7332615428172
1086,-339.0827830054954
1087,-379.33068605192733
1088,-339.1730234724954
1089,-8027.699778391171
1090,-319.16781922737215
1091,-736.2453054337054
1092,-150.56686067329113
1093,-436.89478064233236
1094,-74825.60763632282
1095,-1001.7327147487899
1096,-1380.3656581627051
1097,-110.99576749482262
1098,-1072.2754418911402
1099,-9936.62412204671
1100,-4780.74097734826
1101,-8265.986623235776
1102,-724.2950582554379
1103,-4829.466826236965
1104,-194.89595140454097
1105,-184.25586106748156
1106,-262.2981927034938
1107,-1028.5700914060062
1108,-432.6343291492893
1109,-131.89060831668306
1110,-1589.7300604640873
1111,-206.0168571300406
1112,-283.6447396764233
1113,-218.2888512847826
1114,-164.39369054922616
1115,-532.2857824214666
1116,-1710.3884038411393
1117,-302.1486846236707
1118,-743.2644821938492
1119,-307.5525982139162
1120,-1193.8288143782215
1121,-1165.5025380593381
1122,-260.2785644182005
1123,-98.47213444896715
1124,-2091.976020827306
1125,-327.1886607940292
1126,-402.80319396965433
1127,-1132.4226150879535
1128,-1676.9803676798583
1129,-259.7886093392426
1130,-714.5967910995212
1131,-1723.9773743327578
1132,-304.4575222827974
1133,-1418.8456266292062
1134,-258.2125462215083
1135,-94.14896410990472
1136,-4513.234890159857
1137,-411.6075580054791
1138,-1210.9018064523284
1139,-3070.9095135507973
1140,-1196.8970831709732
1141,-130.67082921029032
1142,-433.860754500681
1143,-381.04086970766815
1144,-388.82378889151187
1145,-1050.0372639973805
1146,-864.8039547247348
1147,-645.9575599215584
1148,-465.1034375516391
1149,-19142.239489529507
1150,-1050.784806799187
1151,-130.07948492072768
1152,-4942.687348684269
1153,-141.7182827749556
1154,-19459.696630943785
1155,-417.71180031779863
1156,-257.9445202553813
1157,-246.5785355038689
1158,-1903.7319877127961
1159,-3086.189281263117
1160,-14970.834121260868
1161,-267.2389931959285
1162,-675.4811451471928
1163,-2224.9742266328535
1164,-1311.3953915043264
1165,-2689.203212281357
1166,-187.87589016967854
1167,-488.5565824260582
1168,-234.4882955508302
1169,-323.84139042331026
1170,-1048.8147073241319
1171,-2601.903983688588
1172,-481.0637657320272
1173,-3359.292082580593
1174,-500.27310232600195
1175,-387.87688828611846
1176,-1215.5681466420606
1177,-274.34952254992095
1178,-1369.6456743456972
1179,-294.51107541607763
1180,-96.50433852577429
1181,-304.26300024117273
1182,-214.46603447995926
1183,-734.2642896848183
1184,-125.69935775445265
1185,-12305.13476150567
1186,-187.53189022247503
1187,-1053.761058456307
1188,-1917.3046535107376
1189,-667.0969153298632
1190,-441.2104437436589
1191,-635.5882433564375
1192,-302.35754530783487
1193,-1659.6963947291379
1194,-184.30812538498228
1195,-450.43396166409286
1196,-289.987426795429
1197,-1588.7717193470144
1198,-229.8099184046399
1199,-297.16438228084627
1200,-6853.3058728705355
1201,-691.6488530008853
1202,-260.8037171146748
1203,-236.6195346477469
1204,-259.1921134481353
1205,-1223.1321468487554
1206,-174.61435249249126
1207,-357.12824491338006
1208,-11418.528652485107
1209,-277.7100730150736
1210,-625.2356958379245
1211,-2397.265127127804
1212,-498.80636660010833
1213,-288.8527875445265
1214,-721.0773470086078
1215,-9210.468810207249
1216,-1388.392795490011
1217,-324.9692658027608
1218,-69.7825874558014
1219,-942.1629907342067
1220,-936.9850529229664
1221,-223382.39909539683
1222,-299.61272666183567
1223,-920.3330459352412
1224,-261.242210977074
1225,-25769.959313504303
1226,-1637.7097756573569
1227,-241.04933665505717
1228,-12177.093673501367
1229,-319.7278626424353
1230,-597.4498198321633
1231,-564.383686795507
1232,-746.8702699388829
1233,-836.895439635933
1234,-429.47467467285423
1235,-2391.2512543086623
1236,-181.8099109955587
1237,-442.6191708976664
1238,-2659.199813071667
1239,-363.6671783362638
1240,-302.94692340394903
1241,-346.79661482979975
1242,-476.5830449581073
1243,-326.5003914595196
1244,-738.476729331086
1245,-672.2203870429347
1246,-337.7891748032227
1247,-961.9952999158941
1248,-6473.0116831668265
1249,-3360.266701674828
1250,-140.81710448729504
1251,-268.30885350361433
1252,-531.051880478227
1253,-9284.968637085312
1254,-486.60831720437363
1255,-300.20250574978013
1256,-138.59980444612142
1257,-2076.7907488973256
1258,-610.7972125133148
1259,-2202.051324709754
1260,-384.9850029954731
1261,-4244.013310097738
1262,-377.8438671943577
1263,-385.01868996541015
1264,-280.37049473179155
1265,-452.8214296041598
1266,-2921.50248043621
1267,-422.976502481254
1268,-148.63256025575674
1269,-966.0837227561343
1270,-333.64414288678216
1271,-13733.58354349115
1272,-17117.83083972574
1273,-209.0874322288285
1274,-5387.614119284238
1275,-860.9109593243979
1276,-7022.245973516772
1277,-1531.6890447795422
1278,-946.0952605280348
1279,-299.53891000764264
1280,-209.40236650132317
1281,-436.31964055245044
1282,-268.9936712907815
1283,-2096.833758545217
1284,-489.7866419728163
1285,-1142.2551079861196
1286,-198.5788001331982
1287,-3625.805751599405
1288,-8553.655815974587
1289,-612.3928681470187
1290,-1468.308272615598
1291,-795.5130956963361
1292,-1364.342790677306
1293,-732.1507133419142
1294,-324.871155716175
1295,-3120.0943090018404
1296,-3327.480049756023
1297,-1477.5140828186484
1298,-190.5471113398444
1299,-298.6443914742836
1300,-316.7024055679397
1301,-1404.0157097116453
1302,-2336.3840178721507
1303,-1230.3031306578087
1304,-131.89425201443572
1305,-339.8386660067413
1306,-29729.68106594538
1307,-5017.031307484045
1308,-1928.638473848278
1309,-3014.9252191618602
1310,-13643.521423066491
1311,-279.99225934223165
1312,-190.04575641912163
1313,-2263.4239453720684
1314,-140.2915350519701
1315,-635.7476500776363
1316,-718.2351817641497
1317,-1477.1326868442054
1318,-641.595205238236
1319,-337.69264500782396
1320,-223.70907394104884
1321,-485.8675170219548
1322,-1744.6505315882764
1323,-469.01950783583067
1324,-147.73129656432448
1325,-428.8184151518866
1326,-2307.87044764614
1327,-152.08238671478998
1328,-298.03626697230715
1329,-2126.9727594662063
1330,-357.65791921688583
1331,-616.9884285523502
1332,-6724.148583971252
1333,-509.4871516641014
1334,-830.0936657990641
1335,-7240.374292489217
1336,-214.6312123522061
1337,-161.60444915683794
1338,-656.6223398509165
1339,-303.02675230135964
1340,-938.1598947960904
1341,-1430.6074161322933
1342,-153.15384892990468
1343,-254.03691810830074
1344,-178.24701233731892
1345,-380.2809541498911
1346,-287.94913571947563
1347,-627.2140964140647
1348,-502.6598539424168
1349,-138.7029725200355
1350,-225.8615555494665
1351,-342.65398938318583
1352,-436.7988979531805
1353,-790.7727674205478
1354,-1590.4482420343252
1355,-560.0479638642108
1356,-5231.719067388117
1357,-526.3534666493019
1358,-374.4650272936455
1359,-628.0769869109663
1360,-287.3272345788503
1361,-472.0710586515394
1362,-1027.991852896557
1363,-7934.826523287211
1364,-147.41836570547818
1365,-1155.0316960053133
1366,-261.6704160508996
1367,-126.47116176563298
1368,-333.40753432942705
1369,-1683.9571579572278
1370,-676.2489179126259
1371,-245.72454031992734
1372,-1148.6487643505682
1373,-709.8203319158929
1374,-189.9152279705752
1375,-181.01386769888845
1376,-351.4431870957578
1377,-2401.1269122920316
1378,-1117.1840031967247
1379,-445.5765538925682
1380,-403.92677792483664
1381,-3134.583602765163
1382,-104.83727332433061
1383,-942.708107752733
1384,-1547.0602438086614
1385,-193.7162933500698
1386,-483.977967711686
1387,-1777.2474566484266
1388,-3473.072803355546
1389,-8228.188370240649
1390,-745.5746843558015
1391,-90.2178264829854
1392,-1704.461915753091
1393,-953.0098761847073
1394,-151.4215787949453
1395,-402.5395938660311
1396,-240.49018448755055
1397,-1036.806762088657
1398,-381.4723530523349
1399,-3768.898665983241
1400,-1030.9739818800904
1401,-226.92699084848283
1402,-323.422624386244
1403,-266.9601622628421
1404,-291.3596936578748
1405,-766.1009671916037
1406,-1295.751933858434
1407,-292.1545819810717
1408,-298.1849581798645
1409,-243.25803515305734
1410,-575.8992283702291
1411,-43.79086917761876
1412,-1236.9592652612018
1413,-77.29278827243986
1414,-107.80561089174473
1415,-844.6179295078991
1416,-10743.156529711385
1417,-1488.0792827440625
1418,-602.4582220093838
1419,-710.7460483971664
1420,-3310.083564111023
1421,-171.05342304800538
1422,-1420.2006844844068
1423,-26832.195002170214
1424,-319.2456066541109
1425,-969.4607390585008
1426,-508.70788013863404
1427,-1021.7734276323055
1428,-500.5662751275772
1429,-918.0686130405974
1430,-76.69098897697191
1431,-274.95480683099237
1432,-2413.4851140944447
1433,-403.75596574021387
1434,-168.87608251261705
1435,-465.9090335857277
1436,-4102.1066712956
1437,-850.2196556393487
1438,-531.0668511537963
1439,-323.3599591556124
1440,-221.78027557905648
1441,-447.3559991035368
1442,-1008.1774761311784
1443,-984.0778458537222
1444,-476.6807031158168
1445,-2312.471845113897
1446,-221.43255867725318
1447,-2382.5821829221923
1448,-224.6761654907663
1449,-646.1355156473018
1450,-487.71729047212006
1451,-2113.167593283134
1452,-618.2015981431981
1453,-987.0765499301357
1454,-290.15108573710353
1455,-400.98640229140887
1456,-244.68313183082142
1457,-4597.581874378952
1458,-250.11381051702043
1459,-445.694612848464
1460,-323.0051413585753
1461,-1627.080561930773
1462,-365.92300164457566
1463,-800.9338450108894
1464,-22891.290875643248
1465,-420.5662283290292
1466,-1437.3865679059445
1467,-1023.822127647561
1468,-24971.699054324967
1469,-1427.9009394767277
1470,-9209.307176902796
1471,-215.45758685073181
1472,-2147.5814644777524
1473,-760.7739619164792
1474,-399.1032888359968
1475,-501.0751871771618
1476,-149.89688117974805
1477,-3741.9416666732227
1478,-373.18085430058545
1479,-1864.304870224045
1480,-676.1310986130991
1481,-282.1168439143704
1482,-1833.3047125661724
1483,-351.8013237217722
1484,-473.3234900311873
1485,-2524.5659782174703
1486,-50319.43829259207
1487,-74523.71450789367
1488,-233.4672348363516
1489,-2423.767104284071
1490,-888.4251991087309
1491,-217.88674484134555
1492,-847.7590232972071
1493,-875.5697636859435
1494,-323.018399799073
1495,-367.9016519912988
1496,-176.01832885290747
1497,-1515.9234140928668
1498,-281.9930337394153
1499,-303.9639402878314
1500,-988.6534643151393
1501,-191.4681021997216
1502,-1223.1586390571358
1503,-3749.6245238143815
1504,-471.4136909554858
1505,-1794.2723364929707
1506,-888.1179807647358
1507,-116.65670620333007
1508,-14178.130619033696
1509,-99.91634473207434
1510,-1883.4457333659086
1511,-355.84501010721885
1512,-382.92603766720975
1513,-175.51658584741097
1514,-984.4762637472304
1515,-677.8242861066617
1516,-397.3360537066875
1517,-424.1058010388232
1518,-354.7282829539579
1519,-2937.79663683732
1520,-173.935220636894
1521,-1269.2434405010456
1522,-196.504808883978
1523,-1523.1158054781713
1524,-2609.7134373716212
1525,-490.68304506551215
1526,-390.4282709832728
1527,-470.5323876548808
1528,-129.0559333643613
1529,-901.9963499500083
1530,-1180.6337471559048
1531,-275.09582313981133
1532,-1207.9228971914765
1533,-139.76836219519336
1534,-305.78393464115953
1535,-274.0128071997681
1536,-187.0139734612318
1537,-7524.690807340967
1538,-1269.575106183294
1539,-187.33384419120654
1540,-419.3993026969429
1541,-367.00307683280334
1542,-3259.663428102309
1543,-367.80250172727403
1544,-1025.2298593677674
1545,-725.8895621509943
1546,-660.730105816755
1547,-350.1869587800087
1548,-529.6361649610893
1549,-678.696713537406
1550,-197.24125373055958
1551,-731.1382966340581
1552,-922.4102687774699
1553,-1368.6201682512562
1554,-546.8205909716811
1555,-665.6420957140073
1556,-276.19895073261125
1557,-220.66259749505696
1558,-137.0911275741035
1559,-90.19224552323816
1560,-155.87539063880283
1561,-2404.0775899758582
1562,-1085.1959924493517
1563,-768.2293716371896
1564,-214.20084935442245
1565,-450.3277814006947
1566,-8968.96761004602
1567,-548.4266025095283
1568,-353.6468371369737
1569,-256.2613658953869
1570,-643.0991971557922
1571,-1038.9246988114617
1572,-463.31177995829904
1573,-383.86513871556014
1574,-338.647046103181
1575,-161.20256847309358
1576,-335.3129609807001
1577,-908.9586791992767
1578,-300.84239547382117
1579,-143.93189488537146
1580,-608.4135963924671
1581,-616.9804420737635
1582,-1344.2053270403399
1583,-424.9173151393918
1584,-133.64903373022585
1585,-305.38603579012636
1586,-1666.533601532598
1587,-669.8311188963141
1588,-235.16709408897407
1589,-757.5091824107272
1590,-6675.6492760275705
1591,-16474.384440657635
1592,-254.80103055882782
1593,-357.056833963132
1594,-674.4847964525343
1595,-182.49643536966568
1596,-58.370031568395255
1597,-783.7044768825134
1598,-436.38567958230317
1599,-223.3655992548064
1600,-127.4493139188734
1601,-421.0819572620282
1602,-229.5886549607177
1603,-5221.625912617718
1604,-198.85369663739914
1605,-461.26604606605014
1606,-1895.799825576261
1607,-340.09463999118964
1608,-209.0090875170453
1609,-149.23835425218383
1610,-168.18922852151815
1611,-290.9839800641697
1612,-673.5768651433143
1613,-494.73309942905036
1614,-1066.078205880032
1615,-213.84554499201698
1616,-16199.912317652366
1617,-2721.637626644045
1618,-792.7053224419251
1619,-130.67654030635626
1620,-1953.5974300853022
1621,-124.72672771179569
1622,-439.37687284068153
1623,-1028.7570320757238
1624,-249.1320385311792
1625,-239.8597719658091
1626,-419.3084273225425
1627,-644.150924821057
1628,-612.2043717205713
1629,-161.0738583502124
1630,-577.730840675488
1631,-647.7436103555809
1632,-2592.6001533717226
1633,-395.2801266120953
1634,-137.4539906062765
1635,-256.8007951550759
1636,-533.9522485603992
1637,-795.8752237247385
1638,-874.2487254322992
1639,-1691.8494786182223
1640,-1066.6275943418223
1641,-5838.87463394953
1642,-250.9264359317366
1643,-441.20595939752127
1644,-1565.281679314927
1645,-564.8158081468864
1646,-76.84242744393102
1647,-631.1683826547905
1648,-558.4923405256267
1649,-904.4378230147173
1650,-575.1342116546434
1651,-1407.2585944956988
1652,-253.4991003930068
1653,-107.60447541869287
1654,-142.88096190604531
1655,-252.17831590571254
1656,-86.90071635315194
1657,-1073.572380233417
1658,-1268.1025760079476
1659,-243.3197334686792
1660,-1582.8472651257946
1661,-1009.7634736120064
1662,-567.6538441018838
1663,-549.8398725795072
1664,-229.39468425014027
1665,-889.9794963172805
1666,-1065.686247294064
1667,-214.56397288026454
1668,-520.4330868027599
1669,-878.1244916660767
1670,-671.3626744446217
1671,-594.0913961593292
1672,-2325.350826466736
1673,-319.206880873378
1674,-116476.40282853547
1675,-1025.4375484912364
1676,-1826.4717028395316
1677,-738.6536768761473
1678,-228.23483404221298
1679,-272.78200323531536
1680,-650.5758449144071
1681,-173.08412679015962
1682,-2080.24757304987
1683,-221.45484557453494
1684,-2676.821400704773
1685,-5665.286975928188
1686,-12800.898401096254
1687,-122.03202925312868
1688,-410.7108894327213
1689,-221.28461876653444
1690,-1017.3023841841721
1691,-153.1723034065607
1692,-576.0075509797354
1693,-1418.88983967178
1694,-212.74005639384288
1695,-819.3055906432312
1696,-725.0361841929431
1697,-579.2584317738781
1698,-1162.8347386413702
1699,-920.53144775612
1700,-421.77860832906504
1701,-229.7399921749261
1702,-1258.5964854221622
1703,-992.3780175880788
1704,-1604.4517664749853
1705,-996.2754140396263
1706,-1244.010233061991
1707,-523.1074726802581
1708,-68.85475605328297
1709,-503.0812453402767
1710,-641.8757154488268
1711,-1240.313966329493
1712,-878.4688196640242
1713,-1449.5002674884922
1714,-106.9630918077217
1715,-313.9732223867707
1716,-70.28230795587491
1717,-640.9216210865411
1718,-1449.3231733062325
1719,-60319.688882457194
1720,-2367.5557457100786
1721,-608.8162363372949
1722,-610.8865426047566
1723,-616.608394101686
1724,-1533.3843886755405
1725,-559.5805780665036
1726,-7242.913018042445
1727,-28248.85023790125
1728,-195.47425732933567
1729,-729.0546218364833
1730,-747.6749855662149
1731,-363.5752198211018
1732,-2098.7739247213344
1733,-503.57843482972766
1734,-1498.521541895147
1735,-710.033946308178
1736,-1163.4933339050647
1737,-155.67753387132126
1738,-1537.4798107473434
1739,-402.9069156554909
1740,-319.51072135522674
1741,-2536.6292840448564
1742,-325.2667710648973
1743,-989.0936410646589
1744,-138.67785718691192
1745,-1010.5100983347085
1746,-1490.0384748825547
1747,-9134.164141202042
1748,-1853.226916470184
1749,-399.1149630859144
1750,-1229.6599727894854
1751,-172.70131280992138
1752,-484.1224431506952
1753,-188.9520635633456
1754,-175.48566357991618
1755,-566.154145782016
1756,-5108.338133386156
1757,-1907.7010311514582
1758,-528.0957159924105
1759,-374.9192297842862
1760,-3320.945626530767
1761,-839.66916556009
1762,-271.5574429014601
1763,-761.1632179995756
1764,-246.8227576673265
1765,-414.75082541663613
1766,-565.7160832224765
1767,-831.2935885262375
1768,-554.424085232445
1769,-340.2391882513984
1770,-117.5956096529144
1771,-441.77577381154543
1772,-300.7490016666034
1773,-969.8512491403568
1774,-1005.4496417181343
1775,-550.7043126698721
1776,-250.18191065245185
1777,-4670.430696723913
1778,-105.20533098418936
1779,-130.064287782263
1780,-296.28239614287463
1781,-1009.9660505378156
1782,-109.99201683493402
1783,-438.96113677612215
1784,-154.2583170822997
1785,-486.42861104229917
1786,-381.0804728995985
1787,-759.7304127674745
1788,-315.9731471117498
1789,-117.63623328657616
1790,-264.490786330428
1791,-648.8915291655411
1792,-214.91849363220538
1793,-83.81710921964937
1794,-111.70029671416442
1795,-126.49343463499731
1796,-2880.562726515759
1797,-830.3538022485069
1798,-28137.63100008107
1799,-650.0644523715325
1800,-1375.049368667269
1801,-5945.098029468795
1802,-827.1937325207837
1803,-1666.389140177836
1804,-1584.496466663941
1805,-543.2669622960022
1806,-305.28094099115174
1807,-325.5214657553503
1808,-1658.905194641958
1809,-347.9187292967904
1810,-180.46992055497185
1811,-244.1287383016449
1812,-1365.5582220319138
1813,-422.5710953369344
1814,-1042.215020600984
1815,-194.50631520822566
1816,-925.5055400479127
1817,-2498.8733920287577
1818,-242.09834311015143
1819,-184.31995003923552
1820,-447.556797217556
1821,-372.37541799282434
1822,-23.792615732262874
1823,-1429.6630429549325
1824,-273.63581252596725
1825,-207.2126359225639
1826,-177.3602706838121
1827,-60.80424897816303
1828,-339.41769824420584
1829,-2819.5086576780845
1830,-858.6196012696072
1831,-2099.4660052980694
1832,-482.3523301395401
1833,-559.430415468423
1834,-57.54432825785646
1835,-1304.2192817981872
1836,-193.36167046422568
1837,-417.8492544897744
1838,-61.45502320564973
1839,-1035.9979929599886
1840,-47206.548324121046
1841,-507.788044751398
1842,-179.18447541967254
1843,-205.5365486095324
1844,-289.2290669364881
1845,-424.7538145085603
1846,-502.2234034473208
1847,-1237.3960646072055
1848,-1321.813607411348
1849,-878.5424917238691
1850,-1994.2991836860806
1851,-473.3170498609671
1852,-297.217913017564
1853,-468.47674871421964
1854,-391.16201558904885
1855,-721.840173413675
1856,-121.59940513354776
1857,-715.8078200777585
1858,-181.53685990891685
1859,-292.1957946088617
1860,-591.9916601773954
1861,-867.8920374229482
1862,-833.2034296939291
1863,-170.02997006663725
1864,-6288.931424433868
1865,-814.5005621095993
1866,-568.4961438558131
1867,-2278.6009364360466
1868,-1823.8107571078408
1869,-7039.353645131033
1870,-263.9615872511119
1871,-403.3668530349242
1872,-3680.127068836176
1873,-996.796227140542
1874,-326.0744394455992
1875,-662.6317417015257
1876,-126.22687681303978
1877,-3927.353528882736
1878,-762.9915109080638
1879,-165.25658251303312
1880,-110.56575970103478
1881,-5462.651253496458
1882,-153.55498118253328
1883,-515.5418735848274
1884,-151.1563055466487
1885,-423.71371687795306
1886,-502.96123864860357
1887,-304.5322522336836
1888,-6998.400536689287
1889,-6132.047050541274
1890,-6030.397366158995
1891,-2118.9906556410633
1892,-426.0423020606794
1893,-502.2063205761282
1894,-2511.210103439132
1895,-320.09749167438264
1896,-816.0740011922252
1897,-163.3572993834074
1898,-255.8330992927697
1899,-619.1180864265284
1900,-277.45098589367524
1901,-210.0612300288497
1902,-335.29046985231935
1903,-11117.476805390368
1904,-167.49969643931837
1905,-1800.5866278865333
1906,-248.64508181246623
1907,-488.51531348690537
1908,-58994.33269618352
1909,-57.922381761294524
1910,-1193.885160672807
1911,-33014.14264471206
1912,-939.5604751017977
1913,-2908.623299206286
1914,-1101.9904324410234
1915,-1330.1409968410146
1916,-304.98389799609083
1917,-1172.3978028416693
1918,-1183.8270722971906
1919,-282.4484881615292
1920,-125.52736240753158
1921,-131.28603280316074
1922,-154.3572985663203
1923,-931.2788987920392
1924,-680.4228383564451
1925,-215.77752761333687
1926,-1974.9173570120165
1927,-332.96618725986997
1928,-390.0444291506823
1929,-457.10866417497175
1930,-586.6176998535282
1931,-168.99116839570073
1932,-508.5142058074556
1933,-1295.4581126328335
1934,-840.4116301759601
1935,-174.236419403686
1936,-576.940535094874
1937,-248.11798845979098
1938,-18815.989991486662
1939,-186.3280070813301
1940,-715.9942677262982
1941,-476.3461969723231
1942,-715.2029506775664
1943,-334.10249281477263
1944,-191.4671755643349
1945,-2198.830190397681
1946,-5495.307094082879
1947,-1569.7351317575929
1948,-2026.8488296637815
1949,-968.3037461715124
1950,-209.91978495518424
1951,-417.90654827394997
1952,-258.80823549881336
1953,-226.24969251715598
1954,-430.92170848998
1955,-1251.1131997911602
1956,-281.439594471035
1957,-157.59328897106138
1958,-353.4395190031813
1959,-1773.5805931888665
1960,-179.43860821528438
1961,-1042.414168341344
1962,-321.97346418011347
1963,-3471.178960953495
1964,-1600.5790915182904
1965,-152.15228994865146
1966,-296.93892545737185
1967,-145.92159026498103
1968,-37.11859249634577
1969,-227.2097095802166
1970,-1451.8896263771567
1971,-979.6160884079187
1972,-765.8808716970548
1973,-4803.686788011377
1974,-925.0645875996828
1975,-607.4748395886022
1976,-59134.80660020135
1977,-192.6512398399244
1978,-247.8233143805748
1979,-316.2301732890066
1980,-7472.194527893077
1981,-983.0600101937193
1982,-1492.1949948683616
1983,-401.88846222112153
1984,-1103.6205376770615
1985,-464.4291351119182
1986,-107.40658249702557
1987,-349.64028374199546
1988,-1135.5767798703678
1989,-653.9338343506929
1990,-206.6429800489579
1991,-2468.835903733879
1992,-294.73597095764336
1993,-368.2835502891706
1994,-43951.07592509268
1995,-1375.8805788462573
1996,-1108.877740208883
1997,-180.6925011002869
1998,-60490.279741564336
1999,-3959.9562646079016
