,value_per_image
0,0.3
1,-0.08529411764705883
2,0.538235294117647
3,0.2411764705882353
4,-0.09117647058823528
5,-0.3735294117647059
6,0.6676470588235294
7,-0.5617647058823529
8,0.25
9,0.4933731418392392
10,0.6029411764705882
11,-0.4558823529411765
12,-0.10588235294117647
13,0.07352941176470587
14,0.30882352941176466
15,0.4558823529411765
16,-0.16176470588235295
17,0.2088235294117647
18,0.12352941176470587
19,0.06176470588235294
20,0.4588235294117647
21,0.4352941176470588
22,0.5411764705882353
23,-0.05
24,-0.18235294117647055
25,0.1176470588235294
26,-0.4000766959903641
27,-0.03823529411764706
28,0.3147058823529411
29,0.6558823529411765
30,0.7852941176470588
31,-0.5088235294117647
32,-0.17058823529411765
33,0.6205882352941177
34,0.17941176470588235
35,-0.1647058823529412
36,0.5235294117647059
37,0.4735294117647058
38,0.06764705882352941
39,0.4235294117647059
40,0.4647058823529412
41,0.23823529411764705
42,-0.38235294117647056
43,-0.29705882352941176
44,-0.10301695209842053
45,0.12352941176470587
46,-0.33529411764705885
47,-0.6970588235294117
48,0.5264705882352941
49,-0.23823529411764705
50,0.10588235294117647
51,0.18529411764705886
52,-0.22941176470588234
53,0.17941176470588235
54,-0.2045622334525779
55,-0.5147058823529412
56,-0.05588235294117647
57,-0.06470588235294117
58,-0.30882352941176466
59,-0.17941176470588235
60,0.6806728347902467
61,-0.16176470588235295
62,0.1352941176470588
63,0.3470588235294117
64,-0.5705882352941177
65,-0.6088235294117647
66,-0.7299486891545226
67,-0.15294117647058825
68,-0.14411764705882352
69,0.18235294117647055
70,0.8637274002537365
71,0.6147058823529412
72,0.27058823529411763
73,0.4812363333740503
74,-0.6441176470588235
75,-0.5352941176470588
76,-0.026470588235294117
77,-0.2323529411764706
78,0.1323529411764706
79,0.4323529411764706
80,0.3882352941176471
81,0.25
82,-0.2647058823529412
83,-0.2441176470588235
84,-0.19705882352941176
85,-0.7558823529411764
86,-0.17058823529411765
87,-0.19411764705882356
88,0.2647058823529412
89,0.6382352941176471
90,0.05
91,-0.4941176470588235
92,-0.10588235294117647
93,0.11470588235294114
94,0.12352941176470587
95,-0.2764705882352941
96,0.14705882352941174
97,-0.3852941176470588
98,0.1647058823529412
99,0.5029411764705883
100,-0.2029411764705882
101,0.0823529411764706
102,0.7588235294117647
103,-0.005882352941176471
104,0.0411764705882353
105,-0.3147058823529411
106,0.0
107,0.12352941176470587
108,-0.1647058823529412
109,0.18235294117647055
110,0.4205882352941176
111,-0.5147058823529412
112,-0.047058823529411764
113,0.5103667663613201
114,0.5617647058823529
115,0.5176470588235293
116,-0.7941176470588236
117,0.5617647058823529
118,-0.6764705882352942
119,0.4852941176470588
120,0.3764705882352941
121,0.09117647058823528
122,0.2147058823529412
123,-0.6617647058823529
124,0.09705882352941177
125,-0.6088235294117647
126,0.15
127,0.7470588235294118
128,-0.538235294117647
129,-0.3852941176470588
130,-0.35000000000000003
131,0.0
132,0.2470588235294117
133,-0.11176470588235292
134,0.1764705882352941
135,0.4676470588235294
136,-0.4441176470588235
137,0.047058823529411764
138,0.4323529411764706
139,0.06764705882352941
140,0.3294117647058824
141,0.3470588235294117
142,0.7029411764705883
143,0.5147058823529412
144,0.5764705882352941
145,0.411764705882353
146,0.45
147,-0.3058823529411765
148,0.2823529411764706
149,0.3711344231148904
150,-0.0823529411764706
151,0.7088235294117646
152,-0.3882352941176471
153,0.3794117647058824
154,-0.45
155,-0.047058823529411764
156,-0.1323529411764706
157,-0.4911764705882353
158,0.5735294117647058
159,0.28823529411764703
160,-0.1
161,-0.09411764705882353
162,-0.6
163,-0.21176470588235294
164,0.1764705882352941
165,-0.4147058823529412
166,0.4441176470588235
167,0.6852941176470588
168,-0.3058823529411765
169,0.2676470588235294
170,-0.5029411764705883
171,0.15
172,-0.1
173,-0.7205882352941175
174,-0.22352941176470587
175,0.5264705882352941
176,0.2794117647058824
177,-0.5029411764705883
178,0.06470588235294117
179,-0.5294117647058824
180,0.5356446761686121
181,0.4852941176470588
182,0.3029411764705882
183,0.3205882352941176
184,-0.035294117647058816
185,-0.27058823529411763
186,-0.3882352941176471
187,0.10743196433120998
188,0.17058823529411765
189,-0.02941176470588235
190,-0.4617647058823529
191,-0.047058823529411764
192,-0.4
193,0.7441176470588236
194,-0.6147058823529412
195,-0.4911764705882353
196,0.18529411764705886
197,0.45
198,-0.032352941176470584
199,-0.7558823529411764
200,-0.5705882352941177
201,0.2693157462001565
202,0.5352941176470588
203,-0.1323529411764706
204,0.6411764705882352
205,-0.3264705882352941
206,0.29705882352941176
207,0.5794117647058823
208,0.032352941176470584
209,0.7235294117647059
210,0.33529411764705885
211,0.08529411764705883
212,-0.2147058823529412
213,0.33529411764705885
214,-0.4088235294117647
215,-0.15588235294117647
216,-0.4147058823529412
217,0.7558823529411764
218,0.15882352941176472
219,0.611764705882353
220,0.7264705882352941
221,-0.2588235294117647
222,0.7529411764705882
223,-0.3911764705882353
224,0.3941176470588235
225,-0.07352941176470587
226,0.6
227,0.3794117647058824
228,-0.14705882352941174
229,0.4176470588235294
230,-0.0411764705882353
231,-0.4294117647058823
232,0.014705882352941175
233,-0.3264705882352941
234,-0.052941176470588235
235,0.3529411764705882
236,-0.29705882352941176
237,0.20897724568536735
238,0.4470588235294117
239,0.3970588235294118
240,-0.047058823529411764
241,-0.2470588235294117
242,-0.06764705882352941
243,0.22352941176470587
244,0.10588235294117647
245,0.12941176470588234
246,-0.2147058823529412
247,-0.0029411764705882357
248,-0.21060405756122744
249,0.012281268769726869
250,-0.3205882352941176
251,0.12058823529411765
252,-0.1264705882352941
253,-0.4705882352941176
254,0.3735294117647059
255,-0.7235294117647059
256,0.18235294117647055
257,0.07941176470588236
258,0.6058823529411764
259,-0.044117647058823525
260,0.5
261,-0.16764705882352945
262,-0.3029411764705882
263,0.05588235294117647
264,0.5970588235294118
265,0.4103816292800772
266,-0.6911764705882353
267,0.6647058823529411
268,0.044117647058823525
269,-0.6676470588235294
270,-0.2588235294117647
271,-0.22941176470588234
272,-0.5470588235294118
273,0.28823529411764703
274,0.06176470588235294
275,-0.7735294117647058
276,0.2647058823529412
277,-0.02941176470588235
278,0.2588235294117647
279,0.2088235294117647
280,0.026470588235294117
281,-0.3529411764705882
282,-0.047058823529411764
283,0.29411764705882354
284,-0.8617647058823529
285,-0.6441176470588235
286,0.3147058823529411
287,-0.011764705882352941
288,0.22352941176470587
289,0.13823529411764704
290,0.4558823529411765
291,0.15
292,-0.0411764705882353
293,-0.27058823529411763
294,-0.8117647058823528
295,0.4470588235294117
296,0.03823529411764706
297,-0.12941176470588234
298,0.5470588235294118
299,0.4088235294117647
300,-0.6147058823529412
301,-0.05
302,0.3735294117647059
303,-0.4205882352941176
304,-0.3617647058823529
305,0.2617647058823529
306,-0.1411764705882353
307,0.6352941176470589
308,0.3911764705882353
309,-0.5647058823529412
310,-0.06176470588235294
311,-0.21176470588235294
312,-0.3852941176470588
313,-0.026470588235294117
314,-0.035294117647058816
315,0.4941176470588235
316,-0.18235294117647055
317,0.2794117647058824
318,-0.411764705882353
319,0.4205882352941176
320,0.7970588235294117
321,-0.2441176470588235
322,0.11470588235294114
323,0.4352941176470588
324,0.2676470588235294
325,0.3235294117647059
326,-0.02058823529411765
327,-0.1264705882352941
328,-0.25
329,-0.17352941176470588
330,-0.6411764705882352
331,0.011764705882352941
332,-0.1264705882352941
333,0.5739515902626287
334,-0.6735294117647058
335,0.17058823529411765
336,0.3382352941176471
337,0.19411764705882356
338,-0.3588235294117647
339,0.06764705882352941
340,-0.28823529411764703
341,0.2323529411764706
342,0.02941176470588235
343,-0.8852941176470588
344,-0.3617647058823529
345,0.5205882352941177
346,0.2647058823529412
347,-0.1176470588235294
348,-0.023529411764705882
349,0.07647058823529412
350,-0.3588235294117647
351,-0.14159353640259148
352,-0.5
353,0.11470588235294114
354,0.4235294117647059
355,-0.02058823529411765
356,0.014705882352941175
357,0.014705882352941175
358,0.4294117647058823
359,-0.8088235294117646
360,-0.017647058823529408
361,0.6088235294117647
362,-0.3058823529411765
363,-0.06764705882352941
364,-0.38235294117647056
365,-0.3944077594625243
366,-0.4470588235294117
367,-0.3588235294117647
368,-0.2029411764705882
369,-0.15882352941176472
370,0.005882352941176471
371,-0.3911764705882353
372,-0.25588235294117645
373,0.5558823529411765
374,0.07647058823529412
375,-0.36764705882352944
376,-0.4058823529411764
377,-0.25
378,-0.06176470588235294
379,0.3205882352941176
380,0.27058823529411763
381,0.6764705882352942
382,0.2147058823529412
383,0.4235294117647059
384,-0.02058823529411765
385,-0.3264705882352941
386,0.06764705882352941
387,-0.4382352941176471
388,0.21176470588235294
389,0.4235294117647059
390,-0.3882352941176471
391,0.008823529411764706
392,-0.3294117647058824
393,-0.6441176470588235
394,0.4205882352941176
395,0.10294117647058824
396,-0.0588235294117647
397,0.8441176470588234
398,-0.3058823529411765
399,-0.035294117647058816
400,-0.011764705882352941
401,-0.2323529411764706
402,-0.2323529411764706
403,0.6009644171946905
404,0.4823529411764706
405,0.5294117647058824
406,0.35000000000000003
407,-0.2823529411764706
408,-0.2352941176470588
409,-0.5852941176470587
410,-0.538235294117647
411,0.4088235294117647
412,0.13823529411764704
413,-0.5411764705882353
414,0.032352941176470584
415,0.6529411764705881
416,0.4441176470588235
417,0.0823529411764706
418,-0.35000000000000003
419,0.6294117647058822
420,0.17058823529411765
421,0.5117647058823529
422,-0.4176470588235294
423,0.34411764705882353
424,-0.25588235294117645
425,-0.2911764705882353
426,-0.052941176470588235
427,0.2647058823529412
428,0.75
429,-0.4294117647058823
430,-0.0411764705882353
431,0.1352941176470588
432,0.5088235294117647
433,-0.2647058823529412
434,0.2411764705882353
435,0.2088235294117647
436,-0.7029411764705883
437,0.7227170087215605
438,0.5735294117647058
439,0.4970588235294117
440,0.4264705882352941
441,0.6352941176470589
442,0.17352941176470588
443,0.7382352941176471
444,0.5441176470588236
445,0.5794117647058823
446,0.09411764705882353
447,-0.15588235294117647
448,0.4088235294117647
449,-0.11176470588235292
450,0.07941176470588236
451,-0.1411764705882353
452,0.7970588235294117
453,0.6644507273293927
454,0.4235294117647059
455,0.4058823529411764
456,0.17352941176470588
457,-0.2911764705882353
458,0.3264705882352941
459,0.2088235294117647
460,-0.3852941176470588
461,-0.008823529411764706
462,-0.3794117647058824
463,0.5420759441529998
464,-0.7470588235294118
465,0.5205882352941177
466,-0.5529411764705882
467,-0.36764705882352944
468,0.23823529411764705
469,0.2352941176470588
470,0.06470588235294117
471,0.6
472,-0.4911764705882353
473,0.12941176470588234
474,0.16176470588235295
475,-0.2060339041968411
476,0.4264705882352941
477,0.8441176470588234
478,-0.29411764705882354
479,0.5970588235294118
480,0.6470588235294118
481,-0.14411764705882352
482,0.4352941176470588
483,0.06470588235294117
484,0.3
485,-0.4088235294117647
486,0.3264705882352941
487,0.09411764705882353
488,-0.12058823529411765
489,0.4558823529411765
490,0.2529411764705882
491,0.02941176470588235
492,-0.1764705882352941
493,-0.0588235294117647
494,0.3941176470588235
495,0.6147058823529412
496,0.047058823529411764
497,0.14705882352941174
498,0.3470588235294117
499,0.29705882352941176
500,0.2911764705882353
501,-0.07352941176470587
502,0.3294117647058824
503,0.3205882352941176
504,0.2588235294117647
505,0.17058823529411765
506,-0.2735294117647059
507,0.4735294117647058
508,0.6441176470588235
509,0.7176470588235294
510,0.07058823529411765
511,0.1352941176470588
512,0.22058823529411767
513,0.2264705882352941
514,0.12352941176470587
515,0.3058823529411765
516,0.11176470588235292
517,0.3470588235294117
518,-0.16814232447807734
519,0.4058823529411764
520,0.3882352941176471
521,0.17941176470588235
522,0.22058823529411767
523,-0.2735294117647059
524,-0.2029411764705882
525,-0.12352941176470587
526,0.10588235294117647
527,0.7764705882352941
528,0.2794117647058824
529,-0.35000000000000003
530,0.18529411764705886
531,-0.4676470588235294
532,0.5529411764705882
533,0.4470588235294117
534,-0.3323529411764706
535,0.2764705882352941
536,-0.5558823529411765
537,0.6029411764705882
538,0.4617647058823529
539,0.4558823529411765
540,-0.1411764705882353
541,0.33529411764705885
542,0.1323529411764706
543,0.6029411764705882
544,-0.14411764705882352
545,0.3058823529411765
546,-0.2861369381469036
547,-0.4470588235294117
548,0.7352941176470589
549,0.17352941176470588
550,0.4264705882352941
551,0.5441176470588236
552,0.6676470588235294
553,-0.6558823529411765
554,0.7647058823529411
555,0.1264705882352941
556,-0.2352941176470588
557,-0.0029411764705882357
558,0.044117647058823525
559,0.14705882352941174
560,-0.5676470588235295
561,-0.6882352941176471
562,-0.005882352941176471
563,0.8382352941176471
564,0.5205882352941177
565,0.7205882352941175
566,0.07647058823529412
567,-0.9147058823529411
568,-0.888235294117647
569,-0.3470588235294117
570,0.31764705882352945
571,0.3705882352941177
572,-0.09705882352941177
573,0.09705882352941177
574,0.8029411764705883
575,-0.3294117647058824
576,0.12058823529411765
577,0.07647058823529412
578,-0.12352941176470587
579,0.22941176470588234
580,0.2088235294117647
581,0.4382352941176471
582,-0.3058823529411765
583,0.10882352941176472
584,0.2088235294117647
585,0.3294117647058824
586,0.3323529411764706
587,0.4941176470588235
588,0.21176470588235294
589,-0.7205882352941175
590,-0.25588235294117645
591,-0.07058823529411765
592,-0.21764705882352944
593,0.13823529411764704
594,-0.2588235294117647
595,0.3794117647058824
596,-0.2470588235294117
597,0.40294117647058825
598,0.10588235294117647
599,0.3529411764705882
600,0.4537818898601643
601,-0.2264705882352941
602,-0.48823529411764705
603,-0.2647058823529412
604,0.15882352941176472
605,-0.4
606,0.011764705882352941
607,0.3323529411764706
608,-0.3117647058823529
609,0.5529411764705882
610,0.40294117647058825
611,0.2529411764705882
612,-0.3617647058823529
613,0.16176470588235295
614,0.6470588235294118
615,0.5411764705882353
616,-0.4382352941176471
617,0.3735294117647059
618,-0.3588235294117647
619,0.2323529411764706
620,0.7088235294117646
621,0.17058823529411765
622,0.4911764705882353
623,0.3647058823529412
624,-0.5205882352941177
625,0.8592828338716417
626,-0.1647058823529412
627,0.017647058823529408
628,0.052941176470588235
629,-0.12058823529411765
630,-0.18823529411764706
631,0.4264705882352941
632,-0.6647058823529411
633,0.4617647058823529
634,0.2529411764705882
635,0.29411764705882354
636,0.16764705882352945
637,-0.8058823529411765
638,-0.3411764705882353
639,-0.4176470588235294
640,0.032352941176470584
641,-0.2441176470588235
642,0.6705882352941177
643,0.15588235294117647
644,0.4323529411764706
645,0.5264705882352941
646,-0.4794117647058824
647,-0.011764705882352941
648,0.17058823529411765
649,0.044117647058823525
650,-0.07058823529411765
651,0.4647058823529412
652,-0.2
653,-0.31764705882352945
654,0.12352941176470587
655,0.6882352941176471
656,0.15
657,0.3558823529411765
658,-0.5823529411764706
659,0.4441176470588235
660,-0.3382352941176471
661,0.2147058823529412
662,0.22352941176470587
663,0.5916116391937865
664,0.10588235294117647
665,-0.2735294117647059
666,-0.3911764705882353
667,0.4
668,0.580142332579187
669,-0.5088235294117647
670,0.3588235294117647
671,0.2676470588235294
672,-0.17352941176470588
673,-0.5352941176470588
674,0.06764705882352941
675,-0.10588235294117647
676,0.3382352941176471
677,0.6647058823529411
678,-0.12941176470588234
679,-0.21764705882352944
680,0.18529411764705886
681,-0.2058823529411765
682,0.07647058823529412
683,-0.032352941176470584
684,-0.48823529411764705
685,0.17941176470588235
686,0.3147058823529411
687,-0.2735294117647059
688,-0.4382352941176471
689,-0.3941176470588235
690,0.4941176470588235
691,0.18823529411764706
692,0.5911764705882353
693,0.5735294117647058
694,0.27058823529411763
695,0.25926637228885746
696,0.13823529411764704
697,-0.052941176470588235
698,0.44117647058823534
699,-0.3205882352941176
700,-0.2764705882352941
701,-0.017647058823529408
702,0.2529411764705882
703,0.4441176470588235
704,0.032352941176470584
705,-0.45
706,0.18235294117647055
707,0.4147058823529412
708,-0.1264705882352941
709,0.15294117647058825
710,-0.10294117647058824
711,-0.05588235294117647
712,-0.1176470588235294
713,-0.06764705882352941
714,-0.5647058823529412
715,0.25588235294117645
716,0.032352941176470584
717,0.22352941176470587
718,-0.29705882352941176
719,-0.3588235294117647
720,-0.07941176470588236
721,-0.4441176470588235
722,-0.044117647058823525
723,-0.6529411764705881
724,0.2588235294117647
725,-0.3382352941176471
726,0.18529411764705886
727,0.2016188919640516
728,0.25588235294117645
729,-0.06470588235294117
730,0.19705882352941176
731,0.023529411764705882
732,0.03823529411764706
733,0.0823529411764706
734,0.5493149193044096
735,-0.4470588235294117
736,-0.4911764705882353
737,0.4441176470588235
738,-0.6088235294117647
739,0.4176470588235294
740,-0.36764705882352944
741,-0.06764705882352941
742,-0.10588235294117647
743,-0.3941176470588235
744,-0.07647058823529412
745,0.4294117647058823
746,-0.0411764705882353
747,0.2588235294117647
748,-0.3529411764705882
749,0.22352941176470587
750,0.2588235294117647
751,0.5764705882352941
752,-0.4205882352941176
753,0.65
754,-0.5705882352941177
755,0.6970588235294117
756,-0.05588235294117647
757,0.4017661131838401
758,0.044117647058823525
759,-0.8176470588235294
760,0.5470588235294118
761,-0.011764705882352941
762,0.3392939884235197
763,-0.27058823529411763
764,0.3882352941176471
765,-0.33529411764705885
766,-0.19117647058823528
767,-0.611764705882353
768,0.3
769,0.035294117647058816
770,0.2470588235294117
771,-0.06470588235294117
772,0.6911764705882353
773,-0.0823529411764706
774,0.29411764705882354
775,0.3558823529411765
776,0.09117647058823528
777,-0.6676470588235294
778,0.7588235294117647
779,0.2764705882352941
780,0.4823529411764706
781,-0.1
782,0.4470588235294117
783,-0.2911764705882353
784,0.6235294117647059
785,0.1411764705882353
786,-0.10294117647058824
787,-0.21176470588235294
788,0.5352941176470588
789,0.6382352941176471
790,0.6735294117647058
791,0.07941176470588236
792,-0.05
793,0.17058823529411765
794,-0.6264705882352941
795,0.5588235294117647
796,-0.2794117647058824
797,0.3323529411764706
798,0.026470588235294117
799,0.6705882352941177
800,0.7088235294117646
801,-0.16764705882352945
802,-0.08823529411764705
803,0.19411764705882356
804,-0.17058823529411765
805,-0.1411764705882353
806,-0.2352941176470588
807,0.2764705882352941
808,-0.18823529411764706
809,0.3264705882352941
810,-0.4
811,-0.5764705882352941
812,-0.05
813,-0.1764705882352941
814,-0.3058823529411765
815,0.09411764705882353
816,0.06176470588235294
817,0.09411764705882353
818,-0.6764705882352942
819,-0.052941176470588235
820,0.06764705882352941
821,0.6852941176470588
822,0.044117647058823525
823,-0.3
824,0.5264705882352941
825,0.4794117647058824
826,0.1411764705882353
827,0.30882352941176466
828,-0.4866698220614376
829,0.16121198718716367
830,0.026470588235294117
831,-0.7970588235294117
832,-0.1970368732287556
833,0.4997970404307602
834,0.2029411764705882
835,-0.28823529411764703
836,-0.5588235294117647
837,0.20944043926216652
838,-0.2411764705882353
839,-0.06470588235294117
840,0.3852941176470588
841,0.15
842,0.7705882352941176
843,0.28823529411764703
844,-0.5264705882352941
845,-0.4088235294117647
846,-0.03237675637378931
847,-0.4588235294117647
848,0.6705882352941177
849,-0.05
850,0.12352941176470587
851,0.34411764705882353
852,-0.14705882352941174
853,0.4852941176470588
854,-0.044117647058823525
855,0.5441238982770238
856,-0.3117647058823529
857,0.4470588235294117
858,0.40294117647058825
859,-0.7676470588235293
860,0.3382352941176471
861,0.2676470588235294
862,-0.0411764705882353
863,0.09117647058823528
864,-0.2147058823529412
865,0.35988357168992
866,-0.538235294117647
867,0.2441176470588235
868,0.3705882352941177
869,-0.6323529411764706
870,-0.08823529411764705
871,0.2352941176470588
872,-0.05
873,-0.2647058823529412
874,0.4088235294117647
875,-0.5411764705882353
876,-0.07058823529411765
877,0.07058823529411765
878,0.6470588235294118
879,0.12941176470588234
880,0.22058823529411767
881,0.3617647058823529
882,-0.25588235294117645
883,-0.12058823529411765
884,-0.12941176470588234
885,0.4147058823529412
886,-0.23823529411764705
887,0.1
888,0.2588235294117647
889,0.2104489164296305
890,-0.21764705882352944
891,0.6735294117647058
892,-0.7529411764705882
893,0.08823529411764705
894,-0.7382352941176471
895,-0.23823529411764705
896,0.017647058823529408
897,-0.8088235294117646
898,0.6176470588235293
899,0.0411764705882353
900,-0.18529411764705886
901,0.7176470588235294
902,0.8264705882352942
903,-0.044117647058823525
904,-0.2911764705882353
905,0.75
906,-0.026470588235294117
907,0.5029411764705883
908,-0.02058823529411765
909,-0.10294117647058824
910,0.1264705882352941
911,-0.3617647058823529
912,-0.3735294117647059
913,0.0029411764705882357
914,0.6
915,0.1647058823529412
916,0.5420759441529998
917,-0.1
918,0.4588235294117647
919,-0.3794117647058824
920,0.3264705882352941
921,0.18529411764705886
922,0.33529411764705885
923,-0.5441176470588236
924,0.3941176470588235
925,0.5617647058823529
926,0.06489703751785443
927,-0.5882352941176471
928,0.10882352941176472
929,-0.0411764705882353
930,-0.06176470588235294
931,-0.5617647058823529
932,0.12352941176470587
933,0.2323529411764706
934,-0.3647058823529412
935,-0.29411764705882354
936,0.5264705882352941
937,0.7676470588235293
938,0.10294117647058824
939,0.5147058823529412
940,-0.4558823529411765
941,-0.4705882352941176
942,-0.4235294117647059
943,0.2735294117647059
944,-0.8058823529411765
945,0.12352941176470587
946,0.15259677911858466
947,0.4264705882352941
948,-0.2676470588235294
949,-0.3558823529411765
950,-0.07941176470588236
951,0.40294117647058825
952,0.06176470588235294
953,0.5176470588235293
954,0.6563143024226505
955,0.5294117647058824
956,0.09705882352941177
957,0.16176470588235295
958,0.10588235294117647
959,-0.12058823529411765
960,0.14411764705882352
961,0.17352941176470588
962,-0.15588235294117647
963,0.4794117647058824
964,-0.35000000000000003
965,-0.035294117647058816
966,0.09705882352941177
967,0.15
968,-0.05588235294117647
969,-0.4705882352941176
970,0.5970588235294118
971,0.5411764705882353
972,0.8294117647058824
973,0.5117647058823529
974,-0.7176470588235294
975,0.31764705882352945
976,0.3029411764705882
977,0.052941176470588235
978,-0.17058823529411765
979,0.0588235294117647
980,0.27058823529411763
981,0.1323529411764706
982,-0.19411764705882356
983,-0.5764705882352941
984,0.0815378857500334
985,0.2735294117647059
986,0.18823529411764706
987,-0.4588235294117647
988,0.3735294117647059
989,-0.3882352941176471
990,0.08823529411764705
991,0.7524158354391941
992,0.08823529411764705
993,0.3323529411764706
994,-0.3382352941176471
995,0.2470588235294117
996,0.0029411764705882357
997,-0.2852941176470589
998,-0.2264705882352941
999,-0.3097358608806688
1000,-0.09705882352941177
1001,0.16176470588235295
1002,-0.1764705882352941
1003,-0.05
1004,-0.21764705882352944
1005,0.3029411764705882
1006,-0.0588235294117647
1007,0.7328920306430491
1008,0.2852941176470589
1009,0.3205882352941176
1010,0.4709346381642081
1011,-0.3794117647058824
1012,0.4192707620442666
1013,0.5058823529411764
1014,0.6696101886397334
1015,-0.07259458424088007
1016,0.18529411764705886
1017,0.05509731650193397
1018,0.2676470588235294
1019,-0.4058823529411764
1020,-0.1323529411764706
1021,-0.1764705882352941
1022,0.1764705882352941
1023,0.023529411764705882
1024,0.6911764705882353
1025,-0.31764705882352945
1026,0.4558823529411765
1027,0.6264705882352941
1028,0.3470588235294117
1029,0.7411764705882353
1030,-0.05
1031,-0.4529411764705882
1032,-0.31764705882352945
1033,0.6294117647058822
1034,0.22058823529411767
1035,0.4647058823529412
1036,-0.3882352941176471
1037,-0.052941176470588235
1038,-0.48823529411764705
1039,0.5764705882352941
1040,0.0411764705882353
1041,-0.17058823529411765
1042,0.2352941176470588
1043,-0.08823529411764705
1044,0.2352941176470588
1045,0.3705882352941177
1046,-0.03823529411764706
1047,-0.3794117647058824
1048,0.611764705882353
1049,-0.16176470588235295
1050,0.4941176470588235
1051,-0.16419739435729633
1052,-0.35000000000000003
1053,0.19720387973126216
1054,0.5147058823529412
1055,-0.0029411764705882357
1056,0.5411764705882353
1057,0.3617647058823529
1058,-0.1
1059,-0.2029411764705882
1060,-0.2617647058823529
1061,-0.09705882352941177
1062,-0.06470588235294117
1063,-0.7323529411764707
1064,-0.6588235294117648
1065,0.55
1066,0.7147058823529412
1067,0.3911764705882353
1068,0.6058823529411764
1069,0.4823529411764706
1070,-0.4323529411764706
1071,-0.5117647058823529
1072,-0.4235294117647059
1073,0.2852941176470589
1074,-0.6852941176470588
1075,0.44117647058823534
1076,0.31764705882352945
1077,0.4529411764705882
1078,0.5676470588235295
1079,-0.6235294117647059
1080,-0.3058823529411765
1081,-0.7382352941176471
1082,-0.3382352941176471
1083,-0.2264705882352941
1084,-0.538235294117647
1085,-0.1764705882352941
1086,0.2823529411764706
1087,0.08289856419565636
1088,0.4258089589168411
1089,-0.3617647058823529
1090,-0.5676470588235295
1091,-0.2823529411764706
1092,-0.09117647058823528
1093,-0.15294117647058825
1094,0.4470588235294117
1095,0.08529411764705883
1096,0.29705882352941176
1097,-0.1764705882352941
1098,0.2441176470588235
1099,0.06764705882352941
1100,-0.5323529411764706
1101,0.45
1102,0.06764705882352941
1103,0.6588235294117648
1104,-0.19411764705882356
1105,0.7176470588235294
1106,-0.1133186473082626
1107,0.2058823529411765
1108,0.0588235294117647
1109,0.270187912933991
1110,0.05588235294117647
1111,0.411764705882353
1112,0.2058823529411765
1113,-0.12941176470588234
1114,-0.2588235294117647
1115,0.6147058823529412
1116,-0.2992674697277097
1117,0.07058823529411765
1118,-0.017647058823529408
1119,0.55
1120,0.1176470588235294
1121,-0.047058823529411764
1122,-0.0029411764705882357
1123,-0.27058823529411763
1124,0.38235294117647056
1125,0.02941176470588235
1126,0.035294117647058816
1127,0.10294117647058824
1128,-0.2264705882352941
1129,0.4970588235294117
1130,0.5088235294117647
1131,-0.7294117647058823
1132,0.4558823529411765
1133,0.4282561865805768
1134,0.4058823529411764
1135,0.38938222510712656
1136,-0.21764705882352944
1137,-0.0029411764705882357
1138,-0.21764705882352944
1139,-0.08529411764705883
1140,0.21176470588235294
1141,0.06176470588235294
1142,-0.10294117647058824
1143,-0.3941176470588235
1144,0.5940960268563994
1145,-0.3647058823529412
1146,-0.5529411764705882
1147,0.19705882352941176
1148,-0.2147058823529412
1149,-0.13823529411764704
1150,0.03823529411764706
1151,0.2794117647058824
1152,0.1264705882352941
1153,0.5323529411764706
1154,-0.14411764705882352
1155,0.02941176470588235
1156,-0.2852941176470589
1157,-0.02941176470588235
1158,-0.0411764705882353
1159,-0.15294117647058825
1160,0.33529411764705885
1161,0.07941176470588236
1162,-0.052941176470588235
1163,-0.008823529411764706
1164,0.07352941176470587
1165,-0.29411764705882354
1166,-0.3735294117647059
1167,-0.3941176470588235
1168,-0.6382352941176471
1169,0.5529411764705882
1170,-0.22058823529411767
1171,-0.12058823529411765
1172,-0.2398823313148936
1173,-0.29411764705882354
1174,0.3029411764705882
1175,-0.411764705882353
1176,-0.21176470588235294
1177,0.3235294117647059
1178,-0.2823529411764706
1179,-0.6970588235294117
1180,-0.10882352941176472
1181,0.4
1182,0.2411764705882353
1183,0.5205882352941177
1184,-0.044117647058823525
1185,0.052941176470588235
1186,-0.12941176470588234
1187,0.4441176470588235
1188,-0.5264705882352941
1189,0.4088235294117647
1190,0.4764705882352941
1191,0.7264705882352941
1192,-0.5029411764705883
1193,-0.2411764705882353
1194,0.6029411764705882
1195,-0.3117647058823529
1196,0.38235294117647056
1197,-0.1647058823529412
1198,-0.014705882352941175
1199,-0.6617647058823529
1200,0.5342351914831186
1201,0.052941176470588235
1202,-0.19117647058823528
1203,-0.11176470588235292
1204,-0.65
1205,-0.09705882352941177
1206,0.12352941176470587
1207,-0.2411764705882353
1208,-0.25
1209,0.5470588235294118
1210,0.40294117647058825
1211,-0.36764705882352944
1212,-0.6441176470588235
1213,0.6676470588235294
1214,0.21176470588235294
1215,0.6588235294117648
1216,-0.4617647058823529
1217,-0.3323529411764706
1218,-0.28823529411764703
1219,0.2088235294117647
1220,-0.2794117647058824
1221,0.18529411764705886
1222,0.6588235294117648
1223,0.303164173318209
1224,0.7168172780381192
1225,0.6558823529411765
1226,0.7676470588235293
1227,-0.4852941176470588
1228,0.2088235294117647
1229,-0.4794117647058824
1230,0.2323529411764706
1231,-0.6323529411764706
1232,-0.21176470588235294
1233,0.0411764705882353
1234,0.6941176470588235
1235,0.5213554991375842
1236,0.6558823529411765
1237,0.3058823529411765
1238,0.15
1239,-0.055923488281999716
1240,-0.17941176470588235
1241,0.3558823529411765
1242,-0.40294117647058825
1243,-0.4382352941176471
1244,0.2088235294117647
1245,-0.11470588235294114
1246,-0.4735294117647058
1247,0.052941176470588235
1248,0.6852941176470588
1249,0.10882352941176472
1250,0.4676470588235294
1251,-0.12941176470588234
1252,-0.2147058823529412
1253,0.3470588235294117
1254,-0.2411764705882353
1255,0.06764705882352941
1256,0.6176470588235293
1257,-0.07941176470588236
1258,0.0823529411764706
1259,0.047058823529411764
1260,0.33735101022499064
1261,0.1352941176470588
1262,0.15882352941176472
1263,-0.75
1264,0.15746876963615708
1265,0.5205882352941177
1266,0.5588235294117647
1267,0.3117647058823529
1268,0.38235294117647056
1269,-0.35000000000000003
1270,-0.4647058823529412
1271,-0.03823529411764706
1272,0.3470588235294117
1273,0.06764705882352941
1274,-0.16764705882352945
1275,-0.29705882352941176
1276,0.8117647058823528
1277,0.13823529411764704
1278,0.611764705882353
1279,-0.4264705882352941
1280,0.45
1281,0.3882352941176471
1282,-0.6970588235294117
1283,0.4588235294117647
1284,-0.14705882352941174
1285,0.2352941176470588
1286,-0.19411764705882356
1287,0.14411764705882352
1288,-0.14411764705882352
1289,0.5205882352941177
1290,-0.023529411764705882
1291,-0.17352941176470588
1292,-0.12058823529411765
1293,0.017647058823529408
1294,0.044117647058823525
1295,0.3323529411764706
1296,0.05588235294117647
1297,0.2911764705882353
1298,0.07647058823529412
1299,0.2861369381469036
1300,-0.7235294117647059
1301,-0.2029411764705882
1302,-0.047058823529411764
1303,-0.1647058823529412
1304,0.3617647058823529
1305,-0.15588235294117647
1306,-0.7029411764705883
1307,0.023529411764705882
1308,0.3558823529411765
1309,0.07941176470588236
1310,-0.08823529411764705
1311,-0.1352941176470588
1312,0.15882352941176472
1313,-0.1
1314,0.5205882352941177
1315,-0.3617647058823529
1316,-0.3588235294117647
1317,0.3470588235294117
1318,0.3852941176470588
1319,-0.3588235294117647
1320,-0.5764705882352941
1321,0.09117647058823528
1322,-0.3647058823529412
1323,-0.2058823529411765
1324,-0.16764705882352945
1325,-0.15588235294117647
1326,0.09117647058823528
1327,-0.2029411764705882
1328,0.7029411764705883
1329,0.5294117647058824
1330,-0.17941176470588235
1331,0.5294117647058824
1332,0.04605475788647575
1333,0.25
1334,-0.026470588235294117
1335,-0.14705882352941174
1336,0.8941176470588235
1337,0.45
1338,0.19117647058823528
1339,0.4852941176470588
1340,0.2058823529411765
1341,-0.1323529411764706
1342,0.3529411764705882
1343,-0.7000000000000001
1344,0.15588235294117647
1345,0.5676470588235295
1346,-0.15
1347,-0.3911764705882353
1348,-0.2794117647058824
1349,-0.032352941176470584
1350,-0.11176470588235292
1351,0.6970588235294117
1352,0.6382352941176471
1353,0.3147058823529411
1354,-0.06470588235294117
1355,-0.3
1356,0.1176470588235294
1357,-0.4470588235294117
1358,0.4970588235294117
1359,-0.10882352941176472
1360,-0.4323529411764706
1361,-0.4607533816104838
1362,0.22058823529411767
1363,-0.08529411764705883
1364,0.3941176470588235
1365,-0.7441176470588236
1366,0.5970588235294118
1367,-0.4088235294117647
1368,-0.2352941176470588
1369,-0.3058823529411765
1370,0.11176470588235292
1371,-0.5647058823529412
1372,-0.3705882352941177
1373,0.29411764705882354
1374,-0.4323529411764706
1375,0.011764705882352941
1376,-0.23823529411764705
1377,0.3382352941176471
1378,0.4352941176470588
1379,-0.02058823529411765
1380,0.3764705882352941
1381,-0.4147058823529412
1382,0.19411764705882356
1383,0.3558823529411765
1384,-0.5176470588235293
1385,-0.6
1386,0.34411764705882353
1387,0.15294117647058825
1388,-0.22941176470588234
1389,0.3764705882352941
1390,0.11470588235294114
1391,-0.5823529411764706
1392,-0.06470588235294117
1393,0.3470588235294117
1394,-0.17352941176470588
1395,0.047058823529411764
1396,-0.035294117647058816
1397,0.3470588235294117
1398,0.5441176470588236
1399,-0.3647058823529412
1400,0.2
1401,-0.6205882352941177
1402,0.047058823529411764
1403,0.7070962241238459
1404,0.08823529411764705
1405,0.07058823529411765
1406,0.08823529411764705
1407,-0.12941176470588234
1408,0.3911764705882353
1409,-0.5529411764705882
1410,0.5
1411,-0.2470588235294117
1412,-0.25588235294117645
1413,-0.7852941176470588
1414,0.026470588235294117
1415,0.05
1416,-0.4852941176470588
1417,0.3264705882352941
1418,0.09411764705882353
1419,-0.06176470588235294
1420,-0.052941176470588235
1421,0.11470588235294114
1422,-0.4676470588235294
1423,-0.2764705882352941
1424,0.014705882352941175
1425,0.3882352941176471
1426,0.2470588235294117
1427,-0.02058823529411765
1428,0.7294117647058823
1429,0.10882352941176472
1430,-0.22941176470588234
1431,-0.14705882352941174
1432,0.4
1433,-0.2323529411764706
1434,0.005882352941176471
1435,-0.15882352941176472
1436,0.7061729542592948
1437,0.2852941176470589
1438,0.11470588235294114
1439,-0.48823529411764705
1440,-0.10882352941176472
1441,0.023529411764705882
1442,0.5205882352941177
1443,0.4382352941176471
1444,-0.1647058823529412
1445,-0.5588235294117647
1446,0.035294117647058816
1447,0.3235294117647059
1448,0.2264705882352941
1449,0.5235294117647059
1450,0.4352941176470588
1451,-0.3029411764705882
1452,-0.5882352941176471
1453,-0.10882352941176472
1454,-0.023529411764705882
1455,-0.3588235294117647
1456,-0.35000000000000003
1457,-0.22941176470588234
1458,-0.008823529411764706
1459,-0.2147058823529412
1460,0.29705882352941176
1461,0.2058823529411765
1462,0.5323529411764706
1463,-0.45
1464,0.2
1465,0.4588235294117647
1466,0.4735294117647058
1467,0.4323529411764706
1468,-0.03823529411764706
1469,0.6176470588235293
1470,-0.1176470588235294
1471,-0.1
1472,-0.3588235294117647
1473,0.5705882352941177
1474,0.11470588235294114
1475,0.611764705882353
1476,-0.18823529411764706
1477,-0.5147058823529412
1478,0.3941176470588235
1479,0.10294117647058824
1480,0.3911764705882353
1481,-0.3147058823529411
1482,0.5
1483,0.7374663354301639
1484,-0.3882352941176471
1485,-0.005882352941176471
1486,0.36764705882352944
1487,-0.06470588235294117
1488,0.5088235294117647
1489,0.0588235294117647
1490,0.1323529411764706
1491,-0.4558823529411765
1492,0.035294117647058816
1493,-0.10294117647058824
1494,0.6794117647058824
1495,0.29705882352941176
1496,0.2441176470588235
1497,-0.11176470588235292
1498,-0.7117647058823531
1499,0.0
1500,0.5058823529411764
1501,-0.6558823529411765
1502,0.888235294117647
1503,0.7382352941176471
1504,-0.032352941176470584
1505,0.035294117647058816
1506,0.047058823529411764
1507,-0.4205882352941176
1508,-0.026470588235294117
1509,-0.0029411764705882357
1510,-0.2470588235294117
1511,0.05588235294117647
1512,0.1647058823529412
1513,0.2647058823529412
1514,0.2735294117647059
1515,0.3170917779167965
1516,0.4294117647058823
1517,-0.10882352941176472
1518,-0.18823529411764706
1519,0.40294117647058825
1520,-0.4
1521,-0.4294117647058823
1522,0.4382352941176471
1523,0.15882352941176472
1524,-0.29705882352941176
1525,0.4852941176470588
1526,0.7264705882352941
1527,0.5205882352941177
1528,0.4017661131838401
1529,-0.3294117647058824
1530,-0.10294117647058824
1531,0.21764705882352944
1532,-0.1323529411764706
1533,-0.8470588235294119
1534,0.1176470588235294
1535,0.026470588235294117
1536,0.08823529411764705
1537,0.4856513456068397
1538,0.06176470588235294
1539,-0.11176470588235292
1540,0.19411764705882356
1541,-0.06176470588235294
1542,-0.1264705882352941
1543,0.2
1544,-0.28823529411764703
1545,0.28823529411764703
1546,0.3647058823529412
1547,0.4058823529411764
1548,0.15294117647058825
1549,0.2
1550,0.15588235294117647
1551,0.3529411764705882
1552,0.4794117647058824
1553,-0.2411764705882353
1554,-0.1352941176470588
1555,-0.4852941176470588
1556,0.2323529411764706
1557,0.026470588235294117
1558,0.08529411764705883
1559,0.4529411764705882
1560,-0.5147058823529412
1561,0.7411764705882353
1562,0.034075008929392685
1563,0.6705882352941177
1564,0.3205882352941176
1565,0.0823529411764706
1566,0.3647058823529412
1567,0.3294117647058824
1568,0.08823529411764705
1569,-0.3705882352941177
1570,0.11176470588235292
1571,-0.3911764705882353
1572,-0.005882352941176471
1573,0.25588235294117645
1574,0.28823529411764703
1575,0.08529411764705883
1576,0.40294117647058825
1577,0.3588235294117647
1578,0.6441176470588235
1579,-0.38235294117647056
1580,0.25588235294117645
1581,-0.18823529411764706
1582,-0.19705882352941176
1583,0.3147058823529411
1584,0.10294117647058824
1585,-0.2441176470588235
1586,-0.5029411764705883
1587,-0.017647058823529408
1588,0.3294117647058824
1589,-0.6705882352941177
1590,0.538235294117647
1591,-0.2647058823529412
1592,0.10294117647058824
1593,-0.011764705882352941
1594,-0.4323529411764706
1595,0.005882352941176471
1596,0.4
1597,-0.026470588235294117
1598,-0.22058823529411767
1599,0.1323529411764706
1600,-0.3647058823529412
1601,0.38235294117647056
1602,-0.29411764705882354
1603,0.38235294117647056
1604,0.3147058823529411
1605,-0.5058823529411764
1606,0.6735294117647058
1607,0.15
1608,-0.014705882352941175
1609,0.4382352941176471
1610,0.5705882352941177
1611,-0.16764705882352945
1612,-0.6735294117647058
1613,0.33529411764705885
1614,0.28823529411764703
1615,0.15588235294117647
1616,-0.3588235294117647
1617,0.09117647058823528
1618,0.035294117647058816
1619,0.8117647058823528
1620,-0.2588235294117647
1621,-0.2735294117647059
1622,0.2431675035497315
1623,0.5264705882352941
1624,0.5703860190354864
1625,0.3323529411764706
1626,0.28823529411764703
1627,0.3323529411764706
1628,0.05588235294117647
1629,0.38410606425268223
1630,0.25
1631,-0.5147058823529412
1632,0.011764705882352941
1633,-0.27058823529411763
1634,0.5676470588235295
1635,-0.06764705882352941
1636,0.4588235294117647
1637,-0.014705882352941175
1638,-0.06764705882352941
1639,0.02941176470588235
1640,0.4235294117647059
1641,0.3529411764705882
1642,0.30882352941176466
1643,0.14705882352941174
1644,0.7088235294117646
1645,0.10882352941176472
1646,-0.3794117647058824
1647,0.09117647058823528
1648,-0.6705882352941177
1649,-0.22352941176470587
1650,-0.55
1651,0.4
1652,0.3294117647058824
1653,0.6872702375708913
1654,-0.052941176470588235
1655,-0.2911764705882353
1656,-0.2029411764705882
1657,-0.29411764705882354
1658,0.3205882352941176
1659,-0.3558823529411765
1660,-0.6735294117647058
1661,0.6411764705882352
1662,-0.09705882352941177
1663,-0.06764705882352941
1664,0.7470588235294118
1665,0.21764705882352944
1666,0.7794117647058825
1667,-0.023529411764705882
1668,-0.19117647058823528
1669,0.18823529411764706
1670,0.7294117647058823
1671,-0.3502576371346298
1672,0.5470588235294118
1673,0.2470588235294117
1674,0.0588235294117647
1675,0.18235294117647055
1676,-0.2352941176470588
1677,0.45
1678,-0.10882352941176472
1679,0.538235294117647
1680,0.16764705882352945
1681,-0.017647058823529408
1682,-0.07647058823529412
1683,-0.2735294117647059
1684,0.19705882352941176
1685,0.05588235294117647
1686,0.4676470588235294
1687,0.4306803398912157
1688,0.5882352941176471
1689,0.36764705882352944
1690,-0.8088235294117646
1691,-0.0588235294117647
1692,-0.85
1693,0.3058823529411765
1694,0.3529411764705882
1695,0.07941176470588236
1696,-0.6617647058823529
1697,0.7647058823529411
1698,-0.23823529411764705
1699,-0.035294117647058816
1700,0.2470588235294117
1701,0.07647058823529412
1702,0.17660048931157807
1703,0.29411764705882354
1704,0.11184697656399943
1705,0.2411764705882353
1706,-0.07352941176470587
1707,0.5
1708,0.6088235294117647
1709,0.4621046136986292
1710,-0.4764705882352941
1711,-0.0588235294117647
1712,0.33529411764705885
1713,-0.2588235294117647
1714,-0.044117647058823525
1715,0.3882352941176471
1716,-0.44117647058823534
1717,-0.0029411764705882357
1718,-0.6176470588235293
1719,-0.7176470588235294
1720,0.6176470588235293
1721,0.6882352941176471
1722,-0.25
1723,-0.2470588235294117
1724,0.014705882352941175
1725,-0.2323529411764706
1726,-0.3147058823529411
1727,0.14411764705882352
1728,-0.2617647058823529
1729,0.19411764705882356
1730,0.4088235294117647
1731,0.4352941176470588
1732,0.3147058823529411
1733,0.5411764705882353
1734,0.8150161574462164
1735,0.6938916854895679
1736,0.3558823529411765
1737,-0.05
1738,-0.4441176470588235
1739,-0.5676470588235295
1740,0.2588235294117647
1741,0.14411764705882352
1742,0.4264705882352941
1743,0.4617647058823529
1744,0.3647058823529412
1745,0.5294117647058824
1746,0.09411764705882353
1747,0.3794117647058824
1748,0.4382352941176471
1749,0.17058823529411765
1750,-0.1176470588235294
1751,0.8588235294117647
1752,0.6088235294117647
1753,0.22352941176470587
1754,-0.4088235294117647
1755,-0.4441176470588235
1756,-0.6676470588235294
1757,-0.2411764705882353
1758,-0.611764705882353
1759,0.5735294117647058
1760,-0.05
1761,0.3970588235294118
1762,-0.1
1763,-0.3617647058823529
1764,0.21764705882352944
1765,0.6441176470588235
1766,0.3764705882352941
1767,0.07647058823529412
1768,0.5264705882352941
1769,-0.1074746581247758
1770,0.2794117647058824
1771,0.5823529411764706
1772,-0.29705882352941176
1773,-0.5470588235294118
1774,0.0029411764705882357
1775,0.19411764705882356
1776,0.29705882352941176
1777,0.14705882352941174
1778,-0.07941176470588236
1779,0.16176470588235295
1780,0.7294117647058823
1781,0.16176470588235295
1782,0.2617647058823529
1783,0.8441176470588234
1784,-0.4352941176470588
1785,0.0414826195662172
1786,0.2676470588235294
1787,0.5764705882352941
1788,0.5548198705872078
1789,-0.5176470588235293
1790,-0.3764705882352941
1791,0.4558823529411765
1792,0.06764705882352941
1793,0.36764705882352944
1794,0.4470588235294117
1795,-0.8323529411764706
1796,0.02941176470588235
1797,0.0132548008255318
1798,0.8058823529411765
1799,0.2029411764705882
1800,0.011764705882352941
1801,0.21764705882352944
1802,0.6264705882352941
1803,0.047058823529411764
1804,-0.2147058823529412
1805,0.3382352941176471
1806,0.3264705882352941
1807,0.33529411764705885
1808,-0.3941176470588235
1809,-0.15294117647058825
1810,-0.3852941176470588
1811,-0.17058823529411765
1812,-0.2352941176470588
1813,0.08529411764705883
1814,0.22058823529411767
1815,0.18235294117647055
1816,-0.3617647058823529
1817,0.5441176470588236
1818,-0.21176470588235294
1819,-0.026868664531193947
1820,0.7676470588235293
1821,-0.6264705882352941
1822,-0.6352941176470589
1823,0.19411764705882356
1824,0.2647058823529412
1825,0.23823529411764705
1826,0.44117647058823534
1827,-0.5264705882352941
1828,0.15588235294117647
1829,0.6235294117647059
1830,-0.19705882352941176
1831,0.5807566739270407
1832,0.17352941176470588
1833,0.34411764705882353
1834,-0.3705882352941177
1835,-0.7735294117647058
1836,0.16764705882352945
1837,0.2647058823529412
1838,-0.2147058823529412
1839,-0.2323529411764706
1840,-0.7294117647058823
1841,0.3852941176470588
1842,-0.3882352941176471
1843,0.5529411764705882
1844,-0.4647058823529412
1845,0.2323529411764706
1846,0.06470588235294117
1847,0.4470588235294117
1848,-0.3970588235294118
1849,0.48823529411764705
1850,-0.17352941176470588
1851,-0.02941176470588235
1852,0.4529411764705882
1853,0.4470588235294117
1854,0.22058823529411767
1855,0.27058823529411763
1856,0.05588235294117647
1857,0.23823529411764705
1858,0.07647058823529412
1859,0.18529411764705886
1860,-0.2823529411764706
1861,-0.19117647058823528
1862,0.641862541578522
1863,0.3941176470588235
1864,0.05588235294117647
1865,-0.4588235294117647
1866,0.1352941176470588
1867,-0.5852941176470587
1868,0.6205882352941177
1869,-0.34411764705882353
1870,0.9015929653800634
1871,-0.38235294117647056
1872,0.30882352941176466
1873,-0.05
1874,-0.36764705882352944
1875,-0.052941176470588235
1876,-0.3705882352941177
1877,-0.5764705882352941
1878,-0.047058823529411764
1879,-0.19411764705882356
1880,0.6074240722196088
1881,-0.18235294117647055
1882,0.4147058823529412
1883,-0.25
1884,-0.08823529411764705
1885,-0.17941176470588235
1886,-0.85
1887,0.7441176470588236
1888,0.2264705882352941
1889,0.18235294117647055
1890,0.1176470588235294
1891,0.7029411764705883
1892,-0.1323529411764706
1893,-0.023529411764705882
1894,-0.15588235294117647
1895,0.15294117647058825
1896,0.4264705882352941
1897,-0.5117647058823529
1898,0.6029411764705882
1899,0.3205882352941176
1900,-0.10588235294117647
1901,0.06470588235294117
1902,-0.3588235294117647
1903,-0.1323529411764706
1904,0.2147058823529412
1905,0.7676470588235293
1906,0.5205882352941177
1907,-0.36764705882352944
1908,0.1176470588235294
1909,0.05588235294117647
1910,-0.10588235294117647
1911,-0.4617647058823529
1912,0.16176470588235295
1913,-0.0029411764705882357
1914,0.05588235294117647
1915,-0.3617647058823529
1916,0.4088235294117647
1917,-0.6441176470588235
1918,0.9088235294117648
1919,0.4223414370685211
1920,-0.2029411764705882
1921,0.3046358440624721
1922,0.3970588235294118
1923,0.1176470588235294
1924,-0.2794117647058824
1925,-0.2058823529411765
1926,0.5441176470588236
1927,-0.3294117647058824
1928,-0.2147058823529412
1929,-0.3058823529411765
1930,0.12941176470588234
1931,-0.5323529411764706
1932,-0.06470588235294117
1933,-0.08529411764705883
1934,0.44117647058823534
1935,0.3382352941176471
1936,0.1411764705882353
1937,0.052941176470588235
1938,-0.16764705882352945
1939,-0.6558823529411765
1940,-0.035294117647058816
1941,-0.052941176470588235
1942,-0.1764705882352941
1943,-0.29705882352941176
1944,-0.3794117647058824
1945,0.4382352941176471
1946,0.11470588235294114
1947,0.2794117647058824
1948,0.07058823529411765
1949,-0.4676470588235294
1950,-0.611764705882353
1951,0.8764705882352942
1952,-0.4647058823529412
1953,-0.30882352941176466
1954,0.014705882352941175
1955,-0.10588235294117647
1956,0.6441176470588235
1957,0.5058823529411764
1958,0.4041315518157298
1959,-0.31764705882352945
1960,0.06176470588235294
1961,-0.11470588235294114
1962,0.3147058823529411
1963,-0.23823529411764705
1964,0.3205882352941176
1965,0.2794117647058824
1966,0.4427343520142243
1967,0.023529411764705882
1968,-0.1411764705882353
1969,-0.06470588235294117
1970,-0.7294117647058823
1971,0.8058823529411765
1972,0.33529411764705885
1973,0.823529411764706
1974,-0.18529411764705886
1975,0.5529411764705882
1976,-0.22058823529411767
1977,-0.5503054919349629
1978,0.2088235294117647
1979,0.2147058823529412
1980,0.6
1981,0.09411764705882353
1982,-0.2470588235294117
1983,0.2029411764705882
1984,-0.2852941176470589
1985,0.6588235294117648
1986,0.2676470588235294
1987,-0.4676470588235294
1988,-0.026470588235294117
1989,-0.3852941176470588
1990,-0.4735294117647058
1991,0.3558823529411765
1992,-0.17352941176470588
1993,-0.017647058823529408
1994,-0.2147058823529412
1995,0.10588235294117647
1996,0.09705882352941177
1997,-0.15588235294117647
1998,-0.035294117647058816
1999,-0.3294117647058824
