,value_per_image
0,0.052168262017459735
1,0.23615986871691086
2,0.04678843699983404
3,0.2472686379911489
4,0.0038299932412301924
5,0.03190032829011138
6,0.10254117982875134
7,0.074869203220881
8,0.11494857067678475
9,0.02561961615495363
10,0.05694530345724205
11,0.048657555082027834
12,0.1111381110767896
13,0.08395319388541349
14,0.039584282989693534
15,0.08476857680061642
16,0.05465758730157715
17,0.03922712813918874
18,0.05794479531694149
19,0.018031686015878637
20,0.05214309721379543
21,0.051840506871207864
22,0.006658738345253982
23,0.09561462067336493
24,0.08045605900044042
25,0.12238163756007175
26,0.061102584196966486
27,0.016088085833359324
28,0.010656340972343876
29,0.17385407745954756
30,0.017740070530824763
31,0.10384332407015984
32,0.03178834123721905
33,0.05120528322826964
34,0.00813296876321673
35,0.01963971967316705
36,0.15187094634939052
37,0.040144584429402115
38,0.005806826473007408
39,0.062240497665698384
40,0.1117619171954786
41,0.012474014333773088
42,0.0915840298245812
43,0.00498209655391808
44,0.06095328166933502
45,0.008366691065869104
46,0.008675421422481186
47,0.050575413635293366
48,0.0240738580487066
49,0.14867187027050707
50,0.09954295242978443
51,0.003584187573525515
52,0.03881814160392096
53,0.0593378027561727
54,0.1310258728677769
55,0.05611095057531359
56,0.12621072518491672
57,0.007831685874573653
58,0.02804518360020977
59,0.12934275846110754
60,0.17500704614045648
61,0.04888558721916195
62,0.23684852836653045
63,0.10230437540807172
64,0.09063836350498168
65,0.011964552789919723
66,0.005117275028867536
67,0.0642182749653293
68,0.07062220217979162
69,0.06360867028251073
70,0.016766556551958432
71,0.05441718564407005
72,0.1155127378269822
73,0.08971812034418747
74,0.19169937429397613
75,0.06344613913890652
76,0.07191204474940648
77,0.004261661683954329
78,0.024136449780078385
79,0.10160031423073942
80,0.09052352711413207
81,0.041811527759292116
82,0.005975265992916354
83,0.0630004334086423
84,0.15630958124614416
85,0.03245304527509034
86,0.17810399120697168
87,0.08962725633940452
88,0.004433958152785208
89,0.07574246080806513
90,0.0292374357843353
91,0.023217025743901075
92,0.035093390570964535
93,0.0787729924665136
94,0.170972437065789
95,0.044700211799130654
96,0.02572057974254499
97,0.1681868258193836
98,0.04194691436043308
99,0.05544960023772325
100,0.12126833310417208
101,0.020466591632535856
102,0.286293624088189
103,0.02031561742175543
104,0.09030475267151852
105,0.1000266091708872
106,0.01107238817806387
107,0.13460857866519144
108,0.07699503989477878
109,0.01808305800630237
110,0.06633118983866179
111,0.014010557474783313
112,0.05810535410776884
113,0.06519111341140707
114,0.041157911873524036
115,0.06760725041231634
116,0.029634894220912294
117,0.06724232462077198
118,0.0585409881129944
119,0.031377545644935036
120,0.0349131244956183
121,0.035295309413619656
122,0.13539335150599158
123,0.024451115729825543
124,0.08175549522267198
125,0.02970038501528423
126,0.010216836753919791
127,0.02652648282749361
128,0.1086479205048602
129,0.00809903720192503
130,0.0823938781081227
131,0.06599285481869739
132,0.03198090323531634
133,0.02676881634519478
134,0.09668163914782843
135,0.12248538396530415
136,0.08946819475503227
137,0.06397164448624702
138,0.16139926124620732
139,0.06300970441402623
140,0.19699349610007533
141,0.01680716101060609
142,0.05547524489344522
143,0.15081261378873986
144,0.09955332241236857
145,0.0528363277186045
146,0.027403426422726508
147,0.06510585849913901
148,0.03997958452024465
149,0.03831516112315135
150,0.12281497744161138
151,0.1164413003592404
152,0.07095461890082168
153,0.08153032159427348
154,0.0960398001306334
155,0.027671714741956743
156,0.06910878582056301
157,0.15721287629465228
158,0.058694837898647614
159,0.07180261771645319
160,0.01167750498652843
161,0.0676224871047149
162,0.12332789980293955
163,0.04830233687321566
164,0.1666744236967993
165,0.09497766924052788
166,0.04863235679436085
167,0.16010603045096186
168,0.048355086320803514
169,0.034100002953373766
170,0.18534358686446592
171,0.08210824959609354
172,0.08641824073394926
173,0.04604533620776438
174,0.10043095437372893
175,0.009214330097563615
176,0.02310447389649893
177,0.25479620752204635
178,0.008256693780479718
179,0.021705977140589826
180,0.08950886226024389
181,0.022392979062938547
182,0.03302579421018916
183,0.022506354242158317
184,0.050601283335789685
185,0.043279465054279605
186,0.16931802821766495
187,0.145868489007611
188,0.06517252849123739
189,0.014312485477071146
190,0.02130808132164073
191,0.10619592316760372
192,0.09270730127414042
193,0.02357872688993332
194,0.14644086385531574
195,0.18045292539129007
196,0.0665030398859388
197,0.10399212971089918
198,0.04694877046570276
199,0.002491931184359808
200,0.0510375124583698
201,0.04569429479430824
202,0.03190637882248785
203,0.15629955289693842
204,0.03507022416606436
205,0.1406596398956199
206,0.02489148170534071
207,0.1266248691784131
208,0.17710579050024655
209,0.05667627671436892
210,0.094160895251266
211,0.04675325490939612
212,0.03075265700282495
213,0.056750014390738825
214,0.04375744467353348
215,0.010825884236283232
216,0.0653705018110306
217,0.01026946697272552
218,0.0665594469081305
219,0.08357450601620897
220,0.02877902803974165
221,0.021325495467518975
222,0.10323708859693644
223,0.043748357873925316
224,0.16616155443099348
225,0.07213074176184196
226,0.10439587979209226
227,0.12055081947274747
228,0.06875025041284605
229,0.045966766219311804
230,0.11116478326272157
231,0.008299806303184309
232,0.03809952671811901
233,0.05945161222653785
234,0.042910606056300746
235,0.012253033056512729
236,0.07092751603916643
237,0.015933130924336278
238,0.21272533291662826
239,0.12420099174823335
240,0.21801307279324111
241,0.02842308303261305
242,0.019158151318161804
243,0.14540018339382388
244,0.022391758495769503
245,0.059457882130902785
246,0.04786525608104561
247,0.06908305741307648
248,0.02696385028550128
249,0.0466638828412044
250,0.016780121007166714
251,0.028168620167091412
252,0.1547176277366691
253,0.050956505993794234
254,0.04807755817970783
255,0.028120065866592985
256,0.05226497629350019
257,0.07468972935742556
258,0.13415741378350982
259,0.05948372435127435
260,0.11443177824688686
261,0.10406414205915968
262,0.08812777945467905
263,0.01167913796025307
264,0.08837785035716553
265,0.1307917071122017
266,0.05769250852574659
267,0.08689816605102596
268,0.016429379782382226
269,0.07357205845730351
270,0.12700933059353442
271,0.12582563454654674
272,0.06930141573950006
273,0.08959551168108984
274,0.04007382785988907
275,0.021471910643051848
276,0.13691709828905652
277,0.04022592970509712
278,0.12414877872077695
279,0.08944547786537614
280,0.09961899737078324
281,0.004467509749451367
282,0.0069877395303510476
283,0.017916750377382863
284,0.03660410657586148
285,0.14282870653461047
286,0.0881645627701199
287,0.007535902168412092
288,0.012299925011677022
289,0.19187600406259864
290,0.12043302877539487
291,0.2252752796911711
292,0.1364136229977523
293,0.054828562530360905
294,0.0478931019092286
295,0.12802256402881482
296,0.03228963359380047
297,0.18823356727675766
298,0.03903516878166542
299,0.10977808802644508
300,0.21955306847979697
301,0.11779414987188458
302,0.25733587261049023
303,0.05068569745283032
304,0.011545568610061415
305,0.0004279649351524722
306,0.06722514613465479
307,0.08906396331910768
308,0.07913503993737178
309,0.07621994383323834
310,0.1036274876530704
311,0.08564669617608903
312,0.021230963715573196
313,0.3687617612065565
314,0.0984567079281856
315,0.0745185659483569
316,0.06447490676719869
317,0.021779746580312426
318,0.006953065710600935
319,0.12705665734055469
320,0.14917327083841747
321,0.1032488658256641
322,0.05762178542751435
323,0.17305483929711182
324,0.12381796619796945
325,0.09779046995118214
326,0.06642673801808283
327,0.022079364544845617
328,0.058342037276336474
329,0.032836899880416534
330,0.03311844715231699
331,0.03992617764536082
332,0.014687713694445341
333,0.06640224960093033
334,0.0228571661714332
335,0.10781225229375438
336,0.0175954978601305
337,0.11522017032295112
338,0.0861172076280054
339,0.10334543956209093
340,0.03662785972925861
341,0.03937969023982412
342,0.1632296442397195
343,0.06488251213278849
344,0.0580097062908627
345,0.012635361542154349
346,0.1058998358145234
347,0.08395686358866927
348,0.052270468000317385
349,0.06004376068774464
350,0.07510548663629764
351,0.21791975782665254
352,0.04218396211169538
353,0.003033854385022056
354,0.07351389248865185
355,0.035054156076360345
356,0.013524148306076863
357,0.0283766762396514
358,0.059203643846223036
359,0.0028853889092377944
360,0.016591273609635644
361,0.0004562754125219965
362,0.07633123273670113
363,0.004537308461066825
364,0.03737613051828468
365,0.22315552530103025
366,0.11084148703667146
367,0.07201957420651213
368,0.11877897938483263
369,0.12285149110171438
370,0.08687002433693412
371,0.10534594982513472
372,0.09204127364358404
373,0.038785314015758514
374,0.058483830678513725
375,0.038804932912997685
376,0.10660911035195976
377,0.08819329160713102
378,0.14959782358733315
379,0.1408871439138034
380,0.08428181450171976
381,0.10075818873141312
382,0.21624226914167569
383,0.102424457539735
384,0.04151542677532133
385,0.17715700249197255
386,0.007579508253146868
387,0.07924349753707342
388,0.13289494273143154
389,0.053269181122401525
390,0.09383348607027132
391,0.0003628351687566464
392,0.1610299373635245
393,0.02270298006204461
394,0.1565984640774173
395,0.07850170721941663
396,0.047996958088837686
397,0.0031837311972701433
398,0.017700022175289126
399,0.11674000210488175
400,0.17202430348696332
401,0.07001276551471179
402,0.07471780825232009
403,0.05718192064195736
404,0.010378088203309805
405,0.22528732975591986
406,0.008278259332192736
407,0.04051586583946865
408,0.010057652129548228
409,0.028360283994237626
410,0.13144269463994662
411,0.10361475242054834
412,0.047329014746316594
413,0.007112548452233375
414,0.0517506017750924
415,0.0566042639254317
416,0.006754815031217889
417,0.08260507138666523
418,0.05564724641369287
419,0.16559596662242648
420,0.006196353159257777
421,0.044842777196602304
422,0.033853060002012395
423,0.13250223292026428
424,0.060960194068548974
425,0.002630815393283989
426,0.03202126355242572
427,0.03987011509218759
428,0.053579043195209335
429,0.11394158409360915
430,0.1523609135452676
431,0.008962360724989345
432,0.1608044319280224
433,0.08120001847778238
434,0.1561452730588443
435,0.0779906036394044
436,0.18172933274822864
437,0.043144702652669085
438,0.06007983714640575
439,0.1297570664582084
440,0.020504054472050132
441,0.10733291082932464
442,0.1848798046959973
443,0.03979014990932971
444,0.006664084203496342
445,0.010595666002280449
446,0.040087140149190535
447,0.11956065389821967
448,0.10938958255542673
449,0.1752966552271742
450,0.1040620770195445
451,0.14176295061464214
452,0.010223554299569344
453,0.07932989727553813
454,0.1235734820343925
455,0.0635001901507512
456,0.0994138722846236
457,0.17979256348321504
458,0.03246613757469606
459,0.1319521324230564
460,0.1325914320630443
461,0.015695889249418702
462,0.0381643295368511
463,0.08133802999547395
464,0.11505978106321404
465,0.047265648475439966
466,0.07023650121265346
467,0.068261112864358
468,0.0348178772816745
469,0.005745597498530986
470,0.023113200534282227
471,0.1443559786773268
472,0.05275607362077374
473,0.12400388614992992
474,0.027472714716227017
475,0.06467178466719065
476,0.02799119635914449
477,0.016796711696486086
478,0.07141974157812958
479,0.2637275479759342
480,0.08605289031566539
481,0.1231580152994084
482,0.08763314640413772
483,0.005408095765766696
484,0.04239311749463668
485,0.011933389630032315
486,0.07727087481340797
487,0.08278464564539602
488,0.101618672939661
489,0.06284071490714423
490,0.02652005082012816
491,0.031228779480023332
492,0.10006709933638996
493,0.09340359600634338
494,0.1048114045211656
495,0.11543268083370548
496,0.11868727435472845
497,0.05235148059207087
498,0.07032048928325449
499,0.08410496968972893
500,0.11965954516471425
501,0.09823931027884486
502,0.03031120251714617
503,0.0641664052093989
504,0.022254428357848254
505,0.009834639102144478
506,0.003409480140118784
507,0.0011958170365000526
508,0.0495624313508656
509,0.05367406743472968
510,0.16840486801250398
511,0.21132475839104908
512,0.0038102079104585813
513,0.029027214932384637
514,0.15652132794901555
515,0.0134801070955198
516,0.07190819469179341
517,0.06469605118949599
518,0.006666873383384264
519,0.11184850071368856
520,0.017784176013501008
521,0.11008355766520532
522,0.07699128794981291
523,0.05919708414072693
524,0.1190121386587462
525,0.09977352681524372
526,0.010528545106891076
527,0.13581492190413025
528,0.033706873506586146
529,0.03698261651843378
530,0.07841314348738916
531,0.06869119937256915
532,0.029694312993389895
533,0.06831645365994121
534,0.08779990707233566
535,0.027280751077669897
536,0.012297567663824949
537,0.08379114597405801
538,0.11065341022926173
539,0.05183659120898184
540,0.08512887681651397
541,0.18450797994306425
542,0.04990171926697776
543,0.041411326941036004
544,0.21674097867761694
545,0.08943183083959501
546,0.12114168326328108
547,0.02245057963572827
548,0.08742219548802503
549,0.010323493698520857
550,0.007629404402478031
551,0.017845131503492522
552,0.045725826219887585
553,0.01951509034623606
554,0.12298203766617118
555,0.14489482171463658
556,0.0906957532725611
557,0.03765771307681574
558,0.11151039176072068
559,0.006767450983244238
560,0.11501456374632657
561,0.08557863815558263
562,0.08205872519378853
563,0.16454653852770573
564,0.10324793208542356
565,0.0997215076443131
566,0.06982722664407989
567,0.19964593249515936
568,0.2221059396491892
569,0.010744910319925959
570,0.0938244316088529
571,0.044092424794842815
572,0.0798737354566712
573,0.0544793088744837
574,0.09695650256740053
575,0.008215005122818964
576,0.06622270974358102
577,0.015466210062911543
578,0.06432345441278972
579,0.05985096078401591
580,0.07718625190427103
581,0.15178828183131451
582,0.04253881223281155
583,0.12949036866335778
584,0.13677412081572565
585,0.026407516936523247
586,0.15336619714416894
587,0.057872436485317584
588,0.017919652251633025
589,0.011480654478641744
590,0.07960822768074932
591,0.11022086792733593
592,0.14609389928110528
593,0.15577240184371388
594,0.2388788480044501
595,0.08144399837645433
596,0.0767465070523378
597,0.09440130745048464
598,0.22823752892623916
599,0.06520830415193844
600,0.12112985900618695
601,0.0594435339949572
602,0.0526370002339111
603,0.09013711702661996
604,0.028351727817913036
605,0.02942418904401486
606,0.12773374443636626
607,0.10076376815899883
608,0.1617931337795925
609,0.05028766967829516
610,0.09742509159015796
611,0.2152002236416073
612,0.07583270749672963
613,0.07311633288547635
614,0.11304944977408075
615,0.10150934522015022
616,0.21658777324676973
617,0.019257494577524046
618,0.04117137547017232
619,0.022731616784257586
620,0.10225099051547433
621,0.07355484095709107
622,0.06510187195930424
623,0.05508719506388001
624,0.2438002902229949
625,0.07848554129490386
626,0.15316578819825316
627,0.03990396704879294
628,0.008917802190701738
629,0.22870594669331015
630,0.06972447171811796
631,0.06507847894485769
632,0.07417263284126316
633,0.01675266935118795
634,0.10698914720364697
635,0.0004440609133728873
636,0.0043856710858626346
637,0.12306439000291433
638,0.031696843990694265
639,0.1170866231238048
640,0.03424244846725569
641,0.08890297575584796
642,0.15096439228510328
643,0.10011771339655874
644,0.1094202115292802
645,0.07048781873061677
646,0.09893813598605038
647,0.02348054926718137
648,0.15040177058226756
649,0.04231050047988545
650,0.0010187831433280605
651,0.0949827313876276
652,0.0598093961311397
653,0.017963683396689547
654,0.023397959769562743
655,0.007083423109274479
656,0.12276607306689448
657,0.0686049169410593
658,0.15343765336373094
659,0.12340853848454762
660,0.07499390408477903
661,0.2410638116836092
662,0.08580557564652047
663,0.05785844582850873
664,0.08481041348339652
665,0.15025806145005047
666,0.016904340532401953
667,0.05307623312646818
668,0.08092575755754668
669,0.07303377947582096
670,0.014702333187482253
671,0.14253855565690404
672,0.009928132849437636
673,0.11469993505383635
674,0.017252918523346133
675,0.04689488677595004
676,0.15207557344823325
677,0.11567427090924025
678,0.14633181389266356
679,0.15067670134743416
680,0.0792922816998062
681,0.06294955477240573
682,0.05196911658762104
683,0.09954218419768078
684,0.033013954272383336
685,0.04324101735497399
686,0.0645887308576858
687,0.04375970573031783
688,0.09253977773609924
689,0.01723103502880686
690,0.028133598714029463
691,0.06331412826592206
692,0.10771097591799783
693,0.08950893870304773
694,0.011368659830380042
695,0.0584059885827273
696,0.2074365883937079
697,0.18452298978670986
698,0.06697514337935268
699,0.14422838119781445
700,0.03967756679949717
701,0.1749076377892582
702,0.21456322163757244
703,0.029887024215742918
704,0.09143202395412604
705,0.15521591558812026
706,0.052883347978218864
707,0.0714611956243584
708,0.00890831753769767
709,0.015212303750804231
710,0.2974226431330732
711,0.06953136836236287
712,0.04565894770049851
713,0.030576624709447033
714,0.055998544965657295
715,0.13665832044421025
716,0.09269026649730802
717,0.12201949863588625
718,0.04816393015685826
719,0.0897598631948586
720,0.0068889178090747885
721,0.10769912108667556
722,0.2324234163730545
723,0.0829008212912861
724,0.007926445154155628
725,0.09078901710504048
726,0.17481484926574747
727,0.11807872218910775
728,0.02441778411971977
729,0.038258421025535866
730,0.09124895188640036
731,0.013897011729865287
732,0.1919433650566349
733,0.10491647970998194
734,0.29760559131462105
735,0.09763783775617776
736,0.09242126610867983
737,0.05392763846518184
738,0.13918608435800073
739,0.15159676654445575
740,0.10304769791849644
741,0.13857844119774568
742,0.08828332248235085
743,0.12958818469033534
744,0.06900501129115405
745,0.1058345587677102
746,0.0415809231685535
747,0.14326723833387356
748,0.028905166945463075
749,0.037621632098781416
750,0.04253465714528333
751,0.06601127770638053
752,0.06202556737237571
753,0.14487863183826902
754,0.07626759346916116
755,0.06481292760460912
756,0.0037412827296145435
757,0.012187182855433805
758,0.06329693473029578
759,0.2051157526859944
760,0.14151382213764455
761,0.18406479445362825
762,0.2458028525149701
763,0.17382603765546706
764,0.006472810272643346
765,0.1928734002964633
766,0.07168261834482398
767,0.16735572818271885
768,0.035734766162275486
769,0.0413196800807797
770,0.06658963064672943
771,0.039140892714768574
772,0.13803871213955338
773,0.1733239512255704
774,0.03007309965461383
775,0.036574804039102266
776,0.12995893277268875
777,0.07235803895575528
778,0.02194851320771526
779,0.02416970348542078
780,0.10908553647722737
781,0.1585674938122464
782,0.07893676424904555
783,0.15164983584006578
784,0.05045514272428401
785,0.02813734281310016
786,0.09653576435185107
787,0.1400120608084039
788,0.059516372775377475
789,0.04087249805090868
790,0.09960799093549864
791,0.09713853686350304
792,0.05749560304548409
793,0.0452305082935064
794,0.16042864084172634
795,0.006726787640220904
796,0.13456759566802945
797,0.06882743761257372
798,0.1785367852366043
799,0.16646097294850135
800,0.21086897312360176
801,0.16691587608150418
802,0.009304150833982084
803,0.11110661263019897
804,0.025420110457395968
805,0.07862818391332105
806,0.17812574144433874
807,0.08238356600321485
808,0.22238919331590604
809,0.06822363242811996
810,0.134202817564922
811,0.03964794202903274
812,0.003170503560794576
813,0.0010263628905325577
814,0.07999057094522277
815,0.10471493390492044
816,0.008693123454831829
817,0.02306748218133445
818,0.022504878563729392
819,0.011807602825387543
820,0.02778370034284476
821,0.05300967026160845
822,0.15507845606027912
823,0.015186889796292225
824,0.08535568642607141
825,0.09218400586258617
826,0.10037695368115312
827,0.10978132971713477
828,0.17058492266842906
829,0.016133398739716812
830,0.1064092624641367
831,0.08548412528856872
832,0.0850843955564819
833,0.019400501883393536
834,0.07189320784350939
835,0.009631769877901855
836,0.032604688990143946
837,0.007698963091128048
838,0.0626697266157563
839,0.009693480521595788
840,0.10438405227502744
841,0.09426206129830056
842,0.07669253651242915
843,0.07387679294772706
844,0.053132667420964924
845,0.11783504182101975
846,0.162497095688054
847,0.0660646910216071
848,0.1161710393612572
849,0.032305385437098724
850,0.12133943991201865
851,0.09408044617400987
852,0.227467985512996
853,0.1303636105483416
854,0.15476291739730466
855,0.023592851738415653
856,0.013571225618578571
857,0.2256163056571629
858,0.01420550506093359
859,0.04805302407676938
860,0.10636472829532136
861,0.03493761132058261
862,0.14480572979824693
863,0.04889494773619081
864,0.07767927262771904
865,0.10410834232638876
866,0.04598524889263244
867,0.09068390910979383
868,0.036336764584835424
869,0.05326636735488413
870,0.08197873253532535
871,0.044239285790569766
872,0.11047718531893187
873,0.0964492009186468
874,0.15354688233344474
875,0.28642367682225217
876,0.060001364881106536
877,0.033373297881022695
878,0.007334766235456034
879,0.09480829670173856
880,0.0066949384397743325
881,0.047058562775116816
882,0.05445841122011715
883,0.05139118719606159
884,0.06692577978886206
885,0.03557295807632426
886,0.11150595514353406
887,0.07196255524434618
888,0.029961130059160183
889,0.1094132927911065
890,0.042683704865154624
891,0.11121852277791863
892,0.014068089097984435
893,0.06250012521732037
894,0.017519490689457955
895,0.041618811137924684
896,0.059107203678140624
897,0.04752272456834655
898,0.013124179697148255
899,0.07473245865857434
900,0.0680562986066357
901,0.24239664987104864
902,0.06930260948179925
903,0.006495371714192935
904,0.1263549325923922
905,0.1382743507955008
906,0.07816776130796323
907,0.07408577579094462
908,0.001971170263557182
909,0.0027991604878806913
910,0.06637023037635616
911,0.08417185329063348
912,0.05066178409032989
913,0.038961135416674
914,0.08296667656189692
915,0.10869905721670108
916,0.06520936395745934
917,0.011720104582174913
918,0.06800526972603893
919,0.19980694042634692
920,0.08109363816981674
921,0.13785869932800687
922,0.00508624479739611
923,0.028231608577562337
924,0.2163851134938679
925,0.06069022239265421
926,0.05324527379635308
927,0.1627301816520685
928,0.034543924038986575
929,0.10102388763579928
930,0.09196431122775817
931,0.08069707772804395
932,0.05564488894500448
933,0.1395168229231783
934,0.12432519304825193
935,0.1901678019676693
936,0.1372670484451553
937,0.010275776963818971
938,0.02339101421959264
939,0.038799727525291296
940,0.07032057040090259
941,0.13279431805420727
942,0.01082029818322771
943,0.02444698461200532
944,0.21913516024362495
945,0.0887956449898463
946,0.04969092111956201
947,0.10553758237786122
948,0.07181385506787337
949,0.049023429876497854
950,0.06943792746046362
951,0.011245402293259741
952,0.10099988339278387
953,0.03674758979700537
954,0.1146756072516758
955,0.009935874518017095
956,0.011596143505354234
957,0.0533734810172031
958,0.055838014053572985
959,0.1097383198180086
960,0.058028961933347466
961,0.03690231409012039
962,0.05053011665339918
963,0.00392500356263446
964,0.10156268070722606
965,0.01868683880927021
966,0.073749502012367
967,0.10304788993449104
968,0.07017569811595817
969,0.017564764170636602
970,0.06411286033751724
971,0.01910718577100961
972,0.049260470363002976
973,0.25972270070449804
974,0.08118804952323891
975,0.25207733648645275
976,0.008785646538893603
977,0.10453789056604168
978,0.07654086001839841
979,0.02423118671963453
980,0.17051174774646255
981,0.00721598797649047
982,0.14015778962108735
983,0.003158960828774739
984,0.038624153416518266
985,0.1466239835979147
986,0.04107486097659685
987,0.06067151791325935
988,0.024152382370079314
989,0.10776033202808626
990,0.0016830421405851243
991,0.07775743120255063
992,0.028197341138592937
993,0.03656602713526718
994,0.020215762513058202
995,0.021616712557148428
996,0.08442899608952616
997,0.07391971827333832
998,0.08676575643717223
999,0.08669839771180189
1000,0.11070132446070237
1001,0.030434247222919826
1002,0.03340504013144393
1003,0.06638787871651436
1004,0.21951976690841085
1005,0.02084755487071972
1006,0.020299180789196257
1007,0.08798928105952898
1008,0.06485718072688425
1009,0.17956981213741885
1010,0.04130712625488664
1011,0.05869738089224062
1012,0.019024296521814414
1013,0.1007143792736923
1014,0.007826210433311746
1015,0.052678754607234465
1016,0.04320204550758849
1017,0.005062759904644009
1018,0.07425883759292191
1019,0.1513602865730158
1020,0.09039895825259846
1021,0.008476664272118158
1022,0.11612717260490395
1023,0.03547168861742126
1024,0.1979926381950235
1025,0.0021754179216938053
1026,0.14348896529784966
1027,0.1493925821064875
1028,0.08356959685200704
1029,0.18440577675604747
1030,0.05958152543419332
1031,0.09086841996396658
1032,0.027761354039539388
1033,0.12694064611318884
1034,0.06228561608990987
1035,0.1115688357446182
1036,0.02184752679001926
1037,0.014153584401764075
1038,0.04569802608684773
1039,0.08480313551359046
1040,0.0478997691396898
1041,0.06784470231957908
1042,0.26542654183148606
1043,0.04402799611942559
1044,0.033345596949666184
1045,0.03636350823026715
1046,0.2253741395636164
1047,0.02238068069518908
1048,0.10030219352878113
1049,0.05633493793744757
1050,0.031592342502168434
1051,0.215732484379534
1052,0.14705575007959126
1053,0.15311829260700574
1054,0.02728597462198314
1055,0.1358686803006557
1056,0.032092941654670214
1057,0.039543533676077734
1058,0.05494222533512679
1059,0.015412582542929557
1060,0.07496952909670683
1061,0.030506035506131176
1062,0.03921189667638399
1063,0.1626291850308729
1064,0.15657631379443998
1065,0.1388052335996497
1066,0.04364976992071663
1067,0.022241290960711486
1068,0.0670477320324216
1069,0.008567669254783155
1070,0.014533187146718791
1071,0.1734763074602532
1072,0.1788983705118186
1073,0.03733733508269036
1074,0.18043303228122964
1075,0.25354216012634273
1076,0.1400523767166851
1077,0.15693116997670276
1078,0.08244943818757214
1079,0.05337615250478305
1080,0.0028205509440071288
1081,0.1870928237417176
1082,0.0633038294412195
1083,0.02944684919143922
1084,0.013702869571681174
1085,0.10862730541684328
1086,0.039007459951522334
1087,0.053924054175350566
1088,0.02933839640116737
1089,0.10963077718619596
1090,0.015880685925266633
1091,0.08669715259483894
1092,0.16074709290322306
1093,0.10654948259234402
1094,0.027259311180696418
1095,0.06566461055009176
1096,0.008870578264489669
1097,0.13884932853564766
1098,0.04952379837353185
1099,0.02570265471145546
1100,0.0030821845601991683
1101,0.10928855930203492
1102,0.13959305110636488
1103,0.1895355973130838
1104,0.16763100801089426
1105,0.002276353748326978
1106,0.06954509729932001
1107,0.10975484883745533
1108,0.09784785226604588
1109,0.10281162913989378
1110,0.1210142854563133
1111,0.010742334421542077
1112,0.021311042261079688
1113,0.010876952911047186
1114,0.16388579755986954
1115,0.2858727373583201
1116,0.03772321303146384
1117,0.3027154374716458
1118,0.03150922260612452
1119,0.07541740873754046
1120,0.16568994139719315
1121,0.052586683153051365
1122,0.05767041362377124
1123,0.022955770489766096
1124,0.07694549473377893
1125,0.09362781808007016
1126,0.03376530979059759
1127,0.04826857314117551
1128,0.07580722433738203
1129,0.09072887257314928
1130,0.11161336418392293
1131,0.04459935432088885
1132,0.07319999762157485
1133,0.13060961302100044
1134,0.05346760447710819
1135,0.1971937656667803
1136,0.0993103977315516
1137,0.091663172765409
1138,0.06983013204792356
1139,0.01078418683181365
1140,0.06237895490569115
1141,0.036440022051869185
1142,0.01203708545325338
1143,0.08642802994691362
1144,0.042381242488515734
1145,0.16323519645902135
1146,0.06534633986782262
1147,0.057940366785868974
1148,0.14574934813733526
1149,0.04142242597130637
1150,0.1335406934400495
1151,0.049683131739905635
1152,0.027743948161678716
1153,0.004672436651787272
1154,0.05085118820084024
1155,0.04568797785873785
1156,0.0032388055573086237
1157,0.21708578114416205
1158,0.005884523963432831
1159,0.16953987796618172
1160,0.07294116998121543
1161,0.018765249985055972
1162,0.02843175247729105
1163,0.0827687212730979
1164,0.021631990421781943
1165,0.013998110580002951
1166,0.09711930527820843
1167,0.13743724040069796
1168,0.1571262228332896
1169,0.08393157199474523
1170,0.15023464088397082
1171,0.09635876821928673
1172,0.0562995347903167
1173,0.009139131265715514
1174,0.0656979570348467
1175,0.01763564187060377
1176,0.009373717016920285
1177,0.1707041653833206
1178,0.03552414776876844
1179,0.058300668739493564
1180,0.1026754810000387
1181,0.09532743536299974
1182,0.15203500954002422
1183,0.061202132781845525
1184,0.1568044642674699
1185,0.04260493626731839
1186,0.010407847612419472
1187,0.07803994073262177
1188,0.18558868410890456
1189,0.12769453724314767
1190,0.1088209850511296
1191,0.04405912074103354
1192,0.05159303464354013
1193,0.04733207867925582
1194,0.02171818038323046
1195,0.007414066798548706
1196,0.04505186109540582
1197,0.07209976693316586
1198,0.044323839281362964
1199,0.153789274274728
1200,0.025697271255783367
1201,0.04253916710687269
1202,0.07580742663324587
1203,0.20195270942900145
1204,0.051007461850730115
1205,0.004214292322061603
1206,0.05319616339046649
1207,0.039935826078639
1208,0.061746375228506324
1209,0.09476730067393548
1210,0.024137551764334613
1211,0.050758324570722345
1212,0.10904845880552724
1213,0.020844320165791776
1214,0.043328561347114734
1215,0.029390720633006726
1216,0.05995929363529511
1217,0.02586191488096413
1218,0.08711392780940139
1219,0.026277154063236448
1220,0.13090550710909538
1221,0.11118615689431996
1222,0.041847212009762776
1223,0.0068297758364153785
1224,0.06866920930584937
1225,0.07401682652015024
1226,0.023133689411522943
1227,0.027135518234825923
1228,0.028019449785974683
1229,0.15170984214725533
1230,0.11171678515155643
1231,0.03709477449436653
1232,0.023291459572372324
1233,0.22956726007171435
1234,0.10805832857363136
1235,0.0073169786511961266
1236,0.06331526594339376
1237,0.09518079350614267
1238,0.07641996053296701
1239,0.218628992380598
1240,0.042980358660953566
1241,0.08344187471242054
1242,0.1424333286212191
1243,0.15787840454178248
1244,0.030825806724869592
1245,0.11079220071668462
1246,0.04144867773769584
1247,0.010705976621005937
1248,0.10022913977979853
1249,0.02486439050562668
1250,0.03227651105762379
1251,0.08150409735858914
1252,0.06234465751534402
1253,0.09115281428101228
1254,0.13631218692581265
1255,0.26783888794693056
1256,0.10910514872539066
1257,0.02386010902496446
1258,0.030147380662480305
1259,0.12378767953661625
1260,0.11706189082073998
1261,0.009217156002276152
1262,0.2213761599674718
1263,0.1312614479099347
1264,0.15481716693114364
1265,0.0785787026006548
1266,0.06143313401698027
1267,0.13513601426528624
1268,0.18068207049445068
1269,0.03608072951823394
1270,0.17674938430299206
1271,0.2243300159052317
1272,0.007954715929540765
1273,0.16199352486700033
1274,0.05695249902149312
1275,0.011249756162805527
1276,0.026986538454121047
1277,0.081812678495515
1278,0.14195445823190278
1279,0.02869096060976454
1280,0.0067356465459712965
1281,0.06552657376379922
1282,0.017008473279145227
1283,0.02929451380309101
1284,0.07174036462077392
1285,0.019403519853493898
1286,0.03522992180297328
1287,0.059055567141641535
1288,0.04698562553681857
1289,0.04702798983714916
1290,0.009020408998904135
1291,0.037893928246108224
1292,0.05230449462321399
1293,0.06670476400714699
1294,0.025658022345359115
1295,0.01027015447261123
1296,0.008661546871439997
1297,0.0053851040720228225
1298,0.01565157896920355
1299,0.08157649197248551
1300,0.020351628567008773
1301,0.012743484195508293
1302,0.0873191214164213
1303,0.06435783595899845
1304,0.05482924889865207
1305,0.23192683770280484
1306,0.031147483215783964
1307,0.09707354741010524
1308,0.0490517368198506
1309,0.008835626892920213
1310,0.08126635860503532
1311,0.11823476827104028
1312,0.06483170845737828
1313,0.031230158410395108
1314,0.016069423615886484
1315,0.13074366745282762
1316,0.09746431534023192
1317,0.012316258839047956
1318,0.059947343145192664
1319,0.1662979851513869
1320,0.25070186771849057
1321,0.002280943646737425
1322,0.06291118054935338
1323,0.2330706032539825
1324,0.02602960812980156
1325,0.0454712365040197
1326,0.17644364233723658
1327,0.034626777112569423
1328,0.021578848191491317
1329,0.06771136043761887
1330,0.122499934997571
1331,0.15852670499121113
1332,0.05143284020739583
1333,0.2226780933633465
1334,0.058504455117202564
1335,0.0415194247087821
1336,0.033576657368521994
1337,0.018763182786289412
1338,0.11869803988238975
1339,0.118511160327926
1340,0.3139162172492683
1341,0.06211447001575345
1342,0.016760310039589974
1343,0.061212279827519527
1344,0.05986049022744942
1345,0.013180310596012716
1346,0.0003954646464711315
1347,0.13431637493715656
1348,0.0945879052513773
1349,0.033223155721287506
1350,0.17425758329240235
1351,0.1620964766526653
1352,0.13913661862009175
1353,0.036786949750407916
1354,0.1432333828871249
1355,0.02668889705455374
1356,0.09215527117874074
1357,0.2340793020891274
1358,0.06821193951081646
1359,0.0632634333557983
1360,0.07706338511842499
1361,0.02171433735360005
1362,0.035139794596661306
1363,0.018447792645787626
1364,0.06689104484739798
1365,0.027571535211198383
1366,0.09457863220684193
1367,0.02723836058153377
1368,0.1626535191389103
1369,0.017809989096998272
1370,0.14240733434409567
1371,0.06020292426705647
1372,0.09394993527520154
1373,0.07708651117930704
1374,0.10570719964608076
1375,0.004103097979170907
1376,0.035332883178612016
1377,0.13368416573315434
1378,0.11243699479984598
1379,0.011534868448828079
1380,0.055788197452863314
1381,0.015207777651338596
1382,0.018222504633927702
1383,0.1083514777285355
1384,0.025407709888227218
1385,0.12035628006814827
1386,0.04414016939250919
1387,0.006627838243367211
1388,0.09544302809891583
1389,0.05494332702830576
1390,0.033309350896484215
1391,0.1187449502862826
1392,0.01437492988320589
1393,0.07070336053941659
1394,0.032542994848693794
1395,1.5316739388752942e-05
1396,0.02308412053199598
1397,0.04946890967205855
1398,0.21355316810100694
1399,0.03503878071253424
1400,0.02306409628040771
1401,0.062434532141622985
1402,0.054679986553717384
1403,0.02234022147906791
1404,0.009397032410057828
1405,0.0245266874578497
1406,0.059622763175247326
1407,0.04676840055322213
1408,0.09722826332756594
1409,0.17811237379321745
1410,0.20200033390132266
1411,0.065793552079689
1412,0.00960405204758007
1413,0.1442850820789467
1414,0.05179391380126252
1415,0.061200011692914
1416,0.08315032128523722
1417,0.2139801558084003
1418,0.10530759882401576
1419,0.14086249657914934
1420,0.07821894378327629
1421,0.1842974687909755
1422,0.061531084152245175
1423,0.04685668367863082
1424,0.034223732892428464
1425,0.05770993323820305
1426,0.16165581404024032
1427,0.17100405673673186
1428,0.04662243648752516
1429,0.074635567603963
1430,0.028245080713998137
1431,0.11602410383561908
1432,0.04968806439748103
1433,0.0876307388123648
1434,0.12805959359414404
1435,0.022933294742480008
1436,0.01258800922555903
1437,0.06883115460292304
1438,0.15553093748799648
1439,0.016548341297381853
1440,0.02346898145113444
1441,0.14774144212010312
1442,0.0873626423652545
1443,0.011735856975741829
1444,0.07031644977612002
1445,0.018291935628309847
1446,0.15745425731459262
1447,0.10888175081239604
1448,0.0399539200852219
1449,0.07661234756369492
1450,0.07905410926285028
1451,0.2311983987010344
1452,0.036662430074210085
1453,0.0154491413624006
1454,0.003043152791926334
1455,0.06322764063058167
1456,0.031669603307220906
1457,0.04886590283980335
1458,0.02077980220018319
1459,0.08221194128533739
1460,0.096576740295617
1461,0.11752854136223767
1462,0.0075323703463105515
1463,0.04276166226187923
1464,0.04842386834057305
1465,0.17226397321914072
1466,0.0012325852686759127
1467,0.04642485739816025
1468,0.0008244481337846341
1469,0.01209610689022367
1470,0.030958742041549924
1471,0.0489848121425918
1472,0.18309685549166285
1473,0.010068328332023913
1474,0.0038425738913743686
1475,0.02315472065844264
1476,0.0584269400329344
1477,0.1968328423990597
1478,0.09493923612785247
1479,0.010994726387254277
1480,0.06274037497694661
1481,0.12843073862984025
1482,0.04677615651918985
1483,0.21913053423691972
1484,0.014153462834106144
1485,0.14103953918252096
1486,0.06307506443093774
1487,0.15286912546391695
1488,0.016365451458792726
1489,0.03300628040754035
1490,0.1321898185602046
1491,0.09930892542738692
1492,0.030953166866003818
1493,3.928123980370343e-05
1494,0.16439632587341554
1495,0.14427423352422314
1496,0.03014748174690808
1497,0.044373107303579414
1498,0.09767508460537044
1499,0.135859750013642
1500,0.031597717708877926
1501,0.058370752325036176
1502,0.21887655687780008
1503,0.05192839702390959
1504,0.12457318499477295
1505,0.07804660194126017
1506,0.1049792920986352
1507,0.10253680271972287
1508,0.021447058297716492
1509,0.01543917166863339
1510,0.17096246769150356
1511,0.1335012321477661
1512,0.09949735583164006
1513,0.0728051063864863
1514,0.07937323589844862
1515,0.21900916057391764
1516,0.0482441979566461
1517,0.0031080611366343376
1518,0.04519249800676727
1519,0.15994544266594735
1520,0.026157345026677117
1521,0.14147875265247314
1522,0.06226949597696515
1523,0.2039894037715165
1524,0.012341769705492837
1525,0.04287668043132038
1526,0.07465881936723412
1527,0.01865000187770608
1528,0.01779408446697721
1529,0.10151662500725556
1530,0.023288561652190468
1531,0.09373156472314204
1532,0.012103378673636823
1533,0.052278022563785526
1534,0.073898818482521
1535,0.07462829938108467
1536,0.10016833503514444
1537,0.006258189840423329
1538,0.03164855581579308
1539,0.010206025180070731
1540,0.09010465604560276
1541,0.025732912360582245
1542,0.2313112986490045
1543,0.15047609911396814
1544,0.02957177621388682
1545,0.1052147173898008
1546,0.10756522604927826
1547,0.21170952580042265
1548,0.10818585974896024
1549,0.09540210506653878
1550,0.004128677581773118
1551,0.10592930956867663
1552,0.07943394888035395
1553,0.012883461168321285
1554,0.027027235476697224
1555,0.14042901344152744
1556,0.18514376949366407
1557,0.04396314294834844
1558,0.07239129044106338
1559,0.1273079842627204
1560,0.09910830157727332
1561,0.05091601062995452
1562,0.012155908420171287
1563,0.033978986541183025
1564,0.10525795774764707
1565,0.06289845079473555
1566,0.004876066857289158
1567,0.036244584608097916
1568,0.2188502343609217
1569,0.09712061397275744
1570,0.1329935636980263
1571,0.12029614336147827
1572,0.09870837335297653
1573,0.05806463623439774
1574,0.1145786331854564
1575,0.029364735926144227
1576,0.07702571322944811
1577,0.2136177627315687
1578,0.00886195393693165
1579,0.04646608718440138
1580,0.162438157610679
1581,0.10800167212723373
1582,0.026832907178986586
1583,0.04315004134868165
1584,0.07964119070336709
1585,0.021659408941132417
1586,0.0343074236224921
1587,0.061136243827176986
1588,0.04282332785282388
1589,0.08467751324029986
1590,0.12331152968507038
1591,0.052708519848691855
1592,0.13330364038345702
1593,0.03377524961342932
1594,0.15158267288264646
1595,0.015314802777153287
1596,0.15685577982678886
1597,0.04074487755526597
1598,0.18499985344306846
1599,0.09945995171776914
1600,0.13445669078255434
1601,0.15280218933839002
1602,0.03801081399222115
1603,0.1874232534078802
1604,0.008629558373422028
1605,0.00479302855290235
1606,0.1295975322715438
1607,0.009909658120260584
1608,0.09361928964591257
1609,0.009292616447198622
1610,0.058769331930695175
1611,0.04920916912746599
1612,0.10408034823845116
1613,0.03483241050266397
1614,0.015826837260216192
1615,0.1763822254212877
1616,0.18054725007536332
1617,0.15709569713684024
1618,0.015531460853705284
1619,0.1616611266109476
1620,0.09841047342607057
1621,0.052520313752362414
1622,0.02254133446625891
1623,0.022390728810897983
1624,0.11774394780229865
1625,0.07730843614274645
1626,0.016001916297683254
1627,0.046441122567890285
1628,0.20073375759284776
1629,0.05731512097284956
1630,0.11091260906301756
1631,0.1778394379262552
1632,0.09876719954729432
1633,0.0711520865706351
1634,0.14185215298589612
1635,0.1582690867401097
1636,0.02817416688156346
1637,0.03873863263927695
1638,0.23910117576116055
1639,0.07425875167445584
1640,0.06855016732330875
1641,0.11050419669308532
1642,0.04228357147527855
1643,0.17040189229046465
1644,0.0511978482000216
1645,0.015802530154881957
1646,0.2288424799422792
1647,0.2134128500540464
1648,0.10973204677077808
1649,0.08568086581446749
1650,0.05366154530506519
1651,0.10011886811075653
1652,0.012217360089546206
1653,0.012794016389336176
1654,0.00731568157665462
1655,0.010612543274782815
1656,0.01892607065022157
1657,0.134794899531838
1658,0.1225203837186494
1659,0.03678011882810482
1660,0.07538494971031462
1661,0.013288113740728434
1662,0.1845699920059436
1663,0.2282147512684791
1664,0.09696818457311852
1665,0.029062984733395393
1666,0.004113462777022952
1667,0.07482102631398632
1668,0.01176826823252214
1669,0.0224148042953777
1670,0.06556838250982748
1671,0.13213448637522002
1672,0.07838983137211744
1673,0.08125361570364435
1674,0.1084968667840082
1675,0.08292467329629921
1676,0.2325690174808975
1677,0.16457245637687612
1678,0.22896460091852144
1679,0.12962484757091947
1680,0.10990394039869944
1681,0.2952987418392895
1682,0.15084189600260095
1683,0.14078198078913
1684,0.028443774450593182
1685,0.1268623135307033
1686,0.06687242615214717
1687,0.1816764531303447
1688,0.01850659429599992
1689,0.04355331789875234
1690,0.060539829707929836
1691,0.06858406465387402
1692,0.013943898445009695
1693,0.003902747499498087
1694,0.024710714405842427
1695,0.02937240919662313
1696,0.02246079575913055
1697,0.17691574747020414
1698,0.04412698768670461
1699,0.03222671784153832
1700,0.013774354413281084
1701,0.1979960427090872
1702,0.004130523369828484
1703,0.05338583837347678
1704,0.07032662442240023
1705,0.0595457733354415
1706,0.0029839996603964075
1707,0.014163364811558981
1708,0.0428071726680334
1709,0.10510331393393282
1710,0.13859804932839534
1711,0.06484843016624513
1712,0.009258668803004787
1713,0.1961383513235637
1714,0.16468954045378975
1715,0.06430364203255108
1716,0.09807166830237267
1717,0.03681239889810538
1718,0.2044968513342617
1719,0.05086229053928607
1720,0.08237875306526699
1721,0.04007344258830503
1722,0.09552042206671188
1723,0.10660907033220753
1724,0.08254375899647334
1725,0.021509588178186653
1726,0.07341548510820227
1727,0.07147094777108262
1728,0.039151463313944736
1729,0.1200964050295968
1730,0.035627689734355705
1731,0.13392379437725044
1732,0.1231267367094933
1733,0.10421294219815247
1734,0.11831421122595152
1735,0.1322556459155484
1736,0.030782432131581463
1737,0.0893725514684116
1738,0.12078604936685727
1739,0.012738137444607427
1740,0.016760242949929532
1741,0.024811449091794942
1742,0.09826051657236874
1743,0.004384030038628336
1744,0.1845101138529108
1745,0.07445140303353702
1746,0.03385295527053315
1747,0.06674864049059548
1748,0.015473822100434097
1749,0.020592569160343768
1750,0.07585485235553692
1751,0.1124857638308191
1752,0.014191937303072529
1753,0.06989770696741837
1754,0.21376438064507164
1755,0.03423224971709
1756,0.2396170752487848
1757,0.14079495902144348
1758,0.08898830263855498
1759,0.043337544554557135
1760,0.002832888492253025
1761,0.15394851822120018
1762,0.0241487452610636
1763,0.13176026146495987
1764,0.13708692335728528
1765,0.0471505205859768
1766,0.02542966276804676
1767,0.13147973046520228
1768,0.10756573862479947
1769,0.07398594041036125
1770,0.11426390553457663
1771,0.026899849926409036
1772,0.14054650319649165
1773,0.27383346098146283
1774,0.3058077327712189
1775,0.02790503536207985
1776,0.02059001276770829
1777,0.005175256151399842
1778,0.25376186461695405
1779,0.07743334919143156
1780,0.028373433649797174
1781,0.019478428271448484
1782,0.017882261008071172
1783,0.049709101606209886
1784,0.033815457606229185
1785,0.02681492776915829
1786,0.10686716361089346
1787,0.1319652410366623
1788,0.2507848287503462
1789,0.09320903640066662
1790,0.03386054567469481
1791,0.018927878513027463
1792,0.04851375664660639
1793,0.029580338653664263
1794,0.08809401405872813
1795,0.01844951521961068
1796,0.03865178002929196
1797,0.0532414330401606
1798,0.031795829658577794
1799,0.07105898418214998
1800,0.024613549906620208
1801,0.02430311218169236
1802,0.12195965031501445
1803,0.0011093277126257737
1804,0.07432364578689378
1805,0.04542697935754486
1806,0.14341037630031458
1807,0.03267790473487242
1808,0.02657293940615392
1809,0.05639761072863195
1810,0.050914477408485516
1811,0.17686691425696302
1812,0.10570938079874516
1813,0.10065132419027628
1814,0.22310729142115154
1815,0.07367964405059216
1816,0.12559615574946548
1817,0.018604893528365415
1818,0.07759164744150944
1819,0.13447775181944033
1820,0.11528384418556333
1821,0.031460217244826914
1822,0.16454614897488945
1823,0.3672680064504577
1824,0.02857251678732998
1825,0.037682151772483165
1826,0.13990903898568088
1827,0.2570219254769374
1828,0.02543919946389582
1829,0.11718476866285644
1830,0.11786435685822427
1831,0.10931658079522907
1832,0.04370127703542317
1833,0.14235944902566508
1834,0.016830190142532942
1835,0.06728140837702512
1836,0.006767213628905422
1837,0.20072078147415012
1838,0.1051645698624749
1839,0.16290977418256547
1840,0.010801070609573356
1841,0.053127311200015064
1842,0.011228147026071179
1843,0.02112857575417122
1844,0.07204079844876207
1845,0.0773682120959655
1846,0.09500916312421737
1847,0.01897765422128941
1848,0.031143781943600263
1849,0.053344114988152766
1850,0.032019652152819524
1851,0.07428172431019435
1852,0.10359203181201657
1853,0.11143286615467816
1854,0.027290662164619086
1855,0.1250171490139814
1856,0.014832636346469415
1857,0.048540919123064616
1858,0.05637966774867589
1859,0.11309262080877053
1860,0.004770447391947585
1861,0.11023041146762096
1862,0.01761454001942899
1863,0.07603305392844285
1864,0.0313527687488199
1865,0.04780961146923975
1866,0.11012018612027216
1867,0.01881216661070537
1868,0.030769226219848886
1869,0.2738642753590564
1870,0.2909075795844259
1871,0.2497143339003184
1872,0.11541529082616528
1873,0.21092846913271845
1874,0.1313979142789108
1875,0.08554851841018286
1876,0.023455377982649517
1877,0.11175302577150477
1878,0.005774606621506224
1879,0.20395227352179468
1880,0.015520380761384659
1881,0.12218921006617853
1882,0.09721248201518716
1883,0.17338527111078764
1884,0.004790234029876637
1885,0.05796268135310609
1886,0.07659287291855142
1887,0.05769121213481743
1888,0.1014179890146622
1889,0.05542848423634919
1890,0.06957025269156243
1891,0.1740434316613968
1892,0.2072236199996516
1893,0.036174090580484215
1894,0.030412107372468637
1895,0.1446954022685886
1896,0.00017880987292290956
1897,0.0202333451987123
1898,0.028241804923368162
1899,0.02258601009570422
1900,0.1900851245007836
1901,0.1162178516931556
1902,0.01983458868339553
1903,0.02660332830112092
1904,0.042082378901201034
1905,0.0058982774983574095
1906,0.04401202404711405
1907,0.1032962943581353
1908,0.11231359138479716
1909,0.061520099359345465
1910,0.1274147315525755
1911,0.04884470226134242
1912,0.037520932642141465
1913,0.0018134022609104894
1914,0.03192737136288102
1915,0.06407722867469505
1916,0.016649033506993025
1917,0.030709550747426394
1918,0.009506473134480107
1919,0.029344545166523805
1920,0.2693372030164253
1921,0.005477091166117355
1922,0.06668219079692986
1923,0.17544014402789118
1924,0.23211713277327
1925,0.06962779614402455
1926,0.09154380351640257
1927,0.004341156538588084
1928,0.08562080079149258
1929,0.08695000250822589
1930,0.24550621703130526
1931,0.05527856116975288
1932,0.13700604658126814
1933,0.0648819126612573
1934,0.11672448454497444
1935,0.12588890234458153
1936,0.09359230711881293
1937,0.10650168475539123
1938,0.1007091938018181
1939,0.0732147455494731
1940,0.19283310055689964
1941,0.1767018289113029
1942,0.06700850161143057
1943,0.05172381405450961
1944,0.08745572023064398
1945,0.020984831605233
1946,0.10255682164063464
1947,0.12314469205818812
1948,0.052551775832924266
1949,0.08880347765445643
1950,0.0163854076361524
1951,0.08672437527233877
1952,0.05702867845981002
1953,0.09116866324201173
1954,0.006550322641651975
1955,0.005053293265181246
1956,0.02421777313738288
1957,0.01640426204821446
1958,0.00522674084860424
1959,0.017784093272916964
1960,0.08128658841189491
1961,0.0503399623790139
1962,0.0014380593682028044
1963,0.14074352367382256
1964,0.06257304114104502
1965,0.0684857538589756
1966,0.18785550797426667
1967,0.010343451462906087
1968,0.008795967398863805
1969,0.08452640487203729
1970,0.01540935493107851
1971,0.03860706603119833
1972,0.07891166495141716
1973,0.2577458359517647
1974,0.16735406944124162
1975,0.02901473927441825
1976,0.052588826122077416
1977,0.03255589357733603
1978,0.05842345134359068
1979,0.18106687550206949
1980,0.22602474695270605
1981,0.049269041156547205
1982,0.15032425764619894
1983,0.16182752774952966
1984,0.013602774127783842
1985,0.08330279365666321
1986,0.22189703997325988
1987,0.14991807793851558
1988,0.11544002160681807
1989,0.16357315336079256
1990,0.12236903471341062
1991,0.0010289573471375876
1992,0.0061614022252366295
1993,0.06501074301421242
1994,0.029733458474028338
1995,0.10781119387837647
1996,0.09908578680957672
1997,6.392265271948458e-05
1998,0.012346386311790969
1999,0.16088960403754146
