,value_per_image
0,-15.941816035899393
1,-26.653913964355525
2,-9.535332792529516
3,-47.770093308728065
4,-36.305610796178144
5,-24.336760616162792
6,-9.517761161176168
7,-35.15033657218373
8,-30.394114617823107
9,-52.93232903925275
10,-46.117644639136884
11,-71.93490745779127
12,-2.010028543536464
13,-0.01729212821373949
14,-0.28540249753098124
15,-0.820039674803013
16,-55.91211521637126
17,-39.20181746852177
18,-15.964225322872949
19,-10.715867021819577
20,-49.531224208967615
21,-0.017189533023352688
22,-13.661822344633038
23,-6.369998377355149
24,-60.74939452800936
25,-52.110769801714696
26,-70.12699971690017
27,-0.012443485077625382
28,-34.28845286701798
29,-53.91003881993339
30,-24.035908234689487
31,-2.938420285656207
32,-1.846491422390912
33,-22.28111846048347
34,-17.226518473389888
35,-0.19349897467964183
36,-1.6984036316671336
37,-2.4653025123939187
38,-101.73526413389482
39,-52.16532507756904
40,-34.45323907866438
41,-56.30551394555559
42,-10.917920024529373
43,-0.7474590832962349
44,-42.016770983200786
45,-1.2407554303645156
46,-1.2178890087138825
47,-11.017461251271015
48,-51.441316001540144
49,-38.79838102675495
50,-3.055547230583443
51,-4.732525843228927
52,-56.345176012266165
53,-47.81999814002518
54,-34.758532431864296
55,-0.68811709859943
56,-1.107259987606085
57,-41.4868662681302
58,-19.828763039585503
59,-1.7728128521218878
60,-38.22855805387371
61,-82.68051990827564
62,-62.83814176177202
63,-65.1772634429708
64,-0.9344699683443429
65,-67.33847271086415
66,-65.10299397673498
67,-44.123211232237225
68,-19.778224547513673
69,-3.754035322524942
70,-46.41446977900341
71,-68.32603294793944
72,-13.672850503936274
73,-15.253697978972923
74,-36.74439254918616
75,-38.806861158701054
76,-13.556614889119373
77,-34.37752821042997
78,-37.52131452323772
79,-77.57458394721107
80,-5.593837972913207
81,-17.397264192093644
82,-36.48238242811021
83,-26.04293969974151
84,-3.1784014379918233
85,-3.3509474699545194
86,-16.38883031415935
87,-22.68610700388308
88,-21.80956560636895
89,-31.64310261445644
90,-3.38404540711997
91,-87.47006212971144
92,-20.919770820790063
93,-66.04550801912046
94,-34.11287128623785
95,-10.65852820235807
96,-15.422180287218417
97,-13.715745790850633
98,-0.4167137442273088
99,-6.515334240374614
100,-2.0396612788249513
101,-24.79041112981804
102,-5.685261982354405
103,-54.562919356387965
104,-0.9858099371094795
105,-4.43402722871167
106,-5.730666188948817
107,-5.3782666682163836
108,-51.39497078017348
109,-52.50389767517072
110,-32.23679725443413
111,-37.628985699268696
112,-2.6671892757208298
113,-24.78090488614589
114,-27.591037347796373
115,-17.1982162066779
116,-27.592772261456048
117,-7.224337995336697
118,-34.35957700766835
119,-9.930001625063596
120,-55.355404569107314
121,-21.44029271067102
122,-35.65640002797045
123,-0.8512371082106256
124,-17.620068637700975
125,-19.062219641226875
126,-68.23409637712837
127,-0.022071012294929915
128,-0.6091270810065907
129,-1.669213398346983
130,-69.25640132633634
131,-66.15233157974944
132,-44.91719553928186
133,-28.854349356053035
134,-13.777350616489912
135,-81.99296463485007
136,-19.621419335594794
137,-8.86470091969386
138,-58.9767062735732
139,-48.10539814896765
140,-38.86230487681816
141,-2.3106545999070534
142,-45.68374350619911
143,-0.16770810055322727
144,-33.277847706933244
145,-6.65141620139002
146,-113.4550714700672
147,-36.288413095858175
148,-23.11162480765597
149,-57.71226884408679
150,-45.76932091569027
151,-68.41808626620787
152,-0.15313823756241618
153,-13.592596389496975
154,-47.781439603966305
155,-8.393325631783227
156,-50.5353931614336
157,-5.86942393412831
158,-66.52650656985298
159,-18.73146607417368
160,-15.282590164974494
161,-19.297623324635765
162,-0.568758560322749
163,-5.60675979198712
164,-0.13327200291860208
165,-19.703285176485664
166,-44.67725520596008
167,-112.18530603926774
168,-0.9257485885391361
169,-0.2216007875890682
170,-38.284208686328384
171,-24.443446176854785
172,-38.36820845937402
173,-1.3497668031820922
174,-43.25073129584234
175,-7.918834122510134
176,-0.7080518569337073
177,-20.746502637477533
178,-49.31939283908254
179,-38.79453594626128
180,-78.17845984459768
181,-35.01822369620368
182,-2.621081948759411
183,-71.79658497668834
184,-25.275730580467098
185,-5.786151227834125
186,-44.51785516293421
187,-22.011205846290977
188,-25.16786683359532
189,-0.5330167190331849
190,-20.650843762989673
191,-3.516665080722305
192,-22.5122923927141
193,-21.632924660507342
194,-17.55498634719015
195,-15.214599088586766
196,-10.021897871796682
197,-23.72820194528535
198,-11.99054323807637
199,-0.275439957629942
200,-7.566642062213305
201,-1.1219451020497218
202,-19.801846676082704
203,-65.98000608410115
204,-31.477551103363567
205,-23.149044280431553
206,-19.81405291694682
207,-19.823518604766917
208,-2.127212501610302
209,-33.8975421043051
210,-0.18979611394877338
211,-24.136009429822074
212,-196.74878612670364
213,-35.770839922243255
214,-13.92157577260673
215,-40.928867346586685
216,-0.40902796959724697
217,-35.50176217111084
218,-83.75290845540223
219,-0.008327067591749504
220,-36.14453103764072
221,-11.065264076216465
222,-56.50088407591238
223,-25.10470223338052
224,-0.2851361601324953
225,-125.77593943688407
226,-13.887149722521826
227,-54.712661510406406
228,-0.4499833734639651
229,-50.631791120054004
230,-0.08519138823612593
231,-4.527193013869692
232,-57.19628951902138
233,-54.68866277526831
234,-3.150834179100002
235,-12.979754445259232
236,-68.94535173277782
237,-23.360210882752654
238,-14.432116436379829
239,-73.1450125708061
240,-28.489872472075717
241,-8.954232662843424
242,-2.7188169414521326
243,-2.427667560579721
244,-5.496596743760165
245,-63.025246006782936
246,-24.335801047997847
247,-7.221245683707991
248,-30.036662327765953
249,-31.965586045291275
250,-75.3328853026178
251,-32.44938165399367
252,-64.04690882159935
253,-25.89215750770927
254,-59.15952364880633
255,-38.353006418847144
256,-12.035283621598445
257,-1.5223196479782928
258,-26.890699218750342
259,-2.4625451113679446
260,-1.1217160837891242
261,-0.015447264004706085
262,-6.620782995667241
263,-5.513217676649136
264,-2.200245136891681
265,-59.122634221188804
266,-51.82691241338034
267,-22.725239896003814
268,-0.7315536827745959
269,-3.556902388612798
270,-37.395801712831364
271,-1.3983624083438286
272,-53.4173813482048
273,-9.442665825001313
274,-2.4493000491656858
275,-12.349843988686189
276,-0.9309089052753521
277,-79.22547063505044
278,-82.59582545768856
279,-17.22482431663957
280,-54.64266188260672
281,-0.594316380796954
282,-53.27032116680392
283,-84.16144034258218
284,-27.148661398774948
285,-0.6501790001095742
286,-37.71971086183105
287,-43.078549658255724
288,-6.433893620895105
289,-0.003592388144127767
290,-0.17143858400118006
291,-2.074278192483689
292,-12.873505213651356
293,-0.8133079966355581
294,-59.53825067903813
295,-0.009233036313162302
296,-19.66941219142609
297,-0.6605820514892002
298,-10.497272707510433
299,-0.36825387606245386
300,-27.35779260086468
301,-43.761170906436746
302,-2.820397131986738
303,-6.244975532164972
304,-0.06290386866294284
305,-68.87989312828631
306,-1.8322403055369172
307,-17.692933687199172
308,-76.59473315830837
309,-53.25677552509114
310,-8.16240304448499
311,-0.12217345265827362
312,-39.93495249833573
313,-0.4046985563271335
314,-1.625308219787371
315,-0.190663467847493
316,-4.812767138707159
317,-37.289732269518936
318,-1.9862837208229394
319,-6.893496225658964
320,-37.937098630157664
321,-4.82306038877141
322,-36.72980077367538
323,-19.5258981920245
324,-0.3915142976525203
325,-74.37036130681008
326,-41.809225934396636
327,-39.239118415568555
328,-31.663836180571707
329,-74.90133164292638
330,-74.17979924076596
331,-88.20625594980993
332,-18.210528954477468
333,-2.9840736279479643
334,-21.14347584588736
335,-40.91696550656502
336,-28.576819973267668
337,-6.8498138191566795
338,-24.44420007495899
339,-28.800564830930398
340,-3.067069542959871
341,-16.80516535326649
342,-2.2335436114609024
343,-27.40994792424317
344,-2.6058354090782814
345,-0.4672444122390971
346,-2.0396762186159094
347,-19.17932939110625
348,-52.442068242351525
349,-31.22778570528976
350,-5.064009877234184
351,-99.99461947045347
352,-58.219426408518416
353,-32.190351665547496
354,-61.21529371192355
355,-64.71790641154621
356,-45.79868573391286
357,-74.0672672975079
358,-172.12973756052088
359,-3.7498418348423
360,-0.9056742238399238
361,-50.300604018983485
362,-0.2698971831523522
363,-0.9978809986969281
364,-31.04985075240984
365,-49.89510136785191
366,-27.824286031703025
367,-14.480297132942724
368,-9.698726475187868
369,-49.56874314501164
370,-39.02354277852862
371,-96.69576928161669
372,-2.563344651967782
373,-22.412680744444515
374,-72.83269680671219
375,-33.282348646573155
376,-16.160636915565192
377,-5.458642911162315
378,-60.17450510025592
379,-27.716476334782783
380,-11.957430931944174
381,-1.3837707570184055
382,-7.984828023879118
383,-8.09779795364284
384,-31.260640581638654
385,-37.702439103170036
386,-13.803599007311277
387,-70.25594441958674
388,-20.50342656786279
389,-0.10177770120253626
390,-71.93089669318567
391,-1.8459401591106541
392,-0.013968975080615564
393,-64.14831763803078
394,-50.729842151769816
395,-25.86919583874463
396,-19.574303554050857
397,-37.442850122365826
398,-21.1345271169655
399,-24.7472322624335
400,-92.65751053898346
401,-1.3863463389243407
402,-22.17987732315669
403,-40.29691070976469
404,-4.6431563108913
405,-8.735361323838333
406,-42.05689954716581
407,-31.67076540722337
408,-91.92597848700098
409,-6.6854225456964125
410,-23.929321694234257
411,-47.72040996386818
412,-14.166824597956385
413,-0.005225320483077667
414,-0.19520001676573884
415,-10.486254568925226
416,-13.560447675115029
417,-0.04830778442726569
418,-85.37721344577858
419,-67.07094891620198
420,-35.63852193978437
421,-85.05941740774506
422,-35.03153341608031
423,-69.63739602699661
424,-16.195732729350652
425,-10.302263644679556
426,-46.657547540562085
427,-42.02854553322281
428,-25.38981619203696
429,-1.745974943449255
430,-39.832758746094896
431,-13.015430115887284
432,-37.156504303712296
433,-26.239568596259687
434,-41.71296450080774
435,-65.20899422701277
436,-60.73421270975433
437,-62.9204385384993
438,-53.66716082187679
439,-14.941953323005464
440,-64.45043560383556
441,-54.528422321163674
442,-18.015744446765893
443,-54.23188232931534
444,-8.54323381388167
445,-20.854027048139073
446,-52.93726472326671
447,-7.105438126548108
448,-37.22377198555202
449,-17.746288265036128
450,-84.52311056471444
451,-7.063451158490352
452,-10.938752392801689
453,-51.65745357387823
454,-26.130784734858025
455,-0.0722071258262531
456,-0.9751321248040767
457,-4.893809608184938
458,-21.31632423187375
459,-18.749960182238922
460,-2.191647244782871
461,-47.3623500843355
462,-15.839681361081603
463,-3.5392757564859494
464,-29.549736821180886
465,-28.61709750795626
466,-8.962736963963835
467,-37.24004658437848
468,-49.6139178118201
469,-27.089963849992046
470,-65.33564567240501
471,-48.12204972442176
472,-71.16987286436961
473,-0.16043620430355077
474,-0.10913298444120301
475,-7.479813743217164
476,-28.67222270630009
477,-109.00138010349201
478,-45.205483013345656
479,-28.936512217695622
480,-41.647258217180934
481,-0.9721391818693519
482,-13.547938253508619
483,-6.178468350211929
484,-5.518920169885526
485,-21.575777855424462
486,-45.84100835400045
487,-3.288439844258164
488,-17.46130572000129
489,-0.13806383560643098
490,-27.84676243633794
491,-35.42023401839839
492,-22.15924770561105
493,-0.11410188545733035
494,-55.36064439644633
495,-24.249375766829928
496,-47.82392693867661
497,-61.01410438258176
498,-7.169467208436345
499,-52.29237428674135
500,-20.944236792734955
501,-8.993870462887571
502,-7.822833982816064
503,-12.079859355755616
504,-3.2324936121558494
505,-44.37685331171269
506,-0.01284775483367362
507,-34.97421647914926
508,-13.430021203081878
509,-42.586244293382805
510,-16.11037523205141
511,-4.128455668826291
512,-1.927655531080518
513,-45.93292962338455
514,-22.842561781805273
515,-39.13001627638823
516,-60.6161646656891
517,-47.69084828836259
518,-76.95751333955906
519,-6.9628063777017815
520,-26.856319633461183
521,-1.7965072275042075
522,-6.874350467678141
523,-83.38417906500399
524,-10.911333582907446
525,-35.08393797319786
526,-21.658407213718732
527,-50.77217224103708
528,-39.832013519417266
529,-0.1074260802979552
530,-54.013076957948215
531,-14.051850405403911
532,-43.456192769470874
533,-54.61426984638092
534,-55.30412361892877
535,-29.772227313236726
536,-56.460824491950916
537,-51.089433497668324
538,-13.979639881810726
539,-61.12829267124039
540,-12.387829776223498
541,-4.928975984819161
542,-53.89457804569517
543,-0.2720898176849005
544,-54.58963527491551
545,-42.149959548820334
546,-43.181852209481804
547,-18.367186904028358
548,-64.28573558746564
549,-50.37698336708331
550,-56.880201519094044
551,-0.004519528985211352
552,-59.23573469569965
553,-62.82025460873962
554,-39.058354416752536
555,-8.682156956313776
556,-0.6843587758904732
557,-0.5022354460929819
558,-15.131792959524319
559,-0.5126221618638738
560,-30.44971377832144
561,-25.599473149688038
562,-56.822559161569245
563,-48.897884565383265
564,-21.098679633483698
565,-42.33800663377582
566,-44.36999520244972
567,-20.529695564538997
568,-29.74229007165127
569,-0.6927269959062059
570,-0.8729823469775511
571,-40.6801088944012
572,-0.3365193111120277
573,-38.303355034422154
574,-34.52202857186421
575,-37.705887038723624
576,-7.63502570598564
577,-75.79792886213147
578,-35.43700674807626
579,-28.70374156253797
580,-26.997734319875235
581,-31.85492089141015
582,-41.67385869967012
583,-39.72769145611382
584,-4.86116147649409
585,-5.608825176914209
586,-24.831278169289362
587,-15.360961628815286
588,-5.949417165498227
589,-56.503769853189254
590,-57.0827725339077
591,-60.217064757692135
592,-13.110864442187562
593,-0.21637680928529335
594,-71.72016399592917
595,-4.549944543138736
596,-72.28403564597033
597,-10.148301774213905
598,-0.0356981536138008
599,-0.031120400403779058
600,-88.14389576144549
601,-25.393312004400286
602,-64.88226614436508
603,-0.37431507603399083
604,-0.9274733541005844
605,-0.42579298535201815
606,-12.220817284380246
607,-52.76123644246127
608,-76.56255432496141
609,-57.77009659945659
610,-54.88617435831884
611,-6.2271250772493545
612,-0.03220434224813573
613,-17.67355613941038
614,-50.00356331967632
615,-152.60166823212057
616,-82.2771903890458
617,-69.48122805967188
618,-12.024454785350827
619,-4.649670124159002
620,-4.499157986347399
621,-11.39283511874595
622,-44.271051973153135
623,-22.118359762206126
624,-11.62162496089254
625,-32.885722992461524
626,-19.89465707197087
627,-24.864255486892944
628,-2.733309154231165
629,-24.19300246109065
630,-15.083428491953782
631,-44.15120233951967
632,-2.1062069735362456
633,-50.51487489705687
634,-29.818429461659434
635,-77.23896943365253
636,-54.947753459604314
637,-4.066519399686513
638,-36.47301559369953
639,-42.27601044488256
640,-76.4830874986344
641,-0.021525557723634847
642,-57.66648271017391
643,-17.09306544246097
644,-13.447613646315062
645,-47.64954964016124
646,-2.300524932288681
647,-45.72856637771474
648,-19.306839065670715
649,-19.111139464488588
650,-18.083491530200263
651,-1.0181087895599212
652,-50.39083884304266
653,-0.09904011705914684
654,-3.586009997801739
655,-0.15815269830038403
656,-60.69269016682074
657,-0.976037684461069
658,-16.914703738843855
659,-57.339448992890084
660,-46.4816170970693
661,-30.42475382870839
662,-0.9184452617071202
663,-0.01575107941942555
664,-0.4407461847058016
665,-69.76933670357539
666,-0.05247120436888508
667,-50.78316186950781
668,-3.051179646856326
669,-37.89665683233541
670,-0.6245854223598144
671,-27.932533939637874
672,-30.958186689606293
673,-47.518491706607165
674,-6.755126727593051
675,-49.61266837842868
676,-1.8880446785151435
677,-90.25555094116544
678,-2.3565361861095226
679,-67.36455939730513
680,-35.11446438537132
681,-7.911974055674364
682,-21.63619595299133
683,-1.8589177214125812
684,-1.7922549890408845
685,-5.949682393234525
686,-57.52218757369246
687,-3.43638686959639
688,-3.622905080963392
689,-53.62987822073046
690,-6.817174461283287
691,-79.46418917828123
692,-7.696030894658634
693,-59.60673833703504
694,-42.74212846924661
695,-88.14308349780367
696,-1.3643868759823192
697,-10.573762976759099
698,-42.12074349851362
699,-5.064727597877145
700,-0.46392299504623224
701,-6.663105473096323
702,-63.49172187105523
703,-1.6002888023481319
704,-9.590912856678187
705,-50.19691427296493
706,-35.51633784904698
707,-7.942146394624501
708,-7.456668334431015
709,-36.97601850814226
710,-0.19268348241712374
711,-12.762363666494128
712,-60.176642326812726
713,-87.79910983292211
714,-37.89678587371347
715,-51.13446407373698
716,-43.6148883643059
717,-45.400502103424515
718,-2.0257292423379454
719,-4.464479421701981
720,-34.99653243308751
721,-10.287005195168604
722,-11.27519943757134
723,-0.23430367427346255
724,-0.8378101471430455
725,-12.53038698431169
726,-29.09912845468216
727,-63.44408764756963
728,-16.511966453762
729,-1.2854483763148892
730,-5.8950898604407485
731,-52.63476773933871
732,-10.698728188282416
733,-30.942265131652675
734,-39.53305484277371
735,-26.97484230345117
736,-1.0704830619470158
737,-32.12619887594428
738,-36.229893095027705
739,-22.05655954326653
740,-0.2640197695582174
741,-0.10478294405402266
742,-40.508498170762095
743,-18.254235468833713
744,-12.049995755591226
745,-92.02677142708035
746,-10.758302045436722
747,-63.14503342214334
748,-89.66638409966708
749,-1.5081548629618737
750,-1.1181020610360406
751,-4.989893955524167
752,-39.6225236743951
753,-35.866659415613185
754,-25.553228837281722
755,-40.524240051130334
756,-22.618898296890166
757,-6.895007470726341
758,-0.0027406298383088057
759,-0.30416293713210507
760,-14.307957147074433
761,-0.6371053898567851
762,-43.77818905546883
763,-0.5339963197418456
764,-85.37789653796153
765,-9.380240480959742
766,-8.290963164100553
767,-30.73168690161401
768,-35.294445761092675
769,-0.5560842776887682
770,-1.3852351586865552
771,-57.34116631727011
772,-11.07988469616248
773,-67.44612594281686
774,-24.861285963665182
775,-81.15028426914523
776,-57.40422050710367
777,-3.1533018693238546
778,-20.023900052634417
779,-36.73950975902835
780,-13.548568273310877
781,-18.56282735701643
782,-2.221460053750377
783,-6.290339868006413
784,-83.67679522195249
785,-16.17904164247011
786,-34.07095085118635
787,-11.578804258399686
788,-1.1583780554242225
789,-34.76781202977611
790,-58.90756067799248
791,-20.9328871486141
792,-67.96453912153902
793,-26.97613481285225
794,-51.94923858920592
795,-32.84384569113308
796,-20.14522128671433
797,-0.6194243252866727
798,-52.84786390103545
799,-24.29082062767864
800,-0.308216695460942
801,-34.424330036124445
802,-80.51962421995995
803,-55.735475782857975
804,-15.634374115431108
805,-1.9733682753450665
806,-64.26258252009723
807,-26.49969216543235
808,-14.888489189335132
809,-25.85315093934696
810,-0.6097749400614703
811,-51.401701531168634
812,-6.019225633335054
813,-9.184116739343153
814,-35.788926093046825
815,-0.040579897742901494
816,-0.5248659207572928
817,-25.52937470505367
818,-46.91127802337695
819,-28.71422578394686
820,-88.70418516696009
821,-0.057191319945445684
822,-33.81679202481564
823,-44.595310645981726
824,-12.849620042227514
825,-37.019837380097314
826,-33.4243311047876
827,-14.656591138045314
828,-1.8761785916863118
829,-29.324207927706766
830,-43.61143261328107
831,-12.706275216412905
832,-4.068138319649734
833,-4.486053629008438
834,-0.3472388141706233
835,-16.339287413729608
836,-0.4770259443848772
837,-68.98982966394033
838,-11.491557920159266
839,-10.353565152239753
840,-41.69048401955682
841,-45.249674291210084
842,-21.856272009185858
843,-35.71085984453191
844,-22.105508393637137
845,-52.04406593168744
846,-14.819127456454538
847,-31.40304709168913
848,-0.15656551125761098
849,-2.164052430011111
850,-46.507552991870966
851,-0.04354379570602873
852,-22.000706513321347
853,-58.86486258305367
854,-21.466702001271074
855,-3.4306272517860634
856,-9.454076051992615
857,-1.2470475652544337
858,-22.38590504046806
859,-3.0016786204405435
860,-32.83655767411983
861,-42.32589154628482
862,-65.47082580056758
863,-0.6074810892115465
864,-0.8512108600791919
865,-25.584226156122895
866,-31.484714286968483
867,-6.9989685070013365
868,-79.41379106850036
869,-57.807636800131604
870,-2.723861772586588
871,-39.88194557443694
872,-37.52112787442093
873,-10.42778888873363
874,-0.0011587948918840851
875,-7.944908739140374
876,-3.2998025662163855
877,-0.8779769191314699
878,-33.88631541447808
879,-0.2960759153628487
880,-44.81884030746153
881,-46.910392996918745
882,-13.387909713404952
883,-9.358126111321326
884,-18.041633833617187
885,-17.795006793616267
886,-17.155455839209026
887,-60.79935638660845
888,-31.18897955865117
889,-23.368339998531155
890,-4.209809945298275
891,-38.82680400485333
892,-0.11580997357668821
893,-80.10237934778527
894,-11.533943066700886
895,-2.5930137824999457
896,-0.4184909923360465
897,-56.79460961678882
898,-0.13760648276729626
899,-16.540807241559378
900,-48.62343557906365
901,-22.07569460279774
902,-15.478012139843486
903,-0.7570969780241406
904,-26.759471491306613
905,-60.127546655647166
906,-7.206276998835165
907,-75.17249093767168
908,-0.8484477920905675
909,-5.087487974320084
910,-0.7558523690199763
911,-0.4257137316308217
912,-0.2375981997101917
913,-8.028923133237967
914,-34.67575164797131
915,-44.90496215458279
916,-10.6237647515145
917,-1.7092754413482254
918,-52.959288337744965
919,-21.689576967161884
920,-47.407926813162405
921,-92.11731168205733
922,-58.04917702389321
923,-51.69624956989934
924,-68.81222370786509
925,-5.557268822798562
926,-24.151981170560248
927,-16.94981005351201
928,-57.75436495352278
929,-2.537247623582516
930,-16.795696344509906
931,-33.95053289094358
932,-60.86864974958007
933,-64.89403835851786
934,-36.962317508799856
935,-1.692835539731675
936,-6.958341130968165
937,-32.38417908256713
938,-44.27564173275488
939,-33.32227167795281
940,-6.016697306171409
941,-0.653672775087216
942,-13.291699748879182
943,-44.74108874425838
944,-21.639850145984383
945,-1.3601971273228628
946,-0.14762582604896934
947,-16.337660885082073
948,-57.68591562435063
949,-31.34745077286243
950,-0.06783117736495115
951,-0.6771741279717389
952,-0.19162187261099461
953,-75.99649127897283
954,-18.751194245330453
955,-5.639516025012881
956,-16.706547259727586
957,-41.55907642008333
958,-26.683044324538216
959,-30.839086710190415
960,-81.63213198426202
961,-29.790506353112786
962,-14.266878676897079
963,-2.1963833029170385
964,-15.432830818322671
965,-2.760966026803999
966,-40.26468385579622
967,-0.08622717627653742
968,-0.5413975996361842
969,-36.944775429127276
970,-1.1616854416936633
971,-135.12980648194934
972,-73.69614165427629
973,-58.5767530959433
974,-0.03010251611658532
975,-30.871464406629116
976,-0.8906316217126005
977,-0.022323607276774737
978,-33.24679665287613
979,-35.1816460686683
980,-55.84969717146487
981,-34.60585669180051
982,-41.83988055788359
983,-8.328187924631493
984,-3.576440949901553
985,-6.385708382837706
986,-52.31935591412997
987,-16.019971173545173
988,-13.07921052906022
989,-56.76489395991666
990,-9.555794792105871
991,-62.965926392611436
992,-11.566858178164694
993,-14.655669849402784
994,-41.298401236288555
995,-13.550231222251341
996,-3.1304545713064726
997,-30.253451162742294
998,-20.691505748861005
999,-74.51939207344549
1000,-5.51895974052394
1001,-74.22621677019288
1002,-48.91674037580901
1003,-0.21288253818602243
1004,-0.3035664661292685
1005,-7.406836000067415
1006,-6.17879528113599
1007,-70.84746837938292
1008,-68.27378965822956
1009,-69.88371627538436
1010,-40.02356591691958
1011,-60.551548646657466
1012,-10.849288111247006
1013,-70.55391493688876
1014,-16.16051731729658
1015,-21.000135423580105
1016,-10.97237347731425
1017,-0.32199831140860624
1018,-36.13895645107651
1019,-7.550531992257675
1020,-2.7854291011979058
1021,-8.900109018475632
1022,-39.71340224778032
1023,-34.57974436317717
1024,-42.633867075377566
1025,-47.30607735396188
1026,-9.673245202839098
1027,-0.25578758767369436
1028,-41.612441519430575
1029,-22.346331121061667
1030,-44.04004924693362
1031,-28.149750562209306
1032,-24.009642146725128
1033,-70.97679463193072
1034,-35.08161231523749
1035,-17.07668492541484
1036,-3.570659036955476
1037,-13.762089972407964
1038,-47.06277031675563
1039,-13.559293555561453
1040,-1.9839099381714504
1041,-38.7381563741981
1042,-16.290028292583884
1043,-57.07486045956057
1044,-9.642497292777989
1045,-69.31363464723518
1046,-4.730207478511147
1047,-43.371637859119915
1048,-0.32663754251916544
1049,-61.78693877323667
1050,-1.5289886895009204
1051,-0.8952982726209484
1052,-65.08140620412814
1053,-44.31623895886514
1054,-6.121582212861085
1055,-1.6901229647202172
1056,-0.5705868984478002
1057,-2.858903630765271
1058,-0.008596426416005443
1059,-41.399538726835246
1060,-51.32036763331871
1061,-55.80377614335163
1062,-0.5626735289658313
1063,-37.34607903410506
1064,-4.85388159044669
1065,-68.51968402293642
1066,-55.30729819378871
1067,-61.363925448999
1068,-13.938132327570202
1069,-1.0760945122456178
1070,-84.27782079699682
1071,-23.232798400331376
1072,-21.223912057930647
1073,-49.777132578077726
1074,-42.48614899351128
1075,-19.232676095958254
1076,-3.3799935536415404
1077,-28.875775227507347
1078,-53.52959085915677
1079,-2.8974437952736025
1080,-23.725358168057937
1081,-10.87293573628584
1082,-7.916185096203677
1083,-1.768468092481271
1084,-3.150348287945917
1085,-7.209390029544011
1086,-53.406399506638536
1087,-0.9134799825837945
1088,-17.638560498598963
1089,-26.053780413349955
1090,-19.8603174824093
1091,-54.24740001584263
1092,-40.21332017639543
1093,-11.981085500640802
1094,-29.43170063743605
1095,-25.96736336747017
1096,-24.306439692029926
1097,-1.5489729113305657
1098,-6.994410084680567
1099,-55.15677577493625
1100,-12.821400027620257
1101,-10.174525283313415
1102,-24.365197598421986
1103,-23.49741589423502
1104,-0.03646645337903465
1105,-14.359867490095894
1106,-35.28726714975221
1107,-25.343087988310856
1108,-18.37805131466115
1109,-22.234324861568894
1110,-39.699879189375736
1111,-30.96355447697681
1112,-3.4599794200316865
1113,-3.2528943411552973
1114,-15.832597756156062
1115,-12.657620735189994
1116,-30.33175023325265
1117,-19.06745152578282
1118,-0.07568444751430548
1119,-30.180575464868582
1120,-11.396165767051116
1121,-0.591314286468787
1122,-7.206505603527077
1123,-22.28511874954347
1124,-53.04677511400888
1125,-80.29479705540598
1126,-15.024395079220994
1127,-6.493742743475279
1128,-19.63840476473576
1129,-0.3839801560731493
1130,-22.099679865357757
1131,-42.117232820075515
1132,-30.379437372765096
1133,-49.11675320654467
1134,-28.890805828098735
1135,-74.78392160718613
1136,-1.1428815634562852
1137,-9.918461236171424
1138,-6.3807995173824565
1139,-15.658267479658662
1140,-3.574096828083384
1141,-25.10932604532431
1142,-53.26274239837949
1143,-19.421911114710383
1144,-67.32099662611472
1145,-14.989653593426738
1146,-39.118563265812554
1147,-54.32172325999852
1148,-23.89988816996629
1149,-6.61174388355721
1150,-11.405836037838785
1151,-20.543650260768572
1152,-30.09426399705194
1153,-1.4657473931671063
1154,-69.40567246823916
1155,-31.11412174203896
1156,-1.8202786116549419
1157,-79.5003543006087
1158,-7.581766087561846
1159,-0.11457946234850169
1160,-0.2726548536675466
1161,-0.057484282981931756
1162,-18.588855132611684
1163,-44.48997038434936
1164,-1.199762990574527
1165,-19.79440483048046
1166,-109.37263573979726
1167,-26.97618066386076
1168,-25.89925131271525
1169,-0.5499122401693057
1170,-63.54716804729219
1171,-4.876617287813531
1172,-63.17850825626783
1173,-0.38804675544906786
1174,-44.92710859282448
1175,-6.189304442399191
1176,-9.167690820235975
1177,-44.34091322666778
1178,-39.501868243081844
1179,-6.317099519037356
1180,-16.70602151447747
1181,-27.517539626869052
1182,-7.49208991281057
1183,-22.229793916235447
1184,-33.762438837486116
1185,-74.36445845657727
1186,-75.22817289661725
1187,-11.127107219421305
1188,-49.11948202480562
1189,-15.133266348609112
1190,-0.9643022311465757
1191,-20.293892246525502
1192,-33.53993803297635
1193,-18.5861524363645
1194,-51.72520499034272
1195,-0.030059482126944204
1196,-57.099835713510515
1197,-0.09018517368775747
1198,-47.671934949616116
1199,-1.2132684120256272
1200,-4.069654046557844
1201,-0.01972597866790693
1202,-10.523264885846402
1203,-11.301699671844403
1204,-32.18012393925892
1205,-38.915184458589295
1206,-44.76687866872635
1207,-16.17001563300437
1208,-90.53093687367588
1209,-5.9796711787683385
1210,-1.1395083180250367
1211,-10.79890326011082
1212,-73.2797746147553
1213,-0.6465829241096799
1214,-11.216011147349036
1215,-20.17926195998696
1216,-0.05349377850666315
1217,-0.9221588303238946
1218,-59.88144286986997
1219,-21.92317632115737
1220,-14.850056676223176
1221,-27.648919824561972
1222,-61.00286747434143
1223,-8.97596298107618
1224,-76.0553958300734
1225,-20.860992296756194
1226,-0.29456100073957714
1227,-4.258535270319271
1228,-30.288047079134454
1229,-0.414257369513507
1230,-12.803507177004576
1231,-94.96378159229062
1232,-7.258220992647239
1233,-12.332926578590389
1234,-42.43507597137352
1235,-29.60959066220471
1236,-6.1304105160018025
1237,-24.94137813973026
1238,-9.831182358440287
1239,-32.9374237445918
1240,-32.09972211841773
1241,-26.318792228479765
1242,-0.3748461263894569
1243,-50.19281887080257
1244,-11.449537213426083
1245,-32.90440715940335
1246,-23.340097328885236
1247,-51.147625375611824
1248,-62.727854072078884
1249,-52.76710916310549
1250,-21.624559716719624
1251,-0.026002841766967322
1252,-65.71517361774062
1253,-31.065258281370916
1254,-80.58105160896136
1255,-16.28592865268365
1256,-58.53988787972594
1257,-12.911773748637643
1258,-67.99792890799108
1259,-46.08341372419545
1260,-31.804855172056705
1261,-0.10293567273947701
1262,-0.17191948766634368
1263,-65.76351496449206
1264,-8.903906681712925
1265,-20.030352808905832
1266,-70.90611562515551
1267,-6.01696228828564
1268,-0.005921727342084182
1269,-56.44280387845811
1270,-5.4831054479582235
1271,-10.794168652763119
1272,-56.957409543087124
1273,-1.0009667859367255
1274,-50.85302340126219
1275,-6.127274732857359
1276,-15.054319100914768
1277,-36.53531224268396
1278,-17.767535866982143
1279,-0.09493348214164143
1280,-1.1033477852692215
1281,-0.7618276116322136
1282,-12.728911714526475
1283,-7.347118767923348
1284,-1.4661431598979107
1285,-5.56319813669711
1286,-3.562460645190882
1287,-1.42030708907987
1288,-2.5376322770512445
1289,-38.952005988954625
1290,-48.38724514895193
1291,-11.444319230897236
1292,-39.53542863840008
1293,-38.280179896108166
1294,-50.096878304153506
1295,-21.54383551734088
1296,-50.32739538628812
1297,-7.999397196217615
1298,-0.4855807945991728
1299,-62.37961931923121
1300,-5.107580393436365
1301,-0.006272204978589713
1302,-6.480669719829166
1303,-22.991338031935804
1304,-43.659224471845675
1305,-33.73824524972588
1306,-67.50803300882649
1307,-21.14029964971553
1308,-50.730193197000744
1309,-9.84116929891593
1310,-10.635742112006369
1311,-22.452942578252987
1312,-87.31877663946943
1313,-0.0333950515455399
1314,-4.312164155075152
1315,-13.06449109289315
1316,-33.85936698031674
1317,-22.871511203724765
1318,-0.09092534368005545
1319,-6.073635349751157
1320,-35.91366393854321
1321,-12.96580225614072
1322,-0.21420977175876033
1323,-7.627121325363987
1324,-39.97997225542531
1325,-37.642176053331696
1326,-18.668179687752854
1327,-52.68160684893337
1328,-63.42369805560884
1329,-53.450895740505075
1330,-2.1211089792794837
1331,-80.80838148620785
1332,-49.46493759398709
1333,-5.190417600553701
1334,-19.18390205704685
1335,-19.039320761035924
1336,-38.81269608784305
1337,-0.09032799953604354
1338,-5.952000951490845
1339,-0.13024058178785036
1340,-69.55584324166739
1341,-4.762079383069249
1342,-41.85290867625767
1343,-5.038021190945074
1344,-5.389926300868865
1345,-63.61320172339401
1346,-29.705735950905364
1347,-35.4736805909252
1348,-55.18685610955799
1349,-42.07924143632363
1350,-70.84242409848957
1351,-18.838578447257532
1352,-137.1088732844455
1353,-70.21351638753174
1354,-3.674258485126341
1355,-26.432438319533958
1356,-0.11873010833443232
1357,-9.805193536443369
1358,-3.6302273626576884
1359,-100.95336996989136
1360,-20.169604903773575
1361,-59.67677703301888
1362,-71.54323824954918
1363,-3.7634969866121537
1364,-31.80258543729815
1365,-67.81594824012427
1366,-1.7269799747865164
1367,-6.466652249203207
1368,-78.6912789476628
1369,-0.9215989918156993
1370,-33.05856297471473
1371,-0.3193504528644553
1372,-74.24458649732696
1373,-0.0077903338642499875
1374,-7.217312255564053
1375,-3.205458829035706
1376,-32.24309481918135
1377,-38.41194479943806
1378,-1.4041104714633548
1379,-16.24234422332222
1380,-21.469497913118175
1381,-26.88008335653312
1382,-8.302109404554358
1383,-29.79113103769214
1384,-7.884431006797968
1385,-34.005716710935765
1386,-6.698070372146503
1387,-15.085462731846064
1388,-8.38835642567983
1389,-0.27899408683322235
1390,-43.25506026802259
1391,-29.12640523636219
1392,-19.532857309007568
1393,-47.061931279770675
1394,-11.972009296296164
1395,-14.79746172133855
1396,-20.57098105268188
1397,-0.05681236217492369
1398,-67.60132092873445
1399,-1.8191196554865599
1400,-38.88071645434559
1401,-9.105446675596568
1402,-0.010063618276376474
1403,-44.91553895450147
1404,-0.9151762292021886
1405,-33.13832269351468
1406,-14.255993149625471
1407,-60.81491070811751
1408,-23.904669615432084
1409,-5.216759507004099
1410,-38.71022349477607
1411,-0.5092174019649178
1412,-2.0439847446905333
1413,-0.03746696711459663
1414,-3.570413605439512
1415,-0.949292443838516
1416,-4.770119360567762
1417,-56.099500620056006
1418,-12.431247064196327
1419,-23.95119225461508
1420,-12.829109442953268
1421,-11.583709425607822
1422,-14.101216616516467
1423,-36.19021700925782
1424,-42.701931682843565
1425,-30.026593954821692
1426,-13.22186322635389
1427,-19.278997547514336
1428,-37.45344615663453
1429,-52.94535301148164
1430,-4.294339156120259
1431,-6.422562647285906
1432,-13.632516671836584
1433,-0.028411759347818588
1434,-26.46023293738108
1435,-1.094379889483207
1436,-11.71446664580435
1437,-34.3907758805816
1438,-40.06399379529489
1439,-5.486642308699402
1440,-1.5777873983533937
1441,-21.178344654050306
1442,-36.70402282951727
1443,-0.2259383336204337
1444,-24.287997141622782
1445,-3.7818327828737495
1446,-27.69518440993147
1447,-1.2382106021750587
1448,-56.662039178945406
1449,-50.475585116143975
1450,-8.595507146263117
1451,-14.388650874492086
1452,-5.797848387243221
1453,-87.88010996671937
1454,-68.2072539611745
1455,-47.78731058639096
1456,-33.91258642444683
1457,-0.05649351986120088
1458,-24.584096281750135
1459,-0.4018950272737811
1460,-43.82621557672792
1461,-62.62222784238111
1462,-37.17809226264808
1463,-5.243564103256745
1464,-54.52373516842846
1465,-13.07140003287168
1466,-0.870974724073676
1467,-57.96205179923709
1468,-17.8356738691391
1469,-18.408417212919893
1470,-66.68917678740958
1471,-15.824633682462263
1472,-1.7065360811220671
1473,-60.30431388556619
1474,-31.22000328085096
1475,-56.700707249760676
1476,-0.5757838982099202
1477,-0.0034607941888909755
1478,-25.2646893419319
1479,-45.18645149975919
1480,-6.738146701784444
1481,-10.116829560877846
1482,-3.3978070329524144
1483,-5.612457585739321
1484,-31.162824456447822
1485,-27.69038875366823
1486,-4.059397557681223
1487,-2.0097437736594657
1488,-30.271663730060993
1489,-12.537800274748633
1490,-13.0177079875088
1491,-30.412686406785724
1492,-1.1404797664697526
1493,-54.603903525607166
1494,-20.57499368279167
1495,-45.0712505728595
1496,-0.21331872856796963
1497,-0.4181706407907768
1498,-64.94086987519404
1499,-5.9153270665538
1500,-30.775039211470954
1501,-32.02908825177656
1502,-153.74880796158686
1503,-1.4928856178050864
1504,-4.7148955163476955
1505,-1.3114888141772099
1506,-47.51982451389267
1507,-7.278037205007365
1508,-1.1402543851800147
1509,-5.399316199284158
1510,-26.17810945150427
1511,-4.4475368775024435
1512,-3.674151281467857
1513,-7.848834461799925
1514,-0.016689318123667363
1515,-42.88375399415963
1516,-14.386853042646507
1517,-2.1562380007380852
1518,-30.5861896905526
1519,-32.34382227155447
1520,-5.638863649708841
1521,-64.97602429619792
1522,-1.25745361995871
1523,-7.225501404221404
1524,-67.23838723274093
1525,-53.76793495600825
1526,-25.971935952368085
1527,-12.339561308068369
1528,-2.1291828305928675
1529,-14.775054210186681
1530,-3.5758312974954087
1531,-6.053569707426391
1532,-3.628608130296925
1533,-71.39472108510745
1534,-6.042279659035557
1535,-7.494275213103808
1536,-55.02942889545755
1537,-45.498039518048245
1538,-15.735067905136702
1539,-53.84600007558855
1540,-13.20331481486852
1541,-19.068112249276965
1542,-55.50089933462732
1543,-12.615773879981589
1544,-0.12468204537276506
1545,-43.42558306642388
1546,-2.382315700103778
1547,-41.63634712767563
1548,-20.85636792405694
1549,-6.927844467074465
1550,-39.32995725326691
1551,-13.931895127802818
1552,-11.905253143335841
1553,-55.852140246726094
1554,-3.7683133151276706
1555,-10.643270683143953
1556,-0.5773706355421382
1557,-13.079284848840757
1558,-0.8459215822390433
1559,-50.712353046636
1560,-38.2246384072577
1561,-72.80768215123749
1562,-0.6277673414588207
1563,-54.66490868522669
1564,-16.664836133706558
1565,-0.11467052006219092
1566,-38.35675100497065
1567,-62.604381421122525
1568,-49.00406184856888
1569,-28.785652740465594
1570,-72.05579847046238
1571,-25.078081563105115
1572,-2.125985169402753
1573,-8.686750951774513
1574,-41.912429015747875
1575,-13.558198163189076
1576,-0.10278624504280742
1577,-49.2954906664074
1578,-8.69434311155419
1579,-13.803469401519068
1580,-38.692352818645304
1581,-16.86718445406703
1582,-61.79311939936906
1583,-0.14315222637890201
1584,-13.4502139323979
1585,-81.90682766927057
1586,-4.1923690719094395
1587,-2.4086623422044795
1588,-34.66585038178164
1589,-60.017653691467785
1590,-16.006524353397253
1591,-40.50378120159439
1592,-1.2979519736472866
1593,-11.527268913318013
1594,-31.236768976254098
1595,-16.21686450786541
1596,-3.330879477874987
1597,-5.374594452006363
1598,-72.49158800166333
1599,-22.693024369098154
1600,-87.2200643732865
1601,-51.063074170801286
1602,-28.991584100449927
1603,-23.97729470146487
1604,-0.043866286841819147
1605,-35.09383292272999
1606,-0.011723431647226334
1607,-62.70281674526552
1608,-0.05492403124767975
1609,-52.541994708155926
1610,-72.29786521441575
1611,-15.433368863436044
1612,-31.365222392220026
1613,-9.225666280048555
1614,-48.892553800943006
1615,-4.121105130179785
1616,-62.03449606571189
1617,-13.484273914956475
1618,-3.518222583865281
1619,-46.21949538550689
1620,-55.59835501660791
1621,-5.124731919636176
1622,-7.154781900910166
1623,-14.98525287413031
1624,-7.744623348018649
1625,-66.64119099793606
1626,-69.58542248360891
1627,-43.664295633585425
1628,-0.9975124000338838
1629,-43.762367504161375
1630,-9.268209832824141
1631,-30.642446880669013
1632,-7.356874421968946
1633,-0.2997253583944257
1634,-2.9392968146691487
1635,-63.83889272842134
1636,-5.225687624285001
1637,-2.6896599755637
1638,-7.890025520816096
1639,-42.99460590120043
1640,-18.09032384192834
1641,-40.2148225260201
1642,-38.21472367590911
1643,-20.340846531882562
1644,-13.610013393964437
1645,-3.078669427267293
1646,-8.708261675635072
1647,-2.3692624026612634
1648,-39.556652013853636
1649,-48.46806294841963
1650,-60.17220510905736
1651,-20.730176152836066
1652,-1.4114710536123312
1653,-33.99479998237075
1654,-16.562805333052893
1655,-16.709105267645555
1656,-0.057492834735967335
1657,-62.034665664978206
1658,-46.41439421833064
1659,-49.83475115488454
1660,-20.256128186942078
1661,-18.136762336373067
1662,-34.726541803897504
1663,-32.41693969636981
1664,-0.2553739695774766
1665,-22.864921813997853
1666,-58.45142111969835
1667,-2.4495979009079747
1668,-0.1473994828222942
1669,-13.48801516835556
1670,-24.45519049732593
1671,-55.278909948099226
1672,-12.130789604403958
1673,-10.833103857701644
1674,-5.580323274900479
1675,-3.8812180949425965
1676,-0.8848092712811422
1677,-32.737367798368155
1678,-7.237686802698384
1679,-68.89136190599905
1680,-42.30535208248384
1681,-6.405367801198736
1682,-69.2565571471896
1683,-64.92712919370388
1684,-0.8673103434512086
1685,-115.18047997506801
1686,-62.16194846321605
1687,-41.47378450193355
1688,-62.16451750780201
1689,-0.8396121184632648
1690,-81.64824402888462
1691,-55.05640781334023
1692,-27.186286647332054
1693,-2.5542693140159827
1694,-39.044721584807576
1695,-46.61798095634822
1696,-2.6190280089795124
1697,-18.831591880240012
1698,-0.6928779888191912
1699,-35.054288071135716
1700,-45.964207650381084
1701,-0.006377032106316571
1702,-69.71981980430428
1703,-89.00853964975295
1704,-51.26799117962592
1705,-32.28918864746993
1706,-41.17305988811859
1707,-20.276529419406415
1708,-42.158979754405664
1709,-60.036026550704264
1710,-114.37247337956842
1711,-12.69567947217729
1712,-26.024400260808022
1713,-12.033218392004642
1714,-3.1064013363538834
1715,-79.66466197147383
1716,-7.034007844149528
1717,-52.6718276794731
1718,-3.74325348500912
1719,-79.54462058985519
1720,-16.831221908629914
1721,-16.939525840980195
1722,-99.84780141722786
1723,-66.78740039816745
1724,-52.104774053417714
1725,-33.704786671833574
1726,-22.5527021723683
1727,-69.64196929062018
1728,-62.90071731877924
1729,-35.35727818125088
1730,-41.09274920690768
1731,-106.90116436509743
1732,-21.62553174956497
1733,-55.860135621189784
1734,-21.50709295726847
1735,-4.379368636420622
1736,-4.666548842666089
1737,-24.333248623342342
1738,-0.5598921974451514
1739,-6.589580443234809
1740,-40.1585675966586
1741,-51.829114895789644
1742,-46.97580508104613
1743,-45.615317407809925
1744,-46.69829349052907
1745,-47.84626410699275
1746,-0.9028449667191264
1747,-25.511772280255173
1748,-33.17593872019643
1749,-60.25460238716914
1750,-99.26807970834591
1751,-52.80169267727888
1752,-34.32991419839891
1753,-0.2998082366823951
1754,-73.39283630572163
1755,-56.773663145060596
1756,-10.69846324929361
1757,-11.460693921296865
1758,-36.66396588830048
1759,-24.44521652870708
1760,-33.893436809667946
1761,-45.4466541104611
1762,-40.20680766236006
1763,-0.7421054863261816
1764,-92.50869984708288
1765,-35.51301470261387
1766,-18.33305717282706
1767,-26.560113261331594
1768,-27.756097173416492
1769,-63.99936878202243
1770,-8.712397976050852
1771,-0.11893048480851576
1772,-19.939807880197804
1773,-1.7846485761838267
1774,-0.14140347654574725
1775,-7.647446356176715
1776,-32.97908406255233
1777,-33.10271089212223
1778,-67.7461780395106
1779,-8.52503045272789
1780,-20.720875346222783
1781,-32.65055225709875
1782,-35.3303416011986
1783,-53.532341530391705
1784,-2.831121201001224
1785,-1.2846407717979673
1786,-8.780671433255733
1787,-57.91463465233937
1788,-29.206524455570616
1789,-46.53624197547168
1790,-8.39524066662301
1791,-66.5579190106042
1792,-1.9073799574980512
1793,-66.41292159464683
1794,-9.664913409087603
1795,-54.528998744209126
1796,-61.78823768417169
1797,-92.31818580205072
1798,-60.1848665746154
1799,-30.64705374263599
1800,-21.5263019805534
1801,-27.517901767001604
1802,-0.31420938970651946
1803,-18.74277977266547
1804,-24.08294016171567
1805,-1.554428630379462
1806,-26.665028098642438
1807,-0.14404689598609366
1808,-4.475694572436623
1809,-94.2966472604844
1810,-4.2898231725002915
1811,-70.57754890070069
1812,-0.2211541965394872
1813,-0.7675540489071864
1814,-43.03903689979908
1815,-18.281398367413203
1816,-76.95965776816456
1817,-66.83325839506688
1818,-29.73343118527356
1819,-16.55508790258682
1820,-52.71495859612588
1821,-1.9552693218136685
1822,-2.347437883332489
1823,-52.28705032268033
1824,-48.46416099425275
1825,-67.62603767274413
1826,-2.3345483658926867
1827,-12.364582753798459
1828,-27.01892076838432
1829,-16.57566663060723
1830,-1.1380155990192407
1831,-23.911968612927012
1832,-45.019715501178894
1833,-40.481364214827686
1834,-12.692235914265751
1835,-17.208778338635
1836,-17.648011930036773
1837,-17.911184029002698
1838,-2.8287085975316586
1839,-26.302847315084364
1840,-16.63935165297842
1841,-19.062999100057823
1842,-23.127492741110473
1843,-92.2550454514112
1844,-7.286194133415847
1845,-13.083999631012546
1846,-15.039144846981799
1847,-13.6368418668429
1848,-30.984849242300566
1849,-88.4281026495155
1850,-45.61977013266301
1851,-13.873292804048106
1852,-61.97172384712576
1853,-44.131555171101354
1854,-14.167333819143067
1855,-61.667295078240386
1856,-8.486519494495042
1857,-0.38336494440591196
1858,-49.830588672191425
1859,-25.303085737736183
1860,-53.90566919159028
1861,-24.705660250801714
1862,-90.21046315789863
1863,-28.437065704471465
1864,-32.704593347044025
1865,-40.180988109454574
1866,-3.9717408003052697
1867,-2.1509377295681844
1868,-31.269749856674025
1869,-28.437455728515488
1870,-58.31331094313248
1871,-0.031245361548201345
1872,-54.62683056863489
1873,-11.030950081210904
1874,-14.71040389314254
1875,-61.639166305743856
1876,-7.363575527439025
1877,-0.8425875774473752
1878,-25.642499704108275
1879,-53.036805471895654
1880,-61.99816745874705
1881,-66.96078696876066
1882,-8.255451192581745
1883,-14.959616837821159
1884,-6.579017800113133
1885,-2.928639335772573
1886,-3.577283884789267
1887,-6.396640018743369
1888,-9.017744861925166
1889,-0.0365067364624565
1890,-22.4159312309057
1891,-20.169938290693608
1892,-13.13010583221785
1893,-77.02822578622803
1894,-13.546543598937092
1895,-55.62707071916452
1896,-8.287675063965352
1897,-38.77433630504697
1898,-2.6418366410725866
1899,-15.155441425411937
1900,-60.07401818940275
1901,-13.672093699488613
1902,-45.06289806662153
1903,-52.86492685765188
1904,-25.838587284517075
1905,-0.9877170116669731
1906,-42.43439256997226
1907,-46.81417942569806
1908,-63.350744825151196
1909,-4.825373324746465
1910,-52.059903923384354
1911,-0.372062759623077
1912,-51.21648612020067
1913,-58.99927904199126
1914,-28.033192632487037
1915,-68.67768675660045
1916,-20.002689841327992
1917,-6.510134930647652
1918,-41.99766829657551
1919,-47.5698980583893
1920,-7.953895248519984
1921,-110.81792066671187
1922,-11.97531186320623
1923,-3.868915601845174
1924,-8.129855959159613
1925,-16.38190163919601
1926,-32.20014016321238
1927,-31.89036240084897
1928,-0.40958109674329535
1929,-61.17230608585851
1930,-37.9737142556728
1931,-18.43797429776498
1932,-13.988729050697629
1933,-44.77845462340542
1934,-0.8948092786597499
1935,-2.3641529864107724
1936,-70.07464566596082
1937,-56.8229463188988
1938,-32.258517561349436
1939,-60.01405547215995
1940,-0.12662175286664024
1941,-0.1147091456670637
1942,-6.834633465820616
1943,-57.01651541871888
1944,-22.968416571980015
1945,-29.808322889657575
1946,-0.07425616826003534
1947,-0.476231815606905
1948,-84.60415373241813
1949,-48.08661861040309
1950,-40.34972709774655
1951,-6.130949842554131
1952,-31.356327037909523
1953,-0.02708700163566391
1954,-12.117055566184717
1955,-53.04492712282132
1956,-18.15971829740738
1957,-70.95218600916269
1958,-64.16848302738799
1959,-52.342137729116075
1960,-3.9032590419228654
1961,-58.193533819619915
1962,-14.576362701212929
1963,-1.859982947806202
1964,-4.773611718866462
1965,-31.786626519955462
1966,-49.54582216666313
1967,-17.32826767476604
1968,-67.36638682789362
1969,-32.85591959143164
1970,-11.441995726330788
1971,-32.01827263395535
1972,-0.06183149593083215
1973,-103.90993280311523
1974,-132.20435781677952
1975,-71.24487403462047
1976,-14.7544757210635
1977,-67.95699952726318
1978,-1.6246290620280206
1979,-33.441385023810994
1980,-61.24191091267858
1981,-1.1481249015619142
1982,-62.97022961056791
1983,-39.089436300295574
1984,-28.384949893476914
1985,-27.388310470636497
1986,-7.155712509583736
1987,-26.844010342786305
1988,-43.46974108758877
1989,-0.696441118670009
1990,-6.63226630227291
1991,-45.22437998381065
1992,-10.665186249369832
1993,-44.168872413557665
1994,-38.234353934001774
1995,-6.819412432895206
1996,-8.845601277131209
1997,-0.2765431438824635
1998,-31.38533545052421
1999,-2.578514275883208
