,value_per_image
0,-62.85317264819605
1,-180.51345478283474
2,-67.3550282206852
3,-413.5798503481783
4,-700.9480937551707
5,-158.7883061079774
6,-1.8685535186668858
7,-86.96790110092843
8,-78.87993746506982
9,-1688.5046616792679
10,-280.0087769627571
11,-1159.4352826178074
12,-12.957291580851916
13,-0.008984137554989502
14,-23.808062823118235
15,-46.92523710336536
16,-116.59781427298003
17,-15.19108215541928
18,-207.74588825832507
19,-31.10959227848798
20,-67.54544795366382
21,-0.011561455143100474
22,-4.560144544662762
23,-37.82229569063202
24,-1628.0658508241177
25,-645.0051356505137
26,-1739.6664307713509
27,-2.8901535661786966
28,-1079.6504369601607
29,-619.3790258727968
30,-135.14894648233894
31,-720.2035761550069
32,-6.209925546892919
33,-129.6007821559906
34,-1060.5491442382336
35,-20.96212375932373
36,-79.53270880132914
37,-6.349710594500266
38,-1580.1165651082993
39,-323.3662974226754
40,-60.11887162690982
41,-574.2485473230481
42,-59.4462223041337
43,-0.8692900069363532
44,-1020.8094552755356
45,-115.64462551299948
46,-0.6612755146553297
47,-215.13963407464325
48,-41.61178324301727
49,-78.09152184476261
50,-423.5844048373401
51,-4.8854067082866095
52,-157.1917350934673
53,-12.069848127904237
54,-777.9870512969792
55,-69.23982950003119
56,-276.2483924557455
57,-78.4430301086104
58,-23.63581171509577
59,-2.8711883469113673
60,-1598.912464350462
61,-440.90143183711916
62,-214.7149528191294
63,-1026.6430410295725
64,-25.929562520585023
65,-548.0740473866463
66,-1350.7300834953785
67,-1668.9035533070564
68,-488.0011917985976
69,-1.954601794379414
70,-507.57562466710806
71,-34.74705549777718
72,-119.2637973506935
73,-39.353717150050215
74,-1212.0722869932652
75,-9.318568511720969
76,-100.09320619476057
77,-1041.6774014383554
78,-211.04526389588136
79,-717.8128471188247
80,-48.26907707189093
81,-8.445537494248128
82,-68.65536837209947
83,-1196.847817003727
84,-1596.229927867651
85,-147.748518448323
86,-62.757302062178496
87,-43.36335149977822
88,-54.30552387658099
89,-388.1060438230634
90,-19.693163516945788
91,-167.74080754467286
92,-26.879924562569613
93,-139.66379480226897
94,-342.87596735637635
95,-1702.9935285449028
96,-1276.8810007572174
97,-321.48645003372803
98,-0.9965958509455959
99,-2.1375471303672384
100,-4.347654480305209
101,-11.017699564108625
102,-17.380886089173146
103,-195.5926527511183
104,-4.8237034634221345
105,-8.1432225765966
106,-2.470306772350341
107,-3.3422329043096397
108,-282.91138717345893
109,-1770.8761178553104
110,-907.9828900545835
111,-1240.1003670990467
112,-251.6816492942162
113,-302.52656818926334
114,-25.260657910781447
115,-154.00894867442548
116,-142.1745006046258
117,-104.22484813304618
118,-1129.1264370977879
119,-51.89025668636896
120,-23.28573195647914
121,-1599.6945750415325
122,-820.8020178377628
123,-1.021722208760366
124,-7.079107352234132
125,-180.6450751342054
126,-1084.8612944930792
127,-0.21101327425685668
128,-5.19446380995214
129,-34.84549180185422
130,-536.4995513558388
131,-1186.396720096469
132,-49.53706366970437
133,-576.063159963116
134,-128.46719849457259
135,-944.5268024504185
136,-1.822766857323586
137,-193.75693993084133
138,-1538.6099559366703
139,-68.84085918968776
140,-14.48603494164854
141,-21.820077636330097
142,-23.912765368928376
143,-21.24611269739671
144,-15.863684649550123
145,-355.14685302414
146,-1025.7633370235562
147,-39.9716581783141
148,-18.42844191913173
149,-1643.3554011881351
150,-1596.2637616693974
151,-809.792698155914
152,-1.07695121402503
153,-30.68596075968526
154,-217.22617660369724
155,-46.26541525509674
156,-1292.4480393007398
157,-2.299586110114433
158,-210.55226773768663
159,-340.32280619442463
160,-428.43787207096466
161,-11.871936333773192
162,-31.54595631689881
163,-33.54158845101483
164,-0.026227888311325387
165,-110.76496655069059
166,-1238.9385087992996
167,-1710.5725111961365
168,-261.16049441415817
169,-7.906355688606254
170,-694.4616966769099
171,-9.439646650382201
172,-548.1760072931647
173,-1.9370414617405913
174,-85.07523785973899
175,-17.00319458062404
176,-0.34662971178897806
177,-604.7790757790208
178,-519.6003789491951
179,-17.169780527646026
180,-1646.5543218404055
181,-222.25617065280676
182,-1328.4684751555324
183,-127.61653338419273
184,-28.8262189233792
185,-53.70398926222697
186,-162.48155121595482
187,-186.36724267003592
188,-4.141488691682753
189,-4.415498175076209
190,-23.19410725781927
191,-19.389376781051396
192,-32.70963665172894
193,-4.328721708940066
194,-731.612920537591
195,-147.51371154322987
196,-9.32088589311752
197,-204.55566909810295
198,-48.320085082437345
199,-2.6300257109323866
200,-59.31479782854149
201,-34.5491325056646
202,-16.84409451665124
203,-199.54879123170394
204,-74.14484359847847
205,-81.98807662024046
206,-125.10271976143122
207,-21.25168458684493
208,-59.77147557400167
209,-871.3573990538716
210,-4.098388367481675
211,-384.06821405142546
212,-1789.3673772513866
213,-453.9885237812996
214,-627.8496495783329
215,-30.153787623392418
216,-1.0188855747710477
217,-1771.7413396835327
218,-214.46457099542022
219,-0.006188148211123234
220,-21.98178069716596
221,-1040.5606047213078
222,-7.381862129128422
223,-125.0505514703109
224,-13.00065462954808
225,-1496.3050749897957
226,-1154.3919347375631
227,-924.1039103865623
228,-2.3249163975597185
229,-1790.5196065306664
230,-19.482397798710736
231,-1.7059869115691697
232,-1438.8957833647728
233,-504.6261381385848
234,-25.2935331467379
235,-9.448787519351754
236,-1775.2740878164768
237,-596.8577041625977
238,-10.30526172829559
239,-401.65929643437266
240,-953.968333363533
241,-103.67464289814234
242,-26.552834180096397
243,-1.1848118963933096
244,-385.1569435633719
245,-41.12735348588103
246,-66.41828550671926
247,-384.6750753670931
248,-1790.9995381236076
249,-18.28914738446474
250,-1016.1337000131607
251,-906.5638642609119
252,-246.0142764300108
253,-1429.0873074531555
254,-865.0593680739403
255,-119.01005399463065
256,-19.006078828155296
257,-25.180940442951396
258,-73.42756665049819
259,-1008.2561471313238
260,-2.365706050800327
261,-1.4108427077371744
262,-360.0392901301384
263,-32.5873112778645
264,-41.45391627230492
265,-173.66824678098783
266,-1698.5015915930271
267,-15.751846360071795
268,-92.45056400587782
269,-7.516764508935012
270,-364.342518478632
271,-10.142703225661535
272,-85.63735669387461
273,-0.631270061541727
274,-157.1287719067186
275,-15.896770770545118
276,-36.861208949791035
277,-435.17924255132675
278,-603.2604914158583
279,-46.98548842125092
280,-1381.9408936798573
281,-5.2522300399432424
282,-396.7138550449163
283,-256.11405631527305
284,-748.6337704658508
285,-440.507125011296
286,-173.32307590567507
287,-1483.547489643097
288,-57.11390274693258
289,-0.07185465657209988
290,-1.1168146178852112
291,-2.108476029888152
292,-17.495725033746567
293,-4.590645161715656
294,-335.745695207268
295,-2.220473569130263
296,-101.82892234111205
297,-11.980785988268963
298,-129.1384022084385
299,-567.0774573101662
300,-1388.734245300293
301,-105.3742953967012
302,-4.00642046896337
303,-21.136531983473105
304,-1142.7944295382622
305,-895.4872917123139
306,-428.59899843111634
307,-1032.2200043946505
308,-5.824962948958273
309,-67.28483095311904
310,-0.8245459893114457
311,-4.461662820074707
312,-54.79539914544512
313,-1.348782997647504
314,-4.061121427384933
315,-0.12692394839967847
316,-111.2671185604413
317,-238.44763358895216
318,-3.4200227343644656
319,-1.06197929712107
320,-28.825175104429945
321,-28.911676253694168
322,-202.7145160548389
323,-458.0644412562251
324,-21.579650948828203
325,-210.95952956052497
326,-931.807499030605
327,-229.28310713358223
328,-414.2150990255177
329,-171.26236292673275
330,-961.2241606023163
331,-911.3240339756012
332,-171.2208132809028
333,-54.59578081313521
334,-610.7490032091737
335,-9.24365560473234
336,-91.11811642898829
337,-19.639792170433793
338,-110.54860356030986
339,-220.3709760364145
340,-477.7139534209855
341,-301.2600980848074
342,-0.1613293468349184
343,-246.38095284148585
344,-6.936181892771856
345,-43.49367882497609
346,-250.64526247419417
347,-196.6063241912052
348,-681.7453255355358
349,-1182.2212339043617
350,-42.748293278738856
351,-811.441044844687
352,-1038.3578627109528
353,-261.54021316953003
354,-762.2518424540758
355,-186.3608639924787
356,-1601.8160122334957
357,-232.8234031079919
358,-1723.8983652070165
359,-32.3418002652179
360,-0.5245740397167538
361,-865.1521762609482
362,-1.667295118832044
363,-5.037455637109815
364,-143.01307031378383
365,-346.14557625493035
366,-1215.0541661083698
367,-523.9416786590591
368,-52.292899282765575
369,-178.57408131292323
370,-379.74891303293407
371,-850.0175417661667
372,-6.0853466968474095
373,-16.82084801432211
374,-153.65369958346128
375,-327.469751695171
376,-579.3708078041673
377,-78.08854506583884
378,-438.6749457861297
379,-236.59996178746223
380,-4.740834827603976
381,-0.8153955221132492
382,-2.4856291071082524
383,-757.8366213962436
384,-26.76634751540405
385,-38.889284987857536
386,-1.7814386557056423
387,-1769.1324167251587
388,-9.716140814245591
389,-0.04757780550204416
390,-484.17258279863745
391,-51.542980039143
392,-2.593733312083714
393,-271.47430666727087
394,-64.28742509460062
395,-1766.3504059016705
396,-95.56185653773719
397,-211.24025765713304
398,-1145.292973011732
399,-51.57715181045933
400,-246.5750641869272
401,-47.7689061959245
402,-619.5456716269255
403,-422.49602993717417
404,-15.435330297666951
405,-11.516206496482482
406,-1263.2342077195644
407,-127.66455363249406
408,-1183.885737478733
409,-61.54861056822847
410,-34.476652278681286
411,-245.69524763524532
412,-50.63431338760711
413,-0.05207384094074996
414,-42.83007166280004
415,-185.01139657385647
416,-169.70448377309367
417,-0.3761512048122313
418,-264.15546830696985
419,-164.87161023775116
420,-102.12552506523207
421,-87.72007425088668
422,-26.4119930153538
423,-1052.2629179656506
424,-141.80337498335575
425,-57.12708314837073
426,-76.20522906992119
427,-97.36523069650866
428,-31.300805231090635
429,-0.8306959054752951
430,-79.24754175241105
431,-863.671393588651
432,-27.018635239102878
433,-878.5869210213423
434,-1739.1262804567814
435,-1565.3176968246698
436,-958.7525241039693
437,-60.80451306752002
438,-18.348038647905923
439,-506.0817795470357
440,-69.07373833353631
441,-103.55341157317162
442,-623.8864937387407
443,-4.0095486699465255
444,-56.99854195010266
445,-109.03147575992625
446,-1752.8107909560204
447,-4.635716838033204
448,-561.1606103200465
449,-112.81801909554633
450,-828.5798135995865
451,-329.34648648649454
452,-27.35552897187881
453,-245.56409153551795
454,-87.08399390382692
455,-1.4764994594797827
456,-151.14327215962112
457,-20.164186835230794
458,-111.89567362843081
459,-145.45834648284654
460,-220.60412169620395
461,-666.8738949857652
462,-1032.6530505884439
463,-155.43780721724033
464,-129.9719372584441
465,-532.0916823223233
466,-522.6717651933432
467,-186.8414739165455
468,-1177.3380230665207
469,-52.51238960435148
470,-260.8082227734849
471,-1313.116173800081
472,-919.6218422651291
473,-1.302862552148099
474,-2.0144346043998667
475,-213.65320415981114
476,-1368.2052328288555
477,-306.53683533752337
478,-1576.1226343810558
479,-1008.37892973423
480,-911.4610952138901
481,-46.20735379643156
482,-7.546703520276196
483,-25.380971675142064
484,-31.2237178763462
485,-61.824654441094026
486,-404.30380483018234
487,-3.762358974111521
488,-58.76917403415064
489,-18.69190039340174
490,-66.68199376220582
491,-5.9725664227153175
492,-93.1665740077733
493,-0.698023935639867
494,-1189.0744194984436
495,-677.1832083116751
496,-1387.2736847102642
497,-1580.9212727248669
498,-181.8037419562088
499,-1172.1336179375648
500,-45.74227205966599
501,-115.75939318269957
502,-48.81282786023803
503,-12.357949087934685
504,-7.893355018866714
505,-1701.0927330255508
506,-1.3804426528222393
507,-198.34456816862803
508,-196.52939493348822
509,-117.27934940252453
510,-49.57978227429703
511,-196.52766877203248
512,-69.10121688935942
513,-1397.1030783355236
514,-26.701348180358764
515,-203.42602165184508
516,-1220.3916119784117
517,-1582.4537917375565
518,-1175.3736737668514
519,-401.68002405390143
520,-5.8215650750432815
521,-18.320965168066323
522,-9.695559191958552
523,-338.8287891484797
524,-272.14693549089134
525,-343.2641705889255
526,-37.70406044140691
527,-2.7814527473337876
528,-1555.424584761262
529,-1.3974989685775654
530,-82.66837908980028
531,-1351.0411641299725
532,-1379.924028545618
533,-770.1340114101768
534,-620.789126964286
535,-234.6428512953862
536,-1717.4457598626614
537,-26.773777364222042
538,-56.52593085315311
539,-71.05027672537835
540,-58.51400946622016
541,-27.81814061949717
542,-81.41649850664544
543,-0.3624329763097762
544,-1754.5055513083935
545,-1747.3811423778534
546,-825.9301831126213
547,-6.918510164265172
548,-1505.2955207824707
549,-564.7900583967566
550,-481.5590556622483
551,-0.03365503598530495
552,-302.60885914135724
553,-1754.8145966529846
554,-7.022701924063767
555,-1300.7634253948927
556,-19.90675576546346
557,-0.03561885232483064
558,-4.356177977490006
559,-1.575448096737091
560,-10.441339075659926
561,-128.54327743127942
562,-742.6795552670956
563,-975.1939612068236
564,-406.14891456233454
565,-1125.9140797141008
566,-1610.1288805902004
567,-876.7356503736228
568,-8.898543644980236
569,-7.439658635550586
570,-2.3794679507118417
571,-1780.139998793602
572,-1.5430110574025093
573,-18.66943970299326
574,-39.56857587309787
575,-1374.472014337778
576,-1701.9036928117275
577,-841.4060673974454
578,-7.729972828041355
579,-129.45250798226334
580,-35.63941149212769
581,-54.024978777400975
582,-302.7392825037241
583,-153.5252337520942
584,-1.4251358486217214
585,-29.26879509606806
586,-223.34968278754968
587,-1774.3801662921906
588,-20.47228799475124
589,-724.7099462375045
590,-74.94461865387893
591,-221.06481987775624
592,-955.2787370346487
593,-2.5218548469456437
594,-1683.8656822443008
595,-7.758167812029569
596,-1739.7927038371563
597,-128.02048093546182
598,-0.027184189312251306
599,-2.6028688779915683
600,-988.8870966434479
601,-454.0964800994843
602,-242.95050707246992
603,-215.09840659215115
604,-7.562723934335509
605,-0.027853289381482682
606,-126.50225255440455
607,-191.1361375451088
608,-1354.7088351845741
609,-866.2689932137728
610,-57.416560944519006
611,-277.66618457902223
612,-2.0045886606203567
613,-19.495308586738247
614,-1326.1518699973822
615,-1765.3782827556133
616,-1790.8711875081062
617,-1021.1718232035637
618,-4.9339503016999515
619,-139.61425540968776
620,-4.117000238970832
621,-43.82784549218968
622,-24.21721281443024
623,-1332.3775946199894
624,-362.72284512163606
625,-18.684333316150514
626,-46.70044831279665
627,-270.57882960885763
628,-51.229199366876855
629,-1032.5644443258643
630,-242.21939319139346
631,-1704.5524032115936
632,-4.741250690436573
633,-138.88434973151016
634,-1706.4696274399757
635,-1740.9558527469635
636,-45.865201960292325
637,-34.82775143918116
638,-848.45901363343
639,-810.5318773090839
640,-41.278125263263064
641,-0.21541088132335062
642,-223.90948794875294
643,-198.29800374340266
644,-257.1183390333317
645,-1613.5179795622826
646,-2.6165457752431394
647,-337.46840669959784
648,-316.44059046544135
649,-3.458363747162366
650,-274.5546064693481
651,-38.31532711987802
652,-26.401478560183023
653,-0.06464875046160046
654,-27.647250015754253
655,-0.7378052953426959
656,-586.5517610348761
657,-0.8494913488780185
658,-33.42948156129023
659,-18.698742791427776
660,-472.3374912403524
661,-76.29870782335638
662,-32.83814015504322
663,-0.19935049721712517
664,-0.5978946778232057
665,-598.2979658171535
666,-0.4728788634383818
667,-1359.8640070855618
668,-13.742705072509125
669,-81.33315883358046
670,-13.757399266236462
671,-237.41868808679283
672,-729.2218612600118
673,-149.6845423321647
674,-219.9877360360697
675,-12.021023297696956
676,-13.920965967736265
677,-606.4219610318542
678,-509.37295357882977
679,-454.40837228437886
680,-239.4121846035123
681,-1285.2729295939207
682,-108.60814951371867
683,-121.64803731348366
684,-0.7935989823417913
685,-102.14137504578684
686,-524.633973822929
687,-63.73813993972726
688,-270.6384141847957
689,-1535.3645150065422
690,-546.8613968379796
691,-982.9492704719305
692,-164.63144082482904
693,-118.55510848803851
694,-599.0677918791771
695,-1727.502327054739
696,-10.63704163579132
697,-7.282989962447573
698,-4.406052088901561
699,-5.687591680034529
700,-0.007979002487957132
701,-12.942009384230914
702,-484.9465858997137
703,-1.0335670622409907
704,-49.006573171762284
705,-101.89818082097918
706,-42.62738493741199
707,-161.5985264579649
708,-48.10412606992759
709,-1219.482940953225
710,-2.410406705181231
711,-308.53031281288713
712,-214.48172675882233
713,-1678.8399115800858
714,-633.8034962224774
715,-1731.80205732584
716,-1789.2068027853966
717,-1493.1102495193481
718,-9.043640057096923
719,-4.673676269798307
720,-743.5721318982542
721,-178.2839982227888
722,-19.45019420864992
723,-4.043902848039579
724,-0.3206981488338556
725,-1587.052081823349
726,-79.16231543803588
727,-1775.9126934409142
728,-593.2051950674504
729,-224.0513166792225
730,-5.398909499155707
731,-532.9260400496423
732,-1395.3769525289536
733,-331.3351419791579
734,-99.40948212402873
735,-636.3853856171481
736,-3.7818199692992494
737,-645.4405105896294
738,-549.5351765938103
739,-67.31775221205316
740,-0.40731479784426483
741,-1.2011299879004582
742,-164.91865929425694
743,-585.9206920564175
744,-668.9694526791573
745,-542.2367108361796
746,-15.084159564496076
747,-1158.1400897325948
748,-1568.6681970059872
749,-212.3400402162224
750,-5.7791421503679885
751,-334.4278710647486
752,-758.6390648931265
753,-11.04587021622865
754,-283.49982169654686
755,-32.77708448559861
756,-15.001657434127992
757,-11.585949626558431
758,-0.03904802462398038
759,-0.2133862734071954
760,-92.08057673617441
761,-60.84037322604854
762,-1046.8886085152626
763,-5.364141477650264
764,-1728.2049601972103
765,-539.1399338059127
766,-5.67472175086732
767,-596.9732036013156
768,-25.877886340114856
769,-91.38410763069987
770,-1.7190267434707494
771,-57.86232209508307
772,-7.895559295622661
773,-357.35465885698795
774,-36.56607439901563
775,-263.80281187361106
776,-1454.3178575336933
777,-229.18215707172203
778,-104.09707102668472
779,-191.493116222322
780,-1432.4811421632767
781,-1759.9214633107185
782,-31.522147576280986
783,-62.912933222949505
784,-285.7474834304303
785,-13.750363461365112
786,-667.3956699818373
787,-251.56637258362025
788,-0.1128053734128116
789,-83.86407743568998
790,-612.1619653794914
791,-168.79452866781503
792,-269.2383467499167
793,-146.76147392275743
794,-276.29884024433704
795,-90.91124063497409
796,-17.6550996384467
797,-1.3896925842627752
798,-1235.883114233613
799,-300.4483386450793
800,-1.01843456820734
801,-432.41712075844407
802,-1208.5387577861547
803,-85.13993926747935
804,-545.8717119470239
805,-0.7547213403458954
806,-1100.979567721486
807,-18.557042212953093
808,-1782.9168798923492
809,-481.28228230029345
810,-9.22037087627541
811,-104.20313242840348
812,-208.698941542767
813,-128.17088155122474
814,-309.6833819663152
815,-8.802217469317839
816,-3.114927434566198
817,-36.77120994864026
818,-135.2716534504434
819,-790.9737500101328
820,-1366.9533177316189
821,-0.30248796368323383
822,-578.2830394841731
823,-721.010060377419
824,-116.55406748922542
825,-1449.3983540683985
826,-1159.9150460399687
827,-203.77025145711377
828,-6.340033236017916
829,-100.19364437450713
830,-146.4752608698327
831,-352.6994366720319
832,-22.75050650909543
833,-1168.2329174280167
834,-2.724465669485653
835,-59.11161437255214
836,-16.049614096569712
837,-1284.4959453940392
838,-121.17449126992142
839,-6.718305223412017
840,-1076.585668027401
841,-1750.4780940413475
842,-495.22323028743267
843,-1551.0586591959
844,-39.613905365346
845,-2.529426089990011
846,-47.90260330284946
847,-269.5197633448988
848,-0.2794414078002774
849,-2.5007145322015276
850,-658.1499940622598
851,-0.2673174944096104
852,-102.54205241438467
853,-1290.159767520614
854,-1115.5575287044048
855,-384.3977186065167
856,-16.787399062886834
857,-3.53454315358249
858,-1.3084513154692559
859,-4.543564437185751
860,-99.83606103016064
861,-1609.0176605284214
862,-431.2262127796421
863,-2.1231171563340467
864,-10.481594392225816
865,-1136.009002700448
866,-490.5322139970958
867,-52.15997776435688
868,-650.1515951901674
869,-147.79276584135368
870,-0.9708081907720043
871,-37.25984118936367
872,-941.2087240526453
873,-33.60917568444347
874,-0.014125221980634706
875,-25.046253354405053
876,-14.9713919601636
877,-15.319048210221808
878,-1624.4412986338139
879,-5.06455387105234
880,-8.841148911861637
881,-627.0842422842979
882,-1197.8324250876904
883,-353.2600790525321
884,-21.08079690107843
885,-395.0839554667473
886,-32.665844317438314
887,-0.8745644062928477
888,-786.4406293109059
889,-667.6680799722672
890,-63.512488761669374
891,-180.01538362610154
892,-0.08675366287616271
893,-165.26608644472435
894,-319.2383372695185
895,-1.9658785508859182
896,-0.6055739089169947
897,-675.5967529001646
898,-0.1424868561225594
899,-244.05826745927334
900,-88.2056525470689
901,-38.50812679110095
902,-134.3942833361216
903,-392.851531338878
904,-147.9036004380032
905,-72.88260666601127
906,-0.8372980950144608
907,-802.5515701472759
908,-126.9649084219709
909,-9.429217448028794
910,-13.278526248439448
911,-1.4234659203193587
912,-0.022250154306448167
913,-91.08166726958007
914,-374.025381622836
915,-305.70348912477493
916,-5.685204154113308
917,-1.8528329148393823
918,-304.950489574112
919,-163.914706287047
920,-152.43965494446456
921,-1428.9560960792005
922,-6.976964760706778
923,-246.58746710499327
924,-438.1668612426147
925,-7.469229543439724
926,-414.68267981521785
927,-50.9315237129631
928,-1642.6911027133465
929,-9.628413822560105
930,-84.5806238045916
931,-208.74640647694468
932,-103.53047850035364
933,-123.8632333248388
934,-245.05139093252365
935,-178.99537959889858
936,-1091.4401696585119
937,-4.9058354544358735
938,-203.2904071721714
939,-14.835778627395484
940,-1.2947341841186244
941,-7.060601398410654
942,-9.75088060399139
943,-21.424132348387502
944,-144.0242000974249
945,-25.910452626034385
946,-1.0499206282001978
947,-79.2015335727483
948,-1643.960880190134
949,-10.82358077261597
950,-0.11962421390001055
951,-8.67714684017119
952,-3.0381434949304094
953,-233.0910993644793
954,-89.23557399993297
955,-2.433410261086806
956,-1429.7959026098251
957,-1422.1035754680634
958,-426.2367376126349
959,-179.45358998922165
960,-114.04021606660353
961,-695.9485793560743
962,-323.5818007355556
963,-5.351632454639002
964,-590.3577740564942
965,-430.70654231403023
966,-763.6338418833911
967,-0.4567694359648158
968,-1.0079794101812922
969,-1049.7778117060661
970,-135.03720242501004
971,-861.7326202951372
972,-456.3180027692579
973,-175.86199245112948
974,-2.9528055011760443
975,-274.1103438241407
976,-20.516444457789476
977,-0.15081096071662614
978,-254.43585050965703
979,-1037.514936067164
980,-1786.241224437952
981,-1533.6437047719955
982,-385.99220684729517
983,-299.9412937015295
984,-8.950006475890405
985,-15.899246830960692
986,-344.06491028517485
987,-29.72882292353097
988,-13.627805519208778
989,-34.58305876716986
990,-10.552933691340968
991,-159.47430540664936
992,-41.39830004842952
993,-66.487668622809
994,-103.39015361014754
995,-23.29674476251239
996,-43.9134204313159
997,-149.22245183214545
998,-123.42791057708018
999,-434.50936245173216
1000,-663.613819507882
1001,-615.7108632400632
1002,-124.79023042649533
1003,-1.108573135723418
1004,-0.5219160044107412
1005,-16.00092346195015
1006,-8.239769067222369
1007,-557.9347180295736
1008,-1706.1029851138592
1009,-1579.4566733837128
1010,-1765.5473056733608
1011,-815.657649487257
1012,-750.4526474997401
1013,-196.15506228548475
1014,-32.311612547367986
1015,-652.0441500823945
1016,-54.473940638417844
1017,-4.1183688087403425
1018,-58.83294884127099
1019,-1214.0801846459508
1020,-4.619840593382833
1021,-47.32816692721099
1022,-427.81531282514334
1023,-190.507691359031
1024,-63.369166549440706
1025,-1470.7537437677383
1026,-0.09115533015739175
1027,-10.379142980324104
1028,-296.6854215692729
1029,-5.191806866391175
1030,-235.01335536688566
1031,-582.9243799708784
1032,-194.5550265937345
1033,-399.24297265615314
1034,-261.56283075362444
1035,-1420.778781145811
1036,-2.355520143531976
1037,-1710.48966011405
1038,-210.6352603604464
1039,-8.18265503530995
1040,-9.60617215184027
1041,-40.03482765809895
1042,-216.69999269023538
1043,-578.3892820896581
1044,-241.89180701598525
1045,-1572.455428749323
1046,-24.628747718277737
1047,-113.9490317562595
1048,-7.407878110781894
1049,-21.073528781329514
1050,-339.7773251570761
1051,-7.862733943853527
1052,-1749.0203789770603
1053,-1790.995019197464
1054,-7.965341735485708
1055,-116.59193619526923
1056,-6.243103211760172
1057,-812.9928747490048
1058,-2.3454885666687915
1059,-71.59152678749524
1060,-205.1698069870472
1061,-94.89049729146063
1062,-3.426887471410737
1063,-363.35881686749053
1064,-74.235888711788
1065,-799.2798083238304
1066,-225.07759023504332
1067,-905.2285428922623
1068,-201.2597138765268
1069,-58.226687964983284
1070,-408.78304501704406
1071,-185.73018095549196
1072,-7.774803195614368
1073,-1690.8835624158382
1074,-59.5508103028842
1075,-14.330410222561113
1076,-2.0503192350479367
1077,-57.20866647402727
1078,-1640.4306772649288
1079,-41.485881870554294
1080,-563.1051401086152
1081,-0.28044988419517836
1082,-144.1235625538975
1083,-11.51090053918847
1084,-4.71203451238398
1085,-41.96816261205822
1086,-9.385919479114818
1087,-149.89182521309704
1088,-135.89925021963427
1089,-173.12959708087146
1090,-29.335946014514775
1091,-1674.135588735342
1092,-92.52970538563113
1093,-21.54475161758819
1094,-1202.4786498844624
1095,-430.8062092846958
1096,-59.33318503678311
1097,-38.63937613097369
1098,-231.2640088386397
1099,-1579.3210540115833
1100,-567.1388253197074
1101,-16.756039420579327
1102,-1519.176047205925
1103,-156.00833573099226
1104,-0.05686059044319336
1105,-50.75443853202887
1106,-366.6173411933705
1107,-999.6868715109304
1108,-16.864536719338503
1109,-313.3345777151553
1110,-1602.4461765810847
1111,-119.48988647572696
1112,-107.40406074258499
1113,-108.52738419617526
1114,-103.71327369031496
1115,-161.35669330134988
1116,-444.3865099786781
1117,-17.970053424318394
1118,-1.5398930344817927
1119,-50.06693975859707
1120,-109.70595599175431
1121,-0.09768198049482635
1122,-7.092638511705445
1123,-0.677863360903757
1124,-1569.858496695757
1125,-1403.5009499192238
1126,-422.6416559070349
1127,-75.87183975463267
1128,-1516.3816950321198
1129,-6.788080187448941
1130,-86.66517025814392
1131,-399.4551701294258
1132,-8.368078624393092
1133,-340.7782882656902
1134,-41.73732727544848
1135,-1579.2941896617413
1136,-1.672049539813088
1137,-3.784762444352964
1138,-9.57306975767915
1139,-11.90779776541899
1140,-0.60721690243372
1141,-338.5795818774495
1142,-1258.5498831421137
1143,-20.775813592015766
1144,-695.5420556813478
1145,-40.208387003833195
1146,-547.6906857006252
1147,-89.11632705011135
1148,-31.98732288478641
1149,-3.4960476235338334
1150,-37.67306430188182
1151,-593.3161975140683
1152,-55.10079250938725
1153,-14.476116894002189
1154,-1120.8511087149382
1155,-52.53119748621248
1156,-14.631984550971538
1157,-362.2175935097039
1158,-243.9926464781165
1159,-0.3380293454738421
1160,-46.07084524803213
1161,-12.237499142152956
1162,-7.374056503002748
1163,-593.4842792376876
1164,-2.340946700918721
1165,-46.09897812100826
1166,-150.18504628584196
1167,-1753.232422143221
1168,-295.378313918598
1169,-3.9095287184518384
1170,-102.63497952930629
1171,-161.69242324656807
1172,-258.3580370522395
1173,-5.898075798817445
1174,-785.4530263990164
1175,-62.765584723092616
1176,-19.34809204553858
1177,-226.79807593181613
1178,-627.8671041363887
1179,-3.2039064924192644
1180,-726.56173402071
1181,-223.57939703390002
1182,-106.63954316591844
1183,-513.6570998616517
1184,-77.70926824651542
1185,-395.54492594487965
1186,-122.96425926301163
1187,-49.54008946803515
1188,-1771.7603288888931
1189,-385.4030792489648
1190,-64.38846822839696
1191,-348.5163921774365
1192,-66.30861359497067
1193,-217.54975804997957
1194,-26.835762999098733
1195,-0.09001481104769482
1196,-1676.4216455221176
1197,-1.2013745226431638
1198,-24.040924757599555
1199,-1227.0720304647912
1200,-96.12848963821307
1201,-30.342722369790863
1202,-466.83211371675134
1203,-895.416911188513
1204,-763.2333152964711
1205,-398.3293228215625
1206,-1173.168737232685
1207,-1229.7855442166328
1208,-1502.3333997428417
1209,-76.20127852584119
1210,-46.502080807695165
1211,-483.367807244882
1212,-1662.99598762393
1213,-41.583321781188715
1214,-16.587407993029046
1215,-30.92532330028189
1216,-0.15870004906173563
1217,-0.6084838990764183
1218,-935.3062190413475
1219,-275.26518262922764
1220,-159.92157736979425
1221,-56.5966785228444
1222,-42.30893466362977
1223,-3.173346762501751
1224,-1743.1226662099361
1225,-333.2401965186
1226,-76.91429930843879
1227,-0.8794894510307643
1228,-67.65231896564364
1229,-1.6960850369841864
1230,-263.27266653999686
1231,-64.44041557027958
1232,-40.38897628430277
1233,-560.6463466584682
1234,-40.404651922523044
1235,-1789.6569291353226
1236,-12.824647310728324
1237,-350.9816903609317
1238,-494.40692004188895
1239,-1783.434932589531
1240,-411.4661223143339
1241,-488.1336434185505
1242,-10.907992451568134
1243,-122.438431463499
1244,-16.20474619936431
1245,-1338.4036958366632
1246,-101.66229557915358
1247,-60.098710542763
1248,-20.309888621908613
1249,-974.656645104289
1250,-1702.5748547315598
1251,-0.04050573520976286
1252,-62.18144996101182
1253,-10.517652668004303
1254,-1787.8572785258293
1255,-12.573002142540645
1256,-12.059758105431683
1257,-405.18889559432864
1258,-328.6691211288853
1259,-109.23576874122955
1260,-622.9470304772258
1261,-0.10170352701697993
1262,-2.215482451385469
1263,-776.1893231421709
1264,-5.235282667010324
1265,-419.65329993516207
1266,-361.32154650986195
1267,-188.318051608745
1268,-5.418487585071489
1269,-286.5991887856653
1270,-36.041067719546845
1271,-894.7101563863107
1272,-1290.2374456971884
1273,-19.94894714503971
1274,-981.2656542658806
1275,-20.98090720836803
1276,-17.944167787965398
1277,-1410.6278875470161
1278,-784.4826080724597
1279,-4.697533290818683
1280,-8.140524761259258
1281,-29.84589818806853
1282,-330.554076269269
1283,-592.8862920012325
1284,-7.012124132190365
1285,-303.14852427504957
1286,-32.420659123105
1287,-2.6762951653654454
1288,-124.6587262134999
1289,-1399.8247376680374
1290,-103.5331090085383
1291,-31.39213178434875
1292,-32.651116268883925
1293,-66.62066679855343
1294,-77.26095613813959
1295,-1288.7880420982838
1296,-111.20838065400312
1297,-589.815506234765
1298,-0.13326504978408593
1299,-1135.1992576494813
1300,-283.7225633044727
1301,-0.6573237109041656
1302,-32.06166963413489
1303,-952.8598151504993
1304,-1643.8142381161451
1305,-1048.085253417492
1306,-292.23743753507733
1307,-72.36560088023543
1308,-1455.2469451278448
1309,-380.03775717690587
1310,-606.2438509156927
1311,-150.2991167716682
1312,-137.55198266450316
1313,-94.14961091521627
1314,-13.6885570876766
1315,-545.0257696518674
1316,-36.67292629717849
1317,-161.64580664085224
1318,-0.08329063730980124
1319,-358.9323898954317
1320,-258.9392395494506
1321,-1090.5069727329537
1322,-15.757119512636564
1323,-450.83650371432304
1324,-1749.5947186648846
1325,-13.663914450975426
1326,-227.36303362296894
1327,-226.46574578573927
1328,-394.99384203739464
1329,-68.37488758086693
1330,-3.519314768273034
1331,-1257.4151808023453
1332,-1462.0894245803356
1333,-459.2874521203339
1334,-268.706008143723
1335,-241.4359811237082
1336,-6.34346838096269
1337,-2.065532525724848
1338,-152.60004634694633
1339,-7.40006827968304
1340,-659.6484080925584
1341,-24.907462099101394
1342,-96.14295101526659
1343,-486.31225295737386
1344,-3.4515927970787743
1345,-12.737270450441429
1346,-1313.6500478088856
1347,-485.1927143149078
1348,-592.3320385906845
1349,-1656.0713134109974
1350,-79.04515445261495
1351,-127.61448583961464
1352,-304.439582207473
1353,-166.82930679013953
1354,-18.858222245864454
1355,-1349.7594112157822
1356,-2.964624072337756
1357,-34.45498856366066
1358,-12.63295568642934
1359,-1202.6615427285433
1360,-12.599763274686666
1361,-541.657715669251
1362,-1554.6911051869392
1363,-1452.4394000917673
1364,-988.5489177703857
1365,-1260.138003051281
1366,-36.75760829729552
1367,-1.0110801270916738
1368,-578.2506983205676
1369,-34.90976242674515
1370,-804.3090847060084
1371,-0.30518784356942597
1372,-863.4797478467226
1373,-0.1135591565021059
1374,-121.7009827811271
1375,-78.39491097291466
1376,-469.96389909141
1377,-694.6595944315195
1378,-675.872984347865
1379,-62.777135567863695
1380,-68.35825172722252
1381,-52.142190666578244
1382,-62.71651626005769
1383,-16.11210505303552
1384,-187.17408440448344
1385,-582.631695702672
1386,-62.955246426165104
1387,-15.31216202757787
1388,-123.32156631164253
1389,-0.6349930250073612
1390,-1060.6807591617107
1391,-1073.6822331100702
1392,-233.90920669445768
1393,-306.10903514176607
1394,-539.7119523677975
1395,-131.5192123418674
1396,-176.2006207741797
1397,-0.41528832051835707
1398,-698.1446262551472
1399,-41.55688649741933
1400,-1514.006351351738
1401,-174.19946575170616
1402,-0.3189895583618636
1403,-44.06341235012951
1404,-70.758263818454
1405,-548.2945917099714
1406,-217.70040182769299
1407,-38.30511779178573
1408,-84.82021861115936
1409,-28.89985170570435
1410,-1235.055600091815
1411,-1.02846798644714
1412,-7.5429469710798
1413,-1.6155389310229111
1414,-9.074731214204803
1415,-4.880153687752255
1416,-2.6320135343494258
1417,-635.048266982194
1418,-30.975353895119042
1419,-611.0313078686595
1420,-63.26360728929285
1421,-180.827986203396
1422,-86.16032012226788
1423,-1386.2488043308258
1424,-1345.8806775212288
1425,-315.56482496485114
1426,-634.1477460861206
1427,-52.018649570836715
1428,-32.52333272679698
1429,-1012.1236036345363
1430,-191.68259117286652
1431,-48.86068087385502
1432,-31.676170598519093
1433,-0.13224654650161938
1434,-267.16827838961035
1435,-14.190732028373532
1436,-57.28390792514256
1437,-204.07634503021836
1438,-88.52403633366339
1439,-22.606187478319043
1440,-48.381442366255214
1441,-155.09367078449577
1442,-7.447984787322639
1443,-0.08360565636521322
1444,-832.1746311634779
1445,-1275.2782003772154
1446,-1662.6816723942757
1447,-128.17382385209203
1448,-1405.0035579502583
1449,-25.232378331944346
1450,-32.13172208983451
1451,-21.051549098992837
1452,-27.317550364758063
1453,-137.4335793267528
1454,-59.20828014574363
1455,-1021.054335296154
1456,-35.711823323777935
1457,-120.31689320644364
1458,-168.40083131194115
1459,-111.83524167584255
1460,-513.9020942705683
1461,-344.0567302473355
1462,-55.66243315281099
1463,-102.62113510025665
1464,-303.3687502555549
1465,-92.08616723707382
1466,-16.948326630474185
1467,-635.2166049107909
1468,-62.644875954370946
1469,-17.220993078426318
1470,-340.2960756868124
1471,-599.2514745257795
1472,-58.47075283272716
1473,-1746.9353612959385
1474,-29.53479508687451
1475,-136.08773618223495
1476,-0.6850776432474959
1477,-3.283372656438587
1478,-199.33544038422406
1479,-18.76707561150215
1480,-7.626605669036508
1481,-276.8986948663369
1482,-3.4425769840927387
1483,-34.84765990258893
1484,-23.089169088663766
1485,-1282.0068072080612
1486,-76.2322795393411
1487,-86.65558301052079
1488,-830.0533101409674
1489,-446.2733628824353
1490,-19.673077271785587
1491,-28.679205990585615
1492,-8.956472631718498
1493,-30.438380140178197
1494,-60.99783594853943
1495,-751.8802459836006
1496,-0.06383162984707269
1497,-29.56316827586852
1498,-90.5567224259139
1499,-94.7341820364818
1500,-241.65382787026465
1501,-127.73707134177675
1502,-1645.3785850703716
1503,-17.4515968906926
1504,-54.61274055841932
1505,-6.226417996691453
1506,-19.71382242999516
1507,-638.9979820102453
1508,-217.29562284052372
1509,-447.99265848100185
1510,-1265.662453174591
1511,-92.59419612959027
1512,-523.5768982083537
1513,-210.36792569421232
1514,-0.08267259869444388
1515,-1331.1037997081876
1516,-724.6289590150118
1517,-1432.5489019155502
1518,-40.69641752319558
1519,-124.37091770186089
1520,-20.264963670400903
1521,-236.77059374254895
1522,-4.629100957368792
1523,-33.712463318079244
1524,-247.16528722254589
1525,-125.35249211452901
1526,-1522.3961010277271
1527,-12.914001424054732
1528,-6.822901213934529
1529,-13.837323917949107
1530,-340.6408987902105
1531,-18.557239389047027
1532,-372.52108150627464
1533,-889.9797771200538
1534,-26.715355309890583
1535,-25.586509035201743
1536,-1713.4334549605846
1537,-158.502397908509
1538,-32.07522006158251
1539,-33.07344583334634
1540,-16.58017125173319
1541,-46.84199347272806
1542,-18.532334580435418
1543,-307.3287013799418
1544,-0.3497498569849995
1545,-123.18737829453312
1546,-11.57780924173494
1547,-297.1519458689727
1548,-30.157745673917816
1549,-15.93444063764764
1550,-354.933412687853
1551,-1423.2255389988422
1552,-29.37281133668148
1553,-14.789457019003748
1554,-37.74691804207396
1555,-74.15945186407771
1556,-3.680642725637881
1557,-1360.0968351960182
1558,-1.348326655679557
1559,-5.148638255219566
1560,-162.18625914864242
1561,-645.8608348756097
1562,-0.24290890263819165
1563,-776.9661375433207
1564,-4.082063872185245
1565,-1.466656637530832
1566,-1707.1000399291515
1567,-32.65406632164377
1568,-1120.6915700137615
1569,-666.9222210659645
1570,-1493.7720862329006
1571,-859.6945366486907
1572,-8.960769580784472
1573,-58.68450347157341
1574,-288.6011279525701
1575,-38.7412174588535
1576,-0.6784794663681168
1577,-133.21812897728523
1578,-1341.1033162027597
1579,-62.56366784973943
1580,-273.47418747120537
1581,-198.58981445617974
1582,-170.04729277454317
1583,-1.5810713481077983
1584,-363.424740947783
1585,-532.1824916228652
1586,-4.609200161059562
1587,-68.39217122612172
1588,-996.7769936919212
1589,-1233.724632754922
1590,-35.6701139213983
1591,-303.0687773511745
1592,-28.970357630032595
1593,-8.567546278455666
1594,-6.638514854552341
1595,-212.23696835525334
1596,-43.64633331399091
1597,-5.94309267272547
1598,-230.8371923500672
1599,-1362.4898882210255
1600,-57.51099920649722
1601,-245.17855184199288
1602,-18.537571410075913
1603,-364.76511426782236
1604,-2.7205302571055654
1605,-4.719848861757782
1606,-0.32753843790851533
1607,-1600.4288518428802
1608,-7.708037096119369
1609,-10.765996834692487
1610,-74.0060998450499
1611,-361.01986303552985
1612,-910.3685584226623
1613,-116.67461191979237
1614,-149.6324077357699
1615,-5.616148173969123
1616,-1778.8583874702454
1617,-38.43547801114619
1618,-46.294959790684516
1619,-108.56756886810763
1620,-1457.6801385879517
1621,-5.1659872822638135
1622,-47.83122292111511
1623,-39.358267191797495
1624,-128.06310991113423
1625,-450.1579633001238
1626,-642.4357985830866
1627,-187.32103569130413
1628,-31.95711400778964
1629,-639.9381155059673
1630,-1718.9719530418515
1631,-15.822181118433946
1632,-30.907989472267218
1633,-1.0436976106311704
1634,-4.158873963780934
1635,-24.460930196597474
1636,-25.84093911983655
1637,-24.206701299323868
1638,-133.097406179877
1639,-1367.6325796544552
1640,-52.71100744209252
1641,-244.10463662818074
1642,-230.53328741854057
1643,-334.4126847202424
1644,-18.043746902653766
1645,-20.878357363224495
1646,-1531.1525770425797
1647,-514.7149670403451
1648,-444.3457044865936
1649,-1356.9523220062256
1650,-1653.287283539772
1651,-577.8469800427556
1652,-12.724466428626329
1653,-448.5848608320812
1654,-155.24586886540055
1655,-284.2941067572683
1656,-0.8219376592169283
1657,-1790.6682017445564
1658,-215.52303350319562
1659,-204.21297494601458
1660,-223.93609870492946
1661,-296.7083433708176
1662,-348.1313637653366
1663,-1447.0316900014877
1664,-13.691322739672614
1665,-330.5147153669968
1666,-46.05596855091426
1667,-13.752243946029921
1668,-13.304581460775807
1669,-28.460060905868886
1670,-1740.6068508923054
1671,-1725.1463647782803
1672,-51.993875153246336
1673,-18.41592533121002
1674,-35.41069151965348
1675,-31.325201083905995
1676,-3.5597839600013685
1677,-111.22991989646107
1678,-128.3499855203554
1679,-31.395016197744553
1680,-295.6573832065915
1681,-15.173140003549634
1682,-1700.2929334640503
1683,-473.5809620190121
1684,-15.132102985022357
1685,-133.24930809958096
1686,-407.6401368211955
1687,-150.72692336328328
1688,-135.88728026812896
1689,-4.43266642956587
1690,-1496.9598670005798
1691,-54.739194628433324
1692,-138.10049348624307
1693,-7.817865458782762
1694,-357.44345852546394
1695,-1129.4724876731634
1696,-27.12172391603235
1697,-29.803168591926806
1698,-0.13770789374189008
1699,-164.38161224895157
1700,-86.81295419487378
1701,-0.028589305101540674
1702,-1728.5779713392258
1703,-1302.9175066798925
1704,-1279.519655879587
1705,-19.278224902295733
1706,-1781.7656193971634
1707,-5.4039689591336355
1708,-308.13202207069844
1709,-166.66232058382593
1710,-277.1576348980889
1711,-154.0847157581884
1712,-179.94676433689892
1713,-1090.06511631608
1714,-133.19491200894117
1715,-1721.0177515149117
1716,-839.2349645644426
1717,-1681.8755272328854
1718,-215.11460215505213
1719,-155.5389568899991
1720,-45.642179130692966
1721,-305.236596041359
1722,-1783.0682260394096
1723,-1463.5808938145638
1724,-149.68228128156625
1725,-48.181287951767445
1726,-300.04026928544044
1727,-681.9422116205096
1728,-369.4985860218294
1729,-7.388146166878869
1730,-95.32838154677302
1731,-1757.3128188550472
1732,-222.46961737051606
1733,-576.5441581672058
1734,-676.1387963443995
1735,-30.26893090732483
1736,-1.6878062858140765
1737,-12.036732554319315
1738,-12.010474086855538
1739,-1010.9080568253994
1740,-337.18742853356525
1741,-13.673990924882673
1742,-50.25751614042974
1743,-88.94055956585953
1744,-66.19378812238574
1745,-1322.7109949588776
1746,-80.25354092312045
1747,-976.7811357644387
1748,-512.4465818684548
1749,-996.5218232274055
1750,-387.0810210890486
1751,-316.501984372735
1752,-86.29322026506998
1753,-466.440230472479
1754,-223.87039628624916
1755,-191.16864447947592
1756,-111.55114396134923
1757,-70.93567744782194
1758,-234.71550339425448
1759,-11.372096891776891
1760,-42.83558435708983
1761,-101.04673651650955
1762,-745.213678650558
1763,-4.029630774215548
1764,-226.65170838718768
1765,-114.07282103318721
1766,-81.14067147881724
1767,-65.8857963999908
1768,-1427.3418694883585
1769,-316.44082452345174
1770,-172.0726667996496
1771,-1.0857573856028466
1772,-109.03444400802255
1773,-20.691109726205468
1774,-117.59506974823307
1775,-15.272771507807192
1776,-40.54459699456493
1777,-89.89141867167928
1778,-208.6870063766837
1779,-468.0453546633362
1780,-86.36377302964684
1781,-141.60954101347306
1782,-17.217161254364328
1783,-950.6989597603679
1784,-158.16979834251106
1785,-6.14228337968234
1786,-8.232407967023391
1787,-24.309922521493718
1788,-1260.8441410958767
1789,-15.536060741593246
1790,-23.927934096675017
1791,-91.82000887277536
1792,-1.4730975983620738
1793,-359.5050269754356
1794,-8.506862057532999
1795,-11.76425949572149
1796,-158.65418804768706
1797,-773.3748255968094
1798,-100.1568623892963
1799,-505.84186339750886
1800,-169.46151641313918
1801,-185.13080767914653
1802,-24.308452449389733
1803,-208.97757465578616
1804,-985.4951987564564
1805,-150.90847904467955
1806,-16.005151049495947
1807,-258.71947007892595
1808,-0.22294124144468697
1809,-1462.037888802588
1810,-333.4221493974328
1811,-506.4769556634128
1812,-1.0123299420738476
1813,-22.19244066713145
1814,-68.60988442366943
1815,-37.179149037459865
1816,-1647.2642261385918
1817,-273.6253441032022
1818,-168.78178926953115
1819,-472.3234046250582
1820,-218.02766627259552
1821,-226.3969409428537
1822,-55.1692600834067
1823,-1033.7607740834355
1824,-211.8596210554242
1825,-59.83510511973873
1826,-8.733873501543712
1827,-391.23579976707697
1828,-1663.6568385064602
1829,-205.25091889780015
1830,-18.2782396391558
1831,-186.1409010788775
1832,-40.4325946666504
1833,-1254.425235942006
1834,-1156.8566246628761
1835,-69.03979320222425
1836,-326.53894002735615
1837,-1145.7237607240677
1838,-0.5707950951255043
1839,-314.9954380104318
1840,-93.56077201658536
1841,-389.0110940374434
1842,-1221.5573963299394
1843,-1745.133707344532
1844,-108.92465175315738
1845,-190.9129515625391
1846,-293.89248549193144
1847,-39.38714037023601
1848,-196.0747033824373
1849,-592.3310675112298
1850,-538.2812014278024
1851,-1620.899536728859
1852,-357.3689688835293
1853,-193.2167621674016
1854,-152.696262659505
1855,-44.35466683583218
1856,-301.9644611980766
1857,-0.1907583033416813
1858,-122.44991210848093
1859,-48.39000589592615
1860,-1549.9717908799648
1861,-985.003626559861
1862,-1494.4219346940517
1863,-12.827494904557284
1864,-203.62274450436234
1865,-728.252244323492
1866,-11.388668027182575
1867,-20.47777245501311
1868,-1133.2531035095453
1869,-73.31096477597748
1870,-1371.16704788059
1871,-0.3051836849135725
1872,-381.83251907862723
1873,-49.441697077432764
1874,-23.925261663905985
1875,-326.69215257442556
1876,-784.6001827791333
1877,-107.34268773827353
1878,-4.957122366555268
1879,-1109.082863688469
1880,-902.9979269951582
1881,-459.6010460034013
1882,-24.43698891494205
1883,-208.56977569888113
1884,-56.78319427371025
1885,-593.9685412086546
1886,-25.070916173572186
1887,-9.075940771024761
1888,-4.79566037352015
1889,-0.1618431147417141
1890,-243.90179682150483
1891,-295.3679492530646
1892,-7.220527802490324
1893,-71.28257350973581
1894,-7.604017405424656
1895,-1451.1805355548859
1896,-56.79234585375525
1897,-869.8714452236891
1898,-6.242467777323327
1899,-509.4152072444558
1900,-360.42543959617615
1901,-966.6241094022989
1902,-31.020554061205075
1903,-681.2410648998339
1904,-531.7361839786172
1905,-0.9362876788400172
1906,-78.29225145443343
1907,-1103.385198712349
1908,-105.76877643633634
1909,-323.20742817688733
1910,-38.12069145633723
1911,-2.243268028320017
1912,-95.53148009223514
1913,-1681.8325083851814
1914,-1729.5856782197952
1915,-1745.5742791593075
1916,-100.8132431639824
1917,-25.158723647607985
1918,-318.679765862762
1919,-1158.2056957203895
1920,-17.879260099551175
1921,-1790.630641758442
1922,-42.4648791749496
1923,-23.864440047880635
1924,-22.3067965375958
1925,-71.51745024952834
1926,-233.21798833739012
1927,-13.273212768744997
1928,-1.731734205272005
1929,-48.74682968049456
1930,-444.45191295444965
1931,-24.883042729219596
1932,-113.84329753532074
1933,-520.9361431486905
1934,-0.676079440431522
1935,-25.81527556682704
1936,-345.65421249717474
1937,-54.7054748352748
1938,-505.91610450670123
1939,-633.1310279108584
1940,-1.5865900771023007
1941,-3.929261320787191
1942,-223.6121238428168
1943,-153.00205544847995
1944,-505.23070021159947
1945,-104.1749720457592
1946,-6.565297010092763
1947,-39.24452577858756
1948,-233.19269156549126
1949,-61.56028367975841
1950,-1638.8727656304836
1951,-46.601887134311255
1952,-40.78090844559847
1953,-1.2652989357884508
1954,-52.88379172119312
1955,-572.3630726641277
1956,-373.83674508240074
1957,-128.67133266921155
1958,-1761.5800776481628
1959,-1764.3016837239265
1960,-10.318973423156422
1961,-102.82536144447295
1962,-114.83794897422194
1963,-0.8919886436615343
1964,-35.691691915737465
1965,-1700.550593405962
1966,-1687.9547628462315
1967,-210.43892979528755
1968,-672.5603765100241
1969,-1742.0325250327587
1970,-18.906839398725424
1971,-459.2790133357048
1972,-8.00640822693822
1973,-177.72050806041807
1974,-1774.9329310059547
1975,-568.3916919194162
1976,-361.9450563378632
1977,-1790.4991061091423
1978,-0.13978251456319413
1979,-266.753084782511
1980,-429.70328581985086
1981,-43.46081353200134
1982,-290.9519833282102
1983,-127.00196471705567
1984,-1763.0958045125008
1985,-9.047873500887817
1986,-5.674245850968873
1987,-224.091578098014
1988,-1403.2780257314444
1989,-0.20434885589384066
1990,-5.591842917492613
1991,-96.8566872822696
1992,-300.4678573794663
1993,-237.47902651601817
1994,-57.15536541462643
1995,-457.7605164460838
1996,-1705.4226805903018
1997,-203.8943257756764
1998,-157.21785991359502
1999,-148.13751549180597
