,value_per_image
0,0.9449790341350681
1,-0.148721629272265
2,0.396334941559779
3,-0.2569125763910214
4,0.1855822990574345
5,0.49583396336429
6,0.012890462114915614
7,0.633005652856044
8,0.06932295706544801
9,0.21346197607672487
10,0.7111956021839947
11,0.46284867910584443
12,-0.14150846259728048
13,-0.12499223017839324
14,-0.19913722402250222
15,0.052438807381205974
16,-0.6967967532480241
17,-0.2325186751519177
18,0.6443787799658791
19,0.13176182812397308
20,-0.43437381509587514
21,0.069867139372262
22,0.07159022816373214
23,0.17032316960821434
24,0.2959829672251517
25,-0.06761526908168143
26,0.48286313656716096
27,-0.14870378281642346
28,0.9306563521197909
29,0.405733019847216
30,0.3900101596217602
31,-0.6068250460817513
32,-0.6360717285768744
33,-0.29500696785191616
34,-0.19146614033267986
35,-1.4443641919133203
36,0.0051028952610961235
37,-0.08983381309577013
38,-0.4630337509172848
39,0.20812757817207614
40,0.5048225165031849
41,0.6432573749414522
42,-1.205194573539877
43,-0.07380942077618886
44,-0.038701978745481945
45,0.8140957898170931
46,-0.4052138707611653
47,-0.9218266020740498
48,0.9346837710163732
49,0.13735983109678673
50,-0.6794940471552106
51,-0.7608041952446882
52,-0.0927849472540183
53,0.007349986463902381
54,0.5022937384539484
55,-0.2075356600906405
56,0.343644595127301
57,-0.08251997396975479
58,0.2851588686894031
59,-0.08352194705599458
60,-0.5531706648516099
61,0.270708153033556
62,-0.07375730079645672
63,0.04382151709379198
64,-0.47821721816361473
65,0.21615500374323482
66,1.1931371670940338
67,0.04117766154500657
68,-0.0932133888396666
69,0.2514867206623023
70,0.23898780203989317
71,0.5876327984775472
72,-0.017343613745283915
73,0.05032748402655873
74,-0.4395074692952397
75,-0.16192610915059763
76,-1.124601548393392
77,0.6887599689974526
78,-0.21290882791866578
79,0.4396525458218726
80,0.31585230557382393
81,0.025511528907774778
82,0.4761705292565974
83,0.6867220803739617
84,-0.7445656584483789
85,-0.19130079199026487
86,0.027951754707129527
87,0.05854888136648361
88,0.488738471124897
89,0.03542502184086909
90,0.6576744279080179
91,-0.2632239981792113
92,0.3571238260083901
93,0.5293100194263889
94,0.6914565283894062
95,0.6446530897861272
96,0.04419012160907068
97,2.153804995758604
98,-0.2160548877064515
99,-0.6284693803178352
100,-0.1504708006609472
101,0.04467116321414444
102,-0.07485970874440684
103,0.13129722979009706
104,0.05290111354325517
105,0.5185839379290494
106,0.09803906485285888
107,0.5306686929176331
108,0.1073754296926267
109,0.8169653535605618
110,0.8540672120398712
111,-0.28858625638652075
112,0.09951627245772744
113,-0.010500865339218419
114,0.2430983833347602
115,0.09626785666344502
116,0.6238322201845461
117,0.11489941225387726
118,0.7496984843020713
119,0.13619473773691917
120,-1.2027549267523108
121,-0.06628233481848121
122,-0.5946161725840008
123,-0.38956379504710376
124,0.04967059217014661
125,0.07505703354077896
126,0.25045388988670964
127,0.2574808889293686
128,-0.28189979831627543
129,-0.44413236206740764
130,0.18274149899917824
131,1.3438786302024406
132,0.18493796626394554
133,0.334454257927501
134,-0.47945398504453246
135,-0.1737459703440702
136,0.6249637934869504
137,-0.12643001598840575
138,-0.7809837826631615
139,0.19080748750778884
140,-0.29590562816598037
141,0.7364279354139761
142,0.962350547184233
143,-0.10437613404929605
144,0.26015833131006766
145,1.039558263522115
146,0.9164218565248335
147,0.10430138034678688
148,0.16303738064147863
149,-0.02436863548755903
150,-0.3767097701389323
151,0.6523863321145702
152,-0.000732877055070242
153,-0.08925091641106304
154,-0.20673906931486452
155,0.5582697087923922
156,-0.2268977507375427
157,-0.24411036225854968
158,0.4482661019008694
159,0.004807795772748872
160,0.5795667935846585
161,-0.6503881952731503
162,0.5626761388863013
163,0.9317778939075113
164,0.1769051464271964
165,-0.027392464155720917
166,0.7511511055271873
167,0.2640294059265692
168,-0.2248520428784854
169,0.14165885388897073
170,-0.35561903704942865
171,0.9005914124725733
172,-0.27679615432033655
173,0.4359773772927873
174,0.2994735695363492
175,0.45089621633900934
176,0.11867311179189426
177,-0.26991057662099305
178,0.729342469274858
179,-0.4061056494332268
180,-0.4344465807811946
181,-0.35164465160741576
182,-0.5695877724978176
183,0.268664052722318
184,0.03021385571469576
185,-0.4653247036711161
186,-0.005909845013910264
187,0.423497857638897
188,-0.2827428877881764
189,0.07356980960274574
190,-0.3150654110328619
191,-0.0654823287767293
192,0.10592974738070704
193,0.2645036075448937
194,-0.6007676674436636
195,-0.7151750089999098
196,-0.23828027521609121
197,0.669084536216012
198,-0.7524658347631674
199,0.6736266355659223
200,0.2685203774743303
201,-0.06642370768310638
202,-0.8590025862968943
203,0.8254001627220826
204,0.014253925891842234
205,-0.7577714689574128
206,-0.03226366899153217
207,-0.3666893593391726
208,-0.41731401013246516
209,0.22928045659885218
210,0.4975280121653697
211,-0.33602027682043983
212,0.4608331876559609
213,-0.17974624450643015
214,-0.1493893468325719
215,-0.3169830044987547
216,-0.5752950000918197
217,0.36673246416373795
218,0.6171016382966926
219,-0.09075337208296495
220,0.6364801452479767
221,0.48735457925222986
222,0.04487620573281995
223,-0.14952789286019383
224,0.2283025839364103
225,0.4612001807114734
226,0.00778926561761415
227,0.4918914860652289
228,-0.5777309879382077
229,-0.3029216968719543
230,-0.7030069375574545
231,0.20580718342953527
232,0.6860326409991354
233,0.8415317708319053
234,0.7276525825495833
235,-0.003976102603912792
236,-0.11031192920450648
237,-0.3240127663263676
238,0.01048601714440156
239,-0.5010576442986604
240,-0.3627849090749749
241,0.05307654811499553
242,0.6621842373390935
243,0.23674837360121964
244,-0.8360615120812247
245,-0.3531907167880335
246,-0.5087640656323964
247,-1.2873207499497008
248,-0.8850309370405945
249,0.5055109160697917
250,0.289259171727969
251,0.2736706529817758
252,-0.6847484857489489
253,0.7236814176559686
254,-0.6482164123585318
255,0.29328056090820415
256,-0.14964710577719859
257,0.7391232873633905
258,-0.4851471176401824
259,0.10045547121143487
260,-0.8662730046398579
261,0.2850551302066261
262,-0.6950232599681456
263,-0.3618591879835006
264,-0.5779693441254897
265,-0.09233258013290642
266,-0.003400282884202124
267,0.6207757533598686
268,-0.5226874232089103
269,-0.537554050778409
270,-0.34932242689673143
271,-0.4462527700890742
272,1.4690986442542524
273,-0.3597389902366478
274,-0.176689770554676
275,-0.06720596272780317
276,0.5108694423958277
277,0.9048267163292498
278,0.7118579169891042
279,0.18249518569374001
280,-0.2905207487069919
281,0.3516548337687114
282,0.25847686573485773
283,-0.10624636284604907
284,-0.2265736276510767
285,-0.5151676928451328
286,0.12754496838629073
287,0.3422545816495018
288,0.3533372142662949
289,-0.017029732460254292
290,-0.19686143664082578
291,0.40977633105007455
292,1.1364358386906572
293,-0.1234804735053741
294,0.4357142817402074
295,-0.11318613636733887
296,0.1534173752394486
297,-0.034522036260572195
298,1.1430502965539249
299,0.677758051679625
300,-0.06889527188384269
301,0.500801139255547
302,-0.486925421584331
303,1.129610292197188
304,-0.464843536648153
305,-0.047707645342013286
306,0.48108051549249764
307,0.8992907121914847
308,0.6375133616825363
309,-0.09540217445990345
310,-0.9823515114674581
311,0.7938523917436426
312,0.6204068119180314
313,-0.08373164588033456
314,-0.8618662293075725
315,0.43818509863687033
316,-0.04102664032717077
317,0.18988137379050954
318,-0.43355076666861225
319,0.6925145078096941
320,0.15025098115448307
321,0.800138103185003
322,0.8777437038313392
323,0.3201460122728883
324,0.5781992916433335
325,0.22041984625254182
326,0.27620324133338764
327,-0.6304901701584475
328,0.20594934120167813
329,-0.5885632260382876
330,0.03214345331571591
331,0.7636306964303067
332,-0.7645199644799483
333,-0.5577839061304233
334,-0.08774736027351043
335,0.04056548834122706
336,0.42226555072459776
337,1.0720918010233003
338,0.24700383850120844
339,1.3676727210706991
340,0.054727445994548686
341,0.6413055429461215
342,-0.5080496684188248
343,-0.20671185531963088
344,-0.0040860369811237095
345,0.2945665087640301
346,0.42596454537441564
347,-0.011592256427094532
348,0.034211638229800806
349,0.4970824596638727
350,-0.12474282180564948
351,0.7969366175198597
352,0.023784953746294926
353,0.8381394293906697
354,1.078860330494758
355,0.1959881207938287
356,0.10208111086213777
357,-0.6278874262439144
358,0.4042418151680483
359,-0.3498689932696035
360,0.17167816422335114
361,0.438247966216478
362,0.43590425953151063
363,0.12247220778524925
364,0.4548337805741634
365,0.2088281930930511
366,0.6830885233785511
367,1.013856440938617
368,-0.09690233134393907
369,0.16488669508893705
370,-0.2726728960461365
371,-0.6465398212522626
372,0.9194442917388703
373,-0.30446130968622614
374,1.2304279761237709
375,-0.38546572593290607
376,0.3593955949742223
377,-0.4535738038709257
378,-0.2682335042664807
379,0.206430805010043
380,0.8248802733095594
381,0.25824160544009056
382,0.18932954181247702
383,0.5797768635758869
384,0.12859690875837715
385,0.7722766894436283
386,1.07864704680795
387,-0.020307574192196476
388,-0.014663451987820725
389,0.2648983600995731
390,0.45599790092192943
391,-0.5783132179296377
392,-0.06984531773998275
393,0.15657199315228765
394,-0.18669373186494925
395,-0.30300744157354037
396,0.0349919442024516
397,0.20701979434815906
398,0.36628238233867144
399,-0.5844482715566099
400,-0.10288005354870486
401,1.0134757276464876
402,-0.6371638797145646
403,-0.632845039104092
404,-0.18318694749107495
405,0.8310664982242976
406,0.4718945980320576
407,0.3391296543834643
408,0.7821119406482729
409,-0.2558191917688823
410,-0.30118367726940015
411,0.4222658987896729
412,-0.25023901743300947
413,0.6139541582715844
414,0.22841990962085393
415,-1.2811978202948915
416,-0.4244472299153181
417,-0.002746547612485394
418,-0.4857004405452384
419,-0.8682759069348358
420,-0.07197692831814488
421,0.24549608461482336
422,-0.46779543859275885
423,0.5864953870077972
424,-0.21658237088350155
425,-0.11952950745383302
426,0.896061979863061
427,2.0218457385835094
428,0.2824817665649847
429,0.7508129692065489
430,0.33731782063258625
431,0.5166525682609303
432,-0.09852475335774058
433,0.6575040700907223
434,-0.9792158595619456
435,-0.732393240956007
436,-0.30177841139913175
437,0.3308047041864529
438,0.36591245438777725
439,-0.005775999020594696
440,-0.29832945951622974
441,0.06915073625472169
442,0.6248423997830103
443,0.7465079194865467
444,-0.38353839825633307
445,0.8016272852881392
446,0.6973529960126471
447,-0.9677381408087301
448,0.16136498260170315
449,-0.38262720587614013
450,0.4277547660433217
451,0.29224028521892065
452,0.2689516597883086
453,1.2012957384986978
454,0.5017766040036775
455,0.9822234307366641
456,-0.6026423921844221
457,-0.6468455691357461
458,-0.21417200971273223
459,-0.4461443720048025
460,0.8399366941163467
461,-0.245718167804678
462,0.08823095241618074
463,-0.7821139262883967
464,0.1712354438763014
465,0.16108495867968978
466,-0.3818920565438909
467,0.14427364778188112
468,-0.06891310090238953
469,0.01473240557822401
470,0.3458522876932787
471,0.46023240311777736
472,-0.33486400849553294
473,1.4487646791538553
474,-0.17458388642443298
475,-0.25709118722117785
476,0.8102630406530328
477,-0.33266739218312585
478,0.8554387573472969
479,-0.31449065143940724
480,0.8960625184983307
481,0.4771651879027093
482,0.3865375461544317
483,1.033498985029906
484,0.22610742108449938
485,0.43788714798663775
486,0.03765783795595725
487,0.7166558709064552
488,0.16437969470386696
489,1.0245592756104518
490,0.8107373503289593
491,-0.13185802265371163
492,0.29097673161634796
493,-0.18327438994598844
494,-0.0011599996335864655
495,0.5320188754228395
496,-0.20303022691724634
497,0.8699810060648957
498,-0.4719349051277414
499,-0.03277310162756308
500,0.30403758221535515
501,-0.8769761747537648
502,0.1654347427647752
503,-0.6420099922652175
504,-0.375979734605318
505,0.42885330096562496
506,-0.5183023276130595
507,0.8166689994276443
508,-0.09736244863332692
509,1.48440698432542
510,0.07266648970295723
511,0.1658228045174044
512,1.885596781353864
513,0.6733455710566604
514,0.38159362252433515
515,-1.0593573633493492
516,0.09350920349289583
517,-1.0205536553350827
518,1.140918430942487
519,-0.3676698718071058
520,0.04707558460670791
521,-0.1266942303414865
522,0.41572493906428964
523,0.7729338525054811
524,0.32723243480382974
525,0.9981124579311252
526,-0.09681892836547303
527,0.5551102531748762
528,-1.0039894729462826
529,-1.332850365684623
530,0.852896247888318
531,0.6051461707307719
532,0.047031217309795786
533,0.49982959806258964
534,-0.05640084205379588
535,0.5602224915912772
536,-0.26609082084985347
537,0.18598843504372467
538,0.22270231693943818
539,0.796731162579601
540,-0.15761025874789972
541,-0.496408698934392
542,-0.38738503851062756
543,-0.7964228542017542
544,0.339194114970931
545,0.3760129577790885
546,0.18722282849450733
547,-0.061631315231268025
548,-0.32466302215436327
549,0.14022048561653633
550,0.45046564913205334
551,-0.2648791150686159
552,-0.3417882506918969
553,0.8465427637907714
554,-0.7658156885200477
555,-0.22330696368817674
556,-0.3398679886243003
557,-0.5372332140555127
558,-0.38856175003388943
559,0.023410931992649243
560,-0.22625016364919903
561,0.7033639847982146
562,0.497474803147437
563,0.6797041708897354
564,0.6307315141703791
565,-0.5789024423916402
566,-0.4230616111212292
567,0.9711855914138801
568,-0.4941946505060286
569,-0.1640779106343524
570,0.40391856918969526
571,0.044271328306170844
572,-0.44210511249044515
573,-0.46760443017759806
574,-0.5173608271252678
575,0.4557193786160068
576,0.011427093200049539
577,0.04259041489195358
578,-0.6347428396657541
579,0.47473951036985895
580,-0.2530227469989366
581,0.4257665546920373
582,0.634348962921355
583,0.1746029617781237
584,0.7619055668647478
585,0.6917731595231318
586,-0.2267923385993174
587,0.23426120336151365
588,-0.5442035341453576
589,-0.8466152277876647
590,0.11141996885691285
591,0.8816759970862934
592,-0.3034254442573246
593,-0.20242050189910457
594,-0.7410295360710466
595,0.5479115414374208
596,0.18281331466619422
597,0.29245471274205626
598,-0.07939978778358853
599,0.042125825032432944
600,0.24159310132124404
601,-0.8405581901894987
602,0.18266752053326063
603,-1.3364913880355016
604,0.7385518399057004
605,0.469719015432839
606,0.7916162655651942
607,-0.08100292929540076
608,-0.137571142034223
609,-0.15945541319747622
610,1.3009183020946988
611,0.2702259584996454
612,0.6621344456817378
613,0.7648714657028073
614,-0.0405741910870788
615,-0.1627521292913943
616,1.0937688229048994
617,-0.15768534555388464
618,0.8583859916258498
619,0.3459349500875665
620,0.1378991247156748
621,-0.16357241140056383
622,0.8920695432658209
623,0.7107937292060204
624,-0.11151464591771942
625,-0.22472731965618448
626,0.3972429701973451
627,-0.15157642542152272
628,0.08100225537365938
629,0.3821610906661815
630,-0.2208839127290225
631,0.9924562591526569
632,-0.1606314772549086
633,0.5425700100225508
634,-0.03362504090497312
635,1.0898757842236706
636,-0.5716244173429975
637,-1.198314616326625
638,0.6233100342180715
639,0.6716731296317031
640,-0.46076029631524923
641,0.08506367750387889
642,0.3096138434870014
643,-0.697715108582081
644,-0.5593730380621708
645,0.04361040783280095
646,0.5640848496006727
647,0.5325771199000505
648,0.30081921829036423
649,0.9863831670113521
650,-0.06269110467737082
651,0.16409663822993822
652,0.2849150674885769
653,1.1047169557435927
654,-0.21289934064766425
655,0.19242376368310854
656,-0.5529871858602161
657,0.42798754744145867
658,0.8597804615003974
659,-0.1447351348861837
660,0.25263975469537897
661,0.5883362715906312
662,1.0862565536067
663,0.2921913376934153
664,0.10828366784623067
665,-0.7921011530907224
666,0.10325237486664317
667,0.1661802300129062
668,-0.13901774107492784
669,0.10206757135144028
670,0.6006360336041088
671,-0.3026508531743849
672,-0.4532558684151792
673,-0.11204401739715211
674,-0.6276335812910039
675,0.8429558970317679
676,0.5220524349651482
677,0.07365158683387679
678,-0.689489307080674
679,0.09627592915045378
680,-0.5529929357524872
681,0.10343173913540782
682,0.7759316062986296
683,0.08325824798246965
684,1.0752189939257057
685,0.4896994875423228
686,0.8854555482921055
687,0.7544912262647581
688,0.5018722438478344
689,-0.07669717827339025
690,-0.2062123311464485
691,0.720899391383389
692,0.07913521333997989
693,0.14576049372704647
694,0.20536235077068304
695,1.7736281338380078
696,0.34194141796237193
697,-0.5267709254911898
698,0.9320872434853351
699,-0.5383531506014585
700,0.12447970833233907
701,-0.17092263330098076
702,0.04225682006468836
703,-0.5687611296226698
704,-0.36559347680135035
705,-0.20726533321057047
706,-0.43104125526717035
707,-0.047495930123661274
708,0.2093522209395524
709,0.46047738391201026
710,-0.22844060544276854
711,-0.6916703786564132
712,-0.18761494264404743
713,-0.7533179126162013
714,-0.004933852552553303
715,-0.25137501736539175
716,0.3553386161843203
717,-0.030261632095928477
718,0.37591265845103533
719,-0.6992025726603461
720,0.07043298249624132
721,-0.1445439118968958
722,-0.0031925489241214633
723,-0.5295667303673034
724,-0.3296469435744759
725,-0.4532310096800467
726,0.6192471595046922
727,0.1512416718832357
728,-0.590308903631314
729,-0.514591124516664
730,1.1539660008644923
731,0.11899943272382457
732,0.531138768649735
733,0.441343097511149
734,-0.5181970222858299
735,0.30782725885846085
736,0.05268906283297409
737,0.11784231934268438
738,-1.0734872410065595
739,0.2221152270160434
740,0.4600843223019205
741,-0.5905555605179287
742,0.46241968041334586
743,0.38327710479609084
744,-0.159997803384871
745,0.9844471088105323
746,0.03172810134897001
747,0.719721808743796
748,1.3203201744066344
749,0.7812204486942343
750,-0.17072336338404526
751,-0.7078170029110559
752,-0.5632311013004271
753,0.27225998139312596
754,-1.1864050556264027
755,-0.4367014743513253
756,0.10004649599914964
757,-0.19657399881260837
758,0.21698829783929302
759,-0.3342675265668234
760,-0.021551514781859894
761,-0.1743156218690747
762,-0.7026936658650699
763,-0.16617075523690383
764,0.28341658401504766
765,0.48513187348537035
766,0.0903150987647915
767,-0.5875357440787873
768,-0.5693721119228453
769,-0.02666232374115802
770,0.6496816514250133
771,0.21827983565778006
772,-0.8621112092510601
773,-0.5870424325710766
774,-0.7056674561442495
775,0.16754964365666275
776,0.8806406416875399
777,0.6017609959277936
778,-0.1714892647968367
779,0.8257338011740458
780,0.7221672680603981
781,0.8317822865566096
782,1.2069583557410217
783,1.6220596599983927
784,0.1913085617072711
785,-0.22838482631589607
786,-0.6686778842664919
787,0.425873112639172
788,-0.418888141725825
789,0.7177584028854354
790,0.3544135130509073
791,-0.4038020471060556
792,0.8524341799177819
793,0.4736604339320472
794,0.1583554489446213
795,1.242386938411986
796,0.05439952697618659
797,-0.6882337215120389
798,0.6734652239759596
799,0.42185831318365813
800,0.17604582695007606
801,0.3934557403114997
802,-0.12559438502730896
803,-0.12913544320596246
804,-0.09243551715856671
805,0.7838662609369611
806,0.6137981159536918
807,0.743339527729795
808,0.29374733668624065
809,-0.1406500505524115
810,0.343621620842352
811,0.3949046352845246
812,0.2131203331841926
813,-0.007409366613849386
814,-0.3624654948024137
815,-0.3993528771082181
816,-0.5811232521595064
817,0.5669443339524747
818,-0.07969665517194323
819,0.09905828444868095
820,-0.08043542624654222
821,0.37263235518349885
822,-0.741699684076721
823,1.003366143058286
824,0.5737521552794639
825,1.1141506558179113
826,1.168944624233664
827,0.4498535932562994
828,-1.6732619544269338
829,-0.3583358623373073
830,0.2657775959219363
831,0.09096780713860002
832,0.039838509363635664
833,1.021228175873403
834,0.5054765370993886
835,-0.5229304724419225
836,-0.22921875150492824
837,0.09031622351522917
838,0.13075353075028442
839,1.0490177407243857
840,0.35708874724680295
841,0.5149162411717528
842,0.4335345049523945
843,0.16932956743354838
844,-0.1929836598460941
845,-0.37727630062532924
846,-0.1877753141191854
847,0.34063054331672316
848,-0.25383407574618955
849,0.6833823698659992
850,0.2952999054484047
851,-0.4198545108409453
852,-0.12644595671554829
853,0.6721340077127227
854,0.2975862494303955
855,2.5463945741433034
856,0.6439208256318754
857,-0.2868036130463989
858,0.41251287249210894
859,-0.40415202642316345
860,0.8253296107455649
861,-0.14569730769456937
862,-0.21228693279994612
863,0.9419062764574645
864,-0.10762136525760646
865,0.3053977884902367
866,0.41564590855746936
867,0.25844936615698594
868,0.2695773151261621
869,0.06337419303958042
870,0.8078750271241685
871,0.21737116912930698
872,-1.1234002990658198
873,0.14040431727647926
874,-1.1331404653876176
875,-0.645870899377076
876,0.7890801401226005
877,0.9492443212951788
878,-0.4209468238733409
879,0.16803716373858987
880,0.49952233222028436
881,-0.23389999472678413
882,0.41697940232766667
883,0.3720630884601584
884,0.48457788847573563
885,0.25496410960621985
886,0.05897568484523863
887,-0.06086445294125299
888,0.36163044977467834
889,0.2841519443613203
890,-0.5064689994927145
891,-0.8043039883065407
892,0.06684621876695185
893,-0.3326725781559452
894,0.2639246252714571
895,-1.2585903742945497
896,0.7297948221167291
897,-0.48052181454418763
898,-0.4533686564930773
899,-0.28773416540033914
900,1.2280346787006027
901,1.0485326975473745
902,0.44343375678656183
903,0.08950971761723274
904,0.6020076945512508
905,-0.11881302622440966
906,0.08482325672311428
907,0.09901337562311505
908,0.2343943153235975
909,-0.34805960299117356
910,0.07936118950223285
911,-0.016634944986032893
912,-0.07566112461462561
913,0.20653979054555743
914,-0.2858490484178104
915,-0.4319778456242086
916,-0.14611788576324294
917,-0.908243517094167
918,-0.30732699115781753
919,0.24461192244819435
920,0.45401190302220007
921,0.13352993980868802
922,0.052088098764172315
923,-0.24092779579117496
924,-0.26769926565997393
925,0.30881121800690814
926,1.30249553110106
927,-0.38353434578029605
928,-0.001691790849704852
929,-0.355047619499867
930,0.39919824522809866
931,-0.07411090536914546
932,0.00923402883396962
933,-1.0062429109721163
934,-0.8869565471284864
935,0.8329827221598398
936,-1.278699717692334
937,-0.18266082015633128
938,0.9065072565852788
939,-0.3748787095134239
940,-0.04103634552048017
941,-0.287273354225215
942,-0.8734277900160493
943,-0.19608597575745068
944,0.2222457496352441
945,0.3145252684299274
946,-0.3142938567958668
947,0.7446532444738422
948,1.1744890402630312
949,-0.0706261436367731
950,-0.09822719709513347
951,-0.19689909932313915
952,0.1552568845171177
953,-0.1297626249002047
954,-0.17644120287884926
955,0.35108119630274826
956,-0.12666469093011634
957,0.499609847023728
958,-0.5416414096954713
959,0.12178650869689993
960,0.5842355687767747
961,-0.37907654887770703
962,-0.6536334013445914
963,0.22453836386888887
964,1.0861950664655546
965,0.44795519067960937
966,-0.03621496107659746
967,0.21408851628592895
968,0.417025337262809
969,0.11615389371135047
970,-0.4004461636786628
971,0.34323264257022257
972,0.21633313913574856
973,0.7731219053432931
974,-0.4866709139469087
975,-0.3006908475321602
976,0.04544178369240019
977,-0.17913264628929718
978,0.36697485104568295
979,-0.20939536558078922
980,0.7419472151978861
981,0.1953650202051344
982,0.38309007423331704
983,-0.17302636791693626
984,0.977528982388549
985,0.6037337888561024
986,-0.4112405069477588
987,0.06598563905931058
988,-0.36660454872043896
989,0.11644494811109798
990,-0.41844938536266624
991,-1.0989549537959495
992,-0.6028108628397089
993,0.3806614731037136
994,-0.0158882817836263
995,0.5296777554403177
996,0.3507337606607898
997,-0.825741887103841
998,0.18084976064043923
999,-0.9947989574935961
1000,-0.10645246025214447
1001,0.007217889099342531
1002,-0.04081924762652672
1003,0.06741013923371973
1004,-0.9235855690042479
1005,0.1945045927382045
1006,-0.3451543546890491
1007,1.632712148132308
1008,-0.5578172236434735
1009,-0.032535770934224315
1010,-1.215185439933799
1011,0.08286698856468011
1012,1.1317774668435707
1013,0.6506956349409195
1014,-0.44420268999696927
1015,-0.35185550465549936
1016,-0.45427230829999565
1017,1.6950993304216342
1018,0.04320395014009724
1019,1.2984185818719605
1020,-0.46275251917907406
1021,0.32400096947574475
1022,0.5258689139370677
1023,0.3151872316968228
1024,-0.564390197513565
1025,-0.502381797662189
1026,0.13838504295985607
1027,-0.15978938454763986
1028,0.17958005930575974
1029,0.9103660055882631
1030,0.12273421244170023
1031,-0.09569275974035407
1032,-0.5652619915819587
1033,0.25052459621234097
1034,-0.09675523496395018
1035,0.3241319397225001
1036,0.19672180738717351
1037,0.5443721960071644
1038,0.5815676838634534
1039,0.1689665430005072
1040,-1.060150946401714
1041,0.3786352512596462
1042,0.1581938303244535
1043,0.2516741695951162
1044,-0.21743594986905143
1045,0.5838401251966003
1046,-0.38307138123185747
1047,0.9786232229572315
1048,0.12720660582024026
1049,-0.02330120952166722
1050,0.22401571313071417
1051,-0.7268964160829162
1052,-0.41446519758617584
1053,0.1949566266370027
1054,0.14008003040079428
1055,0.2875809203849902
1056,0.873174183923245
1057,-0.30472170126136866
1058,0.410183363268175
1059,-0.6594351055559068
1060,0.11420461819458462
1061,0.3348710945629261
1062,-1.0435977422258906
1063,-0.761793228340675
1064,-0.1534729250335686
1065,0.49118478910940305
1066,-0.08546389635983787
1067,0.6375718724739348
1068,0.430590244777982
1069,0.4194564776508186
1070,0.14555128991064525
1071,-0.4010705319951829
1072,1.1597122934942647
1073,-0.734964030610441
1074,0.3444584318322893
1075,0.2544301250281868
1076,0.3639410000125028
1077,0.6589805984009957
1078,-0.14755114040485934
1079,1.9833318675342866
1080,0.24020608654520637
1081,0.41424241666835326
1082,0.4631522244415342
1083,-0.6958067926378894
1084,-0.10262012685585938
1085,-0.1058140848486847
1086,0.16440001448836555
1087,-0.2711769159561426
1088,-0.19474608642876076
1089,0.8847315963941502
1090,0.2795130657162473
1091,-0.0031347096016823926
1092,-0.22507517972240204
1093,0.3631926682448023
1094,0.14686550946285626
1095,-0.5316094151826941
1096,0.20346699288220887
1097,0.115955442144276
1098,0.282334816877606
1099,0.0706701501748179
1100,0.4682537498795892
1101,-0.32137663344747663
1102,0.117852195651725
1103,-0.1702305316479758
1104,0.1305705166783976
1105,0.18835977218966252
1106,-0.43907260589757124
1107,0.008621775403072638
1108,0.9354216075159444
1109,0.6425713533709907
1110,0.8169869896680235
1111,0.3715708143274121
1112,0.668496735028388
1113,0.32348771892546657
1114,0.24179464620786698
1115,0.2976334159350044
1116,0.833631207485858
1117,-0.6744158546272907
1118,0.5592198819978559
1119,0.5926485694093071
1120,0.22100616833559847
1121,-0.8255099716646931
1122,-0.489172290897538
1123,-0.5730140359057598
1124,0.3254350973369544
1125,-0.4762022399465961
1126,0.03408100932662989
1127,0.7038578679328789
1128,1.2105216791344242
1129,1.0174158996899987
1130,0.9305355650885556
1131,0.719370864918525
1132,-0.09254977639008093
1133,0.5636019396184369
1134,-0.0431520485889657
1135,-1.2481591499113227
1136,0.8951490023592312
1137,-0.08277395552439692
1138,1.492787662715475
1139,-0.34084071525694193
1140,0.847960581674802
1141,0.23124875595693667
1142,-0.13200838322217534
1143,0.35806078128106605
1144,0.16721117384628748
1145,-0.3995291339643389
1146,-0.39896894695153706
1147,0.21930625538655293
1148,0.32222261152822596
1149,0.14829507578532194
1150,0.01625578435050694
1151,0.8002369624737247
1152,0.0022743282604087392
1153,0.5055958695450898
1154,-0.21847191992677706
1155,-1.166231120772823
1156,0.5202250211467707
1157,-0.10574789773628074
1158,0.7801510145804411
1159,0.4263265192247697
1160,0.18512566558992039
1161,0.16478015408849703
1162,0.5302843809398361
1163,0.16492854734766707
1164,0.00333482382032266
1165,-1.320093395031223
1166,-0.7654757133815657
1167,0.23454168223425376
1168,0.08211380313378168
1169,-0.004975790823098318
1170,1.0706092104993823
1171,0.6978043026022508
1172,0.7349999268633691
1173,-0.2872087670805036
1174,1.6249278457738867
1175,-0.5827909167271946
1176,0.2206706180006195
1177,0.7364104355814195
1178,0.6698233751637183
1179,0.4450574970477113
1180,-0.30010558869796417
1181,-0.08490856547682088
1182,-0.8237972178876246
1183,-0.1635852260551236
1184,-0.007662137085548757
1185,0.9963688489079401
1186,-0.03426322037701586
1187,-0.3001623982996985
1188,0.26807478259217815
1189,-0.2674946988220408
1190,0.8191193465037573
1191,0.4614422367375702
1192,0.09423387629664806
1193,0.21512776285692536
1194,0.14635062068471605
1195,-0.5555372603766344
1196,0.7391069837991834
1197,0.2046521240192451
1198,0.09914268805907892
1199,0.5005165738025569
1200,-0.5609653685630244
1201,-0.2953939358625568
1202,0.4922300537317047
1203,-1.0442002418145877
1204,0.05048929798140374
1205,0.46440370104541134
1206,0.5957826463083011
1207,0.2578865712545283
1208,-0.7832322744326519
1209,-0.4556769451647835
1210,1.00524205202549
1211,0.31102977845325874
1212,0.5310633264356831
1213,-0.18355941437886703
1214,0.6699287092248527
1215,-0.13883438146071297
1216,0.4168849847462841
1217,0.15331902517577972
1218,-0.7925972105801509
1219,-0.009722504905645229
1220,0.67350098639025
1221,0.02063471434953154
1222,-0.1952248476604844
1223,0.8381424916444713
1224,1.082225016906634
1225,-0.5566047731132505
1226,-0.2628715690315217
1227,0.18082588703512217
1228,0.6314384949307073
1229,-0.2002495003699079
1230,-0.40346249681704244
1231,2.4800619758126428
1232,-0.6802983561189575
1233,-0.3209257676200645
1234,-0.8820209158765657
1235,0.26407056210190594
1236,1.1371393132551033
1237,0.4163637488051387
1238,0.7136668937233764
1239,0.3267001770416834
1240,-0.4546088629880435
1241,-0.45207836639937987
1242,-0.2905273875534111
1243,0.45065603046109104
1244,-0.8304876610836263
1245,0.24364265040752134
1246,0.5637311674866322
1247,0.06391653806774089
1248,-0.6714044863198637
1249,0.8603838450964252
1250,0.04573712931850308
1251,0.11937096418630107
1252,1.100578037816575
1253,-0.6316046667967449
1254,0.39282068790802244
1255,-0.002744722141055515
1256,0.30112651214359465
1257,-0.08503945403725155
1258,-0.06491498055886309
1259,0.7492143222458434
1260,-0.11553231117107038
1261,0.8446628444916562
1262,0.155388438271091
1263,0.8266604617700842
1264,-0.20105459635132286
1265,0.1597014821028925
1266,0.6650453277655307
1267,-0.9069856528374336
1268,-0.6145535776344974
1269,0.48332411491545196
1270,-0.035127761250099594
1271,-0.542728554274949
1272,-0.30284501584970475
1273,-0.3988560184817125
1274,-0.7894521057485684
1275,-0.829729821287268
1276,-0.08659593502536495
1277,0.06467485942243754
1278,0.03967637104957184
1279,-0.337589510536258
1280,0.15231731596014644
1281,-0.11216015057568014
1282,0.601629207652425
1283,-0.18497889440347018
1284,0.5333285948623009
1285,-0.5817569821719913
1286,-0.06208976858561497
1287,0.577173326044592
1288,-0.25869284407183984
1289,0.14819656376848403
1290,-0.031161817593198613
1291,-0.12830547511905174
1292,0.23889091840000884
1293,0.578802150976597
1294,0.7116001930444185
1295,-0.7997053754530382
1296,0.7478413619854263
1297,0.22695274398981105
1298,-0.21170026393174585
1299,0.770172709041154
1300,0.10541128770366077
1301,-1.087836394007759
1302,0.7950646249784896
1303,0.4878367155357202
1304,0.23251072380070636
1305,0.5163292165875856
1306,-0.1298755617595735
1307,-0.005094615222703814
1308,-0.09836512175405379
1309,0.12015395811218336
1310,0.4843231396704094
1311,0.4335703182017032
1312,0.060612164336429776
1313,0.33331218987669353
1314,-0.2540707096508434
1315,0.24407749844100632
1316,-1.0861948492861018
1317,0.2749671178734636
1318,0.5956455672877651
1319,0.8882879458683681
1320,0.04277853354382382
1321,-1.2790900562696628
1322,0.14634911069617285
1323,0.7512505374580124
1324,0.5826607913936399
1325,-0.15887997375191037
1326,0.28746370745927413
1327,0.20341756247992654
1328,0.4686725072930509
1329,0.29817711232032496
1330,0.3742161696108126
1331,0.22054622858737724
1332,0.5407540565420689
1333,0.3907634616172443
1334,-0.16979572065627327
1335,0.5096388161863417
1336,0.4846046244804965
1337,-0.8080389008271486
1338,-0.614228481899221
1339,0.23203072984695186
1340,1.0009800200880785
1341,-0.4874295290295976
1342,-0.5411246704835943
1343,0.9538122362543483
1344,-0.09003427110709743
1345,0.28498283628881566
1346,0.049291482129941847
1347,-0.44806971854432115
1348,-0.2867086408302351
1349,-1.1239669937447638
1350,0.797479946398577
1351,-0.11444778882673029
1352,1.0001614340867726
1353,-0.3373832847201123
1354,-0.6400674828726284
1355,-0.5225267720068119
1356,-0.839329406673032
1357,-0.44017280493908345
1358,-0.9126758240025258
1359,-0.16754035495961722
1360,0.29709509545725005
1361,-0.25230494165598516
1362,-0.13131916273594782
1363,0.4898529265546986
1364,-0.28766039757877593
1365,0.14479009987672672
1366,0.27619521395299873
1367,-0.1602674735754205
1368,0.1933560539493793
1369,-0.33291721767094024
1370,-0.2858156507592158
1371,-0.7056917606954374
1372,-0.4997416837477879
1373,-0.2262378425899212
1374,1.2727595383230565
1375,0.9976708186932426
1376,1.4570325587974677
1377,0.07874609986557415
1378,0.3409499699083035
1379,-0.4733004927305972
1380,-0.4422828173571495
1381,0.7501516160458132
1382,-0.6364501140938293
1383,0.1321748856431453
1384,0.14888932258287282
1385,0.6578609953971613
1386,0.03552191414079911
1387,1.7451730227064932
1388,0.4481132771585866
1389,0.505590957388078
1390,0.09679268134812197
1391,0.18427398545099322
1392,-0.5497544087171542
1393,0.07432868010682912
1394,-0.1747521013965767
1395,0.7405362622608311
1396,-0.10917811402973061
1397,-0.45971446676196925
1398,-0.02529632750536372
1399,-0.26332927427801084
1400,0.45908154879125623
1401,-0.680920361168039
1402,-0.3120106764091565
1403,-2.882597062207847
1404,-0.5614877778235416
1405,-0.6146844536265657
1406,0.44015056777965705
1407,-0.4700471464081902
1408,0.0077639304326034865
1409,0.0288933431361059
1410,1.4612736296022586
1411,-0.21831335770512747
1412,0.9470010929045896
1413,-0.20196175355795945
1414,0.19065458529065923
1415,-0.5531003780344406
1416,-0.6851891562476757
1417,-0.25927551051344117
1418,1.1055441144056481
1419,-0.012749601867540343
1420,-0.032977809852392515
1421,0.7554489980896291
1422,0.7080345534481549
1423,0.26215451945484924
1424,-0.1412153543578153
1425,0.6422089704670368
1426,0.047218373944613264
1427,1.0463944876238476
1428,0.31284733358455913
1429,-0.19689011230904965
1430,-0.07464121165908656
1431,-0.15842764730951225
1432,-0.468433706526039
1433,0.012851991096282137
1434,-0.48642905199187325
1435,-0.7356827160443579
1436,0.12147531291750589
1437,-0.8497130483664599
1438,-0.7770933291980854
1439,0.6332466159726204
1440,0.167067175620737
1441,1.458836266806504
1442,0.9538743053643339
1443,0.518137779304265
1444,0.6982446301344664
1445,-0.3555327688932154
1446,0.6685910238439069
1447,-1.1529416282848586
1448,0.3900924644598447
1449,-0.42491519432202746
1450,0.45790368831826983
1451,0.1783383285039126
1452,-0.000526718183064075
1453,0.09494513661657815
1454,-0.3381835144978291
1455,0.4063101204994831
1456,0.1857952751943403
1457,-1.1905050171989386
1458,-0.10468844546086432
1459,0.11789224115137574
1460,0.2183147619575465
1461,-0.3534113461034781
1462,-0.456030180691138
1463,-0.9018182179071668
1464,-0.6339378643184945
1465,0.5387819189231579
1466,-0.25089395974348544
1467,0.15401860361379624
1468,0.17323190063336724
1469,0.204989527192825
1470,0.5285923469728744
1471,-0.032926455056028675
1472,-0.39696071262635796
1473,-0.22511311661936248
1474,0.01751064057017841
1475,0.2952422135624044
1476,0.03654159219207393
1477,0.7498589437889558
1478,0.177401027272617
1479,-0.48400956507754633
1480,0.6094650907000153
1481,0.16552369581999893
1482,0.22532043364228507
1483,-0.35786799667103253
1484,-0.1399910149560719
1485,-0.33236681928341283
1486,-0.12843191913837135
1487,2.1534785099434344
1488,-0.39951531452369826
1489,-0.5896958480893542
1490,-0.1222465472737345
1491,-0.1507330437384974
1492,-1.148860247732861
1493,0.2770431138466653
1494,0.04099451973232893
1495,-0.1733376663573546
1496,0.2535389415556918
1497,0.07651330770736596
1498,-0.1411869418711438
1499,0.5050706826741924
1500,-1.0424791373735405
1501,-0.37790877530563977
1502,-0.41866781603393294
1503,-1.1559918322209515
1504,-0.7343495210396617
1505,-0.2557019069285973
1506,1.2647183001643454
1507,1.3056904552279744
1508,0.4615757182176827
1509,0.11694311687963688
1510,-0.8314598815143557
1511,0.9776217550757065
1512,-0.5157131384955203
1513,0.08756207383145337
1514,1.1273625174063884
1515,-0.3133271549445957
1516,0.06421813030693176
1517,-0.06799263127856693
1518,0.2291198184378677
1519,0.019306864313583787
1520,0.24748292665448796
1521,-0.1516567113808984
1522,0.8645527392982192
1523,-0.5527724904262702
1524,0.2478088641316141
1525,0.24844626460344477
1526,-0.14221349035408448
1527,0.20439683928649166
1528,0.8914221933250113
1529,-1.219595962056959
1530,-0.6888726072647281
1531,-0.23756223752096284
1532,-0.171254424780218
1533,-0.6267421588070677
1534,0.16764300205883934
1535,-0.0536641528902102
1536,-0.02332845058517757
1537,0.3808190941125457
1538,0.011002847110635053
1539,-0.32442403071513637
1540,-0.35763970931943995
1541,0.5332996663997672
1542,-0.05408214710889113
1543,0.6488640172525775
1544,-0.2859818622329351
1545,-0.038509048545058086
1546,-0.5876825469580962
1547,-0.3007362869351126
1548,-0.22168434835165446
1549,0.15829157092497456
1550,0.7428689657734036
1551,0.15472713322604362
1552,-0.41595916374976105
1553,0.4043962159798147
1554,0.18939142939148654
1555,-0.08382342593320043
1556,-0.2619433022205721
1557,0.2024634563378477
1558,-0.20100573455780088
1559,-0.8494541845096012
1560,-0.028447231010564157
1561,-0.6767839587018177
1562,-0.05296872122170441
1563,0.5783992264993748
1564,0.6880930219093461
1565,-0.24347994123040223
1566,-0.2154669777668199
1567,1.1767280536166762
1568,-0.6461205834340945
1569,0.944741598582578
1570,-0.610773654691322
1571,-0.09891776348537436
1572,-1.2852290226495398
1573,-0.022650946357346574
1574,1.1950783208016478
1575,-0.8981524771352564
1576,-0.39232629850607886
1577,0.0008166414392212922
1578,-1.1620556289974693
1579,0.654852244340772
1580,0.46151738088193917
1581,-0.2784927548735581
1582,-0.49692982680724646
1583,-0.6080194245594535
1584,0.32064809672358513
1585,1.5179872329402817
1586,-0.6158607748626431
1587,-0.4441946564619804
1588,-0.48696328241845466
1589,1.0784478786365
1590,-0.24998878146408096
1591,0.3409864777770586
1592,0.11182133411990408
1593,0.009011879350137334
1594,-0.2832236796963532
1595,0.9571178790429451
1596,0.15772470355840965
1597,0.17253875714320158
1598,-0.31313000834931953
1599,0.5154184829813486
1600,-0.024762846672578623
1601,-0.19692247781104366
1602,0.3884677946338498
1603,0.3339167434133934
1604,-0.23917034130977638
1605,0.1357704752537902
1606,0.9743915216600492
1607,0.640954964533814
1608,-0.20887073039869877
1609,0.4231535166274219
1610,0.4401489810783237
1611,0.3729766589347253
1612,-0.9473226262420223
1613,-0.07114397459484455
1614,-0.013420538133560648
1615,0.06242544532501719
1616,0.39328671564597395
1617,0.4760119712776819
1618,0.4173405497456341
1619,0.2965039602864259
1620,0.19496221241026895
1621,0.7309912365960767
1622,-0.35113713484300624
1623,0.15087905711968497
1624,-1.0170949137680496
1625,-0.46416294982561546
1626,1.366561401802922
1627,-0.00627427610660475
1628,-0.227898253710854
1629,0.7020951956992755
1630,1.0399608456756326
1631,0.35460917326464414
1632,0.048324762901964344
1633,0.05842049603765754
1634,0.5140300310852431
1635,-0.08534827265672038
1636,0.4696032985669364
1637,0.6336318269448002
1638,0.18900752703040577
1639,0.9834979938270518
1640,-0.429433549246487
1641,0.35307188690895874
1642,0.5138969891808246
1643,0.5298482978009137
1644,0.47780242354036306
1645,-0.04540588970410065
1646,0.23565894900819512
1647,-0.4925280234690012
1648,-0.03892170149870171
1649,-0.08965922560013541
1650,1.5996965374628447
1651,-0.0036315893216447106
1652,-1.4144148253473188
1653,-0.3955609198702708
1654,-0.5951416046516688
1655,-0.27468225039030697
1656,0.9472456451360476
1657,0.4453758898542059
1658,-0.04464311840282933
1659,0.9325317582655683
1660,-0.48900249384212796
1661,0.3036046145694695
1662,-0.08324844346732076
1663,0.502643665875246
1664,-0.1632972645799454
1665,0.25434100455240344
1666,-0.16102930093892306
1667,-0.1371570610442112
1668,-0.17467468471168662
1669,0.8852888958239843
1670,0.32440032302775684
1671,0.38203144378893283
1672,-0.34566941094659176
1673,0.10559952345823478
1674,-0.28774017773845634
1675,0.3140946642555796
1676,0.21438819517051924
1677,-0.21877233114635525
1678,0.06684568873539369
1679,-0.3641621146634155
1680,-0.46448816325644476
1681,-0.5221470208328689
1682,-0.006866031435967857
1683,0.2813565913981137
1684,-0.24416063402115493
1685,0.023667733578886456
1686,-0.03006253563869797
1687,0.16963051276564586
1688,-0.21958058016002596
1689,1.1081289283374
1690,0.6547163033972565
1691,0.5906392727613414
1692,0.916121971141451
1693,0.1898235625277589
1694,-0.5316320184887484
1695,-0.9817418410299571
1696,-0.882686589631035
1697,-0.42584166104296395
1698,0.1925174114508061
1699,0.5474027733658468
1700,0.2095169854729546
1701,0.8998717746927258
1702,0.97697056286918
1703,-0.5115256943950769
1704,0.18216224464873745
1705,0.781260311474587
1706,0.019313394094976462
1707,0.5997488845508824
1708,-0.49154864785401664
1709,0.14855347846616523
1710,-0.42844477153204047
1711,-0.3934510178591778
1712,0.676295424279346
1713,-0.0270552720345097
1714,-0.7451057308628423
1715,0.09989892464713031
1716,0.43812063833495035
1717,0.6169716475564127
1718,-0.10761854388825078
1719,0.18033087197804323
1720,-0.5185210545311774
1721,0.24056478147321575
1722,0.39233995544951
1723,-0.09510263033070317
1724,0.2805651896517255
1725,0.35510877071380165
1726,-0.2824279268434627
1727,-0.4021328112227693
1728,0.5873413436559474
1729,0.1820115332846685
1730,1.2646095445111678
1731,0.4248062250542999
1732,-0.29630080723715263
1733,0.7111780969176081
1734,-1.0152112741903516
1735,0.815882867418296
1736,-0.11172437449614582
1737,0.2100590175012661
1738,-0.30673676663626
1739,0.28927018889596345
1740,0.24839204956796676
1741,0.4859464444775164
1742,0.0427980236223282
1743,0.7971981895566785
1744,1.0013049726542962
1745,-0.14664221647641731
1746,0.6551767086452129
1747,1.0949291577781917
1748,-0.23822237138889923
1749,0.7379938200896685
1750,0.016165512259938286
1751,0.30988335186364113
1752,0.6346503187748022
1753,0.18067853680697346
1754,-0.577847324634828
1755,-0.5145559682965031
1756,-0.14017323522925643
1757,1.0463057173772068
1758,-0.15050541591131714
1759,-0.45294461197068897
1760,0.21325150908307683
1761,-0.16848213518638172
1762,0.2969147205597851
1763,0.14437013115729644
1764,0.2022240183722778
1765,1.06572419787691
1766,0.4346400620628878
1767,0.5606355662544354
1768,0.6253646862429878
1769,-1.0430422020912362
1770,-0.3347099491037434
1771,-0.44260504877259926
1772,-0.11494389918532108
1773,0.26208691504487136
1774,0.569639006682248
1775,0.21143026303040732
1776,0.7337417561407066
1777,-0.0021855794484951373
1778,0.18200076271629564
1779,-0.3017212561295556
1780,0.9298069401804746
1781,0.0693173616181229
1782,0.11124651152799334
1783,0.42092306199525475
1784,-0.6483590460899199
1785,-0.4816845970359975
1786,0.8456316672325942
1787,0.7122710600163115
1788,0.20486234613151688
1789,-0.11197080640304086
1790,-0.09836752979560262
1791,1.1481355637896742
1792,-0.8555026084934048
1793,-0.6403865587177231
1794,-0.5897614935358745
1795,0.3810656148010999
1796,-0.5827914811262452
1797,0.5136370647017489
1798,0.5641142037266302
1799,0.7413432012661618
1800,0.7426411720216293
1801,0.5689717516289984
1802,0.8539035443885654
1803,0.4820413495117718
1804,-0.5668520916641484
1805,0.33889020643263795
1806,-0.11125812317752817
1807,-0.9244312332771659
1808,-0.051995786249786964
1809,0.7662238947574281
1810,-0.10718756901318596
1811,0.07341623658969693
1812,0.4275240181862044
1813,1.1645305700927409
1814,-0.35984313419865027
1815,0.8146031976919377
1816,0.11393984295266045
1817,-0.06327818961293316
1818,0.10439601704782304
1819,0.5064071490410366
1820,0.10798870479836802
1821,-0.11104607915393336
1822,-0.6903900401745785
1823,1.0708104735124537
1824,-0.46513361092037264
1825,-0.038949327605991416
1826,-0.19907403716271552
1827,0.203734355303845
1828,1.352834569517984
1829,-0.130377155277098
1830,-0.12752834071495608
1831,-0.7223931496753069
1832,0.6428294541361498
1833,-0.4946562119267603
1834,0.7066643797291794
1835,-0.9287780692869957
1836,0.32606046105591535
1837,0.33328525349811333
1838,-0.42743234532334395
1839,0.3068094338552064
1840,0.1438182623070136
1841,1.2555526398976151
1842,-0.9166872028171509
1843,0.5542621893545225
1844,-0.41218311389556517
1845,0.3652884611883002
1846,0.7399111257410309
1847,0.37895955216906124
1848,1.5114579711116078
1849,0.04158762944086639
1850,-0.6342412903692449
1851,0.3443712594985028
1852,0.9739757508478984
1853,0.6796822044574262
1854,0.3829600428074727
1855,-0.2517207389550418
1856,0.7074958672616766
1857,0.43686571970698057
1858,0.30156639932815993
1859,-0.10039162947413346
1860,-0.0419425474603089
1861,0.4223804130009298
1862,0.17119565910425097
1863,0.39579576023801266
1864,0.18181196735105698
1865,-0.5224930455502586
1866,1.1126574354458068
1867,-0.3574450922048625
1868,0.03892676469266111
1869,0.11195692596914454
1870,0.34013717176983715
1871,-0.06329291313215088
1872,0.7761439519493365
1873,0.02547612726743834
1874,0.6580701186878738
1875,-0.7846716081418197
1876,0.7664736955408249
1877,0.3522723415666719
1878,0.33738244906633075
1879,-0.2921823537348797
1880,-0.3349113599715107
1881,0.40908898706863445
1882,0.7433200936652536
1883,0.2309855070625543
1884,0.2121115905865316
1885,-0.591584709113719
1886,0.29045426034041283
1887,0.36095909891276107
1888,1.0238399997244525
1889,0.6986319745365276
1890,-0.20734836530443582
1891,0.10233454947379991
1892,0.02443278401675195
1893,0.4563085005995845
1894,0.5526070386665929
1895,0.24318091415986762
1896,0.3855068704063309
1897,-0.006693574982456475
1898,-0.4412624970216572
1899,-0.5472148751237202
1900,-0.41893338794356844
1901,0.21574074086681114
1902,-0.17459044208714927
1903,0.5850921755986357
1904,-0.6452328976453027
1905,0.5162575005906043
1906,0.2257863746208688
1907,-0.39093169607372547
1908,0.9073257337453051
1909,0.039758042135486386
1910,-0.31491481434584245
1911,-0.648991777431503
1912,0.46951872573345493
1913,-0.4454374294013174
1914,-0.596338892712478
1915,-0.4415709801530609
1916,0.6936887660771225
1917,0.27536263131926003
1918,0.06490801973602939
1919,-0.4274508905447023
1920,-0.1533020197483017
1921,0.36449747504269797
1922,0.09998282080872985
1923,0.31378912580058627
1924,-1.224239680302861
1925,0.7636066301687656
1926,-0.10801007946603032
1927,0.07388913055940774
1928,0.6375299723824122
1929,-0.3744179914866006
1930,0.8957677623449214
1931,0.2642165814735941
1932,0.5065373254998665
1933,-0.8569425467211874
1934,0.02258364573224357
1935,0.0783701132568169
1936,0.6321521034662985
1937,0.36596779949471664
1938,0.27418407315069593
1939,0.9394094631416904
1940,-0.4141667783985708
1941,0.7464060919445377
1942,0.046317518715312485
1943,0.07332899522084477
1944,0.3290405509180395
1945,-0.38316900090399997
1946,-0.1719060323707952
1947,1.2915331491504127
1948,-0.007523310321921344
1949,0.6867038745851977
1950,-0.06023380335066116
1951,-0.3155525092557413
1952,0.15788828373516442
1953,0.04672865002982141
1954,-0.31574705405191517
1955,0.2530427576690477
1956,0.47398591465459583
1957,0.014541314075970823
1958,-0.11081448480234546
1959,0.2220587596128923
1960,0.6887364713311378
1961,-0.4962802484194664
1962,-0.4045686380935651
1963,0.27911294658948677
1964,0.6433778665148315
1965,-0.14462230190925673
1966,1.0086784495369787
1967,-0.9341686272628335
1968,-0.6326151506698214
1969,-0.45646903187806925
1970,-1.0143969610709098
1971,-0.8659216484763161
1972,-0.19125986054491914
1973,1.0445452713747936
1974,-0.2879316664185597
1975,-0.23454725665866824
1976,1.2005943144918911
1977,1.435396087226177
1978,0.6298375619889671
1979,-0.32426337863392024
1980,0.6167538531915161
1981,-0.2621593286138637
1982,-0.15197740641430457
1983,-0.0985029312629909
1984,0.5049815386749527
1985,-0.37671222959977835
1986,0.35293100700010915
1987,-0.7656341129058586
1988,-0.26661489389929965
1989,1.143006830600448
1990,0.2692850491004182
1991,0.5509036327526095
1992,-1.0907297324089011
1993,-0.09260390194517217
1994,-0.15110188234117308
1995,-0.37685807151494044
1996,-0.39254192780323993
1997,0.14065413668877577
1998,-0.2842104992753242
1999,-0.5632514647261527
