,value_per_image
0,-634.1686379274615
1,-436.75816018879414
2,-1059.7423024196178
3,-1398.9087432846427
4,-657.8560327664018
5,-431.66559539502487
6,-19.666249061265262
7,-337.1402600798756
8,-246.14442903292365
9,-1790.8496133685112
10,-619.8998246528208
11,-978.9831956923008
12,-9.525989054361162
13,-0.0732112714736104
14,-192.6390207419172
15,-67.36696303356439
16,-1551.55164244771
17,-205.32670731721737
18,-1281.643199533224
19,-379.0698924269527
20,-152.54435520764673
21,-0.6120825942123957
22,-9.384813750737521
23,-202.64281720598228
24,-1524.9733240306377
25,-1780.2660381495953
26,-1790.6084163188934
27,-0.9634644895523934
28,-1778.1871009767056
29,-851.7402286827564
30,-694.452487048693
31,-519.601185940206
32,-1.3210776645719307
33,-1139.1760579906404
34,-1628.045012742281
35,-20.30914802243933
36,-586.9552096296102
37,-31.944698843305567
38,-1721.9164385050535
39,-1603.0981752872467
40,-272.9054011264816
41,-1026.1236396031454
42,-1004.6645651161671
43,-2.78389630158199
44,-779.388127297163
45,-85.4444293573033
46,-0.6097256107223075
47,-408.3148695025593
48,-357.5191250387579
49,-275.5297057405114
50,-175.8398396349512
51,-71.90941378753632
52,-1096.195779044181
53,-401.0155628846114
54,-1266.4090730398893
55,-155.6924033323303
56,-58.27491818810813
57,-810.1353340148926
58,-139.54947811795864
59,-2.4282601587401587
60,-1637.480356425047
61,-928.3807344436646
62,-1542.0881262123585
63,-1565.4807623326778
64,-68.96567803248763
65,-974.0380209088326
66,-1132.0909140259027
67,-1789.9289405941963
68,-786.0069452151656
69,-76.87857669339428
70,-502.344008827582
71,-1143.0523935814854
72,-1104.9802742153406
73,-355.4885762138292
74,-1598.5290105938911
75,-567.7441360206989
76,-420.01999910897575
77,-1041.1927348226309
78,-1433.8081055395305
79,-719.3913398012519
80,-215.89726979658008
81,-66.12944501917809
82,-602.1194321772491
83,-1567.955551981926
84,-1665.8503752946854
85,-999.0511245280504
86,-1269.9255956253037
87,-95.66597637580708
88,-380.14973456115695
89,-761.94364913553
90,-141.75842937250854
91,-1276.4727841615677
92,-175.63085254770704
93,-1195.460045427084
94,-1337.1805286109447
95,-1776.7037065327168
96,-1737.6087481677532
97,-439.4583060685545
98,-5.0418641405849485
99,-16.044692508119624
100,-14.906854365035542
101,-62.507256536710884
102,-96.50139363715425
103,-1084.736964136362
104,-19.657238146595773
105,-123.89555011177436
106,-7.925985351546501
107,-337.40806701809925
108,-639.2892164587975
109,-1773.9769526124
110,-1422.4555579721928
111,-1230.2217587530613
112,-395.27860355656594
113,-932.5183886438608
114,-721.0115684121847
115,-256.2031672960147
116,-376.760211231187
117,-426.3814638070762
118,-877.5325538218021
119,-80.74478391371667
120,-68.68398245112257
121,-1659.0872893631458
122,-1175.7107926681638
123,-1.8056559644919616
124,-60.08170024857827
125,-1231.3672025203705
126,-1784.9948498010635
127,-1.1128786883327848
128,-10.335531384651404
129,-51.42789581324905
130,-1469.280132740736
131,-1781.7988551557064
132,-1141.7110614542617
133,-1279.3474807292223
134,-394.6517248377204
135,-1787.8810979425907
136,-70.40450471737131
137,-200.2843911186792
138,-1208.963375121355
139,-309.8763806037605
140,-430.3684566989541
141,-149.61463671154343
142,-146.89733240683563
143,-26.161837889008893
144,-105.34295783750713
145,-851.9199786186218
146,-1051.4469130933285
147,-1080.2232039618284
148,-70.19558599148877
149,-1790.8676605820656
150,-1557.5897302925587
151,-1282.3913733959198
152,-2.1813687391695566
153,-361.19922765676165
154,-1036.4985622191161
155,-206.29378652619198
156,-1643.1562360823154
157,-3.8243470344568777
158,-1348.6715738298371
159,-1711.8588413894176
160,-139.5516763740452
161,-76.40290516754612
162,-430.2760257740156
163,-78.98903433483792
164,-0.04609119867205891
165,-505.44775473466143
166,-1099.6055898163468
167,-1762.5875542461872
168,-43.43404038879089
169,-88.35288683109502
170,-1627.8679785132408
171,-654.4291291266782
172,-1591.248517215252
173,-1.8137847640159634
174,-275.79561493569054
175,-9.156361167275463
176,-8.238369109853238
177,-522.8661071620882
178,-255.8695521466434
179,-8.124048915738967
180,-1317.8266357332468
181,-1105.8147263526917
182,-1012.3136485815048
183,-575.4019985300256
184,-226.2595052085817
185,-219.39613920077682
186,-869.7119804359972
187,-1479.0122956857085
188,-589.0844221485895
189,-10.065687216163496
190,-217.4654108316172
191,-123.1102401871467
192,-233.74016049603233
193,-207.01125433880952
194,-1442.6577914059162
195,-910.0517899692059
196,-74.41801437524555
197,-1778.6618816256523
198,-122.57338509277906
199,-17.58045819227118
200,-119.99134064890677
201,-61.64667616976658
202,-150.7699558086265
203,-1317.1736586093903
204,-835.8677949388511
205,-588.7257942936849
206,-298.38803766667843
207,-961.8643613178283
208,-56.71317455591634
209,-1735.6027991324663
210,-6.003235812204366
211,-948.2319362219423
212,-1778.9093608856201
213,-1126.581619605422
214,-387.6915361266583
215,-825.561503930483
216,-6.783602604380576
217,-1731.7929067015648
218,-778.9160329252481
219,-0.0425883908801552
220,-183.20822432497516
221,-387.79831440001726
222,-168.74595467292966
223,-360.7078008260578
224,-19.298367746931035
225,-1774.4111602306366
226,-773.9597390219569
227,-1338.7859904617071
228,-3.410768606554484
229,-1790.4791149497032
230,-71.91236600710545
231,-5.533714633794375
232,-1777.4815949201584
233,-1512.54929625988
234,-20.300033714482197
235,-429.77893434657017
236,-1721.1082998216152
237,-853.3325739055872
238,-18.4418208184361
239,-1644.8405656814575
240,-1389.6812800902408
241,-346.34970806818455
242,-206.6392439630763
243,-31.101309271296486
244,-370.76143376529217
245,-275.1670281518309
246,-605.0819060876966
247,-491.396857008338
248,-1790.9996327757835
249,-58.02114539872855
250,-1657.1707504093647
251,-1446.7329404652119
252,-917.1352627575397
253,-1568.1227423548698
254,-1465.4257167577744
255,-474.1508376467973
256,-175.72355878097005
257,-51.06637149211019
258,-1131.7604168979742
259,-381.7703030668199
260,-13.299337089323672
261,-0.1211614898861626
262,-1078.6903881132603
263,-44.1767098113196
264,-160.29723314670264
265,-792.5002614634504
266,-1684.1493583321571
267,-191.95397548412882
268,-274.6357331974432
269,-81.69089142116718
270,-1032.887427687645
271,-11.122133309210767
272,-1367.768815845251
273,-6.801582572060568
274,-558.667744230479
275,-106.87755406857468
276,-25.921479742391966
277,-904.0141479149461
278,-1266.692007958889
279,-365.18123483634554
280,-1741.1773812770844
281,-42.28224520548247
282,-959.1342965627118
283,-764.0945320054889
284,-926.2571501731873
285,-267.7431978334789
286,-909.7035299361451
287,-1615.2564937472343
288,-101.81365387304686
289,-0.15414451414380892
290,-12.535965415571695
291,-7.352785599738127
292,-405.1980923768133
293,-311.3583506750874
294,-724.3591393642128
295,-1.7692407129452477
296,-237.02833167649806
297,-63.1932735198352
298,-23.623636281427935
299,-555.8288987148553
300,-1559.867671340704
301,-732.3403639355674
302,-20.394733140601602
303,-93.0913849901408
304,-25.27707868060679
305,-1734.873283714056
306,-616.8359134308994
307,-1078.0475626513362
308,-1054.9424336880766
309,-1075.5779994172533
310,-12.852559000646579
311,-20.647843576974992
312,-308.9444400910288
313,-4.007533875443187
314,-52.2844737177511
315,-0.08260766770729333
316,-130.69868328794837
317,-796.0987640949897
318,-34.459219373296946
319,-2.6882245903179864
320,-346.29502464676625
321,-66.70354669936933
322,-1616.9019918441772
323,-1633.508806437254
324,-46.51019883854315
325,-1236.0664035789669
326,-1682.9615795910358
327,-591.981068212539
328,-1706.7074363827705
329,-862.1430393774062
330,-1776.1398995220661
331,-1408.632937796414
332,-337.80443520098925
333,-161.19937876053154
334,-1121.902081809938
335,-362.3382972635736
336,-249.51522097364068
337,-174.77837886102498
338,-955.6480777793622
339,-1067.2886887360364
340,-340.12176163634285
341,-1247.9207282289863
342,-0.15186244357826695
343,-239.45468001475092
344,-19.087877101497725
345,-63.93845794396475
346,-483.2288184091449
347,-52.95293860696256
348,-564.5085039660335
349,-1514.8899348974228
350,-25.083720437745797
351,-1593.4373225867748
352,-1620.408632516861
353,-40.057811635546386
354,-1591.9129852950573
355,-789.5763643197715
356,-1596.7709275484085
357,-1397.682037986815
358,-877.517879422754
359,-27.224984897402464
360,-1.3703330398465141
361,-439.91467574611306
362,-1.7366044315485851
363,-2.7833143212628784
364,-217.05681939689384
365,-1763.6165630817413
366,-1455.4598226547241
367,-1576.402941197157
368,-87.41755715152249
369,-1580.5157442316413
370,-158.40252013108693
371,-1577.2311888039112
372,-10.347877035685087
373,-500.0714325127192
374,-1144.3242629803717
375,-1695.286038517952
376,-399.3553503341973
377,-111.01988201085805
378,-1289.4448268230663
379,-264.81140243355185
380,-158.1788155353861
381,-1.0654341638273763
382,-5.44721448978089
383,-678.5405400544405
384,-154.88252691575326
385,-869.1349761327729
386,-13.108272087069054
387,-1780.773675173521
388,-47.05545927316416
389,-0.026678451770465017
390,-1638.9033139646053
391,-71.21169346896932
392,-0.12001867225467322
393,-352.8624728385621
394,-310.9845581355039
395,-1720.7630974054337
396,-836.5454821892781
397,-1617.8248418569565
398,-1426.6142786741257
399,-172.8741309158504
400,-1322.3707741200924
401,-191.38936246326193
402,-576.3933067172766
403,-1409.4019246697426
404,-129.0784263196474
405,-118.73496397533745
406,-1694.0502161383629
407,-409.6076255609514
408,-1786.7410623431206
409,-228.22300936840475
410,-372.06067090174474
411,-509.0999587336555
412,-501.6555613609962
413,-0.03998372231701808
414,-24.622253355191788
415,-302.6920539997518
416,-1336.4655527994037
417,-6.293655817235617
418,-1681.8762272000313
419,-85.80897920552525
420,-211.79006692394614
421,-1369.387005444616
422,-190.8785445918329
423,-1167.3565783202648
424,-186.37756893131882
425,-269.5219452334213
426,-369.6394449059153
427,-69.3207466379099
428,-192.5209027081728
429,-1.5673314850428142
430,-596.6785815637559
431,-833.1352435710141
432,-556.6761438138783
433,-953.8955369368196
434,-1487.5303674638271
435,-1781.4415363967419
436,-1576.1149123311043
437,-1293.061035323888
438,-1215.7027517519891
439,-344.8835443779826
440,-505.48414923995733
441,-208.5977088783402
442,-1214.2792953252792
443,-7.836059572207887
444,-125.12047361909572
445,-935.1780766341835
446,-1663.1335714161396
447,-8.943295909114568
448,-1771.3696892261505
449,-1013.0901827178895
450,-1598.704585969448
451,-310.73905450850725
452,-100.90428659506142
453,-1458.8107119947672
454,-688.9778135502711
455,-0.6543269866706396
456,-154.53750349767506
457,-571.7128825392574
458,-1502.6705962643027
459,-592.7932955289725
460,-282.46331586688757
461,-1181.2992618530989
462,-1585.878586500883
463,-201.86058630421758
464,-297.2703547719866
465,-1261.0482559800148
466,-526.6811881684698
467,-455.9648694470525
468,-1526.5591571033
469,-275.1990865394473
470,-557.3026245711371
471,-363.60271475836635
472,-1271.1148724853992
473,-2.7413226470453083
474,-0.9468755214638804
475,-61.40477397898212
476,-1651.4457021951675
477,-263.48254067776725
478,-1636.290601581335
479,-1717.2613668441772
480,-1510.5614060461521
481,-98.5071286886814
482,-184.2112271820588
483,-303.93748193606734
484,-326.79304737370694
485,-215.63493250746978
486,-1175.1395912915468
487,-112.73651338659693
488,-223.29843594843987
489,-125.44372554833535
490,-977.1474475911818
491,-236.14737676875666
492,-440.9611987594981
493,-11.42291560308513
494,-1636.451032370329
495,-1127.5611024908721
496,-1759.4184418022633
497,-1756.3937989473343
498,-308.35066440934315
499,-1632.478512018919
500,-65.30671829974744
501,-584.1349086947739
502,-187.12900355271995
503,-25.289601350435987
504,-13.012435641139746
505,-1704.7679248154163
506,-14.765907732624328
507,-1394.6458157896996
508,-437.7806671783328
509,-472.90494222193956
510,-383.28848037694115
511,-768.7070645540953
512,-633.8664115499705
513,-1702.7233645617962
514,-231.27343655750155
515,-1097.7442631900776
516,-1080.139960951754
517,-1678.703073978424
518,-1711.1454501450062
519,-433.57950104400516
520,-288.0454028292843
521,-9.671176217554603
522,-83.36469893718095
523,-1777.0092397928238
524,-469.33035693876445
525,-1174.6099772155285
526,-367.6616697087884
527,-13.886727108227205
528,-722.015570178628
529,-2.9685939465016418
530,-1050.7543643414974
531,-1252.8989948630333
532,-1683.3431743383408
533,-812.3409127872437
534,-620.9205709695816
535,-1409.8321377635002
536,-1725.602694272995
537,-172.11060382123105
538,-110.11662451882148
539,-670.4188778873067
540,-70.7626650754828
541,-126.81556221224673
542,-1383.9174007475376
543,-1.1110057181640514
544,-1768.1425463557243
545,-1657.5194879174232
546,-954.1725312173367
547,-9.025319695934286
548,-1778.4015388786793
549,-1325.2457694113255
550,-409.264351086691
551,-0.019531341199289898
552,-919.3181990794837
553,-1738.0339891016483
554,-74.1023110126589
555,-1487.0241331793368
556,-39.78613847511588
557,-0.2513983218320277
558,-57.743975893594325
559,-31.999948622076772
560,-108.6299073604714
561,-1215.9112675115466
562,-1011.9367746035568
563,-467.7588626407087
564,-1652.2764272987843
565,-945.210956434079
566,-1581.9698037207127
567,-1790.241668254137
568,-51.301702180178836
569,-6.515629578874723
570,-2.493100752530154
571,-1786.1311402320862
572,-8.262303571929806
573,-25.27235820909118
574,-46.580030220357
575,-869.4969763078843
576,-923.8622589474544
577,-1338.5736584067345
578,-559.1948476493869
579,-269.2473583368119
580,-130.04941734027125
581,-231.96185652539134
582,-826.3821579441428
583,-290.26212117355317
584,-7.778629143038415
585,-140.0569593925029
586,-695.3758202102035
587,-1774.293090671301
588,-34.89176563844376
589,-1383.0506058633327
590,-589.005031093955
591,-1338.9925787746906
592,-1136.5537925086683
593,-33.82090065022203
594,-1691.1777274608612
595,-45.96296779345721
596,-1746.04102024436
597,-326.4667990282178
598,-1.656993296488963
599,-9.268199717989773
600,-1615.7195722907782
601,-709.9291924415156
602,-644.4949532980099
603,-84.9271275983192
604,-127.6018526357002
605,-0.018656866966182406
606,-819.9080873131752
607,-522.5449652001262
608,-1773.5814990699291
609,-1286.1278585717082
610,-381.25480086449534
611,-886.5672725141048
612,-5.758744540809857
613,-109.62232586694881
614,-1603.0425370149314
615,-1764.7685852646828
616,-1790.4646100997925
617,-1645.710874259472
618,-3.0219722086112597
619,-100.05084153823555
620,-62.4944811843161
621,-29.025023789028637
622,-131.50030661025085
623,-1390.3034186949953
624,-1606.8228687047958
625,-653.2245834194619
626,-357.47325935121626
627,-684.8332973308861
628,-216.80786060541868
629,-586.4302707314491
630,-838.9289428312331
631,-1642.8626496493816
632,-4.775806331243075
633,-1117.3910198491067
634,-1511.9133665018599
635,-1692.822985559702
636,-791.0515075325966
637,-64.01256654295139
638,-872.6525660138577
639,-1252.4969091713428
640,-470.39404928311706
641,-0.1309841870843229
642,-1452.1622797250748
643,-480.6524656545371
644,-654.9282052963972
645,-1662.197932511568
646,-3.7803346680884715
647,-552.127520352602
648,-1132.5770041197538
649,-15.847621003038512
650,-519.7988779083826
651,-400.5542471976951
652,-169.21375726768747
653,-0.19712458809601685
654,-40.2128885203274
655,-0.39714703018034925
656,-1436.6952742636204
657,-0.9087687294668285
658,-1004.9324256330729
659,-36.32406705482117
660,-1773.5974643826485
661,-900.8664556278381
662,-7.236958212917671
663,-0.6192351968157936
664,-6.0873648760752985
665,-1429.6035048663616
666,-2.619093098957819
667,-1457.817281216383
668,-26.69719334493857
669,-382.88421013671905
670,-147.80706677027047
671,-219.58980964729562
672,-355.23382816277444
673,-806.7324552312493
674,-80.97208613644398
675,-557.6250676810741
676,-31.517514052568004
677,-1159.6679811179638
678,-977.0337344184518
679,-267.4812716137385
680,-1002.4722404181957
681,-1289.498809080571
682,-707.7118243243312
683,-99.50757787376642
684,-7.938520776713631
685,-887.642779701855
686,-1595.2474055290222
687,-125.21758999183658
688,-182.5049844661262
689,-1444.5567192137241
690,-384.4865969866514
691,-1518.0650443136692
692,-882.5421290770173
693,-735.4903412451968
694,-973.6419883072376
695,-1732.6205613911152
696,-469.6407538235653
697,-764.5509819008876
698,-125.11461482857703
699,-9.980647746113391
700,-0.3096274367439946
701,-74.88909417888499
702,-1725.9620219171047
703,-29.85151788161602
704,-67.84389449328592
705,-571.8252806887031
706,-115.83252443822857
707,-502.02154341712594
708,-129.2154497122392
709,-667.0576966889785
710,-5.642151940352051
711,-937.0368696004152
712,-1159.683920159936
713,-1781.7906906604767
714,-1665.559564203024
715,-1570.0778079926968
716,-1790.9710236787796
717,-1699.4164627194405
718,-27.457451853886596
719,-8.475040684943451
720,-696.254857857246
721,-325.15153159108013
722,-103.19574782042764
723,-150.63371158530936
724,-10.661068918047931
725,-1449.6982208788395
726,-854.4466366693377
727,-1787.375308394432
728,-369.476972643286
729,-139.76095959357917
730,-13.323196161480155
731,-1682.3607921600342
732,-1574.9939247369766
733,-40.46449353452772
734,-506.46139911562204
735,-849.7397659420967
736,-8.05605784530053
737,-1245.0934321060777
738,-1385.006435599178
739,-351.8259488195181
740,-0.827464150132073
741,-3.090906881276169
742,-826.4870432820171
743,-717.7088994830847
744,-1433.6991501748562
745,-1367.9560568630695
746,-87.84790686628548
747,-1754.4462210536003
748,-1774.1030862629414
749,-356.2871760521084
750,-21.521010319185734
751,-143.2620713817887
752,-1390.146928369999
753,-200.5173851508298
754,-719.7117313928902
755,-564.8703282249626
756,-45.6998479468748
757,-413.18850506818853
758,-0.0661200319668751
759,-1.6213010098954328
760,-1095.913353689015
761,-4.496109261439415
762,-801.5518795917742
763,-77.79561461228877
764,-1731.600600272417
765,-850.8581129014492
766,-45.94169033756043
767,-782.0016112029552
768,-479.27945022215135
769,-219.18451923690736
770,-1.8111705451847229
771,-1246.4710619424004
772,-25.662041217816295
773,-1157.5278089046478
774,-354.80168000023696
775,-1726.576278179884
776,-1315.2172697782516
777,-449.69196155224927
778,-303.5299564921297
779,-373.3980774730444
780,-1590.1169241666794
781,-1764.3759273588657
782,-37.836734348675236
783,-48.403324821032584
784,-1489.7272195369005
785,-215.73591718799435
786,-1292.0192168951035
787,-1410.3949220478535
788,-3.381520926797748
789,-242.76643888235958
790,-639.80170549787
791,-617.1232939735055
792,-868.5754216685891
793,-469.1561226658523
794,-1091.7505797743797
795,-1014.108449138701
796,-84.61956997422385
797,-8.937716995049414
798,-1495.2624526321888
799,-1009.939153753221
800,-6.5573691730969585
801,-697.7016326002777
802,-782.8192842751741
803,-844.8374534246977
804,-684.1745988052862
805,-4.2541052093984035
806,-1679.0641889572144
807,-56.36452914578808
808,-1782.408795952797
809,-1421.9229259341955
810,-34.83098270749906
811,-791.7352113872766
812,-1119.5565513372421
813,-592.1184816127643
814,-536.0160248321554
815,-55.83726366143674
816,-4.405843048672978
817,-687.6892973565264
818,-1433.2283016555011
819,-1081.2458969056606
820,-1088.283838570118
821,-1.1257186252198608
822,-1097.1052486002445
823,-1334.7829704880714
824,-1197.633359927684
825,-1784.393200725317
826,-553.8044415228069
827,-436.12412370182574
828,-16.942326133081224
829,-718.1145464740694
830,-1088.5763158351183
831,-364.4645048454404
832,-27.8895890628919
833,-1192.8600497990847
834,-13.874710636795498
835,-224.94321435247548
836,-13.641154559212737
837,-1670.8482331335545
838,-363.13090441480745
839,-17.77230190272894
840,-1614.8752678334713
841,-1623.1822415441275
842,-928.2419615611434
843,-1655.252282589674
844,-135.6138420542702
845,-8.393776170039587
846,-149.3736043763347
847,-695.39061351493
848,-0.05838389152881973
849,-24.43613231438212
850,-1678.7859386205673
851,-2.005546270606665
852,-74.87945334985852
853,-39.682646376963476
854,-1391.470262259245
855,-269.7137385029346
856,-4.25410543646376
857,-2.5229426908044843
858,-731.1609704614093
859,-27.49569000476913
860,-788.8877636119723
861,-1702.7056209445
862,-1775.9175723195076
863,-29.803433438995853
864,-55.379758305847645
865,-1790.855000436306
866,-840.2709719240665
867,-314.0359695008956
868,-1702.8438231945038
869,-700.1272100135684
870,-2.943837955766867
871,-929.679530037276
872,-763.3847427163273
873,-404.1471016071737
874,-0.028648766834635353
875,-347.7051379145123
876,-268.65041820018087
877,-118.14764609915437
878,-1686.8657700121403
879,-23.919401683378965
880,-94.94305724161677
881,-1596.8670586794615
882,-1580.6935552358627
883,-759.4759753346443
884,-138.5446386357071
885,-458.3317063897848
886,-78.94811292469967
887,-28.85646752658795
888,-1032.2874624580145
889,-1413.02012860775
890,-74.43782059720252
891,-720.4628426600248
892,-0.5192890624020947
893,-811.3132593259215
894,-323.82213512668386
895,-3.665752440421784
896,-0.9960853066422715
897,-1254.1024720296264
898,-0.2557458242317807
899,-715.7027527838945
900,-305.973468207987
901,-101.21508123748936
902,-290.06548457220197
903,-56.78546008840203
904,-1090.8726787008345
905,-1056.088391173631
906,-3.6461494665672944
907,-829.0953080579638
908,-435.7145805582404
909,-106.73566458710411
910,-12.421988190896172
911,-0.7226686053918456
912,-0.05938096553200012
913,-485.6715052332729
914,-1372.560832537245
915,-982.801022335887
916,-32.45824908884242
917,-32.530182472080924
918,-1101.6440838873386
919,-728.6109244450927
920,-34.43673815159127
921,-465.5145188458264
922,-13.54149335006332
923,-1386.1531450152397
924,-1071.2259410321712
925,-236.6953621469438
926,-519.032432127744
927,-425.47214409243315
928,-1635.1367655098438
929,-15.432539952598745
930,-1267.8957402855158
931,-1229.7614085376263
932,-549.9123514201492
933,-933.7880761921406
934,-880.4748502625152
935,-585.9061793882865
936,-1566.1277951300144
937,-76.25480384286493
938,-642.2238281676546
939,-64.03979696013266
940,-46.22692241555342
941,-22.048708608257584
942,-63.93768269405609
943,-40.212036118766264
944,-259.5991184003651
945,-46.6289791718591
946,-3.5294026553419826
947,-454.9777293652296
948,-1764.6225464046001
949,-45.10019839485176
950,-0.04758616146318673
951,-3.3331819138256833
952,-4.199934177246178
953,-992.6718855183572
954,-269.51288378052413
955,-10.170949980337355
956,-1291.4276401027746
957,-1656.0039725601673
958,-462.6857431419194
959,-617.9778897445649
960,-980.8579242825508
961,-1320.8406909108162
962,-636.9469856061041
963,-5.971490331648965
964,-1486.6525137126446
965,-317.6311596594751
966,-1606.2086009681225
967,-0.9488806150329765
968,-0.9915400098468581
969,-1428.8512978851795
970,-586.3738199493382
971,-1647.9448184072971
972,-1505.0869342386723
973,-671.4288233742118
974,-6.641355378436856
975,-1526.8201014399529
976,-8.252062665283574
977,-0.19713586807847605
978,-1231.952092539519
979,-625.4276701509953
980,-1776.3311773240566
981,-1391.5110973119736
982,-758.8417166285217
983,-249.1390624344349
984,-57.39855988090858
985,-51.16720204869125
986,-1467.2667681276798
987,-60.580615575214324
988,-47.34151060919976
989,-43.62906555827067
990,-69.65293355933682
991,-1594.6231180429459
992,-82.48159437067807
993,-354.3992924451595
994,-1314.5759045034647
995,-89.10475261649117
996,-247.91564832255244
997,-615.5011681988835
998,-562.8646192812594
999,-903.8056398183107
1000,-374.54505487158895
1001,-1716.9124619364738
1002,-631.2865810804069
1003,-7.081774363075965
1004,-1.9588413224701071
1005,-111.08527774270624
1006,-38.159351237118244
1007,-397.4492700472474
1008,-1785.6362104415894
1009,-1755.4146136939526
1010,-1785.7918212115765
1011,-1658.6380039453506
1012,-576.2021854817867
1013,-863.8136031925678
1014,-277.73056094226195
1015,-95.22172165289521
1016,-113.71158278919756
1017,-69.73577812025906
1018,-698.5829703965283
1019,-1146.8707900494337
1020,-46.421029276476474
1021,-89.62030301189225
1022,-1600.7173346877098
1023,-591.5966572202742
1024,-252.24781015340704
1025,-1197.87338873744
1026,-1.088282085949686
1027,-57.040329068608116
1028,-1221.761581748724
1029,-7.244415232085885
1030,-1430.323558151722
1031,-1314.438207872212
1032,-1342.7487233430147
1033,-1747.5252334475517
1034,-1578.4448826611042
1035,-1530.6872849166393
1036,-11.835947132654837
1037,-1461.4272520244122
1038,-418.42369436845183
1039,-53.44999333820306
1040,-18.90673836087808
1041,-6.7257443103057994
1042,-808.3236897736788
1043,-1486.674974143505
1044,-443.65639508888125
1045,-1678.1092248260975
1046,-205.35372037475463
1047,-249.85572389652953
1048,-11.434750574662758
1049,-37.60809519198801
1050,-250.81004877202213
1051,-155.64126048915205
1052,-1756.5821559429169
1053,-1790.9871765971184
1054,-10.977044423198095
1055,-192.08234144188464
1056,-14.887572008185089
1057,-985.2129993587732
1058,-1.593910907235113
1059,-1477.959501221776
1060,-435.6167369671166
1061,-936.5539172366261
1062,-1.2927249251151807
1063,-993.5938706174493
1064,-44.89908469229704
1065,-1724.1254931390285
1066,-1442.6066788944881
1067,-1783.4884110689163
1068,-1261.9569608941674
1069,-400.2708117351867
1070,-1467.2902235854417
1071,-907.6762931644917
1072,-416.0145641443087
1073,-1619.5679900944233
1074,-100.42766739868966
1075,-11.217098907451145
1076,-28.373933781251253
1077,-318.143438895233
1078,-1577.0712487697601
1079,-861.7655747905374
1080,-726.7749780863523
1081,-0.8554893960715049
1082,-112.72626787354238
1083,-2.839345699513842
1084,-6.316183173796162
1085,-174.380705694668
1086,-1371.870816414361
1087,-83.2136699440889
1088,-621.9402168150991
1089,-239.44343253970146
1090,-90.1763043316314
1091,-1512.444282606244
1092,-462.4025137306089
1093,-265.1121042557061
1094,-1059.814203351736
1095,-1586.5594740211964
1096,-27.907265127636492
1097,-662.3792724609375
1098,-527.1755909686908
1099,-1590.2291227579117
1100,-563.3548642238602
1101,-105.93081243382767
1102,-1729.5107817649841
1103,-1681.0362555086613
1104,-0.3195069897919893
1105,-1178.7506807702011
1106,-740.9352704510093
1107,-551.2713551248889
1108,-9.794086629055528
1109,-1372.150510251522
1110,-1719.2297401428223
1111,-119.11006156913936
1112,-73.53867257107049
1113,-453.9512370079756
1114,-431.56458920415025
1115,-561.1323165521026
1116,-445.453253852902
1117,-234.16158231068403
1118,-2.5342226205102634
1119,-142.1358861909248
1120,-713.5220433175564
1121,-0.03528065250384316
1122,-33.24614565933007
1123,-14.991022669302765
1124,-1398.094815403223
1125,-1612.8990731835365
1126,-929.9195624142885
1127,-18.981821891269647
1128,-1120.6721196254803
1129,-34.55780123267323
1130,-679.4391305707395
1131,-1015.7996987253428
1132,-17.04081165809839
1133,-788.7309212684631
1134,-81.69079709146172
1135,-1408.6893321573734
1136,-3.2608443350036396
1137,-64.70252133673057
1138,-18.223250218768953
1139,-48.5230612459618
1140,-0.49378091746280006
1141,-1338.0345521867275
1142,-1611.1315061748028
1143,-433.69440760463476
1144,-1396.2803747951984
1145,-216.89888858990162
1146,-1333.675908267498
1147,-256.959468070776
1148,-56.43802436813712
1149,-9.154645443161414
1150,-432.4347639463376
1151,-956.9152643012349
1152,-173.05586173501797
1153,-88.15693997358903
1154,-1654.028565108776
1155,-941.215578216128
1156,-9.522965118667344
1157,-1565.1459724903107
1158,-171.47266390919685
1159,-1.3668228971109784
1160,-31.442746681736025
1161,-1.3897529783207574
1162,-20.512910567980725
1163,-653.1401011124253
1164,-28.85330248135142
1165,-652.8958530552386
1166,-1211.0644892975688
1167,-1737.9995138645172
1168,-1519.9385659992695
1169,-8.130246914341114
1170,-988.8990790611133
1171,-167.84464335475968
1172,-871.5752225983888
1173,-41.89529030630365
1174,-1672.8137364387512
1175,-456.83301459252834
1176,-51.68577793529812
1177,-1397.5139430463314
1178,-1318.0616708993912
1179,-14.693745545577258
1180,-446.4166844859719
1181,-939.3924890235066
1182,-266.67044901289046
1183,-507.4136158367619
1184,-246.8346760761924
1185,-1530.7488813251257
1186,-877.5776256895624
1187,-216.33963473467156
1188,-1708.4293237626553
1189,-569.8223719000816
1190,-75.68125261832029
1191,-308.96431800257415
1192,-361.3953080661595
1193,-300.2410247595981
1194,-178.20083214654005
1195,-0.528051375557169
1196,-1771.040548145771
1197,-1.2756442468726163
1198,-112.9708033366478
1199,-14.320895339878916
1200,-486.6486176492763
1201,-26.064584127765556
1202,-361.84621187951416
1203,-534.8246317040175
1204,-1516.1585008502007
1205,-845.5036004930735
1206,-1675.574322372675
1207,-1225.62995788455
1208,-1429.9900034368038
1209,-367.60057261923794
1210,-9.547356912342366
1211,-1072.5837511196733
1212,-1716.0436584949493
1213,-91.15784799301764
1214,-138.23980112507456
1215,-143.22879410156747
1216,-0.8307035302714212
1217,-6.702321096789092
1218,-1193.8661212027073
1219,-483.25514123775065
1220,-352.2767006009817
1221,-123.3349624236871
1222,-991.8260386288166
1223,-15.560821913328255
1224,-1780.462818324566
1225,-516.9496716335416
1226,-34.50373761559604
1227,-2.064962868236705
1228,-929.1594350971282
1229,-0.6493720481867058
1230,-1229.533006504178
1231,-85.11002291319892
1232,-233.81751622259617
1233,-598.9314638674259
1234,-194.7704746525269
1235,-1790.0669823288918
1236,-60.299962600227445
1237,-1160.6676946597872
1238,-931.2204249501228
1239,-1761.976000547409
1240,-1590.5427249781787
1241,-779.2900136858225
1242,-7.459716864046641
1243,-243.4503876386152
1244,-94.77555806614691
1245,-1690.426562845707
1246,-420.3341857166961
1247,-812.3284117685398
1248,-550.5136019684269
1249,-919.2016422897577
1250,-1481.3296097987331
1251,-0.4286432698965541
1252,-432.8437555960845
1253,-64.76778546947753
1254,-1790.2099628448486
1255,-108.34857090655714
1256,-71.55620754486881
1257,-733.7692065387964
1258,-1180.7701552212238
1259,-561.8428630744165
1260,-896.3225749954581
1261,-3.312051234965111
1262,-31.55821947588265
1263,-861.3285444751382
1264,-4.028249671751269
1265,-605.3223702162504
1266,-981.0350836664438
1267,-300.6715696393512
1268,-2.380269996545394
1269,-1714.244278550148
1270,-15.105488653091015
1271,-85.67336044200056
1272,-1690.7296057343483
1273,-21.452061135903932
1274,-1404.1519673466682
1275,-37.972837134468136
1276,-286.0387561887037
1277,-1116.762893550098
1278,-1710.7375611066818
1279,-5.546984956235974
1280,-15.088560553616844
1281,-158.28169939527288
1282,-258.7155908383429
1283,-1199.6918273754418
1284,-40.94751150748925
1285,-728.2374741286039
1286,-22.156009509897558
1287,-10.364423282444477
1288,-28.983132822730113
1289,-1726.4247957468033
1290,-860.021865054965
1291,-201.99274744465947
1292,-384.16356689610984
1293,-295.30906606733333
1294,-792.7284970283508
1295,-1609.2361478507519
1296,-409.6387581732124
1297,-867.6696756929159
1298,-4.428184613705525
1299,-1786.0473769009113
1300,-84.8306751777418
1301,-1.1326716671064787
1302,-160.422797912659
1303,-1028.4407206177711
1304,-1775.4651491641998
1305,-1264.8242551088333
1306,-255.54210640117526
1307,-561.4035900663584
1308,-1320.944923941046
1309,-1240.0227401182055
1310,-921.2732449322939
1311,-627.6257096454501
1312,-1385.9302531778812
1313,-0.9055971837429126
1314,-97.33705813530833
1315,-1523.5209049731493
1316,-614.774563738054
1317,-425.48817940987647
1318,-0.5077271569052755
1319,-544.6828248463571
1320,-650.5391116701066
1321,-377.64502303668996
1322,-110.97951953439042
1323,-602.5293271243572
1324,-1784.807657122612
1325,-132.5531789539673
1326,-1519.072907924652
1327,-988.6965635232627
1328,-1308.4410342723131
1329,-316.67973382538185
1330,-52.20138246759598
1331,-1576.006424844265
1332,-1283.4991601109505
1333,-348.46977678732947
1334,-355.5367802362889
1335,-795.0284311659634
1336,-156.26105833551264
1337,-2.1292279851040803
1338,-544.1402927823365
1339,-21.275608596864913
1340,-1749.392077833414
1341,-48.30495702975895
1342,-1602.8332950100303
1343,-513.3341647535563
1344,-41.852734398213215
1345,-236.80261521955617
1346,-1206.2352658808231
1347,-1210.0194945298135
1348,-1120.9509046524763
1349,-1580.2270027399063
1350,-1219.5565267195925
1351,-814.1259272806346
1352,-1723.064923018217
1353,-1005.6996154338121
1354,-209.60401014331728
1355,-1692.2388154864311
1356,-10.878042061114684
1357,-159.48160208947957
1358,-201.19747871984146
1359,-1755.0099630057812
1360,-46.74493155217942
1361,-1610.9242595136166
1362,-1658.7805208861828
1363,-1312.0749446600676
1364,-1642.4293993115425
1365,-1775.7794805169106
1366,-29.96359542547725
1367,-10.840407209668342
1368,-1274.4361092150211
1369,-63.664517387253
1370,-1694.9366043508053
1371,-9.951490726103657
1372,-1682.6626444458961
1373,-0.14163396104291337
1374,-132.1995234247297
1375,-242.1390402740799
1376,-503.9211310185492
1377,-1576.5809640586376
1378,-235.5557275658939
1379,-170.06154691764095
1380,-101.07767083717044
1381,-7.575854274953599
1382,-157.90105100348592
1383,-141.65507416552055
1384,-588.1518405377865
1385,-1603.032018095255
1386,-181.2278088182211
1387,-13.483705231017666
1388,-188.59762793034315
1389,-1.795264466520166
1390,-1668.367157548666
1391,-1629.7851204276085
1392,-847.619554053992
1393,-439.0906134129036
1394,-127.56099045462906
1395,-587.9517131745815
1396,-44.18991303257644
1397,-2.8192497626534987
1398,-332.8068272327073
1399,-725.5171826668084
1400,-1676.7517950236797
1401,-546.947827655822
1402,-0.18180659988411207
1403,-680.8525569550693
1404,-49.19554073642939
1405,-988.8034027516842
1406,-159.22854506713338
1407,-158.94347668765113
1408,-570.3873167764395
1409,-72.13843503514363
1410,-1460.305894434452
1411,-59.094482602000426
1412,-25.728160785947694
1413,-0.7101939231308734
1414,-17.81589336253819
1415,-6.087094052924527
1416,-12.18126116028725
1417,-1044.576556444168
1418,-133.77678192977328
1419,-149.07005325565115
1420,-321.7225617989898
1421,-1471.113319993019
1422,-106.11540187313221
1423,-1368.2559877634048
1424,-1173.558795541525
1425,-512.1135923815891
1426,-647.5717839822173
1427,-93.14871073281392
1428,-994.1732457096805
1429,-1779.992108553648
1430,-383.0876579172909
1431,-116.81283471104689
1432,-445.495720513165
1433,-1.9559817042818395
1434,-874.8305123448372
1435,-1.032109418660184
1436,-558.4923704129178
1437,-367.65990128554404
1438,-294.9886375973001
1439,-174.98697722352517
1440,-241.39013737556525
1441,-557.306244126521
1442,-37.7860454460606
1443,-0.010439122165573522
1444,-1532.2156927585602
1445,-288.99696620658506
1446,-1698.108222156763
1447,-132.36781912948936
1448,-1567.4500261247158
1449,-222.32998639025027
1450,-100.6367263076827
1451,-314.0290958676487
1452,-561.4015670176595
1453,-349.4044264280237
1454,-1058.731030099094
1455,-997.3952234333847
1456,-1194.0431595132977
1457,-101.82252772261563
1458,-262.9295272603631
1459,-40.565663296263665
1460,-994.2228117436171
1461,-1782.6968948841095
1462,-1063.832823291421
1463,-1014.0753849814646
1464,-855.0010389387608
1465,-288.5249646095326
1466,-1.3129504485877987
1467,-1728.144574791193
1468,-281.1747371479869
1469,-286.8561399739119
1470,-710.6454221867025
1471,-1356.025580495596
1472,-391.9253656361252
1473,-1634.0011464059353
1474,-491.5995002537966
1475,-1339.2544281370938
1476,-3.815991547307931
1477,-1.5226418784332054
1478,-821.8420929983258
1479,-74.48421525978483
1480,-18.178490013291594
1481,-1479.8584709465504
1482,-30.14161089831032
1483,-151.8179764058441
1484,-331.1580002643168
1485,-921.5845050774515
1486,-367.44617037661374
1487,-107.34616307541728
1488,-1298.5102607607841
1489,-304.1134166829288
1490,-58.57176670525223
1491,-301.86108800955117
1492,-32.04424735624343
1493,-111.64306463126559
1494,-157.688629362965
1495,-1017.8388125598431
1496,-0.15615642026978094
1497,-29.476189598208293
1498,-979.3350338749588
1499,-134.47570423968136
1500,-414.57248305156827
1501,-374.3545833332464
1502,-1777.5049509704113
1503,-57.84631540311966
1504,-653.8746404405683
1505,-90.698005549144
1506,-141.5348276621953
1507,-898.828909650445
1508,-619.6666334681213
1509,-487.1378745138645
1510,-1184.900315105915
1511,-78.94414251111448
1512,-453.596984308213
1513,-490.88492342457175
1514,-0.025677572024505935
1515,-1695.3348849117756
1516,-236.85526951774955
1517,-1093.9042361918837
1518,-314.50748059777106
1519,-817.2750587221235
1520,-47.81394066242501
1521,-1306.9356158077717
1522,-12.87000406399602
1523,-253.69488770328462
1524,-558.4149312842637
1525,-936.7227872768417
1526,-1406.4598187804222
1527,-6.404366603237577
1528,-7.052657395070128
1529,-115.50620458181947
1530,-214.3778640748933
1531,-108.4921784773469
1532,-738.1391875348054
1533,-1783.6611613333225
1534,-541.4496117457747
1535,-5.494610214758723
1536,-1718.9484925866127
1537,-882.2203580960631
1538,-436.65680465707555
1539,-231.61306112859165
1540,-36.45144689141307
1541,-639.747043684125
1542,-72.23373181000352
1543,-301.58647245378233
1544,-0.8498479068516644
1545,-504.33600883185863
1546,-29.715352339902893
1547,-213.53726291123894
1548,-185.4631686071807
1549,-110.52048859675415
1550,-676.8194448500872
1551,-1252.991482526064
1552,-514.448361765506
1553,-746.4281630814075
1554,-19.131359930288454
1555,-131.5461422423832
1556,-7.70749833570153
1557,-1351.5555362403393
1558,-21.506146633648314
1559,-14.974953938064573
1560,-1211.4733296463965
1561,-519.4701394673903
1562,-18.367342163110152
1563,-979.3190189525485
1564,-57.583254226716235
1565,-6.632421204580169
1566,-1543.8904234468937
1567,-170.94651368726045
1568,-961.33938357234
1569,-1594.9573927819729
1570,-1681.6551430821419
1571,-1165.137551754713
1572,-271.2756695500484
1573,-211.32418229279574
1574,-1367.957611426711
1575,-192.68297996744514
1576,-7.12624719903215
1577,-679.153615925461
1578,-1346.8594011962414
1579,-228.58083363153855
1580,-1750.5491261482239
1581,-997.2674208860844
1582,-773.4690929399803
1583,-16.34658046232653
1584,-227.1688884558389
1585,-979.6754880622029
1586,-25.71089382104401
1587,-182.23303186064004
1588,-1016.5123240351677
1589,-1232.5479291281663
1590,-308.8995715214405
1591,-648.2669726014137
1592,-238.27104765570766
1593,-9.560371164567186
1594,-17.715682889243908
1595,-647.7875484377146
1596,-49.987557274551364
1597,-50.109278057701886
1598,-997.6776278614998
1599,-1407.5844251215458
1600,-578.4899600092322
1601,-1223.476291924715
1602,-57.04964228077807
1603,-349.2069305740297
1604,-15.316025299136527
1605,-261.55230570948333
1606,-2.23361742013185
1607,-1634.743034362793
1608,-12.809515433007618
1609,-147.87853710749187
1610,-1352.2400383062195
1611,-630.9918265119195
1612,-1708.103984773159
1613,-106.92181593488203
1614,-1536.1691925227642
1615,-104.74038384843152
1616,-1762.1747579574585
1617,-29.655022256774828
1618,-326.0366296041757
1619,-1011.4381404817104
1620,-1790.644757002592
1621,-48.57096715364605
1622,-814.0868212506175
1623,-211.67312836274505
1624,-429.4651035964489
1625,-1667.2644824683666
1626,-1184.5100124329329
1627,-1260.6083350107074
1628,-125.01020938483998
1629,-845.2202360169031
1630,-1702.0682556852698
1631,-40.049910731380805
1632,-180.76283452287316
1633,-1.409277639890206
1634,-10.3044073319179
1635,-357.29892335343175
1636,-129.34371160715818
1637,-23.743284540432796
1638,-487.8111583786085
1639,-1305.0269148945808
1640,-297.14642954524606
1641,-896.2599231228232
1642,-688.8763562496752
1643,-799.0292106866837
1644,-116.63531040144153
1645,-20.832104817440268
1646,-1536.6808735840023
1647,-442.216937600636
1648,-843.264937274158
1649,-1281.9861977696419
1650,-1337.307666003704
1651,-841.8184494078159
1652,-66.00220579607412
1653,-1504.28325315658
1654,-670.3484274707735
1655,-120.98335648188367
1656,-3.486284303602588
1657,-1790.0944457054138
1658,-391.8241015196545
1659,-573.1345877870917
1660,-131.132397589623
1661,-37.49390424718149
1662,-1345.1044729053974
1663,-1593.5767088532448
1664,-48.40595586039126
1665,-1142.2689584493637
1666,-411.0063050002791
1667,-45.48547116108239
1668,-3.635986844325089
1669,-150.59625831712037
1670,-1709.2745697498322
1671,-1754.1647877395153
1672,-107.00999332824722
1673,-11.2910267377938
1674,-111.23475005474756
1675,-77.28353771101683
1676,-49.36369169218233
1677,-293.7222014615545
1678,-641.3146626504604
1679,-150.309897663421
1680,-1205.857798218727
1681,-77.66536680306308
1682,-1742.4394048154354
1683,-1722.1057840287685
1684,-10.114691346359905
1685,-1608.155336856842
1686,-1519.544577385299
1687,-1081.5750530734658
1688,-536.1725220873486
1689,-5.508706115739187
1690,-1778.2318987548351
1691,-524.3462936485594
1692,-554.5534636862576
1693,-27.149974649772048
1694,-1287.5178113877773
1695,-1214.2385074347258
1696,-120.34682270697522
1697,-164.77054599119583
1698,-0.9255663146795996
1699,-817.1532618403435
1700,-1551.5076503753662
1701,-0.0007048939680345256
1702,-1701.3365614414215
1703,-1780.0310719013214
1704,-1790.7996614575386
1705,-556.5137308287085
1706,-1479.4487837255
1707,-24.928598191138008
1708,-1044.8621148392558
1709,-1760.7883316874504
1710,-1411.0914453864098
1711,-275.74069336545654
1712,-115.52069507463602
1713,-1738.3147785663605
1714,-316.3680654242635
1715,-1789.2978003621101
1716,-1086.3534360527992
1717,-1772.5090707838535
1718,-380.6768626123667
1719,-1019.1292155236006
1720,-583.6848582364619
1721,-1357.2889428660274
1722,-1786.9183078408241
1723,-1755.950120061636
1724,-1342.4048157930374
1725,-669.8850123025477
1726,-329.34130661934614
1727,-1329.554733544588
1728,-984.0125775188208
1729,-19.680607726986636
1730,-336.053073420655
1731,-1764.3946395814419
1732,-311.98189879674464
1733,-1704.105080395937
1734,-1051.7901141047478
1735,-498.24853628425626
1736,-8.604173751198687
1737,-113.16569579811767
1738,-15.911903202853864
1739,-780.5117443501949
1740,-347.38148832926527
1741,-19.60939138934191
1742,-944.0602854620665
1743,-1317.667731616646
1744,-738.3073813761584
1745,-1754.194764584303
1746,-20.90435248088579
1747,-1344.4323870390654
1748,-1306.4562938977033
1749,-1251.4839221537113
1750,-1225.3159438967705
1751,-1658.74502196908
1752,-489.8253529248759
1753,-29.02528579812497
1754,-462.33335442095995
1755,-1227.243269671686
1756,-529.5549943828955
1757,-124.01593532785773
1758,-349.4315379690379
1759,-126.41143869515508
1760,-981.7200265154243
1761,-481.78055217675865
1762,-1605.1282887160778
1763,-2.963596156838321
1764,-1748.0975258648396
1765,-140.37432732293382
1766,-373.05745159462094
1767,-926.9164979159832
1768,-1122.8656813949347
1769,-994.4324259553105
1770,-613.3888258952647
1771,-35.228619754037936
1772,-695.1627847775817
1773,-30.012219513533637
1774,-21.560640794457868
1775,-59.34749996487517
1776,-212.3635644193273
1777,-798.3605292222637
1778,-1347.739176273346
1779,-1705.7940946221352
1780,-815.1863384419121
1781,-1271.8861962929368
1782,-677.666392137995
1783,-1503.2243132330477
1784,-392.12977177929133
1785,-61.40370874851942
1786,-17.69283977986197
1787,-680.9317711022372
1788,-1512.1843048334122
1789,-137.8785000789212
1790,-130.90604503359646
1791,-836.4960721144453
1792,-19.720427651685895
1793,-974.4646470546722
1794,-175.65287723671645
1795,-240.60255625500577
1796,-885.3881406411529
1797,-1480.033503934741
1798,-31.91867639021075
1799,-1306.4455961100757
1800,-371.2428240973968
1801,-758.006237798254
1802,-104.33222171163652
1803,-761.1746602654457
1804,-1400.7127252221107
1805,-818.5682679004967
1806,-81.37128197278071
1807,-25.548053946501568
1808,-0.6600222848828707
1809,-1743.3135954141617
1810,-672.3841283619404
1811,-1693.0769934654236
1812,-2.6537366742049926
1813,-21.192005404396696
1814,-302.71657998783485
1815,-141.09058763319626
1816,-1473.6519927084446
1817,-1191.1895942318952
1818,-415.26953560858965
1819,-623.4751329943538
1820,-1141.9313738048077
1821,-169.67842455755454
1822,-107.03387713152915
1823,-1463.3259916901588
1824,-1167.8352117296308
1825,-488.3471462531015
1826,-7.695956744806608
1827,-704.2668797373772
1828,-1790.1114648878574
1829,-786.0452647947241
1830,-28.216910611692583
1831,-203.27128855714955
1832,-447.5464131459594
1833,-1664.4965596795082
1834,-1578.7556548714638
1835,-570.4355747289956
1836,-304.7390392795205
1837,-1215.1642040610313
1838,-2.1445801378540637
1839,-1001.827692091465
1840,-278.87540450063534
1841,-1773.305441468954
1842,-1083.0094237346202
1843,-1766.437427520752
1844,-677.4710105990525
1845,-1046.2609715908766
1846,-541.4074963480234
1847,-101.93838735591271
1848,-1675.390827877447
1849,-1751.5992989838123
1850,-93.99598433682695
1851,-1045.7360007166862
1852,-1317.3516687750816
1853,-1210.9272755756974
1854,-630.1245265435427
1855,-532.8817528262734
1856,-272.20365116465837
1857,-0.48649146667594323
1858,-550.8652555346489
1859,-494.006870947429
1860,-1695.8072113394737
1861,-1785.7582693994045
1862,-1696.1210815310478
1863,-61.81121749857266
1864,-309.0165217593312
1865,-961.3974951207638
1866,-73.66415979235899
1867,-11.812490468862961
1868,-1241.4559541493654
1869,-674.8256135490956
1870,-1111.4660439034924
1871,-1.2602296471959562
1872,-1429.8972371146083
1873,-131.145793546224
1874,-709.7133577138884
1875,-432.60467460006475
1876,-843.0347074568272
1877,-109.9508441738435
1878,-175.9610557211563
1879,-1707.3968233168125
1880,-1283.005211442709
1881,-1691.8509812951088
1882,-148.1457828138955
1883,-1420.5595920681953
1884,-123.43173758033663
1885,-1099.1088159531355
1886,-23.736251368769445
1887,-51.99570788934943
1888,-25.947039942606352
1889,-0.1680455090227042
1890,-148.58724816329777
1891,-815.6757724480703
1892,-12.68042747398249
1893,-293.68356214114465
1894,-17.358410613161368
1895,-1670.3702664375305
1896,-89.43853149743518
1897,-1634.082359969616
1898,-112.6864433958981
1899,-475.1316606979817
1900,-1207.2869441509247
1901,-1313.5563413351774
1902,-431.29636145033874
1903,-1783.3959890305996
1904,-1598.6432565450668
1905,-4.741601624824398
1906,-690.4747682921588
1907,-1783.9421625733376
1908,-364.2979886159301
1909,-625.5395482564345
1910,-885.3494328483939
1911,-1.2010682912441553
1912,-669.2755989502184
1913,-1665.3227299153805
1914,-1649.1152986884117
1915,-1720.56732827425
1916,-994.4740303605795
1917,-1454.5487200654134
1918,-559.7318206070922
1919,-1789.6585898399353
1920,-350.9946050941944
1921,-1790.7276265025139
1922,-238.25835584057495
1923,-38.7043213522993
1924,-198.78219290624838
1925,-124.95113205675443
1926,-938.3065350055695
1927,-63.970315952581586
1928,-10.783769338973798
1929,-904.5074880655739
1930,-1107.2012729495764
1931,-74.11691761633847
1932,-603.6361049748957
1933,-1195.1762656718493
1934,-5.692375211214312
1935,-40.48944710753858
1936,-1678.4627986252308
1937,-195.5034625022672
1938,-918.3084907084703
1939,-1517.7650678753853
1940,-12.452662669042184
1941,-8.817150271161154
1942,-16.844672435661778
1943,-380.93395517766476
1944,-772.2748894654214
1945,-971.780905097723
1946,-80.11463873824687
1947,-39.853487541753566
1948,-233.03435300197452
1949,-686.4335071837995
1950,-1394.9162342846394
1951,-791.3853713543795
1952,-175.4050127118826
1953,-2.1182111261296086
1954,-69.21974225342274
1955,-1650.7682989239693
1956,-1104.5762331783772
1957,-1660.6631224751472
1958,-1786.3446647822857
1959,-1790.6194963753223
1960,-113.41754802654032
1961,-1051.453165192157
1962,-181.62286891043186
1963,-23.713540631530122
1964,-55.81433507084148
1965,-1079.2651093266904
1966,-1599.734730064869
1967,-1064.5495370179415
1968,-1446.8182743489742
1969,-1786.4183385074139
1970,-83.5653846868081
1971,-1365.3567457795143
1972,-12.23679777851794
1973,-1043.5424474328756
1974,-1777.1314139068127
1975,-1750.0252120792866
1976,-271.3146219998598
1977,-1790.9046162962914
1978,-0.44948467451831675
1979,-833.8076732009649
1980,-1562.6854462176561
1981,-13.102404204695631
1982,-1521.541764229536
1983,-589.4681210551644
1984,-1620.9648492634296
1985,-217.28599787596613
1986,-45.49851387494709
1987,-720.1833782792091
1988,-1508.078625574708
1989,-1.4080453218375624
1990,-13.501157329417765
1991,-554.1945017701946
1992,-743.7290628980845
1993,-1746.7842869460583
1994,-270.7638788651675
1995,-574.8143417090178
1996,-1758.5270810127258
1997,-231.87367372680455
1998,-843.0243909591809
1999,-93.77655047457665
