,value_per_image
0,-0.31332659999999996
1,-0.16648263
2,-0.22926086
3,-0.22066683
4,-0.25175285
5,-0.13130999
6,-0.160961
7,-0.20858674
8,-0.15726843
9,-0.14812653
10,-0.17770237
11,-0.16225019
12,-0.15365683
13,-0.26627967
14,-0.24468444
15,-0.17000158
16,-0.22781675
17,-0.14025958
18,-0.22844598
19,-0.19989920000000003
20,-0.16185676
21,-0.13108638
22,-0.14066099999999998
23,-0.16964822
24,-0.13252674
25,-0.21131146
26,-0.22469321
27,-0.19247209
28,-0.38008627
29,-0.23292686
30,-0.26582680000000003
31,-0.20225385
32,-0.13517869
33,-0.18620625
34,-0.13599984
35,-0.19099338
36,-0.19755338
37,-0.18150005
38,-0.39103606
39,-0.14896138
40,-0.17000645
41,-0.20433345
42,-0.29176342
43,-0.21361819
44,-0.20224516
45,-0.15466498
46,-0.24152158
47,-0.21898903
48,-0.21549772
49,-0.21536710000000003
50,-0.32380715
51,-0.16439754
52,-0.16905637
53,-0.27490932
54,-0.13472675
55,-0.19207601
56,-0.17634524
57,-0.13666143
58,-0.23558986
59,-0.121429935
60,-0.13110629999999998
61,-0.32814142
62,-0.19005315
63,-0.26551238
64,-0.20710194
65,-0.16580051
66,-0.27499694
67,-0.19287011
68,-0.17056996
69,-0.13456418
70,-0.17777029
71,-0.17294012
72,-0.17755787
73,-0.124559164
74,-0.26434186
75,-0.24438365
76,-0.43421620000000005
77,-0.24099723
78,-0.18503031
79,-0.22611819
80,-0.2270979
81,-0.18137582
82,-0.3266743
83,-0.17376769
84,-0.23206958
85,-0.11018861
86,-0.20658886
87,-0.17891896
88,-0.21772246
89,-0.27829063
90,-0.23499812
91,-0.30516675
92,-0.23702164
93,-0.17629983
94,-0.17943312
95,-0.09833601
96,-0.22343957
97,-0.23008312
98,-0.17577608
99,-0.16191097
100,-0.20296489999999998
101,-0.19321470000000002
102,-0.117650725
103,-0.20131682
104,-0.13965714
105,-0.19488350000000002
106,-0.17182265
107,-0.26596743
108,-0.17840129
109,-0.21602947
110,-0.32225895
111,-0.12820852
112,-0.19111697
113,-0.12735695
114,-0.12969977
115,-0.17650501
116,-0.3112482
117,-0.13880873
118,-0.1727703
119,-0.2199924
120,-0.27290359999999997
121,-0.21933033
122,-0.16589642
123,-0.26860335
124,-0.26419747
125,-0.23000935
126,-0.27094322
127,-0.15400912
128,-0.13668713
129,-0.29790690000000003
130,-0.24991311
131,-0.23644257
132,-0.13674268
133,-0.196319
134,-0.2072383
135,-0.24603796
136,-0.19553094
137,-0.19950779
138,-0.31322327
139,-0.28262709999999996
140,-0.16479224
141,-0.15639664
142,-0.27543867
143,-0.23235450000000002
144,-0.17650548
145,-0.20073903
146,-0.14679642
147,-0.22731604
148,-0.115725815
149,-0.20169853
150,-0.20629336
151,-0.30087325
152,-0.18027821
153,-0.30263323
154,-0.20384292
155,-0.17775092
156,-0.17009433
157,-0.16821979999999997
158,-0.12776934
159,-0.25453523
160,-0.3040684
161,-0.18714213
162,-0.22605315
163,-0.21579513
164,-0.21099038
165,-0.2844882
166,-0.22872752
167,-0.25096703
168,-0.1501527
169,-0.18802841
170,-0.37463406
171,-0.21328086
172,-0.1508178
173,-0.18918243
174,-0.17224948
175,-0.22297240000000002
176,-0.21281055
177,-0.19579381
178,-0.3402458
179,-0.21078110000000003
180,-0.116560124
181,-0.21278557
182,-0.1606747
183,-0.28903809999999996
184,-0.20383975
185,-0.27281293
186,-0.36385244
187,-0.21439363
188,-0.33914520000000004
189,-0.16821344
190,-0.19903886
191,-0.11692791400000001
192,-0.22819869
193,-0.24781296
194,-0.3185245
195,-0.18745245
196,-0.12757172
197,-0.11461266
198,-0.20167857
199,-0.20342116
200,-0.17404312
201,-0.12249025
202,-0.3127959
203,-0.28574273
204,-0.2777438
205,-0.21698579
206,-0.118020706
207,-0.16381545
208,-0.34784687
209,-0.13097392
210,-0.17121553
211,-0.12472005
212,-0.24573286
213,-0.17109570000000002
214,-0.23074338
215,-0.2392614
216,-0.1468414
217,-0.18099737
218,-0.23109743
219,-0.21077138
220,-0.111990035
221,-0.30763972
222,-0.21852034
223,-0.178965
224,-0.17882504
225,-0.16404831
226,-0.19595715
227,-0.36632088
228,-0.16055584
229,-0.17085303
230,-0.26480287
231,-0.18434018
232,-0.18664213
233,-0.22116315
234,-0.19635217
235,-0.29111204
236,-0.20557508
237,-0.16594103
238,-0.13707727
239,-0.3703121
240,-0.2190438
241,-0.17553292
242,-0.32659402
243,-0.24974345
244,-0.19788332
245,-0.18600023
246,-0.17398155
247,-0.18610512
248,-0.11392903
249,-0.18290313
250,-0.33728498
251,-0.2439797
252,-0.22085796
253,-0.21379004
254,-0.17353892
255,-0.16941912
256,-0.1557994
257,-0.18970345
258,-0.2594763
259,-0.31693733
260,-0.19784005
261,-0.19546302
262,-0.16488644
263,-0.20555012
264,-0.18889529
265,-0.13073976
266,-0.22599067
267,-0.21487929
268,-0.13083012
269,-0.24178599
270,-0.3221425
271,-0.23855303
272,-0.15166588
273,-0.11921328
274,-0.22257231
275,-0.17025015
276,-0.25520372
277,-0.23727664
278,-0.15743098
279,-0.31600964
280,-0.14671883
281,-0.1265964
282,-0.3680132
283,-0.14061855
284,-0.33006868
285,-0.20907561
286,-0.32900235
287,-0.33161592
288,-0.23174207
289,-0.09527563
290,-0.13681047
291,-0.1557864
292,-0.2538141
293,-0.13658899
294,-0.24961467
295,-0.1621662
296,-0.11988933
297,-0.18390077
298,-0.29043934
299,-0.13991307
300,-0.21620810000000001
301,-0.26731682
302,-0.12674366
303,-0.32728398
304,-0.13565391
305,-0.18808635
306,-0.22502126
307,-0.18435732
308,-0.12913458
309,-0.23073284
310,-0.19336382
311,-0.2608393
312,-0.2372958
313,-0.17908537
314,-0.15227221
315,-0.23399557
316,-0.14818825
317,-0.35534474
318,-0.25461134
319,-0.1264006
320,-0.27363354
321,-0.3892927
322,-0.43990114
323,-0.16535842
324,-0.1378239
325,-0.22599816
326,-0.23550493
327,-0.19804660000000002
328,-0.21531263
329,-0.17212911
330,-0.1941869
331,-0.19034539
332,-0.2800061
333,-0.16545051
334,-0.18179104
335,-0.18773435
336,-0.17825006
337,-0.2692187
338,-0.17397375
339,-0.15320699999999998
340,-0.22096303
341,-0.23212166
342,-0.21874063
343,-0.22752646
344,-0.14320448
345,-0.22915076
346,-0.2660645
347,-0.19550905
348,-0.17165007
349,-0.20179653
350,-0.17231995
351,-0.34831223
352,-0.26282752
353,-0.12785214
354,-0.5384850999999999
355,-0.3339474
356,-0.13837266
357,-0.16846061
358,-0.16209716
359,-0.16159293
360,-0.15631859
361,-0.17239176
362,-0.16620265
363,-0.15810749
364,-0.31177902
365,-0.21689637
366,-0.20622543
367,-0.20647345
368,-0.20038974
369,-0.3075901
370,-0.20750429
371,-0.21299955
372,-0.09711940599999999
373,-0.20478672
374,-0.21647786
375,-0.16631310000000002
376,-0.25898150000000003
377,-0.20846862
378,-0.28467464
379,-0.11990899599999999
380,-0.18949477
381,-0.22061859
382,-0.16399053
383,-0.24283618
384,-0.26523784
385,-0.18185908
386,-0.26745206
387,-0.18234
388,-0.13144068
389,-0.1633528
390,-0.24651133
391,-0.26886170000000004
392,-0.18659808
393,-0.21353523
394,-0.2013144
395,-0.33052522
396,-0.29552102
397,-0.10446135
398,-0.20243551
399,-0.26295
400,-0.18786831
401,-0.35823765
402,-0.21546684
403,-0.14112242
404,-0.11681896
405,-0.20628928
406,-0.24426283
407,-0.16004941
408,-0.29670328
409,-0.16964988
410,-0.20981407
411,-0.37013698
412,-0.14986718
413,-0.19654807
414,-0.18638413
415,-0.24286334
416,-0.2129189
417,-0.109882645
418,-0.29656747
419,-0.19698639
420,-0.24636745
421,-0.2641255
422,-0.21922039999999998
423,-0.15799323
424,-0.29185045
425,-0.25159174
426,-0.23358889
427,-0.30286837
428,-0.119044095
429,-0.15825951
430,-0.32996759999999997
431,-0.12883388
432,-0.2690938
433,-0.25189754
434,-0.23121569
435,-0.2905193
436,-0.25532806
437,-0.18764901
438,-0.17118458
439,-0.17524820000000002
440,-0.19164214
441,-0.31318614
442,-0.2632326
443,-0.19875531
444,-0.19835
445,-0.22524631
446,-0.20440203
447,-0.24209882
448,-0.21088724
449,-0.20698659
450,-0.1917856
451,-0.23622029
452,-0.16717358
453,-0.09390153
454,-0.11669336
455,-0.28184962
456,-0.2603246
457,-0.2218188
458,-0.21522819
459,-0.23435163
460,-0.22174147
461,-0.19562124
462,-0.31375965
463,-0.11175025
464,-0.23376466
465,-0.19489254
466,-0.19341736
467,-0.30351728
468,-0.25820222
469,-0.22799109
470,-0.1261951
471,-0.18171072
472,-0.24043642
473,-0.24803157
474,-0.13591798
475,-0.15846401
476,-0.25820217
477,-0.14388965
478,-0.23712704
479,-0.17550933
480,-0.21845475
481,-0.38468355
482,-0.19058327
483,-0.17822403
484,-0.13419446
485,-0.28454658
486,-0.12082587
487,-0.14759134
488,-0.24516939
489,-0.1689057
490,-0.187796
491,-0.24070221
492,-0.18284287
493,-0.19242558
494,-0.16419765
495,-0.18335918
496,-0.2364786
497,-0.22872205
498,-0.20113824
499,-0.23884597
500,-0.18266182
501,-0.12968564
502,-0.13728622
503,-0.19889562
504,-0.21485582
505,-0.18446417
506,-0.18778513
507,-0.23610818
508,-0.27934570000000003
509,-0.29691365
510,-0.19842906
511,-0.1868896
512,-0.23007095
513,-0.18114018
514,-0.15811495
515,-0.14282584
516,-0.25612840000000003
517,-0.23054813
518,-0.15938355
519,-0.21154596
520,-0.3007645
521,-0.22022432
522,-0.22529715
523,-0.2754538
524,-0.17580251
525,-0.21348009
526,-0.25544044
527,-0.23672584
528,-0.36850697
529,-0.16474652
530,-0.23746859
531,-0.16617201
532,-0.20284902
533,-0.14892852
534,-0.22365814
535,-0.24735679
536,-0.09415993
537,-0.15542401
538,-0.24567612
539,-0.2567946
540,-0.24156347
541,-0.43636984
542,-0.23419209
543,-0.17480598
544,-0.3007023
545,-0.24365975
546,-0.15788318
547,-0.25593993
548,-0.16852425
549,-0.20834118
550,-0.3169855
551,-0.1939224
552,-0.17748336
553,-0.30613049999999997
554,-0.10983958
555,-0.18024942
556,-0.19756939
557,-0.19046582
558,-0.15900218
559,-0.27594373
560,-0.22464132
561,-0.28391138
562,-0.13868012
563,-0.27046883
564,-0.29334888
565,-0.20960827
566,-0.23118725
567,-0.2950014
568,-0.14506778
569,-0.16777077
570,-0.18466021
571,-0.2918741
572,-0.15306519
573,-0.24000429999999998
574,-0.22881512
575,-0.28845978
576,-0.21640569
577,-0.23848662
578,-0.20850094
579,-0.23927644
580,-0.23081790000000002
581,-0.19234931
582,-0.19292738
583,-0.26028886
584,-0.18499924
585,-0.24829465
586,-0.25442046
587,-0.270547
588,-0.37096799999999996
589,-0.25296402
590,-0.20371065
591,-0.25488234
592,-0.27285987
593,-0.21480803
594,-0.21978440000000002
595,-0.123419784
596,-0.18097939999999998
597,-0.17763962
598,-0.1569144
599,-0.173796
600,-0.13688695
601,-0.29500285
602,-0.19444075
603,-0.52859193
604,-0.23100835
605,-0.22463404
606,-0.20471705
607,-0.23123289999999996
608,-0.1960228
609,-0.17958753
610,-0.33046570000000003
611,-0.25317496
612,-0.21177053
613,-0.30302897
614,-0.18830292
615,-0.18670765
616,-0.23251006
617,-0.19858195
618,-0.20536707
619,-0.19848414
620,-0.1611671
621,-0.20254827
622,-0.20272133
623,-0.23961058
624,-0.23509297
625,-0.12135615
626,-0.29943895
627,-0.13687225
628,-0.17955877
629,-0.2020128
630,-0.1778894
631,-0.17662491
632,-0.24501461
633,-0.22029804
634,-0.124442235
635,-0.26231325
636,-0.26930952
637,-0.2332159
638,-0.3531495
639,-0.18705076
640,-0.18535899
641,-0.21041679999999996
642,-0.12404018
643,-0.26577652
644,-0.25505328
645,-0.22704993
646,-0.17671615
647,-0.18708983
648,-0.25757024
649,-0.19090182
650,-0.19976409
651,-0.16249729999999998
652,-0.25395465
653,-0.16892844
654,-0.21807134
655,-0.322875
656,-0.25867355
657,-0.24567473
658,-0.17923011
659,-0.22293647
660,-0.21836814
661,-0.18939403
662,-0.23464888
663,-0.15525548
664,-0.19416341
665,-0.3134377
666,-0.19467378
667,-0.24219608
668,-0.16310719
669,-0.13717571
670,-0.19213948
671,-0.2949785
672,-0.14986270000000002
673,-0.16324149
674,-0.27151826
675,-0.16825604
676,-0.24208161
677,-0.16343445
678,-0.23198837
679,-0.18729025
680,-0.18578382
681,-0.17507885
682,-0.24324563
683,-0.13058946
684,-0.19323905
685,-0.20827992
686,-0.23177388
687,-0.16646193
688,-0.17168769
689,-0.15868132
690,-0.46859244
691,-0.23260207
692,-0.18140055
693,-0.48995143
694,-0.16543034
695,-0.17925332
696,-0.24019110000000002
697,-0.12952867
698,-0.1626192
699,-0.14610048
700,-0.17705603
701,-0.21333352
702,-0.22963078
703,-0.15948609
704,-0.30407885
705,-0.15162927
706,-0.20400843
707,-0.20340382
708,-0.18727306
709,-0.18572433
710,-0.16662858
711,-0.24707411
712,-0.30067116
713,-0.22729298
714,-0.23359749
715,-0.17113425
716,-0.1296893
717,-0.31081003
718,-0.19839926
719,-0.23289779
720,-0.26835188
721,-0.19750488
722,-0.20572698
723,-0.23325132
724,-0.18537666
725,-0.15259577
726,-0.18739723
727,-0.19782194
728,-0.17968011
729,-0.17160097
730,-0.16634303
731,-0.29059678
732,-0.28158373
733,-0.16976498
734,-0.11362353
735,-0.22261572
736,-0.17286754
737,-0.26702059999999994
738,-0.2294919
739,-0.21684068
740,-0.14769717
741,-0.12680173
742,-0.25494987
743,-0.27767578
744,-0.25392689999999996
745,-0.20727172
746,-0.17607097
747,-0.22746509999999998
748,-0.33346137
749,-0.1987279
750,-0.18182671
751,-0.18741205
752,-0.22916786
753,-0.19019076
754,-0.24814184
755,-0.20523715
756,-0.22454238
757,-0.1676828
758,-0.19154303
759,-0.20095357
760,-0.33172488
761,-0.21248916
762,-0.10128319
763,-0.12560187
764,-0.3121438
765,-0.16592010000000001
766,-0.268857
767,-0.14395832
768,-0.27050555
769,-0.20055407
770,-0.13373859999999999
771,-0.20203757
772,-0.17897357
773,-0.20725
774,-0.22824778
775,-0.27145946
776,-0.20833643
777,-0.27883792
778,-0.14103694
779,-0.15548451
780,-0.22152627
781,-0.16693203
782,-0.23580578
783,-0.22708778
784,-0.22002909
785,-0.21073733
786,-0.12897183
787,-0.25031567
788,-0.24762096
789,-0.13345966
790,-0.24878423
791,-0.17707579999999998
792,-0.18693005
793,-0.20604771
794,-0.22027834
795,-0.21463354
796,-0.20613998
797,-0.19672635
798,-0.18036321
799,-0.18568075
800,-0.22654617
801,-0.17837572
802,-0.30637659999999994
803,-0.18419966
804,-0.1960963
805,-0.30942738
806,-0.23292722
807,-0.27212363
808,-0.2382011
809,-0.18158425
810,-0.15723161
811,-0.21587308
812,-0.21380164
813,-0.20063794
814,-0.24584979
815,-0.14129618
816,-0.13840911
817,-0.14818956
818,-0.22104754
819,-0.23221327
820,-0.16459185
821,-0.17487706
822,-0.34333969999999997
823,-0.16626646
824,-0.40025845
825,-0.1946836
826,-0.17192878
827,-0.27416834
828,-0.121465385
829,-0.08941606
830,-0.2936233
831,-0.18262266
832,-0.13077934
833,-0.1354401
834,-0.17356971
835,-0.27315196
836,-0.13269837
837,-0.16776462
838,-0.25254986
839,-0.2250695
840,-0.31466278
841,-0.21240723
842,-0.24127701
843,-0.2124752
844,-0.21736708
845,-0.19930904
846,-0.19155598
847,-0.34331393
848,-0.15617497
849,-0.15827723
850,-0.23468217
851,-0.15119115
852,-0.2857082
853,-0.3452396
854,-0.25058162
855,-0.102333464
856,-0.15918516
857,-0.16923451
858,-0.17685926
859,-0.13429964
860,-0.24490488
861,-0.12389045
862,-0.2766637
863,-0.31514975
864,-0.2559633
865,-0.12290919999999998
866,-0.24021079999999997
867,-0.30176312
868,-0.19263674
869,-0.22737391
870,-0.25358754
871,-0.20935781
872,-0.14901045
873,-0.28046370000000004
874,-0.17938964
875,-0.14303665
876,-0.32011756
877,-0.19114429
878,-0.18667416
879,-0.21420909999999999
880,-0.35171798
881,-0.14671437
882,-0.1530846
883,-0.2496603
884,-0.18363911
885,-0.30702385
886,-0.22864605
887,-0.16526763
888,-0.21537223
889,-0.19023249
890,-0.21435990000000002
891,-0.19685161
892,-0.20092288
893,-0.22186352
894,-0.22344770000000003
895,-0.30767077
896,-0.2377281
897,-0.2245198
898,-0.15916505
899,-0.2622862
900,-0.27903554
901,-0.16388312
902,-0.11318953
903,-0.19575566
904,-0.20771520000000002
905,-0.16709453
906,-0.22659329
907,-0.2609818
908,-0.18817703
909,-0.190361
910,-0.33900374
911,-0.18496366
912,-0.18164422
913,-0.2512171
914,-0.35078400000000004
915,-0.30211857
916,-0.09087755
917,-0.20841599
918,-0.19953924
919,-0.30272326
920,-0.16281182
921,-0.15760458
922,-0.25156412
923,-0.27143934
924,-0.22720237
925,-0.17963544
926,-0.106688075
927,-0.1516484
928,-0.17979816
929,-0.26891214
930,-0.25414798
931,-0.20015028
932,-0.31747043
933,-0.28219593
934,-0.16762257
935,-0.18242025
936,-0.28768423
937,-0.13560036
938,-0.44009316
939,-0.25763154
940,-0.19388287
941,-0.18318367
942,-0.21890591
943,-0.18468195
944,-0.21402049
945,-0.12933706
946,-0.09882327
947,-0.24005763
948,-0.19153789
949,-0.18336521
950,-0.13257504
951,-0.15500903
952,-0.21384986
953,-0.17048956
954,-0.14932425
955,-0.16671643
956,-0.24110979
957,-0.19133401
958,-0.13388366
959,-0.24878678
960,-0.2211951
961,-0.25969810000000004
962,-0.123947695
963,-0.12614797
964,-0.21972527
965,-0.16107541
966,-0.19607753
967,-0.12003483599999999
968,-0.12051835
969,-0.29182404
970,-0.26560959999999995
971,-0.28415167
972,-0.2087964
973,-0.21600303
974,-0.34712678
975,-0.26965535
976,-0.29922637
977,-0.14649566
978,-0.21497992
979,-0.19728537
980,-0.204121
981,-0.20664498
982,-0.1997823
983,-0.13543382
984,-0.12135414
985,-0.5062779000000001
986,-0.14291535
987,-0.23215529999999998
988,-0.20979187
989,-0.17808859
990,-0.18466204
991,-0.11306451
992,-0.14754143
993,-0.29959452
994,-0.23162226
995,-0.16585772
996,-0.13318203
997,-0.19389674
998,-0.18196201
999,-0.14509805
1000,-0.21438712
1001,-0.2102699
1002,-0.16063129999999998
1003,-0.12688722
1004,-0.23481943
1005,-0.31798905
1006,-0.20568636
1007,-0.14823429999999999
1008,-0.11737011
1009,-0.16853924
1010,-0.14360364
1011,-0.18326771
1012,-0.13439016
1013,-0.20446987
1014,-0.1529411
1015,-0.17827429
1016,-0.23122807
1017,-0.09403618
1018,-0.20281461
1019,-0.16250864
1020,-0.12436760000000002
1021,-0.16560699
1022,-0.25383124
1023,-0.24190715
1024,-0.1961766
1025,-0.24122158
1026,-0.15167855
1027,-0.0987812
1028,-0.21580180000000002
1029,-0.1406694
1030,-0.28224745
1031,-0.21531409
1032,-0.16423674
1033,-0.2433768
1034,-0.15417252
1035,-0.15705656
1036,-0.22189072
1037,-0.15934215
1038,-0.17916568
1039,-0.12439854
1040,-0.45827344
1041,-0.24057871
1042,-0.15348448
1043,-0.1942254
1044,-0.22591577
1045,-0.18462723
1046,-0.17223981
1047,-0.28326502
1048,-0.19141613
1049,-0.3148301
1050,-0.20280409
1051,-0.12755387
1052,-0.16554548
1053,-0.16959025
1054,-0.23645152
1055,-0.29427657
1056,-0.1191267
1057,-0.24785714
1058,-0.1711731
1059,-0.1574616
1060,-0.19681033
1061,-0.12332406
1062,-0.13739191
1063,-0.3762974
1064,-0.1099962
1065,-0.19862407
1066,-0.13822164
1067,-0.2650305
1068,-0.17444824
1069,-0.16035947
1070,-0.19986612
1071,-0.23410129999999998
1072,-0.1703421
1073,-0.17787158
1074,-0.21434599
1075,-0.13716376
1076,-0.10738415
1077,-0.25624692
1078,-0.2004375
1079,-0.18313847
1080,-0.23102447
1081,-0.26883665
1082,-0.22112670000000004
1083,-0.17212951
1084,-0.15571964
1085,-0.26466540000000005
1086,-0.16037932
1087,-0.11399262
1088,-0.095577985
1089,-0.27465609999999996
1090,-0.29981306
1091,-0.1795221
1092,-0.33453125
1093,-0.30680028
1094,-0.20532112
1095,-0.26161465
1096,-0.22098672
1097,-0.24105208
1098,-0.20988625
1099,-0.40353394
1100,-0.25321028
1101,-0.16672434
1102,-0.23204198
1103,-0.2192785
1104,-0.18834379999999998
1105,-0.18010576
1106,-0.16043349
1107,-0.20324475
1108,-0.13459094
1109,-0.12462811
1110,-0.14428470000000002
1111,-0.20071855
1112,-0.35492779999999996
1113,-0.23875274
1114,-0.24159291
1115,-0.33605722
1116,-0.14965032
1117,-0.21685715
1118,-0.14605941
1119,-0.20906176
1120,-0.13218029
1121,-0.3058442
1122,-0.2949726
1123,-0.11032249
1124,-0.2556331
1125,-0.15546500000000002
1126,-0.16535412
1127,-0.17181076
1128,-0.33336753
1129,-0.2590831
1130,-0.21059029999999998
1131,-0.22238663
1132,-0.12961905
1133,-0.16461813
1134,-0.20671123
1135,-0.13332699
1136,-0.21491115
1137,-0.30261132
1138,-0.3045007
1139,-0.19226207
1140,-0.17490603
1141,-0.2509053
1142,-0.21062501
1143,-0.13039227
1144,-0.1360428
1145,-0.39095476
1146,-0.29035163
1147,-0.20862912
1148,-0.15260477
1149,-0.1689901
1150,-0.18432386
1151,-0.33873725
1152,-0.15742251
1153,-0.30189043
1154,-0.31194192
1155,-0.2964035
1156,-0.24992529999999996
1157,-0.22718474
1158,-0.24678774
1159,-0.23038587
1160,-0.2844619
1161,-0.27325687
1162,-0.20548725
1163,-0.24589111
1164,-0.16862755
1165,-0.22090366
1166,-0.17600204
1167,-0.20237882
1168,-0.17188872
1169,-0.26501690000000006
1170,-0.23507169
1171,-0.20071702
1172,-0.11932859
1173,-0.23905975
1174,-0.24611421
1175,-0.20357274
1176,-0.18734552
1177,-0.24624552
1178,-0.36241433
1179,-0.15762149
1180,-0.17354277
1181,-0.20942447
1182,-0.16683982
1183,-0.19980456
1184,-0.19975267
1185,-0.28482476
1186,-0.25069538
1187,-0.15254013
1188,-0.21562171
1189,-0.28562108
1190,-0.26087528
1191,-0.3352418
1192,-0.18044923
1193,-0.17001307
1194,-0.29546395
1195,-0.16057433
1196,-0.19697994
1197,-0.26361072
1198,-0.274952
1199,-0.29497144
1200,-0.14201283
1201,-0.20574996
1202,-0.17937477
1203,-0.18227403
1204,-0.13953587
1205,-0.24248867
1206,-0.18430552
1207,-0.21157123
1208,-0.18880615
1209,-0.24607942
1210,-0.18402557
1211,-0.15936008
1212,-0.29779175
1213,-0.18540329
1214,-0.14444690000000002
1215,-0.21143734
1216,-0.121090546
1217,-0.21524663
1218,-0.42484847
1219,-0.14697576
1220,-0.17214431
1221,-0.24494195
1222,-0.15045808
1223,-0.11829498
1224,-0.15884906
1225,-0.19772121
1226,-0.1953612
1227,-0.1927154
1228,-0.21100575
1229,-0.25335717
1230,-0.23523301
1231,-0.21320696
1232,-0.20693992
1233,-0.16074592
1234,-0.19641729
1235,-0.2675075
1236,-0.2113794
1237,-0.18188004
1238,-0.13867013
1239,-0.16101167
1240,-0.3024353
1241,-0.16201445
1242,-0.20637729999999996
1243,-0.32397859999999995
1244,-0.09019005
1245,-0.2426969
1246,-0.19138868
1247,-0.27191794
1248,-0.19326010000000002
1249,-0.18025917
1250,-0.18615691
1251,-0.17259823
1252,-0.20441172
1253,-0.11586046
1254,-0.23787683
1255,-0.17013544
1256,-0.19614646
1257,-0.17676175
1258,-0.17603631
1259,-0.09843041
1260,-0.12400819999999999
1261,-0.2621113
1262,-0.12132002
1263,-0.37561464
1264,-0.18274581
1265,-0.24742736
1266,-0.19225279999999997
1267,-0.29399207
1268,-0.17893538
1269,-0.19446953
1270,-0.1722872
1271,-0.32843449999999996
1272,-0.25917462
1273,-0.20066354
1274,-0.26728892
1275,-0.27160057
1276,-0.32510844
1277,-0.24210767
1278,-0.22499347
1279,-0.18731953
1280,-0.17868872
1281,-0.26454264
1282,-0.24338649999999998
1283,-0.20411554
1284,-0.18667759
1285,-0.2628423
1286,-0.22767769
1287,-0.21211244
1288,-0.17547962
1289,-0.32283977
1290,-0.20089598
1291,-0.18277796
1292,-0.31334424
1293,-0.25994825
1294,-0.24973014
1295,-0.17451589
1296,-0.19234334
1297,-0.41180690000000003
1298,-0.19161099
1299,-0.1962801
1300,-0.19069391
1301,-0.24429393
1302,-0.28524193
1303,-0.2952051
1304,-0.19488868
1305,-0.23469684
1306,-0.23049341
1307,-0.17875843
1308,-0.16384569
1309,-0.27711030000000003
1310,-0.27420652
1311,-0.28873813
1312,-0.16121839
1313,-0.14471879999999998
1314,-0.16794749
1315,-0.17826506
1316,-0.2777275
1317,-0.27399862
1318,-0.18953355
1319,-0.21704854
1320,-0.21084721
1321,-0.26774988
1322,-0.16841769
1323,-0.203408
1324,-0.17938858
1325,-0.16668102
1326,-0.21656692
1327,-0.2273288
1328,-0.23478507
1329,-0.16583416
1330,-0.15737058
1331,-0.21281002
1332,-0.1495118
1333,-0.18249114
1334,-0.19776995
1335,-0.28078288
1336,-0.29629895
1337,-0.19042702
1338,-0.1968292
1339,-0.24583623
1340,-0.2049375
1341,-0.22090046
1342,-0.22061498
1343,-0.24619778
1344,-0.109648556
1345,-0.19212425
1346,-0.18054673
1347,-0.33720659999999997
1348,-0.37233147
1349,-0.24027455
1350,-0.1541473
1351,-0.11666362
1352,-0.3311525
1353,-0.1927874
1354,-0.29747662
1355,-0.2448453
1356,-0.26334113
1357,-0.25198823
1358,-0.33426046
1359,-0.19014
1360,-0.21359515
1361,-0.16019455
1362,-0.14417043
1363,-0.24621737
1364,-0.40923956
1365,-0.26453784
1366,-0.22628869
1367,-0.18810829999999998
1368,-0.37953633
1369,-0.22677222
1370,-0.18112049
1371,-0.12395535
1372,-0.29848543
1373,-0.17781243
1374,-0.17763981
1375,-0.24606526
1376,-0.36103433
1377,-0.18459891
1378,-0.13944857
1379,-0.14627507
1380,-0.14767449
1381,-0.22570331
1382,-0.1999285
1383,-0.14759548
1384,-0.22653116
1385,-0.17100742
1386,-0.24032615
1387,-0.2685363
1388,-0.14520796
1389,-0.19933805
1390,-0.22028911
1391,-0.15875931
1392,-0.18206054
1393,-0.23742251
1394,-0.14581655
1395,-0.23309839999999998
1396,-0.17487693
1397,-0.34550977
1398,-0.2759244
1399,-0.13924037
1400,-0.25980204
1401,-0.1829854
1402,-0.16111977
1403,-0.09152841
1404,-0.22708975
1405,-0.20268911
1406,-0.17912999999999998
1407,-0.23227289999999998
1408,-0.18994032
1409,-0.21801986
1410,-0.26435983
1411,-0.18154481
1412,-0.1912942
1413,-0.18910624
1414,-0.16342852
1415,-0.19178299999999998
1416,-0.28806615
1417,-0.3628618
1418,-0.22580422
1419,-0.20239235
1420,-0.19674638
1421,-0.26099873
1422,-0.21315369
1423,-0.23167494
1424,-0.18227564
1425,-0.32626215
1426,-0.1668468
1427,-0.24763769
1428,-0.16849577
1429,-0.26869628
1430,-0.14505717
1431,-0.20654164
1432,-0.22193226
1433,-0.25811818
1434,-0.16778900000000002
1435,-0.19947603
1436,-0.114972
1437,-0.311399
1438,-0.24623372
1439,-0.16457798
1440,-0.3114721
1441,-0.23448507
1442,-0.37976742
1443,-0.13318013
1444,-0.17694047
1445,-0.30121452
1446,-0.20903268
1447,-0.31005609999999995
1448,-0.1702471
1449,-0.2708023
1450,-0.24466704
1451,-0.28706145
1452,-0.20311310000000002
1453,-0.18151985
1454,-0.12672432
1455,-0.26556164
1456,-0.17913601
1457,-0.19445215
1458,-0.2580318
1459,-0.16319978
1460,-0.27275708
1461,-0.12702881
1462,-0.22384766
1463,-0.21822414
1464,-0.20556813
1465,-0.24272774
1466,-0.27632034
1467,-0.22915633
1468,-0.26491162
1469,-0.18244389
1470,-0.17773618
1471,-0.14253731
1472,-0.21386129999999998
1473,-0.27460999999999997
1474,-0.13884015
1475,-0.18665937
1476,-0.181517
1477,-0.20709895
1478,-0.17568843
1479,-0.20263422
1480,-0.1926827
1481,-0.24031132
1482,-0.17628039999999998
1483,-0.16315189
1484,-0.22240545
1485,-0.2412368
1486,-0.20953438
1487,-0.25871104
1488,-0.22894436
1489,-0.32029635
1490,-0.24593656
1491,-0.3322691
1492,-0.25358513
1493,-0.18673679
1494,-0.23321064
1495,-0.22961938
1496,-0.14069739
1497,-0.2568773
1498,-0.18562125
1499,-0.30133462
1500,-0.18549863
1501,-0.11849722
1502,-0.115733504
1503,-0.25228235
1504,-0.11162841
1505,-0.161583
1506,-0.24431089
1507,-0.15739106
1508,-0.22780874
1509,-0.2858512
1510,-0.29839155
1511,-0.24903835
1512,-0.18933843
1513,-0.26713413
1514,-0.23418988
1515,-0.08894555
1516,-0.22862089
1517,-0.21486550000000001
1518,-0.26574913
1519,-0.25103483
1520,-0.28228882
1521,-0.34746206
1522,-0.14113995
1523,-0.14385849
1524,-0.23254403
1525,-0.24119627
1526,-0.36145577
1527,-0.20846358
1528,-0.11126395
1529,-0.192661
1530,-0.2586993
1531,-0.33126402
1532,-0.19944403
1533,-0.21437159
1534,-0.19704503
1535,-0.18232639
1536,-0.2559006
1537,-0.16628228
1538,-0.26999304
1539,-0.15935464
1540,-0.24048208
1541,-0.157595
1542,-0.21995033
1543,-0.16673104
1544,-0.16420813
1545,-0.19521579
1546,-0.16787836
1547,-0.15636468
1548,-0.19323224
1549,-0.21800447
1550,-0.40313226
1551,-0.1884352
1552,-0.27681115
1553,-0.28824353
1554,-0.264685
1555,-0.24915126
1556,-0.20664972
1557,-0.2625357
1558,-0.22089964
1559,-0.30990270000000003
1560,-0.20850047
1561,-0.18223451
1562,-0.12505019
1563,-0.27617672
1564,-0.18245044
1565,-0.361713
1566,-0.13351625
1567,-0.16235170000000002
1568,-0.21560793
1569,-0.40314007
1570,-0.1522761
1571,-0.1875385
1572,-0.16733085
1573,-0.19691324
1574,-0.31952322
1575,-0.18495599999999998
1576,-0.22827923
1577,-0.2639494
1578,-0.21244033
1579,-0.15566184
1580,-0.1608121
1581,-0.18201795
1582,-0.19590376
1583,-0.18072739
1584,-0.15578917
1585,-0.2071944
1586,-0.18935175
1587,-0.17062245
1588,-0.23412719999999998
1589,-0.28567985
1590,-0.23673876
1591,-0.27933568
1592,-0.11090273
1593,-0.22143875
1594,-0.3728925
1595,-0.1727761
1596,-0.21913143
1597,-0.21533458
1598,-0.20602247
1599,-0.25946507
1600,-0.21762784
1601,-0.21824542
1602,-0.28384694
1603,-0.22067216
1604,-0.24671276
1605,-0.15436074
1606,-0.21363756
1607,-0.2394069
1608,-0.16357225
1609,-0.23925565
1610,-0.24430990000000002
1611,-0.21087646
1612,-0.19485379999999997
1613,-0.311739
1614,-0.19590248
1615,-0.12284574
1616,-0.24571498
1617,-0.21053708
1618,-0.46852607
1619,-0.11339601
1620,-0.26739016
1621,-0.2119285
1622,-0.09934753
1623,-0.24469659
1624,-0.19002993
1625,-0.18575801
1626,-0.36988297
1627,-0.12587089999999998
1628,-0.2051888
1629,-0.28396648
1630,-0.32831007
1631,-0.27178738
1632,-0.3265858
1633,-0.22514816
1634,-0.23018457
1635,-0.15133627
1636,-0.24524188
1637,-0.19509329
1638,-0.2581712
1639,-0.25672758
1640,-0.28888875
1641,-0.24399467
1642,-0.21100487
1643,-0.21073791
1644,-0.23327826
1645,-0.31900558
1646,-0.19198420000000002
1647,-0.21022461
1648,-0.22521159
1649,-0.19472711
1650,-0.2907187
1651,-0.21153785
1652,-0.20592108
1653,-0.12059467
1654,-0.23115505
1655,-0.19243176
1656,-0.22531085
1657,-0.17798778
1658,-0.23001853
1659,-0.1977628
1660,-0.16893971
1661,-0.21892329999999996
1662,-0.2372072
1663,-0.23905376
1664,-0.15841399
1665,-0.20644903
1666,-0.19521692
1667,-0.1704908
1668,-0.13403867
1669,-0.16591755
1670,-0.27142578
1671,-0.332584
1672,-0.24789661
1673,-0.17910534
1674,-0.2436869
1675,-0.27284238
1676,-0.14855286
1677,-0.18857369
1678,-0.25014222
1679,-0.17904479999999998
1680,-0.3812526
1681,-0.29748946
1682,-0.20411547
1683,-0.22109810000000002
1684,-0.25065210000000004
1685,-0.17671299
1686,-0.20417951
1687,-0.13015218
1688,-0.21951498
1689,-0.20157318
1690,-0.2648403
1691,-0.22501013
1692,-0.23487149
1693,-0.24236408
1694,-0.23043022
1695,-0.17269294
1696,-0.27529135
1697,-0.28454757
1698,-0.21242411
1699,-0.29404905
1700,-0.19596085
1701,-0.11614591
1702,-0.19171754
1703,-0.19829509
1704,-0.21765410000000002
1705,-0.17352977
1706,-0.1613777
1707,-0.24498218
1708,-0.19512346
1709,-0.15144613
1710,-0.16490638
1711,-0.20409194
1712,-0.30702847
1713,-0.19132163
1714,-0.25410473
1715,-0.13344136
1716,-0.16260685
1717,-0.23791932
1718,-0.15605147
1719,-0.22031239
1720,-0.28700006
1721,-0.16415374
1722,-0.22782072
1723,-0.17688355
1724,-0.21896948
1725,-0.21248497
1726,-0.24219412
1727,-0.13623263
1728,-0.18637794
1729,-0.18007934
1730,-0.25276062
1731,-0.12981276
1732,-0.25179127
1733,-0.2244823
1734,-0.13027121
1735,-0.12156292
1736,-0.15791565
1737,-0.20629016
1738,-0.19093986
1739,-0.15168028
1740,-0.15471724
1741,-0.17991056
1742,-0.1405605
1743,-0.22722892
1744,-0.32726473
1745,-0.26174217
1746,-0.260519
1747,-0.13660568
1748,-0.1757714
1749,-0.23533615
1750,-0.15243655
1751,-0.22919056
1752,-0.21035904
1753,-0.220769
1754,-0.26225096
1755,-0.15294556
1756,-0.20745601
1757,-0.29842815
1758,-0.21930926
1759,-0.1607691
1760,-0.17508954
1761,-0.19568083
1762,-0.23366447
1763,-0.15564793
1764,-0.15078513
1765,-0.27712426
1766,-0.23172332
1767,-0.20601325
1768,-0.2421001
1769,-0.09349798
1770,-0.15651223
1771,-0.21140327
1772,-0.16196434
1773,-0.24964322
1774,-0.43543413
1775,-0.23372976
1776,-0.26638216
1777,-0.114610046
1778,-0.11846438
1779,-0.20569837
1780,-0.1462854
1781,-0.23025537
1782,-0.16090752
1783,-0.22198303
1784,-0.25036037
1785,-0.09341989
1786,-0.23192607
1787,-0.3166575
1788,-0.12805152
1789,-0.22768903
1790,-0.21275279
1791,-0.23624013
1792,-0.12407746
1793,-0.25663838
1794,-0.1249601
1795,-0.19788712
1796,-0.19085687
1797,-0.1761693
1798,-0.18230814
1799,-0.2112786
1800,-0.22078006
1801,-0.23141511
1802,-0.26457238
1803,-0.24248101
1804,-0.31639645
1805,-0.16574912
1806,-0.25844145
1807,-0.19560452
1808,-0.20769921
1809,-0.24552913
1810,-0.20807378
1811,-0.30949977
1812,-0.16573064
1813,-0.20369221
1814,-0.15664034
1815,-0.15993118
1816,-0.25793415
1817,-0.27275959999999994
1818,-0.28045559999999997
1819,-0.12812082
1820,-0.20390941
1821,-0.17340732
1822,-0.28578237
1823,-0.17679453
1824,-0.18349342
1825,-0.15037562
1826,-0.28175992
1827,-0.16224042
1828,-0.19492099
1829,-0.27331704
1830,-0.29403704
1831,-0.14966905
1832,-0.29850146
1833,-0.22487234
1834,-0.26736316
1835,-0.1916534
1836,-0.18985407
1837,-0.22077339999999998
1838,-0.15684919
1839,-0.18982136
1840,-0.21836539
1841,-0.27758002
1842,-0.27950963
1843,-0.15780109
1844,-0.18598403
1845,-0.21065928
1846,-0.16103695
1847,-0.18086872
1848,-0.21108243
1849,-0.21187201
1850,-0.26397228
1851,-0.15510689
1852,-0.21006215
1853,-0.14337872
1854,-0.25264385
1855,-0.21143411
1856,-0.17197466
1857,-0.20609409
1858,-0.16355188
1859,-0.47187690000000004
1860,-0.26992014
1861,-0.23944533
1862,-0.14117023
1863,-0.15933539
1864,-0.23501453
1865,-0.23778498
1866,-0.13248658
1867,-0.26223755
1868,-0.22996673
1869,-0.21182542
1870,-0.14898218
1871,-0.13657098
1872,-0.31061363
1873,-0.16913502
1874,-0.23786545
1875,-0.25500083
1876,-0.15573137
1877,-0.16987199
1878,-0.09335855400000001
1879,-0.2434891
1880,-0.22407317
1881,-0.19237281
1882,-0.35659623
1883,-0.22591630000000001
1884,-0.18518792
1885,-0.16773254
1886,-0.17825769
1887,-0.15616198
1888,-0.2020371
1889,-0.20828556
1890,-0.27326983
1891,-0.19267637
1892,-0.17240012
1893,-0.20010251
1894,-0.21668892
1895,-0.19457337
1896,-0.19397107
1897,-0.28148466
1898,-0.18539226
1899,-0.16379909
1900,-0.32274354
1901,-0.24915093
1902,-0.1948975
1903,-0.191167
1904,-0.14729306
1905,-0.16115296
1906,-0.17111568
1907,-0.17501006
1908,-0.27989927
1909,-0.24725352
1910,-0.24180609
1911,-0.10565416
1912,-0.17610095
1913,-0.12989715
1914,-0.23895968
1915,-0.20767877
1916,-0.21971817
1917,-0.19638635
1918,-0.19518006
1919,-0.12855805
1920,-0.26623800000000003
1921,-0.21503504
1922,-0.24463387
1923,-0.30350920000000003
1924,-0.10806718
1925,-0.21920715
1926,-0.22267564
1927,-0.15903364
1928,-0.29730576
1929,-0.44178963
1930,-0.19310305
1931,-0.14026044
1932,-0.20304981
1933,-0.15404892
1934,-0.27327028
1935,-0.13231003
1936,-0.2524105
1937,-0.26508668
1938,-0.11394494
1939,-0.22577275
1940,-0.22605905
1941,-0.3118891
1942,-0.18191881
1943,-0.21063006
1944,-0.2927167
1945,-0.24757862
1946,-0.25147048
1947,-0.29379043
1948,-0.22958596
1949,-0.23292372
1950,-0.17551126
1951,-0.35454687
1952,-0.19075675
1953,-0.1514241
1954,-0.1453021
1955,-0.16918258
1956,-0.25896743
1957,-0.19603197
1958,-0.1065981
1959,-0.16653638
1960,-0.17871399
1961,-0.20069979999999998
1962,-0.23348939999999999
1963,-0.13931641
1964,-0.33674586
1965,-0.2527702
1966,-0.12411465
1967,-0.30906886
1968,-0.2546423
1969,-0.22864789
1970,-0.25661272
1971,-0.1544637
1972,-0.20418072
1973,-0.14865194
1974,-0.190503
1975,-0.2867586
1976,-0.26397547
1977,-0.18861914
1978,-0.26578468
1979,-0.15424234
1980,-0.22973403
1981,-0.20521829
1982,-0.29506013
1983,-0.28826034
1984,-0.1757581
1985,-0.20133318
1986,-0.20030081
1987,-0.21289378
1988,-0.2718038
1989,-0.2862525
1990,-0.24520832
1991,-0.40402156
1992,-0.23368771
1993,-0.22134435
1994,-0.17927319
1995,-0.17301838
1996,-0.28249732
1997,-0.14534533
1998,-0.32712358
1999,-0.13588245
