,value_per_image
0,0.047036931495039916
1,0.11157632045552167
2,0.08133524571686859
3,0.0029853172017538345
4,0.18196288296057248
5,0.025546092283754675
6,0.0290651103883172
7,0.03408170061575378
8,0.14758173462201882
9,0.026480583591503428
10,0.0003746167756305055
11,0.06630803142941187
12,0.1619763618682443
13,0.00696386905444711
14,0.16506799796188246
15,0.15782263460370266
16,0.10872382241544283
17,0.21788014351051824
18,0.34472830985812963
19,0.1959939837402312
20,0.08215343968016926
21,0.15823816020817902
22,0.038508906064791605
23,0.0758242505315001
24,0.06161763256279175
25,0.06408273919185734
26,0.23121627026774055
27,0.07648798414337588
28,0.13517565255554473
29,0.07851000364754493
30,0.034364087164509866
31,0.05890512984761394
32,0.2294490565148273
33,0.1991489909835397
34,0.2434376659905897
35,0.017300370926383
36,0.09637436779825044
37,0.14367291742446833
38,0.1696150044410043
39,0.2342948972099236
40,0.2551607448425983
41,0.09791995630173876
42,0.12136323181935985
43,0.004190489913125173
44,0.2813578570741357
45,0.0801036999648599
46,0.004491614690257333
47,0.10854150020205564
48,0.256992112046427
49,0.04829858708623266
50,0.1604269661511674
51,0.011876082480931052
52,0.22832216073404524
53,0.002675807755462779
54,0.15054043949104332
55,0.031888414219415365
56,0.2305770566716801
57,0.09559995974917763
58,0.28418924223553355
59,0.08128141926607538
60,0.17154194922864652
61,0.07617495526344736
62,0.17757399255839842
63,0.1554123697912373
64,0.09658205343023164
65,0.1902630875785277
66,0.15221436764335536
67,0.05311771376576484
68,0.09168286431439483
69,0.18237772101448124
70,0.04072671909370358
71,0.0409550314099352
72,0.1130072329753198
73,0.001558464383555282
74,0.07402504774860258
75,0.09497720975465496
76,0.10491892524119772
77,0.0009911402582583816
78,0.07599931227709503
79,0.058401822745993474
80,0.09444693866323237
81,0.13683533016369662
82,0.12180925392647055
83,0.017736022118759028
84,0.023280975421324932
85,0.31748837786154155
86,0.09856780830413953
87,0.0046910409250756225
88,0.13144925427627524
89,0.13288921712157006
90,0.15467153523266775
91,0.035604786509764966
92,0.046655573961928536
93,0.1069850778629706
94,0.08240496456855081
95,0.12270673491690752
96,0.005301708699640176
97,0.12434685861186814
98,0.02452492650658673
99,0.1957521638227606
100,0.05442225616912205
101,0.003108377600907039
102,0.08907567813105538
103,0.005223462833688342
104,0.03848432201835536
105,0.18872605139987128
106,0.2156693065013587
107,0.07354233616812651
108,0.22063788197468787
109,0.2292020704132676
110,0.056382262602049725
111,0.10393882236487058
112,0.09692639836147064
113,0.020109250804391715
114,0.0983188022757783
115,0.006202100354130996
116,0.22915707182840386
117,0.03161511844501932
118,0.09925718992374297
119,0.19409931198546596
120,0.1761449160858255
121,0.20178437605446692
122,0.018338430423354733
123,0.12430531334734322
124,0.038967539759753374
125,0.056853920858556777
126,0.017394368987411892
127,0.02336823359257425
128,0.016007546067674763
129,0.02179099164065404
130,0.034017498628356166
131,0.097401475320955
132,0.16313286647700834
133,0.1182226899288807
134,0.1443789720097605
135,0.153661448994975
136,0.21453848423439306
137,0.0113029370511738
138,0.08933050966626369
139,0.18507148959164804
140,0.09040045923798776
141,0.003011738015244568
142,0.1433145255288293
143,0.16424572075535626
144,0.3396301888874185
145,0.08562902177554474
146,0.07071135762610599
147,0.1095266546433752
148,0.15323540428401491
149,0.2353443816533793
150,0.11599276418892199
151,0.19949787971055724
152,0.2860740692200713
153,0.27583819804562976
154,0.1213089573982894
155,0.21750316529852806
156,0.1990524506381972
157,0.3694046081313512
158,0.033422572303697856
159,0.013989311294353893
160,0.0010446619739837596
161,0.028236266810176793
162,0.010551672834562415
163,0.10673091862500077
164,0.17983394851491954
165,0.052385994528850184
166,0.005258728114528167
167,0.22689075733541125
168,0.16054524769090395
169,0.062228455425562997
170,0.07112623801086101
171,0.03877703315861804
172,0.01480516879583474
173,0.16354085272697053
174,0.18458409405086687
175,0.3780121189035116
176,0.029713037559555962
177,0.009946484394236654
178,0.011480901732263274
179,0.5428830953217321
180,0.13854994316004107
181,0.08466553659062878
182,0.15435118389590793
183,0.3775821930720099
184,0.013750267019146336
185,0.18776070664377226
186,0.04324268989269398
187,0.08806457253261092
188,0.092152088346665
189,0.11023048584052576
190,0.17781891966575458
191,0.03413716705227448
192,0.041214157685130384
193,0.04107685326335652
194,0.06792016714983838
195,0.024352149215395063
196,0.3018298717512306
197,0.25577446633886464
198,0.11079497729778072
199,0.04068769143564615
200,0.2027102987707639
201,0.013665834414205526
202,0.21300244594683507
203,0.04029431216206975
204,0.1870448790134632
205,0.2429684332137569
206,0.2781165068319105
207,0.33642323901774285
208,0.0010361402894961532
209,0.08961923584102333
210,0.0984447393093741
211,0.2227359192433862
212,0.1470342188467921
213,0.04662115226946125
214,0.31636606224261365
215,0.02376512637225208
216,0.13118447513610929
217,0.15834212554518504
218,0.09870125135578753
219,0.20741403370752295
220,0.1393405205560658
221,0.16531016600240436
222,0.2820063144447055
223,0.014824170777272229
224,0.09382429681943907
225,0.025445323705156203
226,0.17734855151481946
227,0.1289910726629254
228,0.08512564174119769
229,0.0980162265971244
230,0.0659208889335459
231,0.10252732681629513
232,0.10116039521148623
233,0.17497149590303826
234,0.03735407037295695
235,0.1506250591213072
236,0.2394334186459296
237,0.04123349979755787
238,0.27174465572560536
239,0.07463192548308004
240,0.016715618148565925
241,0.01955690299608245
242,0.06116266937701965
243,0.20497285922896089
244,0.08837570002827759
245,0.15721978140277262
246,0.1049628637397474
247,0.18632786669794213
248,0.10091783050519557
249,0.034993892613171415
250,0.12727879359934305
251,0.2825698117332422
252,0.1688873179836794
253,0.22597057726336456
254,0.07539985920580135
255,0.02628398014369316
256,0.3726303020230195
257,0.09137071476383747
258,0.0773768216752132
259,0.12779662338762754
260,0.016542979203756268
261,0.1017807851334284
262,0.2663189616655518
263,0.09775928785141956
264,0.2344533863377341
265,0.3358265874136447
266,0.1865458821351509
267,0.2912393511661505
268,0.1664283586633004
269,0.2125890580378492
270,0.16983353338289242
271,0.2795627326148745
272,0.1901484283483776
273,0.06267793564460454
274,0.008087258520135428
275,0.255164993763923
276,0.13066846755118858
277,0.00243507885645082
278,0.020478280989985574
279,0.05914948782872895
280,0.0581243786342181
281,0.07448129327639325
282,0.05517464257315558
283,0.14854162093937195
284,0.1844039979411778
285,0.07907129367625425
286,0.10973069037998101
287,0.18732603176684404
288,0.06368564995879468
289,0.17911296469666693
290,0.10255585675332148
291,0.21013737200189947
292,0.04569538640653999
293,0.4211019921856476
294,0.028103231446957103
295,0.002894865419170115
296,0.16765291948639624
297,0.08548051612864271
298,0.1877379048431396
299,0.14480071636296946
300,0.14100910045413367
301,0.004116131740318252
302,0.16775104022002418
303,0.052486435793750084
304,0.038123909353575534
305,0.0781382078398642
306,0.22432002617718907
307,0.12656291625974658
308,0.018693187677348868
309,0.10654597690811246
310,0.21317600300788475
311,0.1348479200030563
312,0.1373147830678236
313,0.06991752981884712
314,0.05692104950464006
315,0.07653010672782537
316,0.09300742441546696
317,0.032912458991973814
318,0.3051631919166972
319,0.2558776028955397
320,0.1037788846886956
321,0.0646867211094462
322,0.18382630177207288
323,0.031224012904351558
324,0.025501048494780732
325,0.13377401925563864
326,0.020166507988578712
327,0.019970479957887498
328,0.1144064216850515
329,0.11840733507791586
330,0.0022523088891653305
331,0.02231820852152651
332,0.08832255023413252
333,0.0967254600697412
334,0.10921076003492736
335,0.005889989719271973
336,0.0566966257749679
337,0.027265717296082084
338,0.2636932623777683
339,0.059391389374201776
340,0.2830912258729735
341,0.08216735176688507
342,0.20594577830960434
343,0.019994416814176887
344,0.11881347805439027
345,0.08030355851579715
346,0.0006565077785447709
347,0.009574015917138195
348,0.3849714699927618
349,0.26392639027668496
350,0.03554143594249945
351,0.22406564839725204
352,0.10880730398345068
353,0.02787614122273948
354,0.3589070740738491
355,0.2565369145362578
356,0.2428307098802405
357,0.04604815479559077
358,0.018336309142625337
359,0.1808073283287144
360,0.08918150422204123
361,0.090429236781996
362,0.0792828128244826
363,0.11985806977525225
364,0.10423983767429172
365,0.010460787642389065
366,0.0682718922256581
367,0.0014913361108540367
368,0.07338865415653477
369,0.1693378022846419
370,0.0638024544232799
371,0.2403188343769282
372,0.061004225564617036
373,0.1789674819729267
374,0.12628686940064754
375,0.10662911746517574
376,0.05895333765777343
377,0.16644998117539048
378,0.007550213378564989
379,0.028684091289641157
380,0.04831627741200615
381,0.0647335784094842
382,0.06732968478132861
383,0.11859910028100895
384,0.15548677113542875
385,0.04223377572656914
386,0.06179110493035719
387,0.10869362130913858
388,0.18568242720242686
389,0.2897424361905012
390,0.005386417375346733
391,0.31118518129156386
392,0.010097899659985792
393,0.11373245111501118
394,0.14995775320817514
395,0.059593508152208874
396,0.04975013705682036
397,0.2581391767841611
398,0.14526992839642666
399,0.08531740829670653
400,0.04091788227645074
401,0.05915888892460936
402,0.021789898714026142
403,0.07210099794058146
404,0.2118147383522874
405,0.07698998573708389
406,0.04450185032055906
407,0.14669771804795284
408,0.2093236383551378
409,0.1160619900367965
410,0.02769612947736095
411,0.07414005656050274
412,0.03193986100570015
413,0.10898534691535904
414,0.07187970586306927
415,0.028909766042835832
416,0.0210691540022698
417,0.3508958999275347
418,0.11129304519091812
419,0.2143007390416793
420,0.2514523245941543
421,0.21307409176286235
422,0.11418135760544736
423,0.09297721947556706
424,0.09204502588466816
425,0.04045590620544183
426,0.12808110212927054
427,0.008748647423790033
428,0.047985887282862495
429,0.10588155600150127
430,0.12289119385549102
431,0.2478749833658562
432,0.23822792482212385
433,0.08523109664237442
434,0.08855036940532164
435,0.02259245703842687
436,0.046384857115448486
437,0.06677359675220536
438,0.017958553974273546
439,0.1841835541403021
440,0.07590633087876683
441,0.2110001401074214
442,0.024237200283014886
443,0.1980421161690908
444,0.11791568268573108
445,0.12076360943583787
446,0.020130874150398517
447,0.0776843947470855
448,0.01971811291827816
449,0.02308866780061538
450,0.15159998930203467
451,0.07192911312143384
452,0.005039851672894689
453,0.3702142991811632
454,0.042832261920506084
455,0.19148083813824213
456,0.039237598102217164
457,0.2397883842755941
458,0.0004043774077087791
459,0.01994204410162123
460,0.08456891285220307
461,0.009115455693543944
462,0.16441326323248712
463,0.07340975186057815
464,0.00694249563160295
465,0.0007942101376047662
466,0.2227287855696833
467,0.16723709229265055
468,0.030713286000827438
469,0.2216205951903367
470,0.04621203874562987
471,0.026651991184370432
472,0.01809285045189516
473,0.10880494700949804
474,0.12033735608738726
475,0.09770448206876403
476,0.01972565515789996
477,0.009114045744086013
478,0.0983345920228096
479,0.20491251313917844
480,0.13437922886860634
481,0.1954983924876943
482,0.15520354083237534
483,0.08534637306356017
484,0.1407677727705649
485,0.18511210575741305
486,0.00605859568581101
487,0.12495612078027613
488,0.24298885278816398
489,0.11450550640074247
490,0.10899667399371027
491,0.056027054959187694
492,0.2564492271438661
493,0.10044975415256638
494,0.14990697819632265
495,0.17404003256244635
496,0.1104558419991146
497,0.21838197300930684
498,0.03482775708128202
499,0.02486750891562813
500,0.04192747885760376
501,0.163520276750633
502,0.06206088827231765
503,0.03720556163197895
504,0.16852490593614794
505,0.13088498115123487
506,0.008965949190423242
507,0.021468034333982238
508,0.005815725846232047
509,0.1823993259354622
510,0.013094128241753293
511,0.023471475778551864
512,0.020554343757430683
513,0.1866353231221754
514,0.08706294547629666
515,0.06604947347047849
516,0.1802806106266293
517,0.0048626463470564955
518,0.06896714991552325
519,0.003335519196408513
520,0.0006528479314891009
521,0.18416100669718935
522,0.07145667663033349
523,0.07169289330001627
524,0.05424410899024108
525,0.02627078644071421
526,0.15236621150857255
527,0.194210324655332
528,0.20896945238614045
529,0.004151997849587474
530,0.2546753306293001
531,0.2553740145729353
532,0.08107618056286531
533,0.059655247825133526
534,0.07455820526225178
535,0.08051663854641915
536,0.1072483543929738
537,0.04853175453504925
538,0.06333725256922783
539,0.02385974272010709
540,0.09860483489173127
541,0.01439435229290586
542,0.11055764419537392
543,0.023659121042756068
544,0.029123086487305355
545,0.18929002886921176
546,0.14294363008279834
547,0.2647039225920327
548,0.15411843046799367
549,0.14507786696734534
550,0.04313640732713137
551,0.05055624557159103
552,0.13792375695656667
553,0.01682388101204846
554,0.1777597410340309
555,0.058651043444977374
556,0.051765102185615364
557,0.1797852510574605
558,0.21601913400344466
559,0.11506662734371365
560,0.11683048352405005
561,0.2156374615841158
562,0.12538413406649024
563,0.07448375716762501
564,0.32370941121036123
565,0.08350170278101512
566,0.15783684773277995
567,0.14277449032820744
568,0.05051610685316015
569,0.04152989007807016
570,0.10344467048713356
571,0.14394973574799855
572,0.1291506689647978
573,0.0356368518891705
574,0.1502700998851354
575,0.08390668135875945
576,0.04947356030606112
577,0.08845132399160603
578,0.1244820342452437
579,0.08089495319847445
580,0.25504341196097163
581,0.03407808858093856
582,0.10918070498439024
583,0.042815602613578654
584,0.02258152253925014
585,0.009638924356471366
586,0.10296999660687836
587,0.12063328709995218
588,0.003998898968793228
589,0.07406489632188465
590,0.2932136172706804
591,0.036973651839990615
592,0.1344083890892871
593,0.06489918013197457
594,0.1477275014444317
595,0.15787585309254554
596,0.0006540121290484723
597,0.02607147739601002
598,0.13404939990427378
599,0.03169422433730176
600,0.041697439904952206
601,0.11070735717587704
602,0.16127653375583612
603,0.09851943596018273
604,0.020062654689849743
605,0.01662989391832323
606,0.4255854849372399
607,0.1090299374804262
608,0.1482080970712884
609,0.08139490148272255
610,0.018844999024684318
611,0.0285789928414908
612,0.16040165218077682
613,0.03533826761671049
614,0.1866167939679013
615,0.07961567452110029
616,0.13069184967406225
617,0.07178002306853211
618,0.07302343086812904
619,0.024163992688036016
620,0.2598868736430509
621,0.012699302187492935
622,0.011856932397721209
623,0.03002093440089037
624,0.030884951646093187
625,0.23339491334386134
626,0.09922035895793586
627,0.14812972054340864
628,0.04852026454121114
629,0.0638486582661411
630,0.007748708293484533
631,0.07627328653520846
632,0.19164081608771144
633,0.14052560664957894
634,0.00950273115255534
635,0.23686900854698464
636,0.13843191869157367
637,0.03441303134422588
638,0.0481826977793446
639,0.06219420923747621
640,0.03899894128023367
641,0.13529131980477807
642,0.04407349326154804
643,0.057085927206327075
644,0.08217326148830939
645,0.14614179689279774
646,0.15733504635213238
647,0.17610310129246418
648,0.05625203947522172
649,0.08665466735496306
650,0.006176410604752356
651,0.11365147335644366
652,0.4440254877921098
653,0.2905635425739989
654,0.11943663880724613
655,0.09327913501381484
656,0.08971207691132244
657,0.07686250590793099
658,0.06242525410669004
659,0.07107202364365774
660,0.14511824239127533
661,0.0118117515948878
662,0.027604496194806656
663,0.1897831424777444
664,0.14698312506657465
665,0.13730357018834607
666,0.12731890380782615
667,0.35278448836061993
668,0.03479138664770254
669,0.03001876052703228
670,0.025605843560948846
671,0.020730119864182137
672,0.0109532593330313
673,0.11111132760920828
674,0.15786313247632502
675,0.4202047144516371
676,0.08511788359404061
677,0.03473498029049826
678,0.07210884586351965
679,0.033709917471818826
680,0.12177163838081335
681,0.13489414610339112
682,0.01606008104319284
683,0.025266042124189904
684,0.06543285138770427
685,0.001243436953803709
686,0.09151183905411106
687,0.12294688950154205
688,0.12904217270123175
689,0.08351770179835173
690,0.014248615789417728
691,0.12335344685938783
692,0.1744773491823395
693,0.039615186890822295
694,0.1674353657208694
695,0.13526921322385618
696,0.031884308536555495
697,0.2721801687360637
698,0.05138972135445054
699,0.11349079798787574
700,0.06613817485103925
701,0.15011827569222214
702,0.07765312208640048
703,0.1841025645494926
704,0.0884205281524917
705,0.16231137916443447
706,0.07904925128754979
707,0.09398588085864626
708,0.05089087628887376
709,0.13900835856208033
710,0.056862648375665126
711,0.016057886617327672
712,0.15391556035847712
713,0.03989299601281053
714,0.06800393195319578
715,0.17736639872997964
716,0.05606415531923481
717,0.21032110413556016
718,0.013178843818032979
719,0.053159913697231775
720,0.21472041767097652
721,0.13045079936248052
722,0.05374631241948377
723,0.09181041931783693
724,0.08651054323734708
725,0.21283033279321448
726,0.043472290644958785
727,0.2497966673401822
728,0.06255709484238076
729,0.033456625321501884
730,0.17627034935263225
731,0.12857971008492
732,0.010713026186831424
733,0.21595173534220674
734,0.15032814825320034
735,0.010834683063129388
736,0.009487729217678636
737,0.16322980420413666
738,0.12770142794552428
739,0.1220251495667659
740,0.03143757279014781
741,0.09662924483472174
742,0.0566401285977603
743,0.0422828364701688
744,0.12169437990182218
745,0.007590818750799309
746,0.11788847450387835
747,0.0027284409000694386
748,0.11291714116991325
749,0.09420466566716476
750,0.03424780291896469
751,0.2884340968764041
752,0.03187627152674554
753,0.19384868272002626
754,0.0959642131058933
755,0.028129199054983747
756,0.021187819538351728
757,0.24765171183958626
758,0.005388135291447906
759,0.14795484804883136
760,0.2431818509923762
761,0.1601823077327019
762,0.038550401670229176
763,0.012947879666329544
764,0.13687846311528926
765,0.05928540444532409
766,0.09146350095719112
767,0.05987900628755913
768,0.01666121686361533
769,0.18358557783100746
770,0.0422161313138246
771,0.1446603575365556
772,0.1619202081399427
773,0.11812492055551925
774,0.028318444949624717
775,0.11777717816499594
776,0.04667951332049045
777,0.05669633240909815
778,0.03251602716403276
779,0.06076837481682236
780,0.03999776404499697
781,0.08964194184940334
782,0.07350365120969242
783,0.03425925531282732
784,0.1423348171654793
785,0.296637678633746
786,0.1872484056166736
787,0.1878522436046226
788,0.21667761868565405
789,0.16637092755617902
790,0.26530055859423657
791,0.03975927020058617
792,0.010476522972608641
793,0.032720579390949814
794,0.13244176198082155
795,0.007406320874875255
796,0.1867106671918458
797,0.09235694148945328
798,0.19018416811700947
799,0.035164652239126334
800,0.07762084018208723
801,0.16384774120922027
802,0.08131377193721606
803,0.3617748397821089
804,0.2798397155450837
805,0.12364296958833468
806,0.01038701126827428
807,0.04423115916417448
808,0.10623377458534376
809,0.060425548329354324
810,0.15135288973407998
811,0.028412777627682344
812,0.038483955904302834
813,0.17691424247697934
814,0.03864678235039131
815,0.14140490601645872
816,0.17205414506791053
817,0.11182428039287796
818,0.2967266384120094
819,0.007632308110535463
820,0.06579945064824802
821,0.12341165095580628
822,0.024422736230967097
823,0.236505540937725
824,0.11681766227008185
825,0.08942253495822873
826,0.07205916873537185
827,0.06480379460688482
828,0.015556551861341528
829,0.09117502642631893
830,0.06055290178400001
831,0.047012101313286266
832,0.049826724571887145
833,0.2917382884686356
834,0.1258406923790427
835,0.16491110770626502
836,0.15217964909173848
837,0.2595297460353277
838,0.0588646292393382
839,0.05002678654210367
840,0.06511558588208506
841,0.09773723009923717
842,0.015667825721154643
843,0.03932066479855169
844,0.0500742783144212
845,0.06616820541539314
846,0.08420772302250719
847,0.26782534887781506
848,0.07149383586152468
849,0.12387934474871055
850,0.0565891004910173
851,0.04049840568884205
852,0.1677106568712687
853,0.20868466321730628
854,0.1280449195983168
855,0.031604253033207165
856,0.0946523431798595
857,0.0055110839543120365
858,0.4396376993214789
859,0.10650602028315867
860,0.1905065934795748
861,0.15879137157584014
862,0.002966513437076732
863,0.2497233850063048
864,0.052214850252992016
865,0.0007862519799439067
866,0.0651570655621217
867,0.048730076851751215
868,0.050325336120167284
869,0.2721954247249204
870,0.009352322254814114
871,0.15474409850437162
872,0.007215043018788713
873,0.2009648396163368
874,0.034858683995410165
875,0.181214406480311
876,0.07767250773208198
877,0.09440285826327496
878,0.0663122972000334
879,0.0993794366458153
880,0.009831912340848868
881,0.1153671267756312
882,0.08622500826430354
883,0.19595513863522432
884,0.02049224557478421
885,0.05596966479048108
886,0.1476680976452345
887,0.3700146715278726
888,0.16669302108883358
889,0.17118147445310586
890,0.0013312009908045975
891,0.01742701217160961
892,0.005709810061200857
893,0.031122107026348437
894,0.2465269024322971
895,0.08696906819919956
896,0.07418482097579218
897,0.09803959677678224
898,0.0034519139636392453
899,0.06362520423727155
900,0.0654080471370146
901,0.18101366629024698
902,0.027057995932918112
903,0.17632544917978793
904,0.05336642574555227
905,0.2448536920571615
906,0.22322713870820707
907,0.1149212002599522
908,0.028197664924980933
909,0.04823181885885363
910,0.1332591670886231
911,0.0766823339990501
912,0.001051500760159963
913,0.020809273261974483
914,0.10439452377760976
915,0.13252591033924008
916,0.15401250868284574
917,0.2655154205647666
918,0.12952064529859622
919,0.0047303382899918905
920,0.008158680176195605
921,0.02829145259893114
922,0.13547172646112135
923,0.09169650942482176
924,0.009339080366416813
925,0.08803232943090962
926,0.056179936089832766
927,0.03599928121222371
928,0.195615928366252
929,0.02498315521503789
930,0.3288681212036303
931,0.1243562437506921
932,0.07466725546869253
933,0.006260066155213583
934,0.2885123674722193
935,0.009592403138496177
936,0.04174095641888882
937,0.022129509803469484
938,0.2427178054477436
939,0.002342512294971013
940,0.1008743290589465
941,0.09406382260645928
942,0.07090887117457444
943,0.13375328572397718
944,0.23344105660851885
945,0.019687956760763372
946,0.087232328076735
947,0.11744590855836425
948,0.1308480812732012
949,0.17380855396753772
950,0.1285669544223162
951,0.10589730748108438
952,0.03840673372488848
953,0.06025100872399777
954,0.01966083640930226
955,0.0483737043459167
956,0.17534149692613168
957,0.0615733346606469
958,0.10955809068873547
959,0.0056773014096060045
960,0.19607085147167624
961,0.15507627723479508
962,0.06928329373299402
963,0.1443704957152703
964,0.1751787976664914
965,0.13569590994149072
966,0.060703332755140574
967,0.0060482815499139815
968,0.1078525000155324
969,0.1521822449560364
970,0.052187258547417
971,0.2802938546334532
972,0.03702582600950958
973,0.0039379470333075145
974,0.06805797554662937
975,0.07785112252639392
976,0.02539216574267129
977,0.004189040734963799
978,0.1103126579631772
979,0.12396654510657695
980,0.06415527567347243
981,0.25032906449241776
982,0.28710352850958504
983,0.08480480885626862
984,0.12906138900270378
985,0.001846561715101407
986,0.07744394692277541
987,0.17993137011081503
988,0.022206107359985773
989,0.023236997385149345
990,0.046715868818170296
991,0.0930045772150352
992,0.031595059534322234
993,0.05075700573529116
994,0.15827839422514522
995,0.08509226705740464
996,0.13311605132626864
997,0.036784634702713766
998,0.16334745368873413
999,0.02647891090569415
1000,0.02448284281342683
1001,0.09828776929006516
1002,0.020014323829120828
1003,0.14111911311066536
1004,0.15989704180485292
1005,0.04430586462751165
1006,0.11209366435196276
1007,0.038536425763255104
1008,0.01977113432550443
1009,0.1025251255528999
1010,0.12664598262413834
1011,0.052759128676041066
1012,0.1309025472782408
1013,0.040544538557801615
1014,0.37781092378161785
1015,0.0918763554876794
1016,0.12148487335615935
1017,0.09923683242800424
1018,0.03345433013813714
1019,0.1363809396282956
1020,0.10236471875122433
1021,0.11115539778765672
1022,0.1995449164197564
1023,0.13051530455701615
1024,0.0007652267318046142
1025,0.145617577224349
1026,0.3286814076017108
1027,0.08207030510933798
1028,0.0079466428493204
1029,0.12098730467457187
1030,0.0450535492248918
1031,0.20682580222906666
1032,0.2256885174339129
1033,0.12332522609766786
1034,0.32499092630777704
1035,0.1749658761196038
1036,0.07839434833833724
1037,0.01685368478615442
1038,0.1826056023706781
1039,0.17690553831458258
1040,0.1850792518786161
1041,0.14266130072027364
1042,0.13257972321280495
1043,0.0491535327363534
1044,0.12408260554636695
1045,0.026844632467075424
1046,0.18811945887211629
1047,0.10506160051837486
1048,0.18856738541757406
1049,0.012579460002483944
1050,0.0518395115081558
1051,0.0008003925283558543
1052,0.06369233263267071
1053,0.06616193828486204
1054,0.016869765308186388
1055,0.17973045858833214
1056,0.11171846466768527
1057,0.16225799239396238
1058,0.07685679902017964
1059,0.4522679356966414
1060,0.05122005263899793
1061,0.1042057510625388
1062,0.002594470767385889
1063,0.04482824012135682
1064,0.013001063735321906
1065,0.07468665359938427
1066,0.17969943472956862
1067,0.13014345482525722
1068,0.04082395407073635
1069,0.059616916738012074
1070,0.048775680860504135
1071,0.057048958146033876
1072,0.3855216889447549
1073,0.08788891603026071
1074,0.18333441418453966
1075,0.17736283744354275
1076,0.016904568155436023
1077,0.11188543803669468
1078,0.08604677311827028
1079,0.1654329784344213
1080,0.08543338690964326
1081,0.3520615515099026
1082,0.18738607526398704
1083,0.014040094724090069
1084,0.2710800858420287
1085,0.1616585944498828
1086,0.07149969189681703
1087,0.07134131787500304
1088,0.04379994747610026
1089,0.07984718886799849
1090,0.2059858013396396
1091,0.08942097298464506
1092,0.2701895109163039
1093,0.0719591473412083
1094,0.06852196916952229
1095,0.10943193791162376
1096,0.17943755129492875
1097,0.06467359738642507
1098,0.16844271767708774
1099,0.17392530844957402
1100,0.17339986629734044
1101,0.031811709380984536
1102,0.2678247699410501
1103,0.33871191292893804
1104,0.057633636915007065
1105,0.37446616465703775
1106,0.05943576625735213
1107,0.0181634717306498
1108,0.015229913633681013
1109,0.07853835671227596
1110,0.010805636244617143
1111,0.17940023064429303
1112,0.14016166911527608
1113,0.0120384500639426
1114,0.11669584847630544
1115,0.08543906003428815
1116,0.2382342682540781
1117,0.06618588415777296
1118,0.13194210936604284
1119,0.06380486938934846
1120,0.21509973901668766
1121,0.1866310489664448
1122,0.14849814940784822
1123,0.11669164134782226
1124,0.005108088474317329
1125,7.705224384189219e-05
1126,0.02182400126886526
1127,0.1137842308903992
1128,0.08293501008188382
1129,0.2417467016224594
1130,0.020266150430933917
1131,0.22287696227726791
1132,0.33197113648099136
1133,0.13755107734177338
1134,0.16243346036743456
1135,0.1337358439512286
1136,0.009033956713582264
1137,0.1070472185781391
1138,0.0338864199599223
1139,0.14073061186711985
1140,0.10542316337246993
1141,0.09255096350639723
1142,0.13715637907913078
1143,0.10678402860843156
1144,0.06475706502752439
1145,0.060267500586667314
1146,0.04131582741490858
1147,0.0001819557186378438
1148,0.010777642860587204
1149,0.1487488337755524
1150,0.09203958070658892
1151,0.07420488838545261
1152,0.017039256473400488
1153,0.10535426508008157
1154,0.01619618775046611
1155,0.11568611466699
1156,0.1270765582689757
1157,0.1308141894786772
1158,0.011958090544954992
1159,0.2747775900099756
1160,0.15483796696308774
1161,0.03105817805419807
1162,0.026977280790651082
1163,0.08050387762232272
1164,0.13959745497298526
1165,0.21096059085133015
1166,0.00334612087345152
1167,0.19888843924209187
1168,0.1665038426771398
1169,0.03596745638223653
1170,0.14495972521730566
1171,0.0426643631000776
1172,0.09996712325177078
1173,0.1448615749188088
1174,0.08363027197287018
1175,0.1914905547790187
1176,0.07276803366066248
1177,0.12570938457588288
1178,0.16993820100269103
1179,0.10485038861141494
1180,0.2380547580029728
1181,0.06331538163106064
1182,0.002010287875242135
1183,0.17028819308865556
1184,0.004725329352665316
1185,0.2020549837625362
1186,0.17318740566545432
1187,0.15456017428154215
1188,0.08065752115725912
1189,0.14595857886773178
1190,0.16328014993700274
1191,0.00022445315264143926
1192,0.0067601236315610064
1193,0.004031341568859845
1194,0.031434021041501836
1195,0.1335139846330319
1196,0.1657494336868256
1197,0.028328027880797794
1198,0.3330043631290849
1199,0.09572717145328434
1200,0.007970375039057159
1201,0.08042204116868283
1202,0.09266333670969526
1203,0.02536398956396153
1204,0.274164554971874
1205,0.02601521068108716
1206,0.2440734662999648
1207,0.0055969083395772425
1208,0.07731243401607657
1209,0.03691152254952295
1210,0.13785834395417487
1211,0.13824818983221976
1212,0.0685340050338648
1213,0.2189647503955664
1214,0.3815817719960191
1215,0.13455716378442487
1216,0.005308005509211154
1217,0.17564302700677406
1218,0.028650687025516142
1219,0.053801376823948484
1220,0.0040546550153400356
1221,0.01340889496922253
1222,0.1439008864116943
1223,0.14705236703991648
1224,0.018950913601475817
1225,0.04367634119346917
1226,0.013227263604431171
1227,0.0061073056350983606
1228,0.11462566284204248
1229,0.1356883375899482
1230,0.04006300257640583
1231,0.0037198817346741774
1232,0.05601694176314257
1233,0.2674611631276805
1234,0.16694352553804706
1235,0.08785641060222685
1236,0.060988402451118716
1237,0.0852386961310018
1238,0.19823763696907934
1239,0.11187118663028484
1240,0.07848501924304227
1241,0.1978261746252893
1242,0.0934177057128968
1243,0.22401315803797567
1244,0.1646175156758819
1245,0.00610003559914782
1246,0.16100538079906826
1247,0.2425291877287947
1248,0.09882533349083104
1249,0.05665677876212705
1250,0.07736443772372559
1251,0.0758083742151629
1252,0.1666574755708327
1253,0.027996247130239082
1254,0.02024739854196181
1255,0.09478460357290837
1256,0.06387650265182973
1257,0.0650928465756303
1258,0.03381268746374585
1259,0.013443312597748471
1260,0.15936321289946012
1261,0.14138513265341046
1262,0.06255226383118366
1263,0.013387397319475016
1264,0.11920292624293688
1265,0.014609127031723082
1266,0.15173917477227414
1267,0.037754633157723386
1268,0.018245472541301464
1269,0.24127317906230916
1270,0.02000667521059191
1271,0.0009816373123207982
1272,0.21323820951396927
1273,0.08884155891873557
1274,0.11242244407929808
1275,0.04054751150169747
1276,0.11295936345350192
1277,0.1043421925044083
1278,0.01862280790956914
1279,0.146263660399803
1280,0.06293981522421589
1281,0.28716816611479273
1282,0.009816819880918592
1283,0.1439410383474835
1284,0.28288044772894383
1285,0.01945027220898748
1286,0.015601424749166178
1287,0.012894565177167736
1288,0.07717751041695578
1289,0.13493488454233055
1290,0.2816153069664721
1291,0.09909870299185672
1292,0.2190591660555162
1293,0.23778060074562354
1294,0.10130095507026032
1295,0.012214399389942643
1296,0.1295665775433646
1297,0.008456735510460705
1298,0.007637157498857607
1299,0.02194581583449873
1300,0.16951672521755054
1301,0.21028282044049196
1302,0.20662153565595887
1303,0.1401581606708984
1304,0.04047823106685733
1305,0.05921249390541471
1306,0.16324660730319268
1307,0.1429205624534853
1308,0.2231759457961252
1309,0.03775982945612541
1310,0.4057320246036836
1311,0.2644226049737784
1312,0.3008971748839607
1313,0.19484986445036653
1314,0.09186324851086393
1315,0.1524507322582899
1316,0.008394534340206641
1317,0.15247840098107135
1318,0.021661533643665944
1319,0.030775435003353963
1320,0.0229742994306108
1321,0.06685469322509817
1322,0.14339487670840506
1323,0.0047794242392152865
1324,0.0688017367634624
1325,0.057559117980824324
1326,0.0381678196115012
1327,0.08599575267100698
1328,0.1577072373176546
1329,0.06880642196843564
1330,0.12821642939143782
1331,0.1595574278973021
1332,0.08486901704430941
1333,0.11232340992503524
1334,0.1311128626941807
1335,0.2202459946379229
1336,0.053678130593480144
1337,0.08537079071688879
1338,0.04830118548137896
1339,0.047931638820206186
1340,0.0021689031075160167
1341,0.1870871830987027
1342,0.18882428032790805
1343,0.08909035536434665
1344,0.11920116725013885
1345,0.3465515139487197
1346,0.09000398226969218
1347,0.04069830565781353
1348,0.2023336457217441
1349,0.019588137745421414
1350,0.016932982343580268
1351,0.10026417110882918
1352,0.18502619085054775
1353,0.3097860407994035
1354,0.000558827405128479
1355,0.0385525187537258
1356,0.22428766704091616
1357,0.0035954524447597037
1358,0.046286963368733405
1359,0.020979314499656173
1360,0.14490575283543453
1361,0.20299725722719006
1362,0.16014401562747224
1363,0.1690327608009961
1364,0.0475135673905024
1365,0.10880345771054226
1366,0.20399470835806613
1367,0.16397924266550334
1368,0.10671014937654193
1369,0.16180031452036658
1370,0.04556740435954546
1371,0.13990551574489804
1372,0.07843511919437196
1373,0.019331820040443537
1374,0.1595057950109259
1375,0.19742339574690804
1376,0.10987168080811877
1377,0.08192648269276921
1378,0.08516949331399615
1379,0.055137725381975214
1380,0.021895677907749087
1381,0.05325845982056973
1382,0.10212180266585537
1383,0.2806597808331697
1384,0.2493933542447577
1385,0.05716696732297991
1386,0.06367345829806162
1387,0.11884667489438484
1388,0.038716399115973084
1389,0.13452451275457467
1390,0.04748791360080402
1391,0.055439768626522584
1392,0.11143404943191564
1393,0.15536457530778702
1394,0.05351577522482776
1395,0.16976857511942178
1396,0.03134346992362157
1397,0.03397026029311686
1398,0.1685970997899667
1399,0.30326402089681115
1400,0.20272304871146493
1401,0.0770168788360366
1402,0.0441428758976878
1403,0.21073220721995264
1404,0.15832680772583954
1405,0.07873584622013803
1406,0.24915963089793774
1407,0.16688159814721984
1408,0.07269668936907066
1409,0.08852174152556364
1410,0.004986546236815406
1411,0.17833686987245054
1412,0.016732472009899534
1413,0.1406574312347824
1414,0.02013592326504824
1415,0.07154724447885136
1416,0.02717074723563121
1417,0.08203019702120669
1418,0.107893075992168
1419,0.21308319712649104
1420,0.08175103693422991
1421,0.17277417629597872
1422,0.12228140924588425
1423,0.10132414778383757
1424,0.035164172163877266
1425,0.0746559708336601
1426,0.1508349586475012
1427,0.2555186671271419
1428,0.0280074435839284
1429,0.06716045992508751
1430,0.07181334661331601
1431,0.0216692731134801
1432,0.06675241423168281
1433,0.062099918118585715
1434,0.002341194493138712
1435,0.10437150921916866
1436,0.1838284425019153
1437,0.08827997016795215
1438,0.06291045265106675
1439,0.08864903531713322
1440,0.1912463023940044
1441,0.2368017612879289
1442,0.2553988674878422
1443,0.05084744014912071
1444,0.32079408382519714
1445,0.10291473700429074
1446,0.1009394223106886
1447,0.08005317783903299
1448,0.15610452829652785
1449,0.08644343626567401
1450,0.14296116142496196
1451,0.06684012281035955
1452,0.2027139426045632
1453,0.07841120040984491
1454,0.1389218879874261
1455,0.12256306434107647
1456,0.16262234430399355
1457,0.18806154325974245
1458,0.04751338229274313
1459,0.31023501549717925
1460,0.041429299587238184
1461,0.02804922089078449
1462,0.3100576303821858
1463,0.1610784990446157
1464,0.109086986846574
1465,0.11262936407485193
1466,0.006870870870620542
1467,0.10622786285911047
1468,0.12164272646590177
1469,0.22968329312295735
1470,0.08294875468469211
1471,0.08029435204874331
1472,0.10623074350854564
1473,0.03173083757017549
1474,0.14628291123321785
1475,0.049878325250404316
1476,0.08266174961482803
1477,0.0912999712406101
1478,0.02311640444655384
1479,0.039084877128166315
1480,0.07637772198706126
1481,0.05322777372419782
1482,0.2784324807998489
1483,0.030625603278183988
1484,0.08192294237175334
1485,0.1972267909248676
1486,0.02537879916974816
1487,0.019796524448985248
1488,0.004841666211769032
1489,0.011775134007730784
1490,0.24303813325664525
1491,0.21256720524238734
1492,0.01606269225532462
1493,0.06924553887530006
1494,0.09032211610134966
1495,0.06931155436640933
1496,0.022635906264282645
1497,0.18979880902226992
1498,0.005139394648294675
1499,0.13447408998318774
1500,0.14948955792810842
1501,0.03624207909076716
1502,0.28143114737917896
1503,0.18198498575824407
1504,0.09041969058739913
1505,0.19735484885278196
1506,0.2767472108765497
1507,0.0248486159864018
1508,0.05642757640677944
1509,0.009188342193608595
1510,0.06884443593057259
1511,0.12016280901083295
1512,0.12351343284094365
1513,0.10466051427808737
1514,0.07681385543779459
1515,0.197695391857506
1516,0.15793197748893795
1517,0.09585613927704303
1518,0.00920815711827834
1519,0.2521889264325983
1520,0.04193424621442374
1521,0.13172362870567894
1522,0.08005179097605253
1523,0.07636445465928372
1524,0.12487538411067654
1525,0.19285528218024545
1526,0.06630535119821121
1527,0.1804341246053721
1528,0.2488974418383801
1529,0.04289839128983293
1530,0.08778685698190401
1531,0.034938938246973944
1532,0.09627051867165658
1533,0.2345598370066488
1534,0.01989885750810416
1535,0.11108125077034572
1536,0.10679109657046956
1537,0.1430166240069957
1538,0.19870597438976897
1539,0.3452150373546726
1540,0.0038031255362757383
1541,0.0876822572723566
1542,0.13614663865594356
1543,0.17982524011339907
1544,0.10407916437287767
1545,0.1589071969859508
1546,0.2242796142169257
1547,0.06666908196304742
1548,0.00020310224160150633
1549,0.10549006861873628
1550,0.10075385143296473
1551,0.06519032410866456
1552,0.2881558225007242
1553,0.08318976396685429
1554,0.061443559601690574
1555,0.1376746702956719
1556,0.02667401531921156
1557,0.08296030196464704
1558,0.15184757629767898
1559,0.12901718038069304
1560,0.2275416699876917
1561,0.15304819967578068
1562,0.006499520017517597
1563,0.06074296224066854
1564,0.06814735084586779
1565,0.117249726550955
1566,0.11455392074017168
1567,0.01946764721607431
1568,0.1490251927377636
1569,0.004854097733391414
1570,0.023985098486664448
1571,0.09972460059213614
1572,0.00947469201128756
1573,0.2301873506962692
1574,0.05610125689249396
1575,0.05384789304443064
1576,0.19653898660822275
1577,0.2576230177426532
1578,0.03542150786688588
1579,0.09224087909191377
1580,0.007108783298130203
1581,0.1895012722516864
1582,0.01868006390221836
1583,0.028712704929352423
1584,0.020495336399341813
1585,0.02807343457654045
1586,0.12359293498802075
1587,0.01941320217816677
1588,0.04028174230342589
1589,0.22980832896659004
1590,0.006545847675764399
1591,0.012774821914125722
1592,0.0816362227220283
1593,0.1073236023597495
1594,0.08051837073177019
1595,0.16967964252558204
1596,0.04680215386918738
1597,0.03115938538959493
1598,0.02190586452390871
1599,0.015389313204988913
1600,0.002796248365811216
1601,0.0544753632582716
1602,0.0387314458486621
1603,0.15331519083917425
1604,0.020797020571623644
1605,0.3639219435594489
1606,0.111215236528017
1607,0.1049717541770505
1608,0.021459967765323558
1609,0.03996485594325822
1610,0.07479201795895833
1611,0.029725599068695718
1612,0.14348716342343046
1613,0.0002492810553139605
1614,0.08612184279318752
1615,0.10842395570398547
1616,0.09298088354033088
1617,0.03552551955210208
1618,0.03499857926432241
1619,0.20037053077913766
1620,0.17786378064877986
1621,0.018256281016557286
1622,0.11562873591171448
1623,0.029760690545844744
1624,0.11715691653668835
1625,0.05296023237419077
1626,0.07329702900138875
1627,0.2665742385881452
1628,0.2612867296530758
1629,0.06440296969603268
1630,0.009392013752040476
1631,0.08731887031542296
1632,0.04939015643093401
1633,0.1468474610945356
1634,0.12446145030852147
1635,0.11236267682718812
1636,0.043614736104780664
1637,0.2026418761462776
1638,0.030441964933879406
1639,0.1913731076446155
1640,0.003955741924786503
1641,0.035124291577051166
1642,0.2490620132368496
1643,0.0760705558499698
1644,0.12919242277232196
1645,0.237597305690866
1646,0.07796768953211015
1647,0.06629606195121918
1648,0.09123180690259657
1649,0.12767218012272227
1650,0.27585167800222504
1651,0.12684531040429672
1652,0.03865365663665605
1653,0.1085343381183522
1654,0.08739826825292482
1655,0.0065676854628581435
1656,0.01346847516055487
1657,0.08353854909656303
1658,0.0951551641329392
1659,0.24456411314672535
1660,0.010790388257592176
1661,0.09818646130902632
1662,0.005392805763954303
1663,0.06628836616174168
1664,0.23149778290460055
1665,0.16453625933552365
1666,0.11895339175779855
1667,0.1388538972724827
1668,0.1365283053168863
1669,0.030511222330175312
1670,0.0488956513973064
1671,0.02829139827956487
1672,0.06180217760702327
1673,0.12800548044392301
1674,0.13650220480917402
1675,0.06844130299863645
1676,0.17557231911410448
1677,0.040451355482532515
1678,0.02280676652070084
1679,0.009299493650616124
1680,0.12416578307055715
1681,0.009920348313761313
1682,0.003975349304779525
1683,0.11890043152790675
1684,0.029680248089260182
1685,0.002684764975592745
1686,0.2645525165938869
1687,0.06255110070075402
1688,0.07369537673423925
1689,0.010137337874717336
1690,0.13905299120682066
1691,0.1156259888783036
1692,0.07595496091212166
1693,0.0020502852544393834
1694,0.13671680621672685
1695,0.07175312054257937
1696,0.17558321312284322
1697,0.07674466168790275
1698,0.10206686288677108
1699,0.01794555093746614
1700,0.3285875752696269
1701,0.07725288810377816
1702,0.18089032418535647
1703,0.04117630518168714
1704,0.03225795424813995
1705,0.0414419803262012
1706,0.14829692295184413
1707,0.028141346779041388
1708,0.044040786554256466
1709,0.08361723726285054
1710,0.0742707945006608
1711,0.012177229760596849
1712,0.022742623750436692
1713,0.225487806055011
1714,0.20312748479702356
1715,0.026580785380156485
1716,0.10962502689734546
1717,0.14656730157234055
1718,0.02377927124549761
1719,0.17308343797537892
1720,0.1254232647984572
1721,0.02846603152490675
1722,0.2380956129829437
1723,0.06403283057804536
1724,0.0073925533157261185
1725,0.1192244062587037
1726,0.11359729093910033
1727,0.0432435456367463
1728,0.1151062260446367
1729,0.11593168543357825
1730,0.10117815487908982
1731,0.061649565979293525
1732,0.11651746298737448
1733,0.16281828554261688
1734,0.11041578601491113
1735,0.11623002339862515
1736,0.20414179417003045
1737,0.150744026731576
1738,0.09665221989247463
1739,2.6351919242984658e-05
1740,0.04094791103053642
1741,0.06044796910007631
1742,0.04867613759038058
1743,0.10822420685128922
1744,0.05374066649347154
1745,0.07452215074199786
1746,0.042693334836079185
1747,0.2424167944624675
1748,0.01860966577437492
1749,0.012513402688950391
1750,0.02349147879018153
1751,0.024284037816029
1752,0.08940051494040915
1753,0.10094061801357576
1754,0.032559850908345817
1755,0.16193920891319485
1756,0.17920978858343078
1757,0.03445289750906515
1758,0.13674462441925345
1759,0.217225577483211
1760,0.02537005266631611
1761,0.012585750146529764
1762,0.21641049862802672
1763,0.1359228490071995
1764,0.09740327760571864
1765,0.08036307667113382
1766,0.04400981533990748
1767,0.1512615590653274
1768,0.07029477731985945
1769,0.19713022112951414
1770,0.043240517360817673
1771,0.06810175022965739
1772,0.054692499024948715
1773,0.13770556105059953
1774,0.11318178644191633
1775,0.20384993065490087
1776,0.1803334527503886
1777,0.015482403253225809
1778,0.10821804275116996
1779,0.1475093309521893
1780,0.18692510283960853
1781,0.20181953014194254
1782,0.012417254539396507
1783,0.05256594808894007
1784,0.09739801586910944
1785,0.13286929965422506
1786,0.08426619464680164
1787,0.2575863592313479
1788,0.1819952048527328
1789,0.08211125135026896
1790,0.11676550574919002
1791,0.25006791259151306
1792,0.10102115002260567
1793,0.1880778696165866
1794,0.2109581866106326
1795,0.04524815573621792
1796,0.08594283250308578
1797,0.1449096145783587
1798,0.17239099807102018
1799,0.035422944492431704
1800,0.07882368584163947
1801,0.016644874370064847
1802,0.17970568604445586
1803,0.007125628239943662
1804,0.17185188773048846
1805,0.003607146389644472
1806,0.013528462349186338
1807,0.12249285655220295
1808,0.09546073758877577
1809,0.006507380747291318
1810,0.06030930309145851
1811,0.031503666255798916
1812,0.11967318516627375
1813,0.12338972967183062
1814,0.046487529232789815
1815,0.3646987194792641
1816,0.11264621949225652
1817,0.10639253446560457
1818,0.03881284696202384
1819,0.07194442284736656
1820,0.1526421403615629
1821,0.07538744909313992
1822,0.18228523300001206
1823,0.003289123001156841
1824,0.1156860573928812
1825,0.04271485932655096
1826,0.05606904733489754
1827,0.18149787091467887
1828,0.05381590553653652
1829,0.0009336276143553305
1830,0.14220908323304474
1831,0.19209770084681987
1832,0.15152679352123133
1833,0.023465401929009054
1834,0.08464246785177612
1835,0.055446076054750416
1836,0.10600550487023297
1837,0.009721689793715923
1838,0.14253284781065986
1839,0.11660923394650513
1840,0.09477473393111764
1841,0.05447861284079784
1842,0.006429620869683791
1843,0.12971255496271142
1844,0.1898200245343289
1845,0.3781498596341752
1846,0.016040290698879755
1847,0.3569701316003746
1848,0.01779253432452509
1849,0.2028140745196191
1850,0.1076189530372699
1851,0.27441726555400103
1852,0.034776572135043884
1853,0.04192891204290111
1854,0.10838829263071326
1855,0.013342354054864041
1856,0.11225818007848057
1857,0.02893124558831207
1858,0.01855005149130987
1859,0.060841990810162526
1860,0.20150222734950804
1861,0.021235883164397614
1862,0.10661665465662074
1863,0.2258726380999999
1864,0.10364809454653694
1865,0.014973023340758663
1866,0.0627337583533325
1867,0.2747197526667905
1868,0.16381869476731384
1869,0.2978190521665203
1870,0.2506347559750441
1871,0.0030070327575898274
1872,0.104764647032454
1873,0.08395457850504913
1874,0.011619671501459986
1875,0.03768129686164418
1876,0.1466388511107237
1877,0.002160168350251412
1878,0.17387787660348622
1879,0.04860878663293059
1880,0.03204853373667391
1881,0.06193594949194765
1882,0.15891611787456544
1883,0.21315416802361847
1884,0.018476360666348203
1885,0.2246551452787645
1886,0.12655384659010827
1887,0.4029965221849364
1888,0.0917780579638709
1889,0.1000704136000808
1890,0.1301002168420522
1891,0.3127859771139536
1892,0.030539641000498705
1893,0.17159161295316186
1894,0.08586217726925667
1895,0.1416770213991864
1896,0.17128585008709524
1897,0.03880769009151104
1898,0.11014144707420236
1899,0.030610605449220857
1900,0.037773474960494165
1901,0.15220910716961122
1902,0.003998057400182947
1903,0.4051733680793835
1904,0.10803623951201834
1905,0.10773898512916998
1906,0.07776920394996259
1907,0.058961766675433486
1908,0.26908119996109736
1909,0.023555827765332545
1910,0.2819070866523036
1911,0.14645305275275444
1912,0.030164727263293518
1913,0.037604695542194214
1914,0.21284721359399056
1915,0.1660211702077108
1916,0.049477325599159
1917,0.0618407450281397
1918,0.11315696777188942
1919,0.19584036254742465
1920,0.07787581259257678
1921,0.14083331562432894
1922,0.19080256022441947
1923,0.2289234905307101
1924,0.2194603394892367
1925,0.08106877066224633
1926,0.2847684752965192
1927,0.041412592775591665
1928,0.08548893514589721
1929,0.12922866806205546
1930,0.0012041748760159682
1931,0.2104984486505979
1932,0.190803180216924
1933,0.01100615566239433
1934,0.26130064063886616
1935,0.0873391605430931
1936,0.017093201253294138
1937,0.04929725469342559
1938,0.22432483185584506
1939,0.10195496088315456
1940,0.11631026606680142
1941,0.07699460405786228
1942,0.11667672204791801
1943,0.0437129253672638
1944,0.3340538242077743
1945,0.12259786759982015
1946,0.006601487447074049
1947,0.003947951395109464
1948,0.010050035323317158
1949,0.028197333111075674
1950,0.013873884355708006
1951,0.008969094245734029
1952,0.09837884101861158
1953,0.05804372495141767
1954,0.07248552453079038
1955,0.1138553034645026
1956,0.06664411449570648
1957,0.1368704304367834
1958,0.050387834629225525
1959,0.1161854569051337
1960,0.20948181765990825
1961,0.044955625553107066
1962,0.0754246812718492
1963,0.034784723952071495
1964,0.036595332226461885
1965,0.25684760106038945
1966,0.02720956406355193
1967,0.15293627801779353
1968,0.10737176459985928
1969,0.1666741116994295
1970,0.05224476024375708
1971,0.03277984708380701
1972,0.21521765345160146
1973,0.03862323904130678
1974,0.12278154976278792
1975,0.007088611870201438
1976,0.13954478830984174
1977,0.2573074546551804
1978,0.1386426558189763
1979,0.06431194840937338
1980,0.011810158784017262
1981,0.2346402085010098
1982,0.21962436422783274
1983,0.04767973486077276
1984,0.038236209713812364
1985,0.13292456602952246
1986,0.15722900876132476
1987,0.02464289451045877
1988,0.06259855896007449
1989,0.05935208949339463
1990,0.06836783247275667
1991,0.08667131607546905
1992,0.1207234682732628
1993,0.09220706956813636
1994,0.02482211780991937
1995,0.07305029654795803
1996,0.1992085894597986
1997,0.227260921655129
1998,0.04502036220387957
1999,0.03994177534722208
