,value_per_image
0,-2720.6746822879863
1,-3436.5037951559552
2,-2726.669592962432
3,-3814.314935592672
4,-1779.7682097261059
5,-573.4953946765995
6,-642.7127734433002
7,-743.7960920258561
8,-1538.0220450154638
9,-1843.5424293822782
10,-848.4429830724713
11,-294.08699452943813
12,-167.36484831476704
13,-16648.957935337698
14,-5844.531796135261
15,-2333.585184588009
16,-3272.754908398269
17,-1392.6855493358523
18,-190.4431011740909
19,-942.7178690465608
20,-1405.3095259564245
21,-1167.542336278246
22,-2167.077914577885
23,-1689.925786090174
24,-808.5891395984899
25,-439.1186509709623
26,-1524.444320751143
27,-3167.005010338621
28,-703.5094409520499
29,-694.7638196909053
30,-23266.979354712174
31,-1700.0090586256165
32,-376.5426581219737
33,-1511.1688461491585
34,-329.3958677028895
35,-1176.3777791555
36,-1463.864103449501
37,-158.92499477347963
38,-599.2771491385263
39,-12059.423779340746
40,-268.56792234898825
41,-1354.6029859844389
42,-2083.2571801380072
43,-386.10173179603663
44,-2083.334472452646
45,-82.63053311102772
46,-1230.164745580284
47,-7797.833779996011
48,-4118.196472083337
49,-795.6234399448995
50,-286.8087111225102
51,-806.8549936434947
52,-2604.074099494143
53,-351.79348190389555
54,-2030.9591283608447
55,-611.326020640853
56,-1198.8661453713244
57,-1050.953212761871
58,-401.8347756291249
59,-1276.9850993516068
60,-2079.995702958662
61,-928.3001172899284
62,-797.645303043279
63,-494.9762971231473
64,-592.0001355064572
65,-27011.648249520003
66,-544.0634410496725
67,-3508.9714404914234
68,-1158.7464868896752
69,-434.365471024698
70,-660.2148037405221
71,-813.6639203913742
72,-505.8976548438743
73,-496.3801882156077
74,-312.1857065567408
75,-57573.873055814474
76,-636.9819313882879
77,-1638.6362484168833
78,-2246.6504039894053
79,-1224.7050994313713
80,-518.5539975657514
81,-1501.2089516984304
82,-1043.829232396177
83,-521.3324682260602
84,-2903.6284389718617
85,-2943.0022277417897
86,-364.39242127079774
87,-1853.065317848696
88,-750.9219411590765
89,-936.7676613937292
90,-8225.450968577194
91,-3499.31342654298
92,-589.8039725669436
93,-548.2190071132037
94,-11433.33050604582
95,-1535.1706097677913
96,-383.00854026856314
97,-813.6302570803085
98,-1757.0572774803748
99,-10432.203707427152
100,-22589.342431517027
101,-493.83135146130724
102,-6110.425154207893
103,-225.12024361017188
104,-1324.4937747768156
105,-1636.0052619105288
106,-350.33277464680344
107,-282.07764039592183
108,-1065.288248911564
109,-26584.819294033463
110,-498.0275537536307
111,-1435.3329986049514
112,-906.8914888920849
113,-19314.12025955004
114,-1032.5867001641222
115,-431.5091556669525
116,-1275.6844769718205
117,-594.1638163068124
118,-963.776522169682
119,-329.90465470106466
120,-378.41460280067434
121,-2717.4518078920723
122,-586.4178898040193
123,-714.9388712958238
124,-1205.8676865855525
125,-562.4309479236422
126,-1987.210085505684
127,-646.7226257315274
128,-841.4531842918158
129,-1398.0949540267288
130,-380.5073582291021
131,-685.8874795444702
132,-830.9734612857812
133,-1077.5287247912177
134,-490.80578316092453
135,-4353.263213290311
136,-2938.6276732783936
137,-330.35622251833234
138,-931.8750199536121
139,-196.07256112554114
140,-194.78183218800282
141,-10468.202777115965
142,-142.7082130512908
143,-1627.7404922025567
144,-801.2941770102498
145,-7743.000280005242
146,-260.8811793543497
147,-515.370136645092
148,-763.6443317758525
149,-640.3901557880021
150,-565.1738108447908
151,-560.7211468270907
152,-214.44244308594105
153,-331.66174761699875
154,-1089.6059994021032
155,-16816.738548714813
156,-553.5072466337178
157,-277.90149310218646
158,-1094.1122368357992
159,-1822.8200546857959
160,-1172.325043158772
161,-503.3514872956898
162,-1335.5562863722294
163,-13376.747204761487
164,-12366.01098698708
165,-419.7079936972525
166,-2623.088241574814
167,-475.42688978346536
168,-367.01237498116836
169,-4359.184920695962
170,-665.2818510076954
171,-4813.13956160027
172,-610.8431696018838
173,-2093.6720648276896
174,-1362.34879331747
175,-627.6240974945807
176,-458.0975781303063
177,-516.4422669127404
178,-922.5553663052859
179,-751.851505284663
180,-341.97028652974495
181,-2632.846378057423
182,-147.16281563005714
183,-325.81628659618764
184,-626.5353083033466
185,-360.6078972188013
186,-1395.0354097002087
187,-625.4216880203047
188,-7727.73833047489
189,-673.8949158003887
190,-260.67145497682503
191,-14044.651683549555
192,-467.0753309913953
193,-353.58747245282586
194,-1139.3938387610958
195,-893.1183449131827
196,-1677.475810114551
197,-378.4331716317656
198,-933.1335329697985
199,-1459.7928437790727
200,-1271.4499786064912
201,-1088.6055369475814
202,-4202.690079901487
203,-651.1729486442151
204,-641.1874404404472
205,-10531.450387663299
206,-1763.5699735791436
207,-1168.2554273214462
208,-2736.231977695686
209,-419.6800751496795
210,-2223.0769604010234
211,-482.9366402328063
212,-1343.3414970531367
213,-419.72788483709746
214,-1393.2759287994463
215,-9277.869713754426
216,-498.78237452607453
217,-1085.5836540014218
218,-5909.414050047398
219,-427.9683580059565
220,-414.34434248663285
221,-711.8250251035993
222,-39252.443655054376
223,-169638.69138751164
224,-340.00241859085185
225,-858.0097895046524
226,-299.5058545436925
227,-5865.010422465028
228,-4231.111933947545
229,-868.7758295097882
230,-530.8513262188734
231,-4427.889940915337
232,-472.3283211110822
233,-980.925509847548
234,-528.9538666641661
235,-224.10231533346993
236,-1874.079484650091
237,-2150.577113687037
238,-1847.9526755510235
239,-341.4335167536022
240,-3079.256204769468
241,-1026.1404393430216
242,-292.87983578559516
243,-8651.623034569438
244,-718.6279541467816
245,-476.87531878752657
246,-204.18541902529725
247,-6054.741277602072
248,-3461.0179435064783
249,-1062.7054973480754
250,-19879.856615825764
251,-695.3603271756456
252,-1847.9477588701322
253,-1153.8541132539874
254,-972.3713831398453
255,-2177.4645196361403
256,-178.77467664440204
257,-5903.5946355379665
258,-746.5109070129332
259,-276.19670785801617
260,-380.1257980277661
261,-367.3369627713691
262,-30317.967340886134
263,-10683.537566136463
264,-1031.251551010722
265,-360.0898007907462
266,-307.68831778876665
267,-947.3262847722664
268,-218.96339654523987
269,-443.0280693271618
270,-1760.3430191420853
271,-2745.90009315033
272,-1923.826317251754
273,-161.22046867421787
274,-998.5122010108968
275,-466.2544590978752
276,-136.65915777840928
277,-128.86644623749027
278,-1197.092440020587
279,-693.4170221627887
280,-2461.063374218858
281,-887.2686694979907
282,-54977.54180009911
283,-736.2765465818306
284,-648.1289162712586
285,-1209.470596074555
286,-399.97931950537424
287,-1832.2349188211667
288,-1552.4993458924341
289,-546.4080263069934
290,-763.1097701555664
291,-1970.2541340546275
292,-5830.356660989151
293,-526.755687697122
294,-244.0956042166441
295,-504.5883886299271
296,-666.7162391327912
297,-429.1834509479095
298,-1210.8389569090434
299,-457.21261821517686
300,-439.6003892286928
301,-1390.8979190155533
302,-1193.8018783897548
303,-866.9497296428799
304,-227.00491159895302
305,-2875.172638160848
306,-450.5216095232785
307,-4516.529662068799
308,-141.2327270741327
309,-857.9073711413658
310,-501.83219022442336
311,-168.46838030424274
312,-1313.407063624564
313,-379.5645303017862
314,-2725.716395802789
315,-469.4265656498066
316,-745.0391782745556
317,-304.46891969818853
318,-541.3384148017177
319,-651.8632214870601
320,-462.20581248346804
321,-751.576307926887
322,-1683.0463454262092
323,-736.9924463576082
324,-365.7625955848149
325,-204.3017612810953
326,-1261.4657058764426
327,-1336.9691854000114
328,-579.0058773098813
329,-1752.5576398091007
330,-7424.818815991234
331,-1201.7609392075728
332,-22487.495825761518
333,-1041.366464830199
334,-740.8052419181139
335,-371.13389323376776
336,-7681.965103986815
337,-395.3573776921022
338,-2769.513458453604
339,-735.8793148041726
340,-445.21087565338956
341,-3620.670106923255
342,-165.88606717029086
343,-1057.5443973149338
344,-388.40008294736333
345,-900.1273572706467
346,-1611.840849595542
347,-691.3906530704722
348,-11680.57632998921
349,-2108.3995702536945
350,-1442.6046245271089
351,-2421.118360121876
352,-225.72295593155425
353,-81.7512231214292
354,-431.17055102085584
355,-4261.203466876622
356,-1310.3660341934367
357,-6054.485765635837
358,-280.1854530872256
359,-215.28121058362137
360,-6068.700064930407
361,-1305.7419269363454
362,-1170.8736238687416
363,-283.02250831529165
364,-293.2035254812692
365,-906.7543773305707
366,-5557.991465283178
367,-7209.870979457522
368,-396.6640059817718
369,-866.7173629766017
370,-1394.4823552825032
371,-348.3425327454914
372,-1982.8995193361825
373,-1086.1291743111585
374,-950.2796058229455
375,-19928.990724842
376,-157.07086016718085
377,-664.6676069509916
378,-1105.663438665743
379,-2236.124710820613
380,-937.0085645753067
381,-336.12927107210413
382,-1509.6618940245578
383,-60012.96149854884
384,-387.73406415698366
385,-9964.166592524552
386,-6917.937936687898
387,-1960.1170912573368
388,-1079.7343699730188
389,-1274.133653672132
390,-1905.997362141746
391,-1165.1707746929985
392,-974.235147243272
393,-2753.429630086625
394,-398.40397160257567
395,-1835.933982652672
396,-474.47692994231363
397,-966.3942137480127
398,-537.3367429603098
399,-1235.206333226804
400,-372.44042752038325
401,-784.8602193771598
402,-690.8370691274789
403,-731.3914143564373
404,-232.2542821307733
405,-535.838768661888
406,-257.50047022949485
407,-807.2087852811243
408,-251.15747308082325
409,-507.1253798102498
410,-16520.15355867978
411,-736.7968398559739
412,-783.8467870724929
413,-355.0799241305796
414,-204.23620767554158
415,-313.2866037370186
416,-307.55131801983725
417,-272.7429793537408
418,-1207.4024847950275
419,-600.8837713342938
420,-2548.152089714065
421,-1587.7833993593852
422,-445.26248474639794
423,-706.0371651358629
424,-396.42790359009314
425,-1426.5240610732462
426,-869.9830804465779
427,-568.7152574513365
428,-247.08106061563407
429,-995.7016707508343
430,-1410.9229360993154
431,-1119.188463469841
432,-366.14863384862235
433,-1768.607401860634
434,-1444.2633955540698
435,-1836.868205655682
436,-360.70138002777315
437,-1111.2975338770225
438,-185.7379590820444
439,-475.92044352162117
440,-269.6733020058032
441,-784.5763827031815
442,-516.0787745504683
443,-286.0569372048435
444,-332.94670489598536
445,-942.559756914332
446,-2801.1427671093165
447,-593.6740369827038
448,-865.7778399436214
449,-8739.360648764548
450,-5044.913957541688
451,-3187.394747544442
452,-650.3373671389933
453,-325.32346982760737
454,-4633.396911083919
455,-4434.957824995943
456,-3309.4309178200715
457,-1394.288570167464
458,-418.95980222944814
459,-202.1631940169509
460,-1273.8984265152662
461,-339.85892744098857
462,-1721.0426373238738
463,-876.3639207518808
464,-312.9198250729986
465,-183.30788580893648
466,-1516.6438637929325
467,-1263.8018093524015
468,-61704.1114725282
469,-1427.5726324265572
470,-374.47810382530525
471,-790.7704604461345
472,-495.99129450882276
473,-254.0056647323689
474,-110.89747918549892
475,-665.2145488690409
476,-1158.8514744665022
477,-320.24471066879545
478,-595.3270991320338
479,-188.4257918053686
480,-107.24078169285248
481,-178.75414680423071
482,-60894.612068044764
483,-1701.3901868608184
484,-217.63004779219716
485,-761.7570651313508
486,-331.1645678042465
487,-709.2777546121989
488,-1692.6389856418427
489,-4917.136187061781
490,-1076.3685783914461
491,-7809.444033664903
492,-401.6066217455739
493,-1329.351977793376
494,-1653.3003424937926
495,-433.7958364221904
496,-550.0186975511783
497,-523.2515841098539
498,-203.35092782564877
499,-11166.507194964546
500,-454.448475697345
501,-1211.8418364782651
502,-4542.929239097766
503,-200.90672808715718
504,-1765.8492081344573
505,-885.8666456561865
506,-3168.980001217545
507,-1296.156911043411
508,-5131.906465620783
509,-544.5219808431383
510,-649.6933685184039
511,-1918.9390782196094
512,-442.72659577072886
513,-14709.791025119112
514,-47214.258777494695
515,-2855.06251740872
516,-1874.8703476220278
517,-1684.8634547383426
518,-2962.485248409217
519,-849.8674575389588
520,-410.99837746435514
521,-1503.7936788391507
522,-161.90187343244895
523,-985.8050318046277
524,-670.0695009614997
525,-1774.2912253428283
526,-5402.719640493369
527,-2985.1432809927037
528,-6433.6646852305175
529,-398.23907075201583
530,-1421.0790642063507
531,-781.3029490064024
532,-972.9852728492081
533,-1550.6290418746787
534,-1562.9863035206745
535,-13361.13946006286
536,-1270.9953557889726
537,-721.8054710096048
538,-1631.7531926387107
539,-2942.9047171122784
540,-972.9061899118693
541,-469.10268773069913
542,-349.31550449586746
543,-422.93207322820894
544,-9231.814923091064
545,-3056.202216110972
546,-1079.9751226950336
547,-46841.84497477984
548,-166.23460263146367
549,-854.2031932835613
550,-1327.428779086798
551,-4094.1414380767133
552,-291.78645117799994
553,-3698.698673250341
554,-1574.9492611210667
555,-1580.105731083271
556,-1556.2808882795835
557,-741.0726796533197
558,-210.2849949731612
559,-20657.0687336089
560,-636.3971046385205
561,-1684.88239048068
562,-100412.49649911994
563,-557.287554236006
564,-322.2793435555785
565,-1742.8610766075476
566,-574.4732419030947
567,-5031.881337708772
568,-1702.3496858619242
569,-166.05581343987748
570,-1639.9900104172143
571,-615.7309555647304
572,-727.9863989243539
573,-10061.199593570893
574,-385.4507917113477
575,-1250.5257799973842
576,-507.3588793161954
577,-194.49792890963082
578,-1227.2849984674165
579,-122.18226822517028
580,-339.15817810378496
581,-517.5495490793679
582,-1843.5599645675227
583,-19972.97113038989
584,-489.1238481191118
585,-561.4898627154156
586,-1161.4979607574976
587,-1098.9844121076483
588,-2702.139747153707
589,-5537.260984823636
590,-375.59884620447855
591,-1267.5882791807574
592,-6235.125467228897
593,-610.7192345514566
594,-288.3642338317959
595,-1184.7526082104034
596,-382.5081575879255
597,-252.3847575859087
598,-3067.4365300532068
599,-219.93710015304768
600,-1622.4958666217615
601,-2449.9392722660714
602,-935.6501577501964
603,-758.5668714630569
604,-194.98983056678043
605,-1186.2825643259089
606,-5115.711796278996
607,-1859.0536928219312
608,-3944.4403916367146
609,-1104.680526084103
610,-211.31533830356
611,-8225.548317644443
612,-8750.364134431606
613,-1297.531600872929
614,-6099.8136607869865
615,-1271.0117288311035
616,-2502.773672857457
617,-2983.9421577492503
618,-617.2394057470252
619,-2265.2224445266793
620,-368.5006482767668
621,-2361.012303303453
622,-3116.2163056756926
623,-1980.236402426512
624,-586.3680933572623
625,-122.77459088458059
626,-1297.5571767485699
627,-508.5090818291805
628,-2445.925860911228
629,-27606.726102532924
630,-151.6229953157124
631,-1124.5004110647076
632,-146.93375685096217
633,-933.061187176227
634,-575.7031116759349
635,-400.08623689782956
636,-364.1467751523904
637,-423.32008997450737
638,-483.59848703094946
639,-283.67393251667164
640,-1585.49515269914
641,-15298.731424348296
642,-1444.139134841878
643,-486.7283423780075
644,-1083.9623619745057
645,-654.2273671251032
646,-796.7950913544385
647,-1955.2544826192411
648,-221.38885051925965
649,-1061.4014882403526
650,-896.3312109245605
651,-1506.0782167248908
652,-547.3221524752395
653,-399.2893522770332
654,-502.68985739047145
655,-944.3971260344873
656,-882.7273509158289
657,-5763.903657289437
658,-427.1663451653119
659,-2511.531972567265
660,-1030.785154041609
661,-3645.722584390765
662,-1717.3451592233555
663,-657.0769537773357
664,-922.7188213909275
665,-528.6508929841791
666,-321.57127858872366
667,-1022.4288554040642
668,-5594.338626312076
669,-1128.4028393185456
670,-2850.110649742046
671,-574.2756173782664
672,-3511.109509218829
673,-1867.4756794193213
674,-607.5391797725513
675,-2366.0238872115133
676,-491.57960040801316
677,-870.2854539134178
678,-21621.673336091742
679,-409.4239424159967
680,-298.4435590822948
681,-922.9758920086757
682,-1349.598671715398
683,-911.0147364633484
684,-3820.542506572671
685,-1138.5455542124982
686,-550.9629090505684
687,-868.4972278409294
688,-462.1872001975434
689,-561.3847838491404
690,-1603.0265122462847
691,-472.7434060639746
692,-1554.6818908485222
693,-2302.375708617125
694,-610.3476511348017
695,-1196.8433088451202
696,-1770.4327347588035
697,-291.32692738804514
698,-422.84404971557746
699,-770.5028698564853
700,-521.863268807132
701,-10661.41848286631
702,-183.44391081937667
703,-1876.4942451766574
704,-443.6964762006424
705,-2703.719455841718
706,-319.14059144634643
707,-2307.575418512438
708,-397.75402257866614
709,-1044.1459675459514
710,-848.8178124484018
711,-817.6208644004297
712,-1897.418641619969
713,-57670.96724599835
714,-401.3454571137307
715,-643.853102138348
716,-157.8206122042995
717,-463.7263566733335
718,-1969.1329077967887
719,-1041.5975307463793
720,-281.6762687875755
721,-359.11726641244763
722,-1024.4893485528537
723,-1226.4243737538804
724,-289.8451498822579
725,-269.16367137972355
726,-1478.4987180303626
727,-2519.0416027278093
728,-820.3394186850638
729,-130.2775650432958
730,-1129.7698803664314
731,-1239.6927500829179
732,-3356.7195367056815
733,-370.225384992786
734,-169.43872921996774
735,-140.95744562096675
736,-2083.6560388539106
737,-381.6636388739655
738,-2813.214215556281
739,-789.431739273062
740,-287.2254981380553
741,-604.6562930328704
742,-552.45757125102
743,-73372.51256669247
744,-931.0779794771629
745,-254.70145579932802
746,-557.5208824564459
747,-858.8669349445802
748,-1887.833101368675
749,-220.76628822906517
750,-169.78510518308562
751,-568.3466909251018
752,-279.0563502653936
753,-1760.659930216715
754,-2326.444667868608
755,-1066.6039026727733
756,-6159.4809642499085
757,-266.022667355679
758,-982.2644012688612
759,-3475.539277191857
760,-955.218626272732
761,-789.2664658786897
762,-1789.5165377330136
763,-488.5735755272883
764,-329.63658988140617
765,-9335.329271898816
766,-531.6529675951248
767,-1748.3310377517105
768,-6783.212409255824
769,-172.4960562620285
770,-490.08924057983324
771,-481.9978392515566
772,-1833.9290690704306
773,-1908.8353270521034
774,-685.2304348427833
775,-519.0355965241441
776,-515.7845134081224
777,-302.3537717840289
778,-1369.119371577301
779,-526.9280633167241
780,-213.4790840912767
781,-954.0244558115576
782,-472.847432296908
783,-5776.3003507432895
784,-290.42554681466544
785,-580.3199774830297
786,-324.59005192241415
787,-1235.6820270290075
788,-2149.7135986525263
789,-183.9301560366555
790,-2013.7345908437933
791,-1253.2857833560786
792,-584.4057671201426
793,-581.3470510396705
794,-10355.075484204395
795,-428.2544532109951
796,-2262.537600293917
797,-255.72825790125938
798,-622.5750533419555
799,-73246.09633392484
800,-1258.091799659821
801,-957.4135807337357
802,-541.7755724286305
803,-713.6888137468322
804,-11996.943944948727
805,-7449.426148165845
806,-7697.227190774017
807,-1044.5503202457871
808,-860.6906149514152
809,-293.4509879153224
810,-18612.668395071178
811,-11559.082397216958
812,-763.1654272089206
813,-1515.9390173279305
814,-371.38220544978316
815,-232.29510824027767
816,-803.6273954926468
817,-1687.6371658988874
818,-3546.1718864989757
819,-3241.623721559531
820,-1695.5841715610454
821,-1976.4768807580951
822,-701.4540445431187
823,-166.395451188011
824,-376.3358633768133
825,-307.42310851658107
826,-2778.3864718823443
827,-1391.5900293089846
828,-585.2143515029617
829,-375.73826592262617
830,-1180.5412914976555
831,-936.5263718571393
832,-291.6723112183634
833,-2613.974449248853
834,-874.8637128903274
835,-1254.17616841916
836,-3206.8253959343856
837,-281.78131399382437
838,-1833.722170551662
839,-1128.2452146510225
840,-801.7517084046585
841,-1654.1650372892489
842,-505.1964337110466
843,-1133.6166212567284
844,-380.3332216314331
845,-1481.5929900138522
846,-2709.759027916285
847,-461.4752171213136
848,-320.3200762066606
849,-408.80328456558135
850,-4208.448872344175
851,-832.9975580348578
852,-906.0719952859937
853,-255.0973587693824
854,-4062.4780527676335
855,-1394.7173154273846
856,-491.96269840927437
857,-1338.749891301646
858,-1708.6290026719055
859,-1450.4478795110401
860,-1329.7013250158714
861,-1061.4407372325893
862,-570.0493101998558
863,-3367.6333055431965
864,-2779.832978100399
865,-1006.3398487457808
866,-1871.1807648819495
867,-116.45898167552281
868,-227.39671450349982
869,-1885.580676301691
870,-430.1968004196077
871,-341.9529753038665
872,-1818.0695659931914
873,-1600.3838611237493
874,-500.65906909712163
875,-587.7270313766383
876,-1260.8632394510992
877,-17160.99984793571
878,-2072.6536868668536
879,-630.8655235752663
880,-2971.496998647817
881,-1756.737244859891
882,-706.7627449194857
883,-791.2916184119589
884,-3844.4577139055737
885,-2361.179419431019
886,-630.2990092157321
887,-2215.042025317359
888,-895.6007704626137
889,-1075.00685928908
890,-383.4525845013135
891,-130820.29462099072
892,-5687.253286570222
893,-2330.343708868414
894,-4704.042209291422
895,-775.6885843304684
896,-409.2000045671745
897,-906.4422299951253
898,-494.9926839502148
899,-1056.836852661523
900,-1842.0733985557688
901,-989.0658236156244
902,-1394.8622111803204
903,-2220.4663654721794
904,-490.2922749638387
905,-732.5818368394414
906,-23823.037511186012
907,-606.8156331207982
908,-538.4483083032209
909,-327.6635186083527
910,-272.6756815980486
911,-2614.0180939118845
912,-543.6982028845961
913,-1416.425025204517
914,-586.1434209539306
915,-448.093152362564
916,-234.6303025128636
917,-146.42185549234628
918,-261.2951217161845
919,-5757.263510045313
920,-2303.580955363373
921,-563.8909283722079
922,-906.3206304278799
923,-888.3367049050847
924,-357.339488483148
925,-893.0422345695764
926,-907.8923181065182
927,-499.8983582175061
928,-1546.9033282655248
929,-320.7867069979504
930,-1034.9297860503077
931,-349.12142559871285
932,-568.0040064130001
933,-761.683173644385
934,-376.7083528456098
935,-1595.2341815850466
936,-923.1336128761383
937,-304.1550230152718
938,-5758.957582914014
939,-757.4658019251299
940,-184.1422088170909
941,-2780.3486169996067
942,-4535.405374953243
943,-1272.3130093015245
944,-716.3889594314682
945,-2571.4785886399404
946,-893.249837792418
947,-120.43006019197657
948,-396.2691290974855
949,-589.4572176335898
950,-1940.975697244083
951,-509.35267818299866
952,-2939.9759031493754
953,-444.97111881955385
954,-557.4117718336537
955,-232.25870610517518
956,-722.3978157971081
957,-512.5474347123632
958,-439.8711909337623
959,-3592.4119694126503
960,-208.83666775538643
961,-1339.94666814953
962,-1126.4577005447231
963,-12534.47918705156
964,-218.89800314169202
965,-2902.183829151697
966,-157.8558201298698
967,-1644.262447607137
968,-1515.120532581995
969,-1199.6879404949325
970,-670.5555682792285
971,-2710.095170801721
972,-191.73708756657138
973,-2782.7768937800392
974,-1551.4085812303522
975,-566.8885677528529
976,-313.8806490648298
977,-3231.0843164684693
978,-233.13413516725305
979,-316.18068308907306
980,-1259.2539316624714
981,-30862.12993146125
982,-222.4095679049876
983,-671.7674658524138
984,-483.96310531614273
985,-19393.024831120616
986,-2020.446874992575
987,-3118.4552225029024
988,-801.7649070588096
989,-641.0612806858516
990,-1202.8904068953473
991,-1322.5146482000418
992,-353.71077691291674
993,-146.46860092651463
994,-1204.4386504970196
995,-478.8909354652848
996,-183.40236849507886
997,-869.4435286701349
998,-5507.904952759319
999,-981.966011093513
1000,-671.4049799292222
1001,-808.5942434321329
1002,-1424.379335452297
1003,-634.7690683069388
1004,-2331.8527834056413
1005,-241.89610378697532
1006,-16991.884334793132
1007,-9700.801327044135
1008,-776.6468452684297
1009,-2356.2859242529958
1010,-378.67940477398514
1011,-1742.9535960172227
1012,-480.20301182763785
1013,-717.3035614683055
1014,-1849.803017094914
1015,-589.7658009257444
1016,-524.7339311740286
1017,-506.7271057291712
1018,-1118.3801043196613
1019,-980.0388554889777
1020,-858.8612572831278
1021,-648.6215184397165
1022,-5439.457442703322
1023,-1259.738861268735
1024,-566.8678154750098
1025,-476.16514505485367
1026,-573.1640471820267
1027,-1134.8197353620865
1028,-255.4726917352149
1029,-26359.007453365888
1030,-192.19480141477132
1031,-642.7688487047392
1032,-275.47559382760136
1033,-803.7236101500996
1034,-459.24916948443604
1035,-1244.1439318825153
1036,-1842.6452367235051
1037,-2759.537540413773
1038,-970.6853051997549
1039,-248.59360984425797
1040,-5096.004502406624
1041,-235.3327384324033
1042,-818.5203659380812
1043,-1050.3381912689636
1044,-140.0730444921404
1045,-905.4600237940256
1046,-436.1083929209529
1047,-683.2381305080505
1048,-1466.5557624153164
1049,-2111.0676623292925
1050,-370.57315874931436
1051,-172.3592142098763
1052,-3815.765371557421
1053,-1752.479940008913
1054,-610.0736903163411
1055,-5849.453267583072
1056,-2180.835369563732
1057,-500.5110693439946
1058,-786.1256865875326
1059,-816.3111844257124
1060,-1239.5891508638815
1061,-3383.8527380869896
1062,-412.00951939307834
1063,-1302.4286871212453
1064,-11251.132029767361
1065,-990.5449682721387
1066,-3368.274678220184
1067,-275.0393238214173
1068,-283.37843917753145
1069,-862.2122401443205
1070,-2038.3201787023652
1071,-286.65551445113744
1072,-633.4658439342285
1073,-2307.7846478279776
1074,-1842.2222076363917
1075,-209.9278706723747
1076,-4788.072120285483
1077,-365.4735978670392
1078,-3845.2078000358897
1079,-1047.8207193043777
1080,-457.2257263120227
1081,-281.6462072635292
1082,-1466.4710096883227
1083,-530.4847645261502
1084,-376.4789559182119
1085,-859.4809306056129
1086,-730.0124150161082
1087,-564.4473271674794
1088,-528.4527135017969
1089,-11404.833871260194
1090,-282.36270597422487
1091,-3367.188824979201
1092,-164.3249743335691
1093,-789.2370346540953
1094,-58219.125161512224
1095,-1696.2725191483419
1096,-2498.447498439965
1097,-194.08805356676848
1098,-1624.5797586924011
1099,-12784.013696199268
1100,-10374.211735012315
1101,-8273.46658194664
1102,-1536.2691293549317
1103,-5093.826336137353
1104,-291.8164365980202
1105,-215.45196921998658
1106,-465.3230516774662
1107,-1962.261222239342
1108,-508.1980354184278
1109,-403.4674097864538
1110,-1960.1314192805792
1111,-544.2582961080998
1112,-432.6951853041625
1113,-446.87940708463884
1114,-962.1805358101171
1115,-564.4681923308506
1116,-3131.748139270746
1117,-399.9908299236306
1118,-554.9307067275395
1119,-411.29067236840467
1120,-1834.0186700918405
1121,-2463.786905261997
1122,-319.630390191425
1123,-699.739065029444
1124,-2974.9679536197864
1125,-647.2085300490845
1126,-525.9448337184715
1127,-2289.529777066486
1128,-4729.150167682159
1129,-621.3484620179172
1130,-1129.7689524062218
1131,-7557.337265843853
1132,-578.3347471653105
1133,-1973.6817258272422
1134,-454.94831163257925
1135,-120.5673069222142
1136,-10060.46759270263
1137,-353.63629825627305
1138,-1771.522139611609
1139,-4882.672447875614
1140,-2191.528135113656
1141,-358.58594093641716
1142,-421.2510942165098
1143,-543.1148114526858
1144,-629.6007951859498
1145,-2968.137710251558
1146,-1053.03040833378
1147,-798.4286744276371
1148,-591.5677061574962
1149,-17298.059660380924
1150,-1996.5307687640266
1151,-3255.3755011322773
1152,-7195.561164769272
1153,-155.77777582513735
1154,-23449.44487609821
1155,-1658.049831915649
1156,-907.6497686365273
1157,-558.1382902908322
1158,-3707.9160337328863
1159,-5832.473886722141
1160,-14741.290984678333
1161,-184.56836926094087
1162,-1223.7790255468615
1163,-4768.785457677342
1164,-2560.8086425800275
1165,-8137.320086162974
1166,-1027.6382915018946
1167,-603.1291052839565
1168,-311.31134901019806
1169,-553.5945067078367
1170,-2218.9812780704306
1171,-3447.400577953081
1172,-1314.6144898476311
1173,-4537.741517607611
1174,-1578.024742795762
1175,-634.0692585527555
1176,-3268.6144466265423
1177,-275.1723193222956
1178,-2173.3288337747235
1179,-757.4053469360591
1180,-198.4343319378529
1181,-370.9462249990367
1182,-1292.5045749765306
1183,-1151.624164051241
1184,-136.59764091914778
1185,-21228.180585729024
1186,-379.7006197850857
1187,-1405.987500494214
1188,-5726.415189846091
1189,-1311.328804577056
1190,-492.1523495296427
1191,-526.6017579180516
1192,-551.8015598146205
1193,-2350.7413212108263
1194,-183.61251684111477
1195,-1232.536280994151
1196,-477.87052304707464
1197,-1219.2103829129805
1198,-290.01737234405135
1199,-535.8459658068451
1200,-7939.957780153884
1201,-959.879869886434
1202,-465.78735039144203
1203,-316.55993780293153
1204,-308.6278568845965
1205,-1939.3441687614768
1206,-313.4359722381938
1207,-420.3568429122125
1208,-23429.425166282792
1209,-185.3849007373785
1210,-585.7987167552287
1211,-2967.0561464497027
1212,-549.2352344869581
1213,-366.6745378946621
1214,-863.9275204504218
1215,-10742.52237447913
1216,-2982.857445304801
1217,-448.35263612884387
1218,-194.2764818259929
1219,-2155.2772406503077
1220,-1838.087807015312
1221,-247234.9473514925
1222,-386.2506824222137
1223,-1605.6215082737076
1224,-426.0110667009113
1225,-35619.31618407687
1226,-1684.5416899206655
1227,-1044.4607205926925
1228,-19662.899951367257
1229,-241.90252851102264
1230,-1219.8001839895226
1231,-1411.096564412437
1232,-1540.6182797637387
1233,-657.2424760746975
1234,-366.8307375626753
1235,-2748.650911163093
1236,-188.43433614008072
1237,-420.2347662819716
1238,-7657.589446472808
1239,-541.5534239928459
1240,-956.9190255380447
1241,-613.21820945073
1242,-521.824458876309
1243,-1062.4805350857255
1244,-791.8595067368058
1245,-1007.1380009360901
1246,-420.59215290985117
1247,-1367.2164642806026
1248,-4938.409206666512
1249,-4039.8433882208788
1250,-206.70933895644728
1251,-269.3075272693061
1252,-813.6257297285441
1253,-14384.580663026067
1254,-1389.6612514488434
1255,-981.8087877669026
1256,-345.4575746438781
1257,-1933.4855055358912
1258,-1108.0036866421158
1259,-2453.8618100920144
1260,-384.54392135243967
1261,-4066.2851414115203
1262,-373.7867421438782
1263,-576.223903775712
1264,-581.0959556753635
1265,-876.198561984441
1266,-4617.775647608082
1267,-452.293124985928
1268,-729.4806480984367
1269,-1250.7588076790767
1270,-725.4947647715072
1271,-33789.99905732867
1272,-18476.968508541842
1273,-204.99864609160716
1274,-15938.797661786299
1275,-3411.496404154175
1276,-5651.702364675972
1277,-2509.722111265245
1278,-2085.05219979621
1279,-351.2169430304204
1280,-554.5852722168049
1281,-688.9880338065617
1282,-504.23357635507483
1283,-2402.077826679067
1284,-576.0930509253556
1285,-2148.7696062401346
1286,-615.3852373769614
1287,-7387.8956196573245
1288,-20283.917261884744
1289,-756.2506471819191
1290,-1762.396556829713
1291,-798.2258368470351
1292,-3317.4993335982067
1293,-1237.393103653091
1294,-301.66240853592547
1295,-1473.2654738059991
1296,-7878.433693534879
1297,-1840.7651874958176
1298,-314.53316683312414
1299,-968.9822388971429
1300,-697.463770423471
1301,-1929.1034767864483
1302,-3410.1820858500537
1303,-2448.420186701049
1304,-283.35898603138025
1305,-619.9189442840118
1306,-57990.54004907457
1307,-6039.8602285302
1308,-1420.2938945018132
1309,-3429.5362757859284
1310,-22526.903925953862
1311,-363.4830535677997
1312,-384.9969624055852
1313,-6561.902833644891
1314,-169.78033645045562
1315,-1228.6366590009625
1316,-1764.3985638629954
1317,-4510.760368735702
1318,-699.0597187591769
1319,-639.0859012710148
1320,-609.628873111271
1321,-512.5265843909481
1322,-1834.7485051111926
1323,-1247.8062393783798
1324,-103.43351957960691
1325,-960.2423259527085
1326,-5282.092112936555
1327,-143.6418061173907
1328,-378.5428544325602
1329,-2765.2883799072774
1330,-1030.8247679133206
1331,-1039.4480986517083
1332,-10641.175113179965
1333,-585.3270901012435
1334,-1335.3182146832055
1335,-18675.017585561207
1336,-348.3778710208436
1337,-214.52228553274605
1338,-664.1049444923951
1339,-692.5773431403537
1340,-1381.3367382421216
1341,-1844.633750567702
1342,-560.7868992370637
1343,-789.8173450442096
1344,-398.31093935256416
1345,-607.805912306942
1346,-278.31583432834464
1347,-1726.7871658331185
1348,-1181.7339828027718
1349,-93.46053084113278
1350,-617.3720032599873
1351,-474.3658482890179
1352,-841.8762772635538
1353,-762.3547316238884
1354,-4168.18202433501
1355,-1148.9543735635789
1356,-9563.831598195673
1357,-850.6481589450945
1358,-435.35376215673415
1359,-917.1985198123448
1360,-974.9761219962484
1361,-1018.4170273287763
1362,-1460.8748424323353
1363,-7075.697531553745
1364,-258.61019284202837
1365,-1533.8569821270507
1366,-287.56545511902215
1367,-164.72159338700243
1368,-493.68902288217834
1369,-2283.5990989827865
1370,-1053.9697262788618
1371,-492.85265970191415
1372,-1167.623494067334
1373,-807.3116240345461
1374,-449.2503870474322
1375,-195.88800777336456
1376,-487.75737130245415
1377,-2007.3476336880633
1378,-1444.4654258921985
1379,-1166.234109548408
1380,-980.987298969666
1381,-14552.646609623203
1382,-254.37591182140892
1383,-837.3268907888491
1384,-3506.1146862116852
1385,-491.1948206015039
1386,-1446.6927124979065
1387,-6471.02770887169
1388,-4130.205186863566
1389,-12093.568709177285
1390,-2201.472617316828
1391,-1412.0170051312252
1392,-2099.9303633082973
1393,-1497.4754067853985
1394,-112.46720621812678
1395,-372.80012597018316
1396,-1036.0513229000833
1397,-1772.3546003313668
1398,-319.74973584263773
1399,-7867.235086526389
1400,-1760.4030157712732
1401,-212.53846647034715
1402,-1007.2368821216936
1403,-278.380853832872
1404,-448.5956045206192
1405,-1148.7653417700742
1406,-3188.1118061828674
1407,-535.5675417227111
1408,-518.2888327155139
1409,-496.70225100499084
1410,-448.01820776195166
1411,-106.07482108314925
1412,-2078.3784136286754
1413,-446.95419724302843
1414,-182.79169099265903
1415,-1432.8002225849402
1416,-18624.0684184694
1417,-1534.2626372084815
1418,-738.5198123273675
1419,-2166.887098516922
1420,-3844.064630381345
1421,-249.99151346250156
1422,-1721.0171955033395
1423,-70338.90553134648
1424,-674.2329482089439
1425,-847.7553330601847
1426,-530.241763342899
1427,-1551.208858300544
1428,-935.3497953977096
1429,-786.0677692492392
1430,-165.18497007993508
1431,-686.6502969656076
1432,-5203.549548415509
1433,-411.7806946184701
1434,-392.15471247759837
1435,-820.4162784899518
1436,-4654.4955181954165
1437,-1535.7753460203242
1438,-748.1058879519935
1439,-824.263421562782
1440,-347.6482527250601
1441,-1150.066931788285
1442,-1056.4344059815242
1443,-1897.0540349323505
1444,-747.9075069664627
1445,-2814.0950227701555
1446,-314.32521495228815
1447,-5291.977510633091
1448,-449.8064456007281
1449,-478.4071596915697
1450,-629.132870465805
1451,-2606.132381471893
1452,-782.4471227970223
1453,-1681.5902037716642
1454,-861.0531210567498
1455,-1085.9677347186341
1456,-1000.577945716074
1457,-3749.817172982858
1458,-230.11658393037055
1459,-901.0934721381667
1460,-516.0832585509698
1461,-1695.4014513176705
1462,-385.354999492995
1463,-1923.26798827356
1464,-23945.092310949254
1465,-427.8089243054995
1466,-2757.241012465361
1467,-2539.962623621158
1468,-23261.09255287826
1469,-2983.901020684489
1470,-14844.600568069087
1471,-228.82492084545245
1472,-4569.9530637133585
1473,-685.0828638945035
1474,-467.64238373391237
1475,-737.1021828065233
1476,-173.5464098560947
1477,-6403.881643862645
1478,-295.5352381819815
1479,-9601.395850042096
1480,-1314.8463572398855
1481,-461.07578855825983
1482,-2801.490870251727
1483,-642.927571095864
1484,-1634.3685779623486
1485,-3314.7294647555
1486,-72208.8625701564
1487,-460001.04834961245
1488,-327.4307458194945
1489,-2999.984995958973
1490,-3498.7544407740065
1491,-329.11357600236136
1492,-1342.1538037418104
1493,-1138.9084792657115
1494,-452.79669994175737
1495,-548.5649147711308
1496,-430.21024851813144
1497,-1322.3986593767165
1498,-521.0521346482317
1499,-428.6210812879012
1500,-855.6093404681437
1501,-305.39206362659
1502,-1404.2397593653532
1503,-5922.091714665727
1504,-515.688033594675
1505,-3043.3277085047434
1506,-968.2056180712677
1507,-836.2032887887506
1508,-22233.97724319081
1509,-332.29864451069096
1510,-3834.8354978348634
1511,-753.6209520868483
1512,-534.3566507812257
1513,-526.2211453343632
1514,-2712.0021392259578
1515,-1169.0556021935456
1516,-497.2841091207466
1517,-2551.0518298324696
1518,-505.5575193622551
1519,-3261.013951891879
1520,-1724.2798194263116
1521,-1290.7081455883485
1522,-244.89910418270756
1523,-2380.1051988527083
1524,-7375.363558509462
1525,-907.5761509408534
1526,-476.2717579937466
1527,-716.2060873876268
1528,-319.1633748366375
1529,-2318.985339453003
1530,-1885.4166047608396
1531,-234.63952367087919
1532,-2164.2039007613075
1533,-229.7873811423819
1534,-530.6961287727627
1535,-646.0024045222907
1536,-522.5281319461051
1537,-13272.882101067466
1538,-1316.7598148599627
1539,-476.7916684613997
1540,-843.201942376401
1541,-766.2464654293872
1542,-4834.919860692514
1543,-497.41934733361495
1544,-2503.100596745679
1545,-728.6429967122667
1546,-1249.621783220168
1547,-700.4636143683812
1548,-1383.1309900915207
1549,-700.923430222462
1550,-283.4882294085268
1551,-1722.9813207094141
1552,-1184.305235277011
1553,-2444.9901657546147
1554,-1016.001745103607
1555,-468.83865755756204
1556,-263.2167998162367
1557,-212.7695589649994
1558,-196.98231051196439
1559,-97.90679436217556
1560,-908.0697602895532
1561,-5417.467339454872
1562,-831.4940756201229
1563,-1267.7512532578376
1564,-232.73069608710352
1565,-685.4839460451343
1566,-19228.201477032064
1567,-852.9753787805106
1568,-419.9673726123048
1569,-302.01947983071045
1570,-1940.6774286194704
1571,-1835.728947021057
1572,-1558.4296620626028
1573,-693.3452549690656
1574,-351.41355014941564
1575,-147.56298730335325
1576,-411.5791150390546
1577,-1131.50042909218
1578,-349.0506147622735
1579,-325.066762044994
1580,-848.8360656299225
1581,-1102.25180261992
1582,-2160.129525725032
1583,-1628.857808660884
1584,-227.2805834662743
1585,-517.9076089202264
1586,-2495.049501580393
1587,-831.07788886631
1588,-477.5346992231524
1589,-6387.239550579649
1590,-9584.948661720946
1591,-20735.614011502592
1592,-413.6375786179195
1593,-1393.50756273066
1594,-816.6947792430573
1595,-756.7910315201941
1596,-88.0437117381069
1597,-3033.5411960694164
1598,-1184.5915144450553
1599,-576.619760420806
1600,-165.0418421479406
1601,-796.087824438055
1602,-352.60485174641434
1603,-4895.330565710902
1604,-470.7985286447789
1605,-860.6912464851782
1606,-1613.2831411405452
1607,-622.5606980789572
1608,-621.5363696338867
1609,-175.36187724671498
1610,-457.8459525267881
1611,-528.1783485726346
1612,-2288.196535186629
1613,-888.203177221283
1614,-1441.7134522012534
1615,-202.0488124331059
1616,-37612.62342270358
1617,-3512.410462890299
1618,-793.541157598217
1619,-174.91965209234246
1620,-4238.818676011475
1621,-339.1017080181894
1622,-483.1258366360138
1623,-1641.041618862904
1624,-299.82717302027925
1625,-380.7324906808548
1626,-764.3316312002146
1627,-795.1095109082285
1628,-1739.507084286829
1629,-329.4287951324528
1630,-671.5356908854626
1631,-948.568224044628
1632,-3634.5065384974127
1633,-1026.8742197107554
1634,-300.03611403631976
1635,-609.548796607465
1636,-589.2156971840819
1637,-1157.4997769998286
1638,-2050.405357942169
1639,-1245.5701812874636
1640,-1248.295280515383
1641,-14418.556987230551
1642,-458.6950316717878
1643,-1218.441486416698
1644,-2395.092667803078
1645,-615.0899364458209
1646,-653.8620481285889
1647,-1022.3158459840242
1648,-1155.3596325911442
1649,-1666.0859701450372
1650,-1442.9823667040787
1651,-1772.5335616149425
1652,-379.5019351035099
1653,-179.98237356602166
1654,-391.60936836871554
1655,-923.858871268396
1656,-652.061849707474
1657,-1786.5550607018438
1658,-1423.053704205955
1659,-323.0281732720668
1660,-2451.844159392576
1661,-1120.845997041786
1662,-1874.641262185289
1663,-995.0117324070387
1664,-231.1288660838049
1665,-1106.8088761673782
1666,-1305.3712396380529
1667,-700.3193535025376
1668,-552.5130546346901
1669,-1361.3952729855346
1670,-888.1906952032189
1671,-790.8523487104283
1672,-3894.5066839061615
1673,-476.5165232307824
1674,-383959.1284106973
1675,-1861.6861203976362
1676,-3346.80952896763
1677,-1849.4067052301623
1678,-652.0568234310501
1679,-460.50671700325785
1680,-789.4900540206511
1681,-499.481285461838
1682,-3271.3989708782374
1683,-468.4596169668504
1684,-3653.0343094613336
1685,-14685.725030572097
1686,-17801.147020646167
1687,-202.74289150034468
1688,-566.0732605737007
1689,-333.58083200123593
1690,-11737.73248058423
1691,-152.28550728649117
1692,-1044.5940033686843
1693,-2072.239342724325
1694,-303.54545073151786
1695,-1558.2496257053638
1696,-764.9099814753256
1697,-845.2623499921797
1698,-2387.0301722258664
1699,-832.017441326803
1700,-570.8685936897164
1701,-673.3915050027164
1702,-1808.0658366993189
1703,-1599.3874910332165
1704,-1413.3387260258014
1705,-1710.3958210014548
1706,-5953.6516885346155
1707,-583.4864016843896
1708,-52.86664764683911
1709,-853.8326808263656
1710,-892.078343493484
1711,-1180.7863076260564
1712,-2646.908855236712
1713,-3385.452376241273
1714,-277.95008813354593
1715,-349.7137404946587
1716,-120.40032638750937
1717,-1536.830930449063
1718,-2470.1579885985625
1719,-120557.75894311529
1720,-2289.9737648358873
1721,-1188.2901668797792
1722,-651.5587512573301
1723,-864.4844224420705
1724,-2371.7740189245305
1725,-474.3708461626923
1726,-10177.466478790044
1727,-37150.23615710195
1728,-374.11285765749136
1729,-1050.318053912502
1730,-871.5566474443027
1731,-553.4897082002578
1732,-4378.719326579463
1733,-430.9101354647706
1734,-2245.518789311173
1735,-1026.8223737431172
1736,-1288.6743330149525
1737,-192.12729030653725
1738,-4375.017145116485
1739,-1246.5762283350132
1740,-706.8981149205455
1741,-2770.282008747388
1742,-281.79310587640435
1743,-2110.0297698962586
1744,-225.21432696657627
1745,-1317.3535208385522
1746,-4577.797842747826
1747,-6485.150639677711
1748,-3193.048836105313
1749,-847.5851667350487
1750,-1256.10050297694
1751,-180.98651059493977
1752,-839.4453388248828
1753,-335.9847035170473
1754,-615.7418278710102
1755,-3016.252110085841
1756,-7464.427992363624
1757,-6714.5770964356625
1758,-1092.1244325190032
1759,-585.2689366953414
1760,-6681.166830368311
1761,-1433.8919929512479
1762,-815.9458441910704
1763,-993.0675460242066
1764,-451.68551821867106
1765,-423.7708351700025
1766,-1542.534191918153
1767,-916.5217689399324
1768,-467.0613903767948
1769,-1197.3991787368348
1770,-634.3626700425672
1771,-495.41315465076883
1772,-343.0871395926124
1773,-9062.842236612329
1774,-974.3362667267447
1775,-1836.587295763245
1776,-383.8471044654262
1777,-5384.191674448484
1778,-139.22726521351808
1779,-150.72539678196932
1780,-596.9821926958411
1781,-1145.4288614888915
1782,-115.89295987507826
1783,-660.0633817521489
1784,-308.48425966000696
1785,-1131.06393809054
1786,-1389.056528670948
1787,-711.4388561289186
1788,-598.2579819599388
1789,-325.43477123660097
1790,-1775.3015690736663
1791,-546.105062978798
1792,-779.8705944628882
1793,-127.08482598816416
1794,-265.8714106776452
1795,-1045.25244491263
1796,-5477.449680371653
1797,-3133.855584813139
1798,-36195.389955483864
1799,-650.5434971681224
1800,-1429.0062047926294
1801,-7721.880900268098
1802,-1146.5000902651275
1803,-1588.3001148436915
1804,-2733.118433212379
1805,-959.9691447168517
1806,-272.7422348477814
1807,-311.4607283337208
1808,-4786.125256926695
1809,-533.7016278976566
1810,-474.83528385441934
1811,-224.15275821277612
1812,-2958.587516000222
1813,-572.3504532093174
1814,-2237.596514041788
1815,-246.0121773493464
1816,-1114.4823430707995
1817,-3660.165431281096
1818,-450.144796913486
1819,-280.9476000727708
1820,-442.84647088537804
1821,-350.2570820695894
1822,-93.35465594410937
1823,-1662.8469057959542
1824,-303.6367320892588
1825,-258.00326861133783
1826,-287.45511910539176
1827,-200.24216042967203
1828,-1232.5662909212504
1829,-2906.635513671341
1830,-1926.172666340043
1831,-2140.8387939037834
1832,-473.41067870432676
1833,-557.7122855206261
1834,-281.63423174140695
1835,-4955.684631716781
1836,-439.3644767424408
1837,-365.0834221835064
1838,-219.61989929102802
1839,-3398.2006265773407
1840,-88886.32556618849
1841,-633.6120169808306
1842,-298.6200148433691
1843,-436.064196747104
1844,-303.8012144114653
1845,-604.9777166863478
1846,-1372.7416008352734
1847,-1120.7268169365684
1848,-3787.30553642466
1849,-2096.481106695157
1850,-6632.447218430215
1851,-1032.4222594725377
1852,-417.4886876838424
1853,-756.0175586465143
1854,-411.5993014278382
1855,-731.19980140567
1856,-536.4921630561596
1857,-4825.174166679728
1858,-473.74998416387604
1859,-325.32237328266444
1860,-633.8127428776234
1861,-1945.1941001795267
1862,-1406.4269351999526
1863,-311.5629476433152
1864,-16824.263022281102
1865,-2720.826870930537
1866,-823.915112711837
1867,-4039.682454135074
1868,-1637.2146681942627
1869,-12780.634214688831
1870,-375.9570682228375
1871,-1514.8051439559413
1872,-3588.986007839045
1873,-971.1176371826587
1874,-983.8885300241465
1875,-849.6751749754095
1876,-105.99996019958816
1877,-6091.381739537189
1878,-1190.362975980314
1879,-558.931134240698
1880,-179.90106847837586
1881,-7870.842333384623
1882,-312.68793723474965
1883,-513.3045923275812
1884,-523.0103058374727
1885,-922.5162282290497
1886,-1280.4005638683448
1887,-330.1473705262926
1888,-12527.03444557142
1889,-14305.282699326071
1890,-4633.384541165796
1891,-2161.0040418511444
1892,-797.3635625938989
1893,-932.984202520222
1894,-2338.0912076929817
1895,-689.7957490473954
1896,-754.7628575530333
1897,-498.0991229113276
1898,-280.84998122936713
1899,-1248.295862280784
1900,-217.6121617526392
1901,-468.48532441143533
1902,-573.5318134962114
1903,-13385.729180974648
1904,-171.62650513797263
1905,-1913.1943959364712
1906,-534.2938691989257
1907,-910.7064025618637
1908,-126656.77626363332
1909,-75.67128603143749
1910,-1567.826945050674
1911,-45017.14115160385
1912,-3018.4581503590166
1913,-4932.12769004818
1914,-801.6756465092468
1915,-2178.9987293016643
1916,-1073.6555278778972
1917,-6760.9123371108435
1918,-2017.00644895452
1919,-396.821332791267
1920,-266.12468181594693
1921,-191.13143352998625
1922,-160.32460381285549
1923,-1304.1023093399565
1924,-811.3355436104138
1925,-489.8676402612686
1926,-2244.098552218737
1927,-961.919918388334
1928,-1323.929286324311
1929,-347.43165635434616
1930,-819.8616918340565
1931,-351.5510694250534
1932,-737.4120421527845
1933,-990.1070657720404
1934,-1441.8833375920972
1935,-236.20298046474312
1936,-718.9476673862587
1937,-515.5911754902255
1938,-22644.435880226254
1939,-357.1348984867729
1940,-911.2847592587898
1941,-1685.5856394467535
1942,-1001.3638437922583
1943,-847.2534672702442
1944,-283.36520353921816
1945,-2238.413965963632
1946,-10592.688396530928
1947,-1397.4850304343604
1948,-3810.7311362489454
1949,-961.5398618272967
1950,-367.59607048817185
1951,-636.7909607045274
1952,-630.7603325293833
1953,-423.95060560163864
1954,-973.7112658093613
1955,-1886.1709473062265
1956,-447.1271644721464
1957,-229.82383375248574
1958,-568.2576591044123
1959,-1684.4592957662078
1960,-254.27273793075597
1961,-761.7167799372752
1962,-671.85726615868
1963,-6505.5467567844335
1964,-1624.8736520674802
1965,-140.20011103591926
1966,-439.7095915864143
1967,-165.62059430692958
1968,-126.84095157298367
1969,-225.36302615176757
1970,-2152.788968170798
1971,-1015.3426860073683
1972,-1450.994475664767
1973,-7061.684407380954
1974,-3147.088929300744
1975,-1019.3827654588632
1976,-143745.83238358435
1977,-634.8059162013813
1978,-305.163009599768
1979,-444.2417241031382
1980,-7213.306936279885
1981,-776.432788413494
1982,-3484.013396801557
1983,-964.9399105273208
1984,-1064.3900229903516
1985,-489.17033419893977
1986,-155.78785474967816
1987,-426.63374226135033
1988,-2275.039625254637
1989,-1617.171586220632
1990,-435.3695483950959
1991,-3721.286784257378
1992,-1036.2706120201622
1993,-541.4332322432014
1994,-61392.75165648606
1995,-1754.1520856180664
1996,-1061.3573626002174
1997,-380.53434679844804
1998,-83799.9680219761
1999,-3978.6340017439024
