,value_per_image
0,0.3435115705567715
1,0.33049129944501515
2,0.5217789547023712
3,0.35414306471461743
4,0.3239103747626714
5,0.3894236414762416
6,0.4832204280481913
7,0.3747982710156546
8,0.2196594708295648
9,0.6245316885603717
10,0.2364356977012569
11,0.3829715283239852
12,0.4529194235976422
13,0.5086164745437539
14,0.4332332388001464
15,0.2397226736300556
16,0.4501174633012504
17,0.4911540909477842
18,0.5571745095824326
19,0.4709545660973759
20,0.33081258839684824
21,0.5855045401279849
22,0.3458260976333979
23,0.5492004553643935
24,0.5707317645510529
25,0.5174273544745046
26,0.1503529213293732
27,0.40360888751649776
28,0.3951134520820193
29,0.5763431560136342
30,0.5653026097820598
31,0.36745589003096507
32,0.2790038020896912
33,0.3127887440346344
34,0.717117554024193
35,0.3643365214355072
36,0.4395283051873218
37,0.6428518438653468
38,0.6100366654368513
39,0.3408518650099757
40,0.3780290579406688
41,0.5606567507788496
42,0.181151679100693
43,0.2629285079471784
44,0.2828547353262289
45,0.5593113746433376
46,0.3796576697742953
47,0.4210782697150769
48,0.32713895125549025
49,0.4636170822164224
50,0.4861908391833678
51,0.3115523117557061
52,0.20133501021822486
53,0.16692938523873707
54,0.5462861501503986
55,0.3685520045422685
56,0.3602809727712313
57,0.4206684421894663
58,0.4607594568764769
59,0.6863980206154852
60,0.5767370090033507
61,0.079163576516907
62,0.3580472649182803
63,0.553793471219418
64,0.3164275356606226
65,0.3981970558142526
66,0.4420677494904199
67,0.2399586153373255
68,0.4374220727535898
69,0.4950132745857162
70,0.4177150867165474
71,0.5398383087141391
72,0.4623298196754431
73,0.4364816349111158
74,0.2146529940423988
75,0.19081686126260328
76,0.34036678112144964
77,0.2119929547242436
78,0.5477967614552541
79,0.3631523440456804
80,0.22327048964616508
81,0.4829343199382349
82,0.3001503333066229
83,0.4084841722130391
84,0.23892813303283575
85,0.1852754580695589
86,0.37606248695581
87,0.22961487707996805
88,0.535897772542959
89,0.4133281927893655
90,0.4917301800585366
91,0.31892005953402586
92,0.4257300365367898
93,0.3253510351213423
94,0.4757124088655357
95,0.3968896195714432
96,0.4717843990437589
97,0.08534634539789927
98,0.4519705002695805
99,0.4566355372487928
100,0.3769993380808875
101,0.32398948340127376
102,0.4898944593348366
103,0.5255817995628589
104,0.4953851465769176
105,0.2533872512230186
106,0.15972823730073668
107,0.3351329710289259
108,0.3081710394453385
109,0.4406493676401312
110,0.5913698792376917
111,0.23735267006371574
112,0.2024975627621577
113,0.5113062056527581
114,0.4844647088027873
115,0.4406639622302375
116,0.4191416403801545
117,0.4654850864524082
118,0.3098354486617461
119,0.5152316728279986
120,0.25377221785589515
121,0.10915236928260703
122,0.5140305121521025
123,0.3132328057789136
124,0.11291100695847428
125,0.0978720033542772
126,0.6799008434979477
127,0.38698562413141535
128,0.5521899770991481
129,0.4834372402829262
130,0.5327365116144045
131,0.4322210308756007
132,0.5963238888578192
133,0.4746080515710906
134,0.2912225350123987
135,0.5038607730042831
136,0.15250086349713313
137,0.3558917341499704
138,0.35207142734713603
139,0.3218238855502887
140,0.5013127231230979
141,0.2513764812487783
142,0.6531423112487768
143,0.5552100781191077
144,0.6729882113496077
145,0.5280075019560744
146,0.3571719106077416
147,0.3737125244027064
148,0.6541542491335438
149,0.5459166889131896
150,0.5076328480725196
151,0.5254368619671765
152,0.4870434391569436
153,0.5333625800326639
154,0.2679891942436257
155,0.3895567428464585
156,0.4366614459845194
157,0.5049754262166977
158,0.5464001308118651
159,0.157851111600176
160,0.5341740320956873
161,0.2863244680880251
162,0.3832194813811535
163,0.4423931865363963
164,0.10354674599269437
165,0.5634885086997855
166,0.3916301506644443
167,0.3849570869711293
168,0.5360912751954515
169,0.2727867127523024
170,0.4740524965353301
171,0.3033703327497356
172,0.319661721493695
173,0.2235638178190578
174,0.3683748150697936
175,0.5461590586920668
176,0.4187426545999027
177,0.508057989861581
178,0.3639148783429232
179,0.5263177846674373
180,0.7482280004395605
181,0.366522544723887
182,0.4607182632622968
183,0.28814804635823976
184,0.5021627792675986
185,0.1606728289108114
186,0.5836605670570499
187,0.3539967750366488
188,0.2648905660167901
189,0.6848854142848224
190,0.15806695635251888
191,0.3660254566186354
192,0.15497355583987962
193,0.4466118423629813
194,0.20210349870724284
195,0.3146518792208121
196,0.21899637572506234
197,0.6012451674635979
198,0.3856483483711228
199,0.14659972053856846
200,0.4218238842694129
201,0.3674852900434009
202,0.12214936163776807
203,0.4940776682738451
204,0.4102893577920699
205,0.2352817127023053
206,0.6194386386754868
207,0.5947873155550548
208,0.45318227983965703
209,0.4005487616515056
210,0.5339553770073056
211,0.3252575018635044
212,0.33428547647480866
213,0.4719822146139231
214,0.4614183788586966
215,0.5813557020435136
216,0.3942800366986591
217,0.35315925045970964
218,0.5188567334414976
219,0.2360464939325331
220,0.4205503677306085
221,0.4934899529631041
222,0.3999218519227916
223,0.2669123137980674
224,0.20480217144532126
225,0.5211711677787256
226,0.6480084516117596
227,0.4441946297283208
228,0.13750710438671498
229,0.3834326408670071
230,0.607807773130167
231,0.27340283316938235
232,0.3748201756173373
233,0.713488758286211
234,0.6165373143835513
235,0.3978664921637463
236,0.2269074737701843
237,0.3770401463829053
238,0.3911114884702392
239,0.5518679509299723
240,0.28892709735239713
241,0.5322110538143489
242,0.6773361645500646
243,0.2473227675870469
244,0.3779852459956495
245,0.398041349741868
246,0.5276528715796063
247,0.10780055530117648
248,0.5022850038677434
249,0.4470566880077272
250,0.4698773487908205
251,0.06798340919673508
252,0.4667246632260435
253,0.5109874827946961
254,0.31186623977828165
255,0.32960686880028994
256,0.5314745598756331
257,0.39981624614178224
258,0.5671030254390248
259,0.5860024300817073
260,0.4853913141696602
261,0.5817993728570092
262,0.4011010684358456
263,0.20751464078910656
264,0.6020909728834243
265,0.4688583415877943
266,0.4212810570108585
267,0.6212772438765662
268,0.6704029236914237
269,0.42452321371864415
270,0.18055885637839225
271,0.3655949859474837
272,0.17923734248843667
273,0.595463564302647
274,0.2572636803225509
275,0.35829710021526123
276,0.3034883516842597
277,0.3752029449352904
278,0.3007318693589139
279,0.4785180817665245
280,0.515777074502243
281,0.4836800848465139
282,0.2016878420717974
283,0.3562367797043764
284,0.5285255606134122
285,0.10939464957781196
286,0.7334045474232059
287,0.3482978640424301
288,0.3618088920168605
289,0.4186891208644095
290,0.4734278993532504
291,0.3602258620641893
292,0.2844517629751621
293,0.5822101911488665
294,0.3260340291558267
295,0.3330414568856568
296,0.43625382613980696
297,0.3899418230814607
298,0.2364841345072177
299,0.669423717489637
300,0.35941296419366525
301,0.4696483946359239
302,0.33358883301124953
303,0.5423189004024558
304,0.3792249905158252
305,0.5056086308684553
306,0.21465295621102448
307,0.29958408445268264
308,0.4397228781374494
309,0.2266812470889302
310,0.3235267487770939
311,0.2320652935149015
312,0.30618299553503997
313,0.36382953910360577
314,0.206148752392257
315,0.5009174452193822
316,0.4176997552454133
317,0.37810810510419657
318,0.5397823403018907
319,0.4648853764097215
320,0.3734127527840912
321,0.4535030494044328
322,0.5095335780695316
323,0.24759701271688994
324,0.4862853402858637
325,0.3045495555608355
326,0.3302650669505109
327,0.3276406457783196
328,0.5136889302246089
329,0.35004848134109284
330,0.4970118064537597
331,0.1785587550128771
332,0.2086716945056468
333,0.3480283788213623
334,0.3143892462048646
335,0.5574903871327276
336,0.40146636225453897
337,0.5178864317160801
338,0.20848740464501256
339,0.2174209822432077
340,0.5154542695701457
341,0.6662149601835796
342,0.5943111855242815
343,0.2987998286395908
344,0.44313461278701133
345,0.5153426947464461
346,0.3768225038981669
347,0.4426342573381242
348,0.34914354052370083
349,0.3944112355874948
350,0.5398876470536196
351,0.3935805649339115
352,0.20425913697163448
353,0.5362543707310743
354,0.2763760394456359
355,0.5032687756356781
356,0.3372638044567542
357,0.4781092534533133
358,0.6886121631569279
359,0.4101929740128547
360,0.477730431108141
361,0.5813154926339968
362,0.2792148056624641
363,0.4982023018515837
364,0.5293704447871829
365,0.3106001345017089
366,0.4887243045250663
367,0.3343509865097834
368,0.4779108989978112
369,0.3384667226031387
370,0.2315042023418268
371,0.2809829124465589
372,0.537003237426529
373,0.3633751963236128
374,0.36615095383294427
375,0.41929197688305697
376,0.4649494076992501
377,0.134357710718703
378,0.4235216207997264
379,0.3601049824419707
380,0.4288657877613037
381,0.26723663026137834
382,0.4377496473047453
383,0.2656744102277413
384,0.41769625943400135
385,0.2591809695801543
386,0.5154142815865579
387,0.4536757710719028
388,0.25595107512557536
389,0.5148119453069746
390,0.260913188335801
391,0.4166591060132242
392,0.4153193553684045
393,0.3650497421782637
394,0.457097981493288
395,0.08495661239377215
396,0.5114536589497458
397,0.5100472701817448
398,0.5188088089010942
399,0.4460743584678503
400,0.27238355354382543
401,0.19804872073744687
402,0.3049654900919307
403,0.4102190986881337
404,0.5227602765314752
405,0.628974685536995
406,0.526984482342426
407,0.4493842042351474
408,0.3330214242088356
409,0.3595212859061476
410,0.08862008890694854
411,0.22956683769947164
412,0.3145791885748851
413,0.5448824113741952
414,0.32240988350800986
415,0.4386538949314652
416,0.5698135982637806
417,0.4033638208188735
418,0.1149654266737107
419,0.3254183956160914
420,0.2822639638702865
421,0.3989325009875627
422,0.5225317313621332
423,0.5824649517898391
424,0.21710464452813655
425,0.16894025643419688
426,0.3300369446757682
427,0.1174315982226444
428,0.4517027885303164
429,0.4695576841613921
430,0.3421875059799281
431,0.4714631318564581
432,0.4934391916176926
433,0.2771849120896278
434,0.2375267985603063
435,0.4223454687455963
436,0.35154323384168873
437,0.4691958071091917
438,0.5770515776899535
439,0.3928160945253675
440,0.5035272547454143
441,0.4845668996146972
442,0.1737772777303064
443,0.38656719586020505
444,0.4083934049215688
445,0.4762811045029945
446,0.4381623014422747
447,0.2152982975567277
448,0.5526269286332803
449,0.5140585675764151
450,0.4684347185812994
451,0.4987990686195148
452,0.5492584118416214
453,0.5470384541513832
454,0.4239197901220799
455,0.3487605909326877
456,0.406362477735725
457,0.5811380141893798
458,0.7024987782094599
459,0.4318141711120768
460,0.3437144588110544
461,0.645542533644036
462,0.4674143421278644
463,0.5517010614663235
464,0.30891148560531223
465,0.3612398317780705
466,0.5989601649771399
467,0.1563545608016128
468,0.2919918097424133
469,0.4067842088066283
470,0.4535697215120549
471,0.3161748247451895
472,0.4296862743088815
473,0.5424987375317157
474,0.4396517754233671
475,0.3805453788818069
476,0.15773672966808922
477,0.3143038771290523
478,0.24252866011679244
479,0.28611575436508657
480,0.6358328427006412
481,0.5331742176298145
482,0.5446262188555289
483,0.4816791320614432
484,0.4806184794141
485,0.3452334610245679
486,0.2605087035351428
487,0.318486334540418
488,0.3775519326058691
489,0.3122929715317071
490,0.459500532570077
491,0.3372361661908632
492,0.6084701954685154
493,0.4402002666796448
494,0.3636447822533263
495,0.6281764564552182
496,0.2023994753506748
497,0.4858989642711138
498,0.5530610641570101
499,0.18023326530337785
500,0.4795330378757491
501,0.4179919844971106
502,0.4462231998088276
503,0.3608548619277556
504,0.3692335585737612
505,0.7399295338612661
506,0.5631021960585092
507,0.3917043330004907
508,0.4202379504660409
509,0.243701632445654
510,0.33386450549394003
511,0.3716366459509624
512,0.14120568347041607
513,0.15649021003521288
514,0.362068424198208
515,0.3655505875404541
516,0.17221002537506733
517,0.3342611405311001
518,0.2807112991572828
519,0.3387092503802765
520,0.4373584337916635
521,0.4782052776300026
522,0.5557441665729759
523,0.3906600834164285
524,0.4584360775441044
525,0.2726311049351452
526,0.26860872212999537
527,0.5021566930606715
528,0.10817241837547477
529,0.20095969802829086
530,0.3792214163155629
531,0.23413337226710215
532,0.5280269298542585
533,0.384529295132687
534,0.5057951114766427
535,0.549271213130781
536,0.5171282669533838
537,0.3636233776551485
538,0.35778870143304864
539,0.4332408684782307
540,0.4662252790911072
541,0.6416613458478817
542,0.5048633008734105
543,0.3525752680509284
544,0.28537324957935817
545,0.3723181718667361
546,0.5044603717974977
547,0.12711518776648806
548,0.4457737590323037
549,0.343064927094382
550,0.41995615402741865
551,0.3085837885738005
552,0.4554188557430392
553,0.4239312989089231
554,0.4765861368327923
555,0.6143276639511258
556,0.19513926851843486
557,0.33814788527225403
558,0.5079438470461313
559,0.3607694815046909
560,0.3106918202042915
561,0.4042890467913192
562,0.32919097275763776
563,0.5053262574464099
564,0.4467625102036842
565,0.4201895307367411
566,0.4225559992451989
567,0.5043120902273686
568,0.265896606374483
569,0.5025689329428753
570,0.4509216752788859
571,0.5868329320131629
572,0.39074813509413375
573,0.19121537501190866
574,0.3234324405298378
575,0.14675164404254415
576,0.5802885344360179
577,0.3694914302676451
578,0.17881142938565125
579,0.5766935102735328
580,0.5775350226735639
581,0.3531517757629666
582,0.42063739784005133
583,0.2981892803062336
584,0.7299026835315174
585,0.36437538444831546
586,0.2256379491126743
587,0.13371637020952648
588,0.16578335783829812
589,0.3634356635099803
590,0.5177372717934201
591,0.3614510170461695
592,0.2342430198367189
593,0.3704202643424656
594,0.23491980489141354
595,0.4730168325887332
596,0.42025383034369823
597,0.4092445631530348
598,0.3633316503586447
599,0.6034772944547453
600,0.3650380645015665
601,0.23983702732548398
602,0.4493441834725087
603,0.5444836495455779
604,0.6136622462110062
605,0.3466461887010551
606,0.5850701359582898
607,0.5644724320582798
608,0.36977814003502796
609,0.41950428546334106
610,0.5922515087660001
611,0.2818265315000162
612,0.19476113505629564
613,0.3877189314134969
614,0.462028342140544
615,0.2765715907429521
616,0.2633512671174056
617,0.2501892677798857
618,0.2761198065042835
619,0.3095326078997597
620,0.5396374580036887
621,0.14465884241625065
622,0.4064216728985653
623,0.14832383748324698
624,0.19732474317353085
625,0.5759320870365578
626,0.4430806457122681
627,0.4434653352995077
628,0.3305787222146159
629,0.2460772706747011
630,0.514986130140918
631,0.2931403840872134
632,0.4100672833605349
633,0.4455537824679432
634,0.6273434164721194
635,0.18869692081590306
636,0.6552901423540411
637,0.4020138462745686
638,0.459165938835844
639,0.4221981409936689
640,0.3091670187095523
641,0.5497386132453879
642,0.3762140141439472
643,0.4382264836393749
644,0.4685623216920783
645,0.17211535384209614
646,0.3827593166240985
647,0.3775438605882545
648,0.3876821961373952
649,0.12361682306847856
650,0.5982944297408521
651,0.37352287147581453
652,0.32188310154553185
653,0.17812787028742294
654,0.5157474272902156
655,0.20604499495463266
656,0.3749614844951013
657,0.17897651938655104
658,0.4930206396705701
659,0.22179622868451404
660,0.4387050532055341
661,0.2643421014066731
662,0.2306484565249028
663,0.41348922030614504
664,0.3338290820197232
665,0.5365271853546161
666,0.21993122388867956
667,0.3768289382973761
668,0.4381797584225817
669,0.44917179333883894
670,0.44015210949522215
671,0.2342719730478636
672,0.3935292930249974
673,0.3669197940205511
674,0.3416422611116619
675,0.3778487588376684
676,0.5847340311363428
677,0.4288996584389451
678,0.2546045757909525
679,0.3652520112739857
680,0.3887021973756094
681,0.4670767978890271
682,0.4767815545425677
683,0.38743389977130704
684,0.22376014088873306
685,0.29749849860359434
686,0.5071763475503821
687,0.5243307722115907
688,0.4505995144849591
689,0.2415666479446848
690,0.3266549653604509
691,0.3163237739859579
692,0.4486951895542145
693,0.5349167398810062
694,0.5750629674700001
695,0.3165009255962633
696,0.6965293816371511
697,0.5463235971187201
698,0.4730952189257638
699,0.11558687127435816
700,0.4293000828720105
701,0.2840627479863765
702,0.5694519649711427
703,0.33939939593549256
704,0.575984385146332
705,0.4520558094796462
706,0.37581839676445467
707,0.4266121723263345
708,0.23598500240844034
709,0.4175538207629335
710,0.3449010857678948
711,0.2285067203299075
712,0.29159772189127425
713,0.5067000929350901
714,0.2337765325246087
715,0.3965009257965944
716,0.37683467339837107
717,0.3159559018604729
718,0.4737490686560754
719,0.2462639810328533
720,0.22327491340780364
721,0.16461235260435872
722,0.3981471943359234
723,0.4578145058440261
724,0.5139148674707646
725,0.34562041736129995
726,0.6672807016502099
727,0.3467711980059233
728,0.4621345953173888
729,0.4550844322525752
730,0.4920820454123307
731,0.5291081800213947
732,0.27545817132337896
733,0.4387475206435584
734,0.5286325260321753
735,0.3399698326877741
736,0.3125739842832578
737,0.4641998366293823
738,0.19039427808929985
739,0.3005520532557448
740,0.3021409381106499
741,0.37482198057128097
742,0.1865012926158852
743,0.29808442250416806
744,0.6771964330847573
745,0.11903860102398485
746,0.4732789474167357
747,0.4309507664183118
748,0.5384847539530628
749,0.2343583788380981
750,0.5983976418748961
751,0.5938559476295179
752,0.30404932601866513
753,0.21529071334188712
754,0.4650786453435379
755,0.5554309514992054
756,0.4427432723359636
757,0.582382204005386
758,0.5484463223745129
759,0.4420957535426267
760,0.34902261825298786
761,0.3987325447001525
762,0.5852491683222794
763,0.4607750050182078
764,0.32496966428717106
765,0.4646678848785902
766,0.15582205859819126
767,0.3103411886024522
768,0.2954959007919369
769,0.3360446882763154
770,0.32822363791898274
771,0.3997459774858024
772,0.3355431428040468
773,0.33900695945215065
774,0.5745460045325644
775,0.5449632905803221
776,0.6684835595136515
777,0.5051596692245502
778,0.38995931765105535
779,0.31213103033146355
780,0.2699868730030348
781,0.6740093732499772
782,0.4191119595131455
783,0.4077798822567997
784,0.468321271166878
785,0.3777591074757205
786,0.4187706798552216
787,0.3656009713125725
788,0.43750854654026206
789,0.4329017451568322
790,0.3103136846586833
791,0.4783808217294498
792,0.3196872291744279
793,0.478211355473469
794,0.29240292118615
795,0.24068665059161146
796,0.26873129016635044
797,0.4795113180345872
798,0.4800447225221777
799,0.4109958291638658
800,0.517990710599765
801,0.4016631831558927
802,0.5850984712815624
803,0.494812654962379
804,0.20448974448537371
805,0.2067680045050716
806,0.16108333911709038
807,0.03520176081670371
808,0.5320660163051714
809,0.5693989192957429
810,0.4424938978427513
811,0.1927733022724674
812,0.2400868886915311
813,0.4658423356469522
814,0.3583753477108191
815,0.4223840880511367
816,0.4538568258675943
817,0.5872796717485732
818,0.18457767752042595
819,0.5010855214509347
820,0.4904381990768893
821,0.5630110061754453
822,0.21323534581451284
823,0.3354783684711367
824,0.5171074167407769
825,0.2341751518165953
826,0.1320406794158378
827,0.3590965500871037
828,0.6791647349944178
829,0.5000123848225877
830,0.16685879659618172
831,0.4200973265358741
832,0.428750169918469
833,0.4626606884907472
834,0.2209093378848152
835,0.42568037053171504
836,0.41331586718474017
837,0.566219533904755
838,0.3396261752791562
839,0.40120220500290105
840,0.36024493503439914
841,0.275382023882
842,0.2962340594894648
843,0.2484466408227183
844,0.3607306137058415
845,0.2494826483197041
846,0.357925825129408
847,0.6084595763631914
848,0.350311733400397
849,0.5111180480467863
850,0.5392768925015152
851,0.4272751316279516
852,0.4536667592089244
853,0.4140168648860634
854,0.3065830021635428
855,0.6087539188678353
856,0.16497366195147295
857,0.3739037019112123
858,0.5333127338126551
859,0.3867279157222247
860,0.4928102553432927
861,0.50681717522423
862,0.4924842245269197
863,0.2890230576820551
864,0.4166664483401687
865,0.4525174537992882
866,0.43119874478848175
867,0.5221591408201145
868,0.4788274101696697
869,0.17929334404959565
870,0.3004226420611183
871,0.39030078591467054
872,0.39582681357488697
873,0.5814822083115121
874,0.3590288140473139
875,0.4451324718040362
876,0.4306643552619474
877,0.3745647321338815
878,0.4898413629001919
879,0.3373300144762788
880,0.4540636939457355
881,0.1787908490464683
882,0.2837712195461705
883,0.47325699904001706
884,0.1533176353999706
885,0.3373349848628189
886,0.4161482353355799
887,0.3671401038972624
888,0.3043459801944969
889,0.24434061359060255
890,0.5476818341671691
891,0.5307049828816206
892,0.19777472845214855
893,0.32072914587974155
894,0.28546058916557543
895,0.16786890008721125
896,0.4649122740592901
897,0.42991724359857
898,0.3823981023456581
899,0.4532478657736047
900,0.10854660414405796
901,0.6978410556723755
902,0.5293234770095269
903,0.6634386011392414
904,0.4162683738656468
905,0.5195912755788552
906,0.4604220474471227
907,0.4822790380226905
908,0.17589844576330765
909,0.5846602729426867
910,0.6367376478011171
911,0.40193129603491934
912,0.3747350420605441
913,0.29320189396037666
914,0.23281229356265665
915,0.4526058305119161
916,0.3483685786315973
917,0.4611118269213325
918,0.5857497671065476
919,0.4625883789124781
920,0.4621743600970246
921,0.2704095015421262
922,0.2832998532574558
923,0.140662554168247
924,0.4223826154178265
925,0.4685665525622968
926,0.3879614284046819
927,0.4726058130740694
928,0.4047461049888905
929,0.5051749085089936
930,0.5291339780005184
931,0.3678526571476269
932,0.6295334861906249
933,0.3577044996804598
934,0.3237589252819164
935,0.3014130027937464
936,0.2646307808570643
937,0.4303084943469114
938,0.4432117686771508
939,0.32767210107839256
940,0.4246456030479978
941,0.5098405252107674
942,0.24277860971594645
943,0.5043826669686228
944,0.4459145000091039
945,0.35636395554025635
946,0.4848455207542854
947,0.6612661999074467
948,0.33223430126658776
949,0.2234386681334387
950,0.479923426716565
951,0.43602605700651903
952,0.2853310850977544
953,0.3546447414623083
954,0.4351540920801635
955,0.5004534740313218
956,0.39476712371765205
957,0.4309089254655665
958,0.38710961330489096
959,0.5465703749390071
960,0.2710402351623178
961,0.3203098816780442
962,0.525330621058617
963,0.4348456308521391
964,0.2618760395122209
965,0.2171521648601305
966,0.5636864023211376
967,0.5236630329595792
968,0.6095162931830925
969,0.07938461749153851
970,0.18164642616765775
971,0.2642073018515856
972,0.5439183154686947
973,0.04578005366076676
974,0.11870511111103445
975,0.5629966170598646
976,0.3930386514992799
977,0.4121548681078698
978,0.3804612081322315
979,0.34483190041966433
980,0.4530580446881276
981,0.23354086371736366
982,0.4165083332415589
983,0.4506706084220357
984,0.57816182951953
985,0.6557774398651633
986,0.4838276702672445
987,0.07437232933348252
988,0.4092171741816702
989,0.4696167729479504
990,0.31330132861674104
991,0.5374121294747713
992,0.4215388319406331
993,0.6197139360258522
994,0.09551376549761574
995,0.6401942823917732
996,0.4626733627403034
997,0.442771997281849
998,0.3562384819168073
999,0.31775611666043235
1000,0.26537423522571635
1001,0.5890490992022243
1002,0.5617966057382678
1003,0.38985256377390987
1004,0.12477547350484493
1005,0.6231349936390278
1006,0.4691092015333828
1007,0.4803924948406268
1008,0.4578837698709686
1009,0.523289470227855
1010,0.4897219427965899
1011,0.41163971845308417
1012,0.5591914797681962
1013,0.5227013175641714
1014,0.4571380785261537
1015,0.44589049282514337
1016,0.263915752557414
1017,0.4530025775836481
1018,0.5366835146114826
1019,0.5096563493739199
1020,0.31172648331853536
1021,0.4837454242968008
1022,0.3509519636323113
1023,0.23613877525316576
1024,0.3081924233065491
1025,0.3132342749674315
1026,0.5660469405206683
1027,0.3893737328838977
1028,0.4263336358710592
1029,0.5404091924297252
1030,0.5249205593803111
1031,0.4312349623838757
1032,0.6357887137792162
1033,0.2808973905116333
1034,0.29939453050734194
1035,0.7905799498464222
1036,0.35582358096376554
1037,0.11299175725470224
1038,0.5172130315824237
1039,0.5863688247339186
1040,0.7156548819222733
1041,0.18501633341362012
1042,0.5291499563241228
1043,0.45424000903545
1044,0.5453205906624417
1045,0.6390313061385695
1046,0.4547792650262738
1047,0.054503470340435914
1048,0.5913214779604998
1049,0.20585352537758447
1050,0.4374518869488028
1051,0.3844910329631637
1052,0.5921789074125982
1053,0.5265598248002554
1054,0.2846165707661956
1055,0.4695934759126039
1056,0.4357930790378102
1057,0.5008071561494157
1058,0.10328379736543976
1059,0.21522267979971574
1060,0.4280116843905844
1061,0.3449235359980607
1062,0.31615768240525216
1063,0.4709103330509348
1064,0.3663197992541014
1065,0.2525385983829629
1066,0.6117501053439568
1067,0.4084944883771831
1068,0.5437321999423276
1069,0.5781665530332217
1070,0.4243603752187973
1071,0.2784657354141365
1072,0.4492525868945769
1073,0.35928100731765594
1074,0.3967902872557497
1075,0.5295297197619977
1076,0.3638929133290646
1077,0.3272538678889056
1078,0.4263766788721971
1079,0.19277773360604533
1080,0.3328055812034817
1081,0.4153857485064111
1082,0.18710363725373624
1083,0.1137724208475085
1084,0.4890354069092153
1085,0.5267545864719766
1086,0.6203016401155254
1087,0.5382777817069304
1088,0.3873876634851289
1089,0.3626798543751496
1090,0.4470578753028501
1091,0.1649502300950865
1092,0.5900275606461957
1093,0.5414962475599889
1094,0.4753764456525389
1095,0.4163515184665567
1096,0.3620948358519912
1097,0.39841220723084697
1098,0.3617328019759333
1099,0.2995031531106034
1100,0.3604732201168033
1101,0.4526736025496276
1102,0.3377071769210739
1103,0.6221372651842892
1104,0.4561880616379312
1105,0.4373694056697612
1106,0.4884507013665039
1107,0.3165898856882408
1108,0.632148864608941
1109,0.4549334950392434
1110,0.5974813702434639
1111,0.28750987462659083
1112,0.4659531438615265
1113,0.2813195181849207
1114,0.15292173332517775
1115,0.5365597561909554
1116,0.4153392138690221
1117,0.4909483182464976
1118,0.7266451242062687
1119,0.3980407008689918
1120,0.4349672715913396
1121,0.3984747776501254
1122,0.3318426075625833
1123,0.22474863585773674
1124,0.4504070512142769
1125,0.3357973074997215
1126,0.47729617916381395
1127,0.4305219700907636
1128,0.1754118805831868
1129,0.3402717247514969
1130,0.5065996201090873
1131,0.17017786326993334
1132,0.38699319139310345
1133,0.4856432965561027
1134,0.34794107128914153
1135,0.4176710012496573
1136,0.22153568124251607
1137,0.6217182987843478
1138,0.5735129192348638
1139,0.4892836366955941
1140,0.4618235664250291
1141,0.2483973285110084
1142,0.5201210155852071
1143,0.3815007423979788
1144,0.3802849237474664
1145,0.3052296699400704
1146,0.4922486174466989
1147,0.5033924750305477
1148,0.3325470852388994
1149,0.5220683777177191
1150,0.33007459195762145
1151,0.17268943426857722
1152,0.38748450019148173
1153,0.5714769077281677
1154,0.2681893945367713
1155,0.15729217250286698
1156,0.07974724973463533
1157,0.2923250225590909
1158,0.31937436567419186
1159,0.5051445394372659
1160,0.5618199592835347
1161,0.5147523615919725
1162,0.5101308116293073
1163,0.2785715422248523
1164,0.3894884729797043
1165,0.19384961100988207
1166,0.2563324114014613
1167,0.2854960209188407
1168,0.4838927185833283
1169,0.5572118740654903
1170,0.19796944105322095
1171,0.17684142369826492
1172,0.2646556426165222
1173,0.5031483501879327
1174,0.1297927209937587
1175,0.254982288293645
1176,0.15642724560997054
1177,0.5935580672401062
1178,0.3257293892483623
1179,0.2637604431971989
1180,0.4537310062699534
1181,0.4340492311539117
1182,0.2761001197210923
1183,0.2835018654973075
1184,0.4732967494223633
1185,0.36894975686205306
1186,0.39661894053511465
1187,0.3496720004164533
1188,0.2390957120887005
1189,0.21635403450234308
1190,0.5001049530716444
1191,0.5965680687097101
1192,0.13840565666252955
1193,0.5310130491409873
1194,0.6094024147267421
1195,0.4987585501526641
1196,0.2665140256145153
1197,0.5513069200770258
1198,0.4528299369783698
1199,0.6571428879660288
1200,0.6034686988344364
1201,0.324138189554288
1202,0.4094903783317447
1203,0.25369306758004473
1204,0.5024134507808553
1205,0.4131101274578994
1206,0.4128536824821093
1207,0.4690499938195179
1208,0.3961847008063964
1209,0.5714427346135764
1210,0.5860607386951029
1211,0.3926934949049138
1212,0.552490441625399
1213,0.35397804775509856
1214,0.5502489218214995
1215,0.4053648733344202
1216,0.3892037959812047
1217,0.6201532600186921
1218,0.3227112175068545
1219,0.3568551816111884
1220,0.364349686082791
1221,0.5816192738961499
1222,0.5773753518225669
1223,0.3488805682024075
1224,0.4596100574092736
1225,0.5022946483993421
1226,0.5860991208052947
1227,0.18474282508140485
1228,0.39891173979778055
1229,0.7216024803093242
1230,0.42298609137507415
1231,0.1814399715436048
1232,0.32696857113156536
1233,0.6157621973267879
1234,0.6203600125563645
1235,0.5348553450174887
1236,0.35938422372231765
1237,0.5561947918414867
1238,0.2949626433703409
1239,0.5194595222244924
1240,0.4216208179267429
1241,0.21078705345812204
1242,0.2743569241977091
1243,0.1464275795091926
1244,0.4127792629796609
1245,0.4420576652026564
1246,0.5148012026560829
1247,0.5096974188223685
1248,0.5689729920600517
1249,0.5477843920912525
1250,0.4308239185386008
1251,0.5658876903665045
1252,0.493385795157032
1253,0.4654157949420011
1254,0.1657429959754624
1255,0.2451190204084703
1256,0.3288644340965524
1257,0.6647506133784206
1258,0.4889442144008893
1259,0.448775007409116
1260,0.5082381669081821
1261,0.6542487081157579
1262,0.4514144911758825
1263,0.2439207352016041
1264,0.33454241193708906
1265,0.4955504604864114
1266,0.3831734378568897
1267,0.3045896477558704
1268,0.3730981470203925
1269,0.4665533171226098
1270,0.391340469047247
1271,0.3602456606865329
1272,0.4372899634459359
1273,0.5675162825996446
1274,0.2779065662151716
1275,0.2609385286507245
1276,0.5831424972663252
1277,0.3798902512899633
1278,0.2414557668789352
1279,0.4461189314927864
1280,0.4044014257188019
1281,0.3375593813844649
1282,0.2792140572124099
1283,0.1883511480534804
1284,0.5484745860540959
1285,0.22945379570524266
1286,0.08420302279338382
1287,0.3152096968670088
1288,0.3754944279263457
1289,0.4251475150306061
1290,0.5031777638682987
1291,0.4685866113494492
1292,0.2760589763651187
1293,0.4395643693453588
1294,0.5535744687668516
1295,0.7191346138663071
1296,0.21814094328999675
1297,0.5105272520646703
1298,0.4531649507737047
1299,0.3448613708331221
1300,0.38166939822358176
1301,0.2552717029745781
1302,0.35425647020813233
1303,0.3466438004603695
1304,0.30686209470529224
1305,0.4388049178357848
1306,0.38393069885820813
1307,0.5721146195541538
1308,0.504438237326665
1309,0.40289413008885183
1310,0.3877648325462709
1311,0.3831866272816928
1312,0.4168245982728467
1313,0.274115982379615
1314,0.5366618242237265
1315,0.4799868378278182
1316,0.4096647545341685
1317,0.2461611395962384
1318,0.5229034926287529
1319,0.18798125493292656
1320,0.2685195483419968
1321,0.4872451117135746
1322,0.46004118647422404
1323,0.43421494988454384
1324,0.4539989561874318
1325,0.3917681875340873
1326,0.30987470780731624
1327,0.4979910241163658
1328,0.4993671805629468
1329,0.4528706331465958
1330,0.2085341098459744
1331,0.3182236239527632
1332,0.36506629422140413
1333,0.6624360182069997
1334,0.3503625049643594
1335,0.36042597007883537
1336,0.4600325205766576
1337,0.3931307430473655
1338,0.5797346618647878
1339,0.15473137335924925
1340,0.3966244289682716
1341,0.5555708654347273
1342,0.21427201785984445
1343,0.2237203322215262
1344,0.5782809922282783
1345,0.464064301918832
1346,0.6169751481778389
1347,0.4454544761576403
1348,0.3499934896778717
1349,0.7744454716420432
1350,0.3482431582111282
1351,0.5374591999007359
1352,0.4043623402586584
1353,0.5643754664050417
1354,0.3884783105332277
1355,0.2405435906795173
1356,0.34087742429876977
1357,0.3137136624493702
1358,0.23216656480254946
1359,0.14361064235706436
1360,0.2293319177688173
1361,0.509583045551817
1362,0.5280741077192679
1363,0.479291619818068
1364,0.38180280926841015
1365,0.28630736578660665
1366,0.5641477595637789
1367,0.5926707441972549
1368,0.2576919356826426
1369,0.4730779486997386
1370,0.29267527433550283
1371,0.3719264219189007
1372,0.2360224177427932
1373,0.5685152053653321
1374,0.2720068297629873
1375,0.4930846165834025
1376,0.26331379874601984
1377,0.6770776081873342
1378,0.31078177347751645
1379,0.3991527031573183
1380,0.39250725411009135
1381,0.11528748571144108
1382,0.3973490205310321
1383,0.5419271887571433
1384,0.4204397428073852
1385,0.1867155981666763
1386,0.4679967089707624
1387,0.040863195549306966
1388,0.5133398754775738
1389,0.457215167142509
1390,0.15244964481567974
1391,0.2665375450988865
1392,0.380037347279961
1393,0.3833339572285452
1394,0.4034779145105612
1395,0.5545643108959648
1396,0.1035368632398041
1397,0.1924116226281866
1398,0.675262666757856
1399,0.3308324422632548
1400,0.3828253044183055
1401,0.6530711356438005
1402,0.2033927218114454
1403,0.4928336122914683
1404,0.4775189303271757
1405,0.3788547216866584
1406,0.35717183862139906
1407,0.21371064493374095
1408,0.3313998791081819
1409,0.2891354575182725
1410,0.7412967731346891
1411,0.3837255514282219
1412,0.3923708665251021
1413,0.3799579011414133
1414,0.38980832938850507
1415,0.34608737747631585
1416,0.4090341211651658
1417,0.5225817305058484
1418,0.4069287037863029
1419,0.4168314561472081
1420,0.4663715661657553
1421,0.4696685383435354
1422,0.4400828913085331
1423,0.3227853731123702
1424,0.20111672474796255
1425,0.4751891950224676
1426,0.5781222233213937
1427,0.4266005564269015
1428,0.3272079669929797
1429,0.542917602707809
1430,0.472333493026313
1431,0.2426175552948653
1432,0.2460023652770568
1433,0.5355464137465664
1434,0.2879173667479664
1435,0.4436702369909459
1436,0.4649592346148279
1437,0.2194626856744429
1438,0.500043888997778
1439,0.1637617338648896
1440,0.26468645789125306
1441,0.320045397074245
1442,0.5966721788870858
1443,0.3286411137983102
1444,0.5223519452238463
1445,0.3464756913112565
1446,0.5426298413448365
1447,0.2601043057517454
1448,0.34090183029753673
1449,0.5741292413922954
1450,0.3179301614007196
1451,0.42671617981269977
1452,0.4882599486470697
1453,0.3445576003788537
1454,0.23598659694688004
1455,0.2574627302783966
1456,0.4089917018416093
1457,0.6515936085761523
1458,0.6595766588824737
1459,0.4065167806173475
1460,0.3223574148067311
1461,0.6025547431976737
1462,0.33598631135848617
1463,0.2977595081965423
1464,0.4906278669267232
1465,0.6195686128873149
1466,0.15712340777297534
1467,0.5174796017493953
1468,0.35209266970744385
1469,0.3345141393284473
1470,0.182933088767032
1471,0.5367331882759709
1472,0.38834607773326907
1473,0.4826416840684774
1474,0.5671770036454592
1475,0.39561906527713897
1476,0.4843795037159163
1477,0.4510910102195951
1478,0.6460073925040479
1479,0.12944438889416268
1480,0.4199975278269344
1481,0.3077730864813262
1482,0.566647884468114
1483,0.4737414504958267
1484,0.1528598544582143
1485,0.3744078936494515
1486,0.4071925053927565
1487,0.16418771197247548
1488,0.4040286804025055
1489,0.2368267169774982
1490,0.4709308593610589
1491,0.5380049581251288
1492,0.4892284744915231
1493,0.3839877426889816
1494,0.3143869643000901
1495,0.2303763701329117
1496,0.5269285134382938
1497,0.6898099527258541
1498,0.3155306002675088
1499,0.3706415868027768
1500,0.6014849732441949
1501,0.4078307986169981
1502,0.39775142127533175
1503,0.3443828770545073
1504,0.4577793412726786
1505,0.4862163161404509
1506,0.4059282030588337
1507,0.06845626734978487
1508,0.18789823667187405
1509,0.29030189947696083
1510,0.11135461987197064
1511,0.2485441653698693
1512,0.21583260647551306
1513,0.2460758951147721
1514,0.3324908193864257
1515,0.5442851505242918
1516,0.34198383878353245
1517,0.15089613374104616
1518,0.24194972928148265
1519,0.7132510992780421
1520,0.2550960977050676
1521,0.6106430845950181
1522,0.5061486565309792
1523,0.4157416943314464
1524,0.20349005409462706
1525,0.18615311222776856
1526,0.4602584298337471
1527,0.4932446395351934
1528,0.3957109903433185
1529,0.23224737683684646
1530,0.3284176858555325
1531,0.586031557185644
1532,0.5157109428203892
1533,0.3310372878718653
1534,0.4596800768332136
1535,0.39953614865529935
1536,0.1746472589262631
1537,0.4570051733961165
1538,0.4650898823571614
1539,0.515136973491268
1540,0.3202482273700276
1541,0.31574135245834106
1542,0.3801978746505796
1543,0.3005819072357201
1544,0.19789878662739865
1545,0.4519263823070692
1546,0.1715368108704118
1547,0.27859733386028723
1548,0.4218265357334887
1549,0.4108352672757568
1550,0.4525167775734058
1551,0.3717870389750125
1552,0.5189257569346513
1553,0.2676963512136105
1554,0.2396442277063517
1555,0.6920489940874373
1556,0.4731399954114803
1557,0.5342478173598441
1558,0.33973224221227794
1559,0.32981219262908146
1560,0.08513286065209406
1561,0.3549500784403721
1562,0.6208857519083595
1563,0.40093631231046256
1564,0.3579198556867083
1565,0.6365599653329229
1566,0.2791503919268529
1567,0.4071116379927411
1568,0.4399333238239225
1569,0.495712581611612
1570,0.30658743011033485
1571,0.32785301489780005
1572,0.3399264410792514
1573,0.4113832510730819
1574,0.33593277864157994
1575,0.6893005563673249
1576,0.4421117957227851
1577,0.5186564373351921
1578,0.4983105247094715
1579,0.2900352986582045
1580,0.29614330091009416
1581,0.28391514505402504
1582,0.3335895085096045
1583,0.0923112162885374
1584,0.2881984065478851
1585,0.1668191950242304
1586,0.33641646368218914
1587,0.4481850697312241
1588,0.3763857171024284
1589,0.14748212969696534
1590,0.3020730527524824
1591,0.3792728897984379
1592,0.4649511324670443
1593,0.12483845638416867
1594,0.5023777322342916
1595,0.2627727541244249
1596,0.5179111588687876
1597,0.24339500484798374
1598,0.2859377159183896
1599,0.3019850052904393
1600,0.5685761843761169
1601,0.18362602213090745
1602,0.2373473525048235
1603,0.4933671757975282
1604,0.1574153008024771
1605,0.4512751004617626
1606,0.5874376986850256
1607,0.38456252713245537
1608,0.2419678545716128
1609,0.4547553695890146
1610,0.2898548568166293
1611,0.2764502440376666
1612,0.08000068246641667
1613,0.33034151775927434
1614,0.2201165756342676
1615,0.6014696544016916
1616,0.33100385029648405
1617,0.2463356188555031
1618,0.4068574116856627
1619,0.4678742524921722
1620,0.2517384371281005
1621,0.32495248003540805
1622,0.6057385746413122
1623,0.3900212768155768
1624,0.3722918528919567
1625,0.3550103491048478
1626,0.29585263392907873
1627,0.4374271703897535
1628,0.2882290763096806
1629,0.08113895951183492
1630,0.11068363027659876
1631,0.3158514618411957
1632,0.3714974048123688
1633,0.3663377830614258
1634,0.4098808786849849
1635,0.3819350858054437
1636,0.4558903460424309
1637,0.4891110839760884
1638,0.11863401498679213
1639,0.3925001969321375
1640,0.4214414543310335
1641,0.2377849255452596
1642,0.4858860057420054
1643,0.4506982139124476
1644,0.5632839019706809
1645,0.5311238578595201
1646,0.12190557281840125
1647,0.33140367603422377
1648,0.4454133247615074
1649,0.35975787358958433
1650,0.27857893224833
1651,0.3657096535628968
1652,0.3843319359498318
1653,0.6165991759200529
1654,0.3986162611571545
1655,0.08216077245527244
1656,0.044959828175748624
1657,0.4022712462597624
1658,0.3744001273385141
1659,0.479814332900026
1660,0.2839317183789505
1661,0.5315194971495747
1662,0.2876852087280928
1663,0.2933918407387112
1664,0.4811113014234813
1665,0.5797735477053294
1666,0.5356892180780155
1667,0.3230299277332296
1668,0.5710737734235449
1669,0.4182385977357376
1670,0.2631472007854333
1671,0.0824891260414932
1672,0.3479738059232857
1673,0.4542344863309922
1674,0.27343591446799625
1675,0.2309269512768009
1676,0.3814990999621847
1677,0.32250215716226543
1678,0.4694028921793793
1679,0.3095201946608112
1680,0.6888239670548947
1681,0.268168875364852
1682,0.5755563790752966
1683,0.1572091297591137
1684,0.3470374765303543
1685,0.18609571124876675
1686,0.5408409232986646
1687,0.35328445507677336
1688,0.30004918559245763
1689,0.3701084758621916
1690,0.029709635568195062
1691,0.5466814754535406
1692,0.27031537098004793
1693,0.3803720563662247
1694,0.5447315224926771
1695,0.3017283331755649
1696,0.4805277144112531
1697,0.5416631463081512
1698,0.4414655077563228
1699,0.5930793994148352
1700,0.5902533307447169
1701,0.2832504787263869
1702,0.5325636410452912
1703,0.24575951035095386
1704,0.5655060844807199
1705,0.3267792531715824
1706,0.05235097743834599
1707,0.3895104493513822
1708,0.5332676349279367
1709,0.3834207411559568
1710,0.5170306859659398
1711,0.5690770824462048
1712,0.22195485769481074
1713,0.2989642353405104
1714,0.3900066747906817
1715,0.4947829379245449
1716,0.3316179517337077
1717,0.3537634414891354
1718,0.37349434071184057
1719,0.2863477101046901
1720,0.6870865864228033
1721,0.29167864456779663
1722,0.4939067918353957
1723,0.4813171488494314
1724,0.3110503003728521
1725,0.5698450261543082
1726,0.33659967922199097
1727,0.5307747152863398
1728,0.3996195101699672
1729,0.4847424615455659
1730,0.5324044792880698
1731,0.5068244301971895
1732,0.1988074942114188
1733,0.4581851858790744
1734,0.4216598574280553
1735,0.4522864945710142
1736,0.5593172808831229
1737,0.5801256142430087
1738,0.33182952243058195
1739,0.3408273357439253
1740,0.3383044520181395
1741,0.607246919998338
1742,0.5214747623738089
1743,0.4934954820891612
1744,0.37525991797400804
1745,0.4884440055143794
1746,0.05814069958996584
1747,0.635936971899054
1748,0.5281508158008879
1749,0.3332944999171992
1750,0.4065049934698967
1751,0.5899313667150314
1752,0.2931084237409889
1753,0.35255108621997433
1754,0.3766246551322005
1755,0.2518584850662328
1756,0.4481816948050843
1757,0.23475046566484856
1758,0.279439944613358
1759,0.4866194122204313
1760,0.4817234472277874
1761,0.4908164931945607
1762,0.3125596366585822
1763,0.5733484546170703
1764,0.3816122478195065
1765,0.571612021055481
1766,0.4492396122053151
1767,0.5247471079186486
1768,0.6308322961264142
1769,0.3317778255903523
1770,0.059216093567155674
1771,0.5712708233785793
1772,0.4983886142067031
1773,0.1431925625501993
1774,0.5223889836799821
1775,0.3848100435129085
1776,0.37511286458797855
1777,0.5824104066543668
1778,0.5355193640891285
1779,0.493765576785312
1780,0.4395381566248177
1781,0.5725078382053955
1782,0.6323405146770753
1783,0.3632210164956525
1784,0.3894665499286017
1785,0.4854277218470444
1786,0.19952611045644356
1787,0.5808385470961589
1788,0.3981284095700927
1789,0.16249262219890054
1790,0.1727027767591227
1791,0.5891617426148037
1792,0.21636103046865512
1793,0.4725006219943552
1794,0.4735929425680832
1795,0.06583500600510815
1796,0.1697020144187916
1797,0.1957652823904185
1798,0.4865307243487861
1799,0.5265166086493329
1800,0.2978229067963088
1801,0.5672083356161716
1802,0.4776380339531509
1803,0.5409344156703112
1804,0.4575308482048421
1805,0.4202896805175597
1806,0.5307118934536188
1807,0.3828959367644543
1808,0.18230580946245775
1809,0.4526564005706947
1810,0.12507002930421496
1811,0.5039126050597021
1812,0.4403438115432187
1813,0.30672679594870605
1814,0.32412045999587885
1815,0.6055788672899135
1816,0.4765425787865264
1817,0.5809865132284175
1818,0.3266176326971525
1819,0.4668148078978723
1820,0.6251903947082618
1821,0.5965890914402936
1822,0.3429900665562773
1823,0.4631941839466955
1824,0.4532994573144271
1825,0.3952340865872647
1826,0.3968438784445638
1827,0.3130710503740147
1828,0.17676923819363338
1829,0.3260457396482597
1830,0.2925496206993825
1831,0.5388314540003201
1832,0.4585685198834942
1833,0.4782091173213166
1834,0.11030825288138167
1835,0.26015560428518497
1836,0.3902126025751592
1837,0.4956231938513769
1838,0.398571315094177
1839,0.24802020100839936
1840,0.2415571531053669
1841,0.5088271341883457
1842,0.4958474927085332
1843,0.25944264326403643
1844,0.5999242362887044
1845,0.4580697151600253
1846,0.4817857793266118
1847,0.5461824090709937
1848,0.2444860760740209
1849,0.31323985413471994
1850,0.14325498425428226
1851,0.18518074640818105
1852,0.5353641153542732
1853,0.4462753293880937
1854,0.4518167027917458
1855,0.5215532403878442
1856,0.11320393234272165
1857,0.2279139456977277
1858,0.4398921454202507
1859,0.6930462321022836
1860,0.6216284220092885
1861,0.30601270260675056
1862,0.4476988878763474
1863,0.3944268174532662
1864,0.14460745694781532
1865,0.29199760146507525
1866,0.4518375265186908
1867,0.3669513586135368
1868,0.4432300827886376
1869,0.4748247123170257
1870,0.5896916559918509
1871,0.2227164965713476
1872,0.5450305676575918
1873,0.4518316131779106
1874,0.288326208596003
1875,0.4924164931296163
1876,0.6524698861799183
1877,0.413396940912248
1878,0.38470444918540503
1879,0.19421977311284624
1880,0.4636791346872422
1881,0.5131447400061729
1882,0.36288088998920415
1883,0.4293858059346266
1884,0.34851494651888043
1885,0.2256477783728093
1886,0.2223265510272946
1887,0.5375963634565877
1888,0.31881442542342464
1889,0.4374889812028109
1890,0.6939813293375501
1891,0.4753982562304266
1892,0.5380138807710105
1893,0.4179785871890572
1894,0.6220766784444871
1895,0.4314381875145677
1896,0.6919278561692873
1897,0.10825706435443366
1898,0.5747779802162098
1899,0.3279013014648505
1900,0.3726616826491253
1901,0.4683472878441571
1902,0.3543691224172077
1903,0.5051439626067896
1904,0.5893794573841918
1905,0.4845179553594499
1906,0.42273185792783147
1907,0.28585293718779026
1908,0.4522743447601197
1909,0.6721460080033718
1910,0.1942989113244918
1911,0.4231691700607714
1912,0.29738790310389257
1913,0.4243794482589309
1914,0.658741681658778
1915,0.2948172028451839
1916,0.20343567361484746
1917,0.14159271883976976
1918,0.3608449199083378
1919,0.4828921569458038
1920,0.514669501942544
1921,0.16315016835836588
1922,0.5756584821228111
1923,0.6501262123088232
1924,0.5729086307278635
1925,0.12118065674737365
1926,0.4908746332748661
1927,0.2604954580503536
1928,0.10189857758231796
1929,0.1993534519030428
1930,0.4866288744588304
1931,0.6381934259761137
1932,0.5541320791551445
1933,0.4779436707323737
1934,0.6021300695731475
1935,0.4079414981666529
1936,0.4337248723826225
1937,0.09588684997736148
1938,0.5684172435519009
1939,0.32126157291577995
1940,0.3952097005456821
1941,0.243453203838576
1942,0.4201232574928287
1943,0.3065494477476219
1944,0.4225529771973261
1945,0.5866077797780708
1946,0.3938587278274997
1947,0.6574985455428376
1948,0.3962276005049835
1949,0.403094157817889
1950,0.380149553268461
1951,0.4807497264576948
1952,0.22848865648792016
1953,0.4270161740131691
1954,0.4160080989832027
1955,0.485886455973841
1956,0.4350327121741991
1957,0.3297163946586884
1958,0.5740830057731221
1959,0.6002175863874515
1960,0.4795680976887239
1961,0.5015636380978322
1962,0.1878768176641612
1963,0.3163043037414677
1964,0.5772829864339689
1965,0.7009401267079328
1966,0.7706608927572153
1967,0.3962451502552901
1968,0.4180414055024468
1969,0.5734147108074664
1970,0.4998077517966002
1971,0.43720736989719133
1972,0.3395227666993837
1973,0.310933931639565
1974,0.1974908551480785
1975,0.3811174931366021
1976,0.21409242728449854
1977,0.4005497498405752
1978,0.40339111960692975
1979,0.5218121998850115
1980,0.6424307968681353
1981,0.5302058391855148
1982,0.3715785617971296
1983,0.6231981452310515
1984,0.5896526911733366
1985,0.4876429237855092
1986,0.4553903980963807
1987,0.4257428856293845
1988,0.3243010403355592
1989,0.2566078354592789
1990,0.3251540411560961
1991,0.4512012124988649
1992,0.4778822411828865
1993,0.5897519171500768
1994,0.2806335760648015
1995,0.4463941827965581
1996,0.6978437491280404
1997,0.3416676165373568
1998,0.3710577218953366
1999,0.5624420348322919
