,value_per_image
0,-1.4836782
1,-1.0887096
2,-1.1227833
3,-0.85398465
4,-1.3886693
5,-0.5918726
6,-1.0994208
7,-1.7299664000000001
8,-1.6652907
9,-0.6380259
10,-1.7249162
11,-1.1230742
12,-1.0123737
13,-1.1195921
14,-0.8087894
15,-1.3225303999999998
16,-1.0759001
17,-0.5565760000000001
18,-0.7615278
19,-0.6740295000000001
20,-0.7524304
21,-0.6472880999999999
22,-1.0524246000000002
23,-0.672909
24,-0.52450204
25,-0.96256554
26,-1.6393031000000002
27,-1.0052054
28,-2.0771284
29,-0.7757887
30,-1.5982867
31,-1.0563161
32,-1.4222203000000002
33,-1.1407733999999998
34,-0.36778775
35,-1.7978227999999998
36,-1.2198983
37,-0.44671279999999997
38,-0.67265505
39,-0.83349967
40,-1.6411561000000001
41,-1.0221646
42,-1.6859381999999998
43,-1.1665398999999999
44,-0.9754883
45,-0.6561085
46,-1.3104281
47,-0.9861691999999999
48,-1.0615288999999999
49,-0.8622709999999999
50,-1.309714
51,-1.2544761999999998
52,-1.3335934999999999
53,-1.749829
54,-0.704106
55,-0.92160547
56,-0.8108563
57,-0.9378475000000001
58,-0.774931
59,-0.23569268
60,-0.5943955
61,-2.2255623
62,-0.94491875
63,-0.5222316
64,-1.0583973999999998
65,-0.90054536
66,-1.2113718999999998
67,-1.1703557
68,-1.0294127
69,-1.1002877
70,-0.9150746
71,-0.8376806999999998
72,-1.070791
73,-0.74549633
74,-1.6481103
75,-2.0542988999999996
76,-1.7565752000000001
77,-1.8988041000000002
78,-0.6291502
79,-1.3019068
80,-1.4349197
81,-0.91647905
82,-1.746487
83,-0.62495434
84,-1.6609308999999997
85,-1.476309
86,-1.2974198000000001
87,-1.3523698999999998
88,-0.9080943000000001
89,-0.80494034
90,-0.8474335999999999
91,-1.6688762
92,-1.2772858
93,-1.0542388
94,-0.8982555
95,-0.14566028
96,-0.8476203000000001
97,-1.6237663
98,-0.8481786
99,-1.1701006
100,-1.0046003000000001
101,-1.4285985
102,-0.8401806999999999
103,-0.92472553
104,-0.9933074000000001
105,-1.1533965
106,-1.7661080000000002
107,-1.4241781
108,-1.1815927
109,-0.6694318
110,-1.4472003
111,-1.4637523000000001
112,-1.7133093999999998
113,-0.7374592
114,-0.6683861999999999
115,-1.00315
116,-1.4403011000000001
117,-0.7153164000000001
118,-1.3714906999999998
119,-1.1001168
120,-1.07265
121,-1.5726423999999999
122,-0.9598306000000001
123,-0.8163064999999999
124,-1.9149068999999999
125,-1.9033952
126,-1.0840186
127,-0.6898369000000001
128,-0.793118
129,-0.9686116
130,-0.98153454
131,-0.7526571999999999
132,-0.54100686
133,-1.1067506
134,-1.5549817
135,-1.0880926000000002
136,-1.6029489
137,-0.8696752000000001
138,-1.6222566
139,-1.1891141
140,-0.5892908
141,-0.97877926
142,-0.6735262
143,-0.80024076
144,-0.5756545999999999
145,-0.7545984
146,-1.6188338
147,-0.9977875
148,-0.5191798
149,-0.9434345999999999
150,-0.978999
151,-1.2222248
152,-1.2150771999999999
153,-0.96907926
154,-1.6186545
155,-0.68995863
156,-0.8042736999999999
157,-1.1520075
158,-0.6088220999999999
159,-1.6772601999999999
160,-1.151322
161,-1.4966607
162,-1.1101649
163,-0.9161995999999999
164,-2.1928360000000002
165,-1.1930416000000001
166,-1.7580863000000002
167,-0.9971015999999999
168,-0.47459108
169,-1.1915745
170,-1.3679123
171,-2.0307698
172,-1.2528841
173,-1.514564
174,-1.5113899
175,-0.89865947
176,-1.0273583
177,-0.86674297
178,-1.2826688
179,-0.7584663
180,-0.2551938
181,-1.0778683
182,-0.51623785
183,-1.3383212
184,-0.6507803000000001
185,-1.541295
186,-1.0207895
187,-0.8441658999999999
188,-1.5222999
189,-0.88197005
190,-1.5525955
191,-1.1461940000000002
192,-1.366462
193,-0.728899
194,-1.3650072
195,-1.3296776000000001
196,-1.0004414000000001
197,-0.601795
198,-0.907316
199,-1.2839152
200,-1.1223618
201,-1.6237012
202,-1.4863287
203,-0.7652971
204,-1.0653472
205,-0.9537628
206,-0.7079295999999999
207,-0.52970654
208,-1.3183132
209,-0.51073974
210,-0.7262390999999999
211,-0.9424511000000001
212,-1.8786131000000001
213,-0.7119254
214,-0.83232033
215,-0.8386798000000001
216,-1.2814641000000002
217,-0.9314488999999999
218,-0.7365304
219,-1.2331086000000002
220,-0.72599167
221,-1.0585643
222,-0.7922239999999999
223,-0.9030353000000001
224,-1.35677
225,-0.50064987
226,-0.41832975
227,-1.4189858
228,-1.6395718000000001
229,-1.2907808
230,-0.64938766
231,-1.0999067
232,-1.0855256000000002
233,-0.5458426
234,-0.47484025
235,-1.315116
236,-1.6053818000000002
237,-0.77431965
238,-0.6826359000000001
239,-1.1910392
240,-1.0037267
241,-0.7773071
242,-0.76143074
243,-1.48643
244,-1.2597691999999998
245,-0.9225681999999998
246,-0.6005318000000001
247,-1.9256252
248,-0.6594939999999999
249,-1.0021342
250,-1.0278478000000002
251,-2.129537
252,-1.3599355
253,-0.7257226
254,-1.0979115
255,-1.0944865
256,-0.60018593
257,-0.6988761
258,-1.0264379000000001
259,-0.8779541999999999
260,-1.0893965
261,-0.8108474
262,-1.0017209
263,-1.4035543
264,-0.5615239000000001
265,-0.45066613
266,-1.0896639
267,-0.7943898
268,-0.42566043
269,-0.99163485
270,-1.4558218
271,-1.4908059999999999
272,-1.2418027
273,-0.44017503
274,-1.7607471999999997
275,-1.2143538
276,-1.3783464
277,-0.9575189000000001
278,-1.1626717
279,-1.3012693000000002
280,-0.6496675999999999
281,-0.65383214
282,-1.474175
283,-0.6580329
284,-0.686775
285,-2.000528
286,-0.67994606
287,-0.8762785
288,-1.2512362
289,-0.85164285
290,-0.8548716000000001
291,-0.66797775
292,-1.6817449
293,-0.41926733
294,-1.2537191
295,-1.1775547
296,-0.89302623
297,-0.9815988000000001
298,-1.5214705
299,-0.22951149999999998
300,-1.2876132
301,-1.0946354
302,-1.1471888000000001
303,-1.1581908
304,-1.0492631000000001
305,-0.6471866
306,-1.4838399
307,-1.1543165000000002
308,-0.8303939
309,-1.3176563000000001
310,-1.1508381
311,-1.5607076000000002
312,-1.5813209
313,-1.3267930000000001
314,-1.5088469999999998
315,-1.2057415
316,-0.5884285
317,-1.8340226000000002
318,-0.74964803
319,-0.8753385
320,-1.2136301999999999
321,-1.1481832
322,-1.2106198000000001
323,-0.9736733
324,-0.8419587
325,-0.9322565999999999
326,-0.87292683
327,-1.2272848
328,-0.7655628000000001
329,-1.0996449
330,-1.1681781
331,-1.5477026000000003
332,-1.5044966999999998
333,-1.0048675999999999
334,-1.0749991
335,-1.0520903
336,-0.9803456
337,-1.1006516000000002
338,-1.4152093000000001
339,-1.2997101999999998
340,-0.79555476
341,-0.7404347
342,-1.1153315000000001
343,-1.4698757
344,-0.87089705
345,-0.8056473000000001
346,-0.94982463
347,-0.99911
348,-1.0073874
349,-1.5418111
350,-0.7391241999999999
351,-1.2901601999999999
352,-1.2437878999999998
353,-0.6385829000000001
354,-1.7014084999999999
355,-0.87735015
356,-0.7574725999999999
357,-1.1113496
358,-0.29854944
359,-0.672593
360,-1.0127412
361,-0.69128007
362,-1.306054
363,-0.6078633000000001
364,-1.2409497
365,-1.3832487
366,-1.15775
367,-0.8697994000000001
368,-1.0626463
369,-1.3131977
370,-1.3951898999999999
371,-1.6549087
372,-0.9067386000000001
373,-1.2434181
374,-1.2913368
375,-1.1324372
376,-0.9936065999999999
377,-1.8845040000000002
378,-1.1383528
379,-0.9059950000000001
380,-1.1423938
381,-1.3479481000000002
382,-1.3954598
383,-0.9815143
384,-1.0482246
385,-0.9382587
386,-0.57006437
387,-0.8912423
388,-1.3776492
389,-0.8735166999999999
390,-1.5575635
391,-1.2186495000000002
392,-0.9553811
393,-1.0153211
394,-0.8903052
395,-2.3778415
396,-0.9191323
397,-0.6585706
398,-0.7356338000000001
399,-0.9786628
400,-1.2825768999999998
401,-1.6831267
402,-1.2816794
403,-0.86991173
404,-0.3297808
405,-0.6676318
406,-0.7944303
407,-1.0636575000000001
408,-1.5397456
409,-1.2245098
410,-2.141351
411,-2.0176778000000004
412,-1.2001883999999998
413,-0.6622513000000001
414,-1.2199496
415,-1.290429
416,-0.87501603
417,-0.7726506
418,-1.7550633000000002
419,-1.1804404
420,-1.3246645000000001
421,-1.1122147
422,-1.135204
423,-0.86914885
424,-1.663666
425,-1.7166918999999998
426,-0.9016711
427,-1.7851979
428,-0.7086481
429,-0.90194666
430,-0.9509134
431,-0.9772491
432,-1.0952646000000001
433,-1.8205881999999998
434,-1.4068707
435,-1.265865
436,-1.2606611
437,-0.83011734
438,-0.2962349
439,-0.9741449000000001
440,-1.4279435
441,-1.261533
442,-1.3244951999999999
443,-0.9427474
444,-1.0158312
445,-1.1116208
446,-1.0446799999999998
447,-1.3960384
448,-1.1659306
449,-0.7517823
450,-0.83210063
451,-0.6736962
452,-0.53565645
453,-0.45352355
454,-0.8208059000000001
455,-0.8648151
456,-1.0814028
457,-0.54605085
458,-0.6290183000000001
459,-0.8616607
460,-0.93256325
461,-0.3866659
462,-0.94537234
463,-0.83270025
464,-1.0478493
465,-0.8767209999999999
466,-0.8220559999999999
467,-1.6714182
468,-1.3857062
469,-0.9592556999999999
470,-0.8570806999999999
471,-0.5804208000000001
472,-0.96953994
473,-0.8646685
474,-0.8410943999999999
475,-0.8753882
476,-1.9264655
477,-0.74485606
478,-1.277615
479,-1.0654876
480,-0.46842065
481,-0.88462096
482,-0.89691645
483,-0.61586297
484,-0.91141605
485,-1.512359
486,-1.3956678
487,-1.3132033
488,-1.6026562
489,-1.1538138
490,-1.1737893999999998
491,-1.1112282
492,-0.5183072
493,-0.80560434
494,-1.1142646
495,-0.5784018
496,-1.6949991999999998
497,-1.1167836000000002
498,-0.86110455
499,-1.606169
500,-1.2159026000000002
501,-0.88170236
502,-0.94579154
503,-1.1775779
504,-1.0299075
505,-0.24651252
506,-0.94744265
507,-1.3106475
508,-1.521411
509,-1.2674011
510,-1.2511988
511,-1.117679
512,-1.5382321
513,-1.8276078000000002
514,-1.3968553999999997
515,-1.285584
516,-1.6829627
517,-1.2320216999999998
518,-1.4970113999999999
519,-1.2903056
520,-1.4611512
521,-1.4563873
522,-1.0255193999999999
523,-1.4769055
524,-0.9681325000000001
525,-1.1619962
526,-1.2339216
527,-1.2050146000000002
528,-2.451898
529,-1.4424024
530,-1.0149844000000001
531,-1.1752527
532,-0.45769529999999997
533,-0.7922833
534,-0.80101943
535,-0.9360162000000001
536,-0.78010964
537,-1.3254026
538,-1.8123931
539,-1.2518023
540,-1.2590033999999999
541,-0.82676625
542,-1.2005903999999998
543,-1.5709671
544,-1.4485874
545,-1.5324538
546,-0.9211541999999999
547,-2.445719
548,-1.0500221
549,-1.2467881
550,-0.6337965
551,-1.3392283
552,-1.1977159
553,-1.0679858
554,-0.3974821
555,-0.62126696
556,-1.7469462
557,-1.4019651000000002
558,-0.97263086
559,-1.0867544
560,-1.6334676000000001
561,-1.0483816
562,-1.2672056
563,-0.9869789000000001
564,-1.1930028
565,-1.9694732
566,-1.3392596
567,-0.97113067
568,-1.5536065000000001
569,-0.72171956
570,-1.1648056999999998
571,-0.52002734
572,-1.4023623
573,-1.9793020000000001
574,-1.4005826000000001
575,-2.1336152999999998
576,-0.9403604
577,-0.99838346
578,-1.3082029
579,-0.7657785
580,-0.35586858
581,-0.9730638
582,-0.90282416
583,-1.2150508999999998
584,-0.83553874
585,-0.77620804
586,-1.3817286
587,-0.9731286
588,-1.8418598999999998
589,-0.8751769
590,-0.9498589
591,-1.4355888
592,-1.6727499
593,-1.3299937
594,-1.2461646999999998
595,-0.7433824
596,-0.7884451
597,-0.98089755
598,-1.7423613999999998
599,-0.8861164
600,-0.9637026
601,-1.4941639
602,-0.53183347
603,-1.1095084
604,-0.9754079
605,-1.202038
606,-0.80616796
607,-0.7435019
608,-0.7883207
609,-1.0047131999999999
610,-0.74323547
611,-1.2853899
612,-1.2974298999999998
613,-0.7302569
614,-0.6589176
615,-1.3490871000000002
616,-1.4245218000000002
617,-1.404916
618,-1.8338591
619,-1.3524916
620,-0.49075799999999997
621,-2.0066414
622,-0.7985189
623,-1.4172492
624,-1.6321008
625,-0.60983545
626,-1.4186476000000001
627,-0.4313519
628,-0.7052101
629,-1.3970428999999998
630,-0.6910286
631,-1.3184615
632,-1.1942164
633,-1.3393003
634,-0.30327207
635,-1.1441925
636,-0.61000615
637,-1.1539072
638,-1.1602986000000002
639,-0.89753294
640,-1.3759656999999998
641,-0.7669271
642,-1.1417603
643,-1.0837383999999999
644,-1.2511226999999998
645,-1.4006485
646,-1.197713
647,-1.4282941999999998
648,-1.4287803
649,-1.6062638999999999
650,-0.52141434
651,-1.4242476
652,-1.2141520000000001
653,-1.6093453000000002
654,-0.786931
655,-1.8267596000000001
656,-1.167101
657,-1.6251441999999998
658,-0.8407986999999999
659,-1.373761
660,-1.0072199
661,-1.5768703000000002
662,-1.4814082
663,-0.88723785
664,-1.446051
665,-0.67770255
666,-1.2343159
667,-1.1521008
668,-0.9553358000000001
669,-0.6830967
670,-1.0328703000000001
671,-1.8862607
672,-0.94469994
673,-1.0413975
674,-1.5207529
675,-1.3935695
676,-0.71460575
677,-0.9020440999999999
678,-1.471862
679,-1.1840321000000003
680,-0.8900306
681,-0.47291622
682,-0.9029968
683,-0.65813076
684,-1.8251511999999999
685,-1.5656842
686,-0.8266947
687,-0.8740412000000001
688,-0.8709173000000001
689,-1.5913466
690,-1.6535822
691,-1.4635347
692,-0.95135164
693,-0.7899984999999999
694,-0.43996474
695,-0.7367004
696,-0.5293093000000001
697,-0.51770926
698,-0.76810217
699,-1.7284709999999999
700,-1.1079424999999998
701,-1.2956988999999999
702,-0.7566940999999999
703,-1.4375846
704,-0.9128278000000001
705,-0.9482239
706,-0.9995231
707,-0.8059124
708,-0.6321254
709,-0.80799896
710,-1.1072037000000001
711,-1.7990747999999999
712,-1.8805112000000002
713,-0.90347046
714,-1.7673035
715,-1.1267372
716,-0.29729545
717,-1.3644180000000001
718,-0.9650434999999999
719,-1.7370567
720,-1.5836847
721,-1.6146402
722,-0.95612985
723,-0.80730575
724,-0.5288795000000001
725,-0.96950454
726,-0.42017815
727,-1.0286176999999999
728,-0.82621884
729,-0.898436
730,-0.97973895
731,-1.0306024999999999
732,-1.6733577000000002
733,-0.9655745000000001
734,-0.9729056
735,-1.2227228
736,-1.2230406999999999
737,-0.82160944
738,-1.5098702
739,-1.3142459
740,-1.0692781
741,-0.85101694
742,-1.2323923
743,-1.8916858
744,-0.55028737
745,-1.6802534
746,-0.97350043
747,-1.1427453
748,-1.3488234
749,-1.3229271
750,-0.5716895000000001
751,-0.8734913000000001
752,-1.1665415000000001
753,-1.357915
754,-0.97842526
755,-0.9746165999999999
756,-0.9548641999999999
757,-0.51241094
758,-0.69397265
759,-1.126837
760,-1.4938396999999999
761,-0.81333077
762,-0.6798664000000001
763,-0.6667498000000001
764,-0.92658067
765,-0.8375459000000001
766,-1.6663511999999998
767,-1.57825
768,-1.3654263
769,-0.92181766
770,-0.48388383
771,-1.0005445
772,-1.3016428999999998
773,-0.9694904000000001
774,-0.5885322
775,-1.0326880999999999
776,-0.7638385999999999
777,-1.2943838
778,-1.1202536
779,-1.4308805
780,-1.5890077
781,-0.36351994
782,-1.0775018
783,-0.8175429
784,-0.7639229999999999
785,-1.1217728999999999
786,-0.83380085
787,-1.0889868
788,-1.347716
789,-0.5773316
790,-1.1087126
791,-0.9875511
792,-1.458452
793,-0.91089374
794,-1.5208643999999998
795,-1.3574156000000002
796,-1.3557076000000001
797,-0.79358125
798,-0.9401867
799,-1.1717521999999998
800,-0.61724335
801,-1.0870621999999999
802,-0.9661997999999999
803,-0.83054066
804,-1.3711773999999999
805,-2.1705265
806,-1.5569012
807,-2.2061555
808,-0.73928803
809,-0.1874283
810,-1.0141551
811,-1.7553368999999999
812,-1.8873519
813,-0.65535784
814,-1.3351628999999998
815,-0.58572006
816,-0.28695986
817,-0.6162114000000001
818,-1.3170761999999998
819,-1.0944102
820,-0.9055129999999999
821,-0.6117439
822,-1.723112
823,-0.98651445
824,-1.2701247
825,-1.3637854
826,-1.6723648000000002
827,-1.4966542999999999
828,-0.5745953
829,-0.70337266
830,-1.7485592
831,-0.965778
832,-1.1608535
833,-0.766614
834,-1.5533313
835,-1.0852653
836,-1.2511523
837,-0.97345984
838,-1.5092417
839,-2.2262353999999998
840,-1.5724728000000001
841,-1.1762569
842,-1.1712316999999999
843,-1.4773867
844,-1.1426952
845,-1.2226424999999999
846,-0.8468933000000001
847,-0.9576148999999999
848,-0.95646906
849,-0.65811825
850,-0.90163165
851,-1.2352853000000001
852,-0.8552571
853,-1.0969387
854,-1.0748957000000001
855,-0.33750176
856,-1.8529333
857,-1.2640502
858,-0.39223173
859,-1.0216278
860,-0.74256825
861,-0.80190074
862,-1.066703
863,-2.1711032
864,-1.039138
865,-0.6677279
866,-0.91902524
867,-0.8124651999999999
868,-0.52416253
869,-1.8268117
870,-1.3122835
871,-1.1593401
872,-1.2518203
873,-0.6703979999999999
874,-1.6180892
875,-0.7214092
876,-1.5556877
877,-0.92076266
878,-0.2045279
879,-1.4194361999999998
880,-0.96679497
881,-1.0562806999999999
882,-1.1625510000000001
883,-0.75870866
884,-1.42971
885,-1.3541871
886,-1.1018702
887,-1.1677728
888,-1.0384513000000002
889,-1.2727405
890,-0.58640516
891,-1.1462566
892,-1.6506286000000001
893,-0.97765845
894,-1.3571993
895,-1.8325756000000002
896,-1.1179848
897,-1.2336531000000002
898,-1.0315205
899,-0.8410042999999999
900,-1.6499013999999999
901,-0.49278262
902,-0.9230896000000001
903,-0.65989727
904,-0.9929121999999999
905,-0.35880974
906,-1.1595795
907,-1.1243441
908,-1.5074146000000002
909,-0.5758274
910,-0.72903466
911,-0.92424726
912,-1.4259146
913,-1.6732933999999997
914,-1.6507296999999999
915,-1.1100023
916,-0.40417674
917,-1.022872
918,-0.6506327
919,-1.5139941000000001
920,-1.0311027
921,-1.3162216999999998
922,-0.77982867
923,-1.762456
924,-0.87938935
925,-0.49191585
926,-0.7580899
927,-0.7116776
928,-1.277107
929,-0.9475564000000001
930,-0.59597707
931,-1.0891984
932,-1.0998299999999999
933,-1.0433453000000001
934,-0.66486114
935,-1.4943024
936,-1.7408925
937,-0.70132065
938,-1.5664787
939,-1.3908479999999999
940,-1.3541796
941,-0.7306031
942,-1.4259462
943,-0.97671115
944,-1.4272631000000002
945,-1.2227223999999999
946,-0.9079528
947,-0.65693563
948,-1.3501896999999998
949,-1.6159836
950,-0.7702131
951,-0.66236997
952,-1.4970938
953,-0.5894001999999999
954,-0.6153774000000001
955,-0.9964107
956,-1.1208434999999999
957,-0.81667465
958,-0.7966809
959,-0.8626879999999999
960,-1.351569
961,-1.4374102
962,-0.7981159999999999
963,-1.1110761
964,-0.9781728000000001
965,-0.8033416999999999
966,-0.49219865
967,-0.76009387
968,-0.95939285
969,-1.8353121
970,-1.2193875
971,-1.1784397
972,-0.6240272
973,-1.8811662
974,-1.6623033999999999
975,-1.0454375
976,-0.84588176
977,-1.2750148000000001
978,-1.2399693999999999
979,-1.4191226000000001
980,-0.79717064
981,-1.5874434
982,-0.9218133
983,-0.6564183000000001
984,-0.5125318
985,-1.1795511
986,-1.1151773
987,-2.0729876
988,-1.0567114
989,-0.7000784000000001
990,-1.0215345999999998
991,-0.7535717
992,-0.8716596
993,-0.5768260999999999
994,-1.7115871999999999
995,-0.5749573
996,-0.785849
997,-0.71178216
998,-1.1642257
999,-1.2203899999999999
1000,-1.7515272000000002
1001,-0.99201524
1002,-0.6919865
1003,-1.2251104
1004,-1.8557146
1005,-0.7818083
1006,-1.1858548
1007,-0.8536565
1008,-0.55811703
1009,-0.8619829999999999
1010,-0.93218637
1011,-1.370961
1012,-0.81456375
1013,-0.9018209
1014,-0.65050477
1015,-0.68550646
1016,-1.5271755
1017,-0.7213824999999999
1018,-1.4091408
1019,-0.80089474
1020,-1.0497918
1021,-0.82494175
1022,-0.8846426
1023,-1.625843
1024,-0.8229555000000001
1025,-0.8818084999999999
1026,-0.37639797
1027,-0.9033313000000001
1028,-0.8657079
1029,-0.67387277
1030,-0.7317693000000001
1031,-1.0329084000000002
1032,-0.43066442
1033,-1.299744
1034,-0.9657993
1035,-0.21560358
1036,-0.9561818000000001
1037,-1.6714256999999997
1038,-1.151299
1039,-0.55031466
1040,-0.8797181999999999
1041,-1.5746765
1042,-0.6688812
1043,-0.46573088
1044,-0.7632541
1045,-0.35638493
1046,-0.92782307
1047,-2.1050632
1048,-0.6158965999999999
1049,-1.659514
1050,-1.0011195
1051,-0.73344195
1052,-0.36295720000000004
1053,-0.48483482
1054,-1.0691795
1055,-1.2872013
1056,-0.72827804
1057,-0.8951957
1058,-1.8272513
1059,-1.4855536
1060,-0.88155335
1061,-1.1721985000000001
1062,-1.4007868
1063,-1.2027037
1064,-0.89382774
1065,-1.1458999
1066,-0.4630308
1067,-0.8074312
1068,-0.70166194
1069,-0.7538560000000001
1070,-0.93969995
1071,-1.8032508999999999
1072,-0.9287835999999999
1073,-1.0399363000000001
1074,-1.1418781
1075,-0.46094194
1076,-0.8589423
1077,-1.722373
1078,-0.87201124
1079,-1.8316296000000003
1080,-0.6593161
1081,-1.3992748
1082,-1.408161
1083,-1.7079958
1084,-0.65426916
1085,-0.9332845999999999
1086,-0.73843986
1087,-0.6401891
1088,-0.512675
1089,-1.5728805000000001
1090,-0.49125734
1091,-1.6944738999999998
1092,-0.6678211
1093,-1.0529008
1094,-0.33793342
1095,-0.9070659
1096,-1.1610922
1097,-1.2900155
1098,-1.3464825
1099,-1.6504005000000002
1100,-1.3642874
1101,-0.5130043
1102,-1.1615094
1103,-0.6847597
1104,-0.97962093
1105,-0.58184993
1106,-0.82636124
1107,-1.2724841999999998
1108,-0.663323
1109,-1.0126111999999998
1110,-0.9650513000000001
1111,-1.342538
1112,-1.0965148
1113,-1.4566736
1114,-1.6129873
1115,-1.3561971000000002
1116,-1.0180116
1117,-0.9736761999999999
1118,-0.5407525
1119,-0.9521556000000001
1120,-0.68001616
1121,-1.1392596000000001
1122,-1.1183553
1123,-1.1975651000000003
1124,-1.1690785
1125,-0.8133776999999999
1126,-0.7795338
1127,-0.95700437
1128,-1.6108106000000002
1129,-1.3415787000000001
1130,-0.55449665
1131,-1.4490062
1132,-0.8068034000000001
1133,-1.0839729
1134,-0.9290674000000001
1135,-0.8090588000000001
1136,-1.3954141000000002
1137,-0.8569533000000001
1138,-0.89194936
1139,-1.0158446
1140,-1.1495473
1141,-1.2371018999999999
1142,-0.64489615
1143,-0.91592526
1144,-0.73116136
1145,-1.8281206
1146,-0.8781402
1147,-0.7333108
1148,-0.96710855
1149,-0.64216393
1150,-1.1051341000000001
1151,-2.102156
1152,-0.77865094
1153,-0.91689
1154,-1.3327663
1155,-1.9510583
1156,-2.0050323
1157,-1.2187063
1158,-1.4080871000000001
1159,-1.2982855
1160,-0.8801841
1161,-0.9008128000000001
1162,-0.98772794
1163,-1.3588357
1164,-0.9610774999999999
1165,-1.7711731
1166,-1.9008855
1167,-0.8614780999999999
1168,-0.89956117
1169,-1.2377648
1170,-1.1399777
1171,-1.3410982
1172,-0.9380228999999999
1173,-0.5115826
1174,-1.9171273999999998
1175,-1.1468942
1176,-1.4930776000000001
1177,-0.73260784
1178,-1.6896319
1179,-1.3598052
1180,-0.9007421999999998
1181,-0.64143544
1182,-1.0349939000000001
1183,-1.1137224
1184,-1.0763767
1185,-1.3559738000000001
1186,-1.9819807
1187,-1.0412787000000001
1188,-1.7050207
1189,-1.5231938
1190,-0.7222803000000001
1191,-1.0801121999999999
1192,-1.4338038999999998
1193,-0.80477935
1194,-0.764985
1195,-0.7685311
1196,-1.3245917999999999
1197,-0.7322739
1198,-0.7006053000000001
1199,-1.1426694
1200,-0.72683
1201,-1.4529152
1202,-0.9001921999999999
1203,-1.1615913
1204,-0.86840427
1205,-1.499654
1206,-1.229595
1207,-1.0366673
1208,-1.0064137
1209,-0.70468694
1210,-0.63403344
1211,-0.9832677
1212,-1.0302628
1213,-0.8799485
1214,-0.6859116
1215,-1.0378261999999998
1216,-1.3560765
1217,-0.90258366
1218,-1.5018166000000002
1219,-1.1955396
1220,-1.1250997999999999
1221,-1.0358918
1222,-0.3512283
1223,-1.1691396
1224,-1.1042446000000001
1225,-1.1196343999999998
1226,-0.7621683000000001
1227,-1.5957266
1228,-1.3126421
1229,-0.5714836
1230,-1.0621176
1231,-2.2285242000000003
1232,-1.5256306999999998
1233,-0.67111224
1234,-0.6172422
1235,-0.6273321
1236,-0.6721285
1237,-0.58888084
1238,-1.3251211999999999
1239,-0.6860958
1240,-1.7062224
1241,-1.5606
1242,-1.3894426000000002
1243,-2.325239
1244,-0.3941168
1245,-1.1011147
1246,-0.8119304
1247,-0.9873030999999999
1248,-0.812025
1249,-0.81328934
1250,-1.0422436
1251,-1.0165945
1252,-1.0865154
1253,-0.5831267
1254,-1.5458938999999998
1255,-1.5342774
1256,-1.2977855
1257,-0.7225941
1258,-1.0236135
1259,-0.46583644
1260,-0.4580931
1261,-0.7408208000000001
1262,-0.36319003
1263,-1.9830616
1264,-1.461878
1265,-1.1930969
1266,-0.92286456
1267,-1.7083130000000002
1268,-1.3829871
1269,-0.6211566
1270,-1.0059015
1271,-2.1883654999999997
1272,-1.0598296999999999
1273,-0.869778
1274,-1.7755051
1275,-1.9210662
1276,-1.1715178
1277,-1.2077415
1278,-1.6987609000000001
1279,-1.2124473999999998
1280,-1.1687931
1281,-1.5199527
1282,-1.1862393999999998
1283,-1.2929975
1284,-0.5554022
1285,-1.4854116000000002
1286,-2.0787451
1287,-1.2180413
1288,-0.7920835
1289,-0.89935094
1290,-1.0125427
1291,-0.5875047
1292,-1.7351573
1293,-1.4812642
1294,-0.86929387
1295,-0.15843192
1296,-1.6240706
1297,-1.1079823999999998
1298,-0.7280621
1299,-0.8424285
1300,-1.1466995
1301,-1.4150751
1302,-0.8464195
1303,-1.1651718999999998
1304,-1.05713
1305,-0.84008783
1306,-1.6516104
1307,-0.8892901
1308,-0.66982144
1309,-0.9459134
1310,-1.6397978
1311,-0.95570946
1312,-0.97432685
1313,-1.1944919
1314,-0.6307588000000001
1315,-1.1489873
1316,-1.2314296
1317,-1.4517794
1318,-0.9430972
1319,-1.8598982
1320,-0.9825229
1321,-1.0279732
1322,-0.84242487
1323,-1.4122655000000002
1324,-0.5997154
1325,-0.8383427999999999
1326,-1.3481272
1327,-0.60198164
1328,-1.0018822
1329,-0.8296971
1330,-1.8015695
1331,-1.5677124
1332,-0.72496134
1333,-0.81296796
1334,-1.1351183999999999
1335,-1.3489758
1336,-1.0473114
1337,-1.2831812
1338,-0.66509664
1339,-1.8686092
1340,-1.6442991000000002
1341,-0.68663347
1342,-1.2411249
1343,-1.6163011999999999
1344,-0.7732005999999999
1345,-0.7574325
1346,-1.001619
1347,-1.1646311000000003
1348,-1.7834698
1349,-0.17569548
1350,-1.0804448
1351,-0.7695022
1352,-1.4594258
1353,-0.7359213000000001
1354,-1.2066722
1355,-1.0397056
1356,-1.2668045
1357,-1.2436235
1358,-1.4288903
1359,-1.3992743
1360,-1.8830046999999999
1361,-0.9312363000000001
1362,-0.6857149
1363,-0.8679962999999999
1364,-0.9677889000000001
1365,-1.2877512
1366,-0.9405408000000002
1367,-0.94936854
1368,-1.8360821
1369,-1.0034405
1370,-0.8171893
1371,-0.7687831
1372,-1.3021444
1373,-0.8070663
1374,-1.0383182
1375,-0.9808023000000001
1376,-0.99998426
1377,-0.7940111999999999
1378,-0.8215766999999999
1379,-0.83031905
1380,-1.0051112
1381,-1.5065868999999998
1382,-1.1806141
1383,-0.5124685
1384,-1.0875198999999998
1385,-1.2956401000000002
1386,-0.7320125
1387,-1.9182588
1388,-0.8753095
1389,-1.0036315999999998
1390,-1.4232728000000001
1391,-1.8266197
1392,-0.74453974
1393,-1.4942733
1394,-0.1890605
1395,-0.7504092
1396,-1.7026691000000003
1397,-2.049475
1398,-0.9204950000000001
1399,-1.2243559
1400,-0.832367
1401,-0.6435611
1402,-1.4126591999999998
1403,-0.32815690000000003
1404,-1.2677976999999998
1405,-1.1291738000000002
1406,-1.1094203
1407,-1.7341197
1408,-1.4804591999999999
1409,-1.5828357
1410,-0.88439184
1411,-1.0241736
1412,-0.9563872999999999
1413,-1.0586354
1414,-0.94677746
1415,-0.8674908000000001
1416,-1.3842524999999999
1417,-1.0749189
1418,-1.026938
1419,-0.69983554
1420,-0.8545786
1421,-1.4753421999999998
1422,-1.1371535
1423,-1.5553217
1424,-0.92205334
1425,-0.8830481
1426,-0.6540368000000001
1427,-0.8854793
1428,-0.9160083000000001
1429,-0.45168389999999997
1430,-0.9224716000000001
1431,-1.5183872999999999
1432,-1.535744
1433,-0.88261837
1434,-1.1720182
1435,-0.90395516
1436,-0.5539955
1437,-1.8838699
1438,-1.0944835
1439,-1.6648145
1440,-1.381398
1441,-1.2209237
1442,-1.1363308
1443,-1.5818193
1444,-0.71124065
1445,-1.3093683
1446,-1.1372011
1447,-1.089331
1448,-1.0807403
1449,-0.77483904
1450,-1.2368827
1451,-1.1087053
1452,-1.1918995000000001
1453,-1.0174177
1454,-1.6850458
1455,-1.6817263
1456,-1.2467408000000002
1457,-0.57014304
1458,-0.95394427
1459,-0.93771327
1460,-1.1933187
1461,-0.4525799
1462,-1.3104111
1463,-1.0294011
1464,-0.9492122
1465,-1.2012994
1466,-2.0014322
1467,-0.91507363
1468,-0.9239001
1469,-1.1620841999999998
1470,-1.0433530999999998
1471,-0.69973797
1472,-1.3884752
1473,-0.80295813
1474,-0.85398144
1475,-0.7924180999999999
1476,-0.69702923
1477,-1.1527987
1478,-0.5542623000000001
1479,-2.2253689999999997
1480,-1.9866756
1481,-1.434962
1482,-0.5764016
1483,-0.6702623000000001
1484,-1.7259197
1485,-1.5009488000000002
1486,-1.1942965
1487,-1.7601353
1488,-1.0580938
1489,-1.4166673
1490,-1.2493428999999998
1491,-0.91493905
1492,-1.5361928999999999
1493,-0.79779255
1494,-1.5900601
1495,-1.0470464
1496,-1.0700803
1497,-0.5868357
1498,-1.5996636
1499,-1.3105536
1500,-0.52284956
1501,-0.9235662
1502,-0.61566746
1503,-1.4263264
1504,-0.40711343
1505,-0.513274
1506,-0.61171454
1507,-1.4796774
1508,-1.0755543
1509,-1.2351123
1510,-1.5313628000000001
1511,-0.97039133
1512,-1.2440008
1513,-1.5423919
1514,-0.83809865
1515,-0.7436229999999999
1516,-0.8561639000000001
1517,-1.5731368000000001
1518,-0.97467947
1519,-0.48036477
1520,-1.1601605
1521,-1.0800566999999999
1522,-0.8304155000000001
1523,-0.68719745
1524,-1.5243533
1525,-1.2993208
1526,-1.1519887
1527,-1.354603
1528,-0.98498106
1529,-1.6698662
1530,-1.6730373
1531,-0.9726800999999999
1532,-0.56016004
1533,-1.1490214
1534,-0.82434547
1535,-1.6757468
1536,-1.5947375
1537,-0.9139108
1538,-1.0262326
1539,-0.6060861999999999
1540,-1.558067
1541,-0.9233288000000001
1542,-1.0413707
1543,-0.92107636
1544,-1.6717752000000001
1545,-0.9959885
1546,-1.2799766000000001
1547,-1.0611566000000001
1548,-1.2118307
1549,-0.8316041999999999
1550,-1.251419
1551,-1.2754366000000001
1552,-1.2759254999999998
1553,-1.3326031999999999
1554,-1.8271837
1555,-0.21395768
1556,-0.747011
1557,-0.8065059
1558,-1.2699962
1559,-1.7800782
1560,-2.1243822999999997
1561,-1.0113181999999998
1562,-0.46520790000000006
1563,-1.4762486000000001
1564,-0.82636726
1565,-0.89572334
1566,-0.91668546
1567,-0.7904651999999999
1568,-0.64912015
1569,-1.7975936999999997
1570,-1.1557938
1571,-1.2568694
1572,-1.4979136
1573,-1.1157117
1574,-0.94455236
1575,-0.48987547
1576,-0.8592036
1577,-0.86844504
1578,-0.81691265
1579,-1.3109723
1580,-0.6425486
1581,-1.0864915000000002
1582,-1.0908950000000002
1583,-1.6548735
1584,-1.2754531
1585,-1.7100736
1586,-1.1871033000000002
1587,-0.91212356
1588,-1.579385
1589,-2.1546952999999998
1590,-1.4531286
1591,-1.1569067
1592,-0.61603224
1593,-1.9816967
1594,-1.4099016000000002
1595,-1.1946738000000001
1596,-0.67874604
1597,-1.0662983999999998
1598,-1.3742948
1599,-1.4659625
1600,-0.83991843
1601,-1.6730194999999999
1602,-1.562184
1603,-0.90663314
1604,-1.8119638999999998
1605,-0.5989458000000001
1606,-0.67387813
1607,-1.1134285
1608,-1.1152303999999997
1609,-1.2378688999999998
1610,-1.1637046
1611,-1.394525
1612,-1.9185223999999999
1613,-1.4586433
1614,-1.3792253
1615,-0.2991446
1616,-1.2838929
1617,-1.0613499
1618,-1.9745561999999999
1619,-0.7142449000000001
1620,-1.4166883999999997
1621,-1.3023681999999999
1622,-0.23510055
1623,-1.4237033000000001
1624,-0.4434647
1625,-1.0165786
1626,-1.7717041
1627,-0.94590104
1628,-1.565874
1629,-1.9710328999999998
1630,-2.1737046
1631,-0.8725955
1632,-1.66471
1633,-0.9921940999999999
1634,-1.8877666000000002
1635,-1.2375194
1636,-0.8942254000000001
1637,-0.73558795
1638,-1.6550468
1639,-0.75121045
1640,-1.571315
1641,-1.1712558000000002
1642,-0.6117431999999999
1643,-1.1043265
1644,-1.2248629999999998
1645,-1.2619653
1646,-1.6966327
1647,-1.0388777
1648,-1.4149599
1649,-1.1604918
1650,-1.1716788999999999
1651,-1.0846930000000001
1652,-1.2560623
1653,-0.8867254000000001
1654,-1.3903843999999999
1655,-1.5469687
1656,-2.7732532
1657,-1.2124985000000001
1658,-1.1293973999999998
1659,-0.8290948
1660,-1.2238133
1661,-1.1449397
1662,-1.422965
1663,-1.6399661
1664,-0.59504956
1665,-0.6153018
1666,-0.770984
1667,-1.1490866000000002
1668,-0.5325404
1669,-0.96076643
1670,-1.3772147
1671,-1.913919
1672,-1.225108
1673,-0.7405034
1674,-0.9562754000000001
1675,-1.527142
1676,-0.9868434000000001
1677,-1.3396386999999998
1678,-1.0691305
1679,-0.6269636
1680,-0.58614314
1681,-1.9506477999999998
1682,-0.99458957
1683,-1.9226531000000002
1684,-1.0278872
1685,-1.6133865
1686,-0.7335998
1687,-0.75401336
1688,-1.1762023000000001
1689,-1.7185199
1690,-2.7238398
1691,-0.79379565
1692,-1.3780471
1693,-1.4446483
1694,-0.78700966
1695,-1.1573334
1696,-1.0037502
1697,-0.8061071999999999
1698,-1.1355442
1699,-0.91711706
1700,-0.55897975
1701,-1.4842024
1702,-0.6561595
1703,-1.4667173999999998
1704,-0.8270296999999999
1705,-1.0979598999999998
1706,-2.2309232000000003
1707,-0.9693860000000001
1708,-0.19232975
1709,-0.6649234
1710,-1.1348103999999999
1711,-0.64730984
1712,-1.8592339
1713,-1.1382729
1714,-1.3432323
1715,-0.8238791
1716,-0.8293556999999999
1717,-1.430714
1718,-0.8778446
1719,-1.2459873
1720,-0.8561828000000001
1721,-0.81859213
1722,-0.7435264
1723,-0.8450532
1724,-1.2671455
1725,-0.67460066
1726,-1.3261087
1727,-0.88485605
1728,-1.1115141000000002
1729,-1.1571212
1730,-0.6950141
1731,-0.95168763
1732,-1.7817166000000002
1733,-0.7103531
1734,-0.7778925
1735,-0.53808254
1736,-0.75670725
1737,-0.6521746999999999
1738,-1.280117
1739,-1.3935559
1740,-1.1176028
1741,-0.76904505
1742,-0.7283111
1743,-1.221678
1744,-1.4716388
1745,-1.0121210999999999
1746,-2.1405861
1747,-0.40710762
1748,-1.0365072
1749,-1.430848
1750,-0.8655744000000001
1751,-0.99940044
1752,-1.7277732
1753,-1.5209295
1754,-1.6825371
1755,-1.5277141
1756,-1.3368001
1757,-1.6325032
1758,-1.2910781999999998
1759,-0.58284086
1760,-0.89022547
1761,-0.83800906
1762,-1.2146498
1763,-0.7972097
1764,-1.1718155000000001
1765,-1.0432417
1766,-1.3837389
1767,-1.1648294
1768,-0.41928409999999994
1769,-1.4087715
1770,-2.1945033
1771,-0.99848986
1772,-0.67943996
1773,-2.483545
1774,-1.1920567
1775,-1.1509663
1776,-0.91929096
1777,-0.7884479999999999
1778,-0.7083012
1779,-0.7731385999999999
1780,-1.046028
1781,-0.9256204
1782,-0.6275897
1783,-1.2784733
1784,-1.4150790000000002
1785,-0.9413664
1786,-1.5794355
1787,-0.8990495000000001
1788,-0.8657725000000001
1789,-1.9345758000000002
1790,-1.5691676
1791,-0.7575883000000001
1792,-1.3279424
1793,-0.8196174
1794,-0.87568396
1795,-1.9949651999999998
1796,-1.7055578000000002
1797,-1.4998129999999998
1798,-0.9100959000000001
1799,-0.6688913000000001
1800,-1.3975536
1801,-1.0236162
1802,-1.4046034
1803,-0.6904691999999999
1804,-1.0364834
1805,-0.67283833
1806,-0.9310461999999999
1807,-0.25309137
1808,-1.8716162
1809,-1.2734546999999998
1810,-1.6245385
1811,-0.7255108
1812,-1.2592416000000002
1813,-1.0801748
1814,-1.0232397
1815,-0.99814725
1816,-0.8787705
1817,-1.1082321000000002
1818,-1.6386307
1819,-0.87593853
1820,-0.87776506
1821,-0.6004525
1822,-1.1975182
1823,-0.66177344
1824,-0.5982064
1825,-0.5161690999999999
1826,-1.3277831
1827,-1.4661846
1828,-1.27831
1829,-1.2788035
1830,-1.4818065
1831,-0.64443904
1832,-1.0233915
1833,-0.97642237
1834,-1.8740703
1835,-1.3451558000000001
1836,-1.2239327
1837,-0.81374997
1838,-0.89570534
1839,-1.3082902
1840,-1.1830791
1841,-0.8602738999999999
1842,-1.2045968999999999
1843,-0.9450031999999999
1844,-0.69038737
1845,-1.2422339
1846,-0.68916625
1847,-0.6951210999999999
1848,-1.4149058
1849,-1.1351533
1850,-1.557502
1851,-1.3257388
1852,-0.7395425
1853,-0.82129115
1854,-0.6319255
1855,-0.81759274
1856,-2.2458419999999997
1857,-1.6124163999999999
1858,-1.3555361000000001
1859,-1.1854643
1860,-0.7158826
1861,-1.0874952
1862,-0.8565405999999999
1863,-1.1644451999999998
1864,-2.2512922000000004
1865,-1.4712826
1866,-0.78947186
1867,-1.4806626
1868,-0.81320685
1869,-0.8218700999999999
1870,-0.87244046
1871,-1.1759771
1872,-1.1003892
1873,-1.0736823
1874,-1.6109056000000002
1875,-0.98576695
1876,-0.647045
1877,-1.1256202
1878,-0.5002001
1879,-1.4947757
1880,-0.7783375
1881,-0.7896307
1882,-1.6673384999999998
1883,-0.93495935
1884,-1.0136049
1885,-0.7864234
1886,-1.3739563
1887,-0.6544265
1888,-1.3273959
1889,-1.1022221
1890,-0.57771766
1891,-0.44642898
1892,-1.2813584999999998
1893,-0.8601866
1894,-0.7907979
1895,-1.0106505
1896,-0.76983714
1897,-1.4888476000000002
1898,-0.8968161
1899,-0.99587077
1900,-1.1476548
1901,-1.5639809
1902,-1.0083339
1903,-0.9671009
1904,-0.46118724
1905,-0.6980248
1906,-1.3752986999999999
1907,-1.0549203
1908,-1.4867805
1909,-0.6866658
1910,-1.2511426
1911,-0.8528725
1912,-1.2874155
1913,-0.8505231
1914,-0.55808586
1915,-0.9633311
1916,-1.1608481000000002
1917,-1.8665917
1918,-1.0093528
1919,-0.7661180000000001
1920,-1.1621702
1921,-1.186085
1922,-0.5343449
1923,-1.0022485
1924,-0.54059154
1925,-1.856411
1926,-0.8874280000000001
1927,-1.0752258
1928,-1.9784229
1929,-1.4227296
1930,-0.9754242
1931,-0.47049204
1932,-0.98707306
1933,-0.5003704000000001
1934,-0.65862894
1935,-0.8765193000000001
1936,-0.781837
1937,-2.3163318999999998
1938,-0.67325777
1939,-1.2177725000000001
1940,-1.1303085
1941,-1.9940112
1942,-1.072368
1943,-1.3055084
1944,-1.5148278
1945,-0.5991648
1946,-0.9766478000000001
1947,-0.7197020000000001
1948,-1.2771037
1949,-0.6656770000000001
1950,-1.5749886
1951,-1.2664618
1952,-1.5177253000000002
1953,-0.9382408999999999
1954,-1.0425411
1955,-0.8446875
1956,-1.3206917999999999
1957,-1.1286156999999999
1958,-0.9394313
1959,-0.7645748
1960,-0.949275
1961,-0.38733798
1962,-1.1121713
1963,-1.5277226000000002
1964,-1.122149
1965,-0.6398236999999999
1966,-0.5739603
1967,-1.0424
1968,-1.05284
1969,-0.4344879
1970,-1.0219654
1971,-0.6721984000000001
1972,-0.74562496
1973,-0.7089506
1974,-1.8995692
1975,-0.9661728999999999
1976,-1.5420036
1977,-0.83430505
1978,-1.4381485
1979,-0.83939695
1980,-0.6870968000000001
1981,-0.6116623999999999
1982,-1.3562427
1983,-0.861817
1984,-0.81827706
1985,-0.90069234
1986,-0.8958940999999999
1987,-1.1702713
1988,-1.8884558999999999
1989,-1.4801232
1990,-1.0355444999999999
1991,-1.5583074
1992,-1.1565155
1993,-1.1158198000000001
1994,-0.63677216
1995,-0.84360677
1996,-0.8702273000000001
1997,-1.0123669
1998,-1.1796225
1999,-0.6530093000000001
