,value_per_image
0,0.5201793721973094
1,0.4887892376681615
2,0.5067264573991032
3,0.5336322869955157
4,0.5560538116591929
5,0.4843049327354261
6,0.4663677130044843
7,0.5246636771300448
8,0.5650224215246636
9,0.5112107623318386
10,0.4663677130044843
11,0.5650224215246636
12,0.4573991031390134
13,0.5336322869955157
14,0.5022421524663677
15,0.5112107623318386
16,0.5605381165919282
17,0.5291479820627802
18,0.5515695067264574
19,0.5336322869955157
20,0.4573991031390134
21,0.4753363228699552
22,0.4663677130044843
23,0.5246636771300448
24,0.4932735426008968
25,0.5112107623318386
26,0.5246636771300448
27,0.5067264573991032
28,0.5426008968609866
29,0.5381165919282511
30,0.5381165919282511
31,0.5336322869955157
32,0.4618834080717489
33,0.4798206278026906
34,0.5291479820627802
35,0.5381165919282511
36,0.4484304932735426
37,0.5470852017937221
38,0.5426008968609866
39,0.5201793721973094
40,0.5381165919282511
41,0.5156950672645739
42,0.5112107623318386
43,0.4977578475336323
44,0.5964125560538116
45,0.5426008968609866
46,0.4798206278026906
47,0.5381165919282511
48,0.5426008968609866
49,0.5291479820627802
50,0.5605381165919282
51,0.5067264573991032
52,0.5246636771300448
53,0.5156950672645739
54,0.5605381165919282
55,0.5156950672645739
56,0.5291479820627802
57,0.5426008968609866
58,0.5022421524663677
59,0.4843049327354261
60,0.5470852017937221
61,0.5784753363228701
62,0.5336322869955157
63,0.5650224215246636
64,0.4843049327354261
65,0.5695067264573991
66,0.5112107623318386
67,0.5470852017937221
68,0.5381165919282511
69,0.5067264573991032
70,0.5336322869955157
71,0.4932735426008968
72,0.5156950672645739
73,0.4887892376681615
74,0.5067264573991032
75,0.5381165919282511
76,0.5201793721973094
77,0.5605381165919282
78,0.5067264573991032
79,0.4887892376681615
80,0.4887892376681615
81,0.5291479820627802
82,0.4708520179372198
83,0.5022421524663677
84,0.5156950672645739
85,0.5246636771300448
86,0.5381165919282511
87,0.4798206278026906
88,0.5112107623318386
89,0.5067264573991032
90,0.5022421524663677
91,0.4708520179372198
92,0.5426008968609866
93,0.5336322869955157
94,0.5426008968609866
95,0.5470852017937221
96,0.5201793721973094
97,0.5067264573991032
98,0.5112107623318386
99,0.4708520179372198
100,0.4887892376681615
101,0.5246636771300448
102,0.5470852017937221
103,0.4977578475336323
104,0.5022421524663677
105,0.5156950672645739
106,0.4753363228699552
107,0.5022421524663677
108,0.5426008968609866
109,0.5201793721973094
110,0.5695067264573991
111,0.5605381165919282
112,0.5381165919282511
113,0.5156950672645739
114,0.4573991031390134
115,0.4977578475336323
116,0.5201793721973094
117,0.5067264573991032
118,0.5201793721973094
119,0.5291479820627802
120,0.5336322869955157
121,0.4887892376681615
122,0.4798206278026906
123,0.4394618834080717
124,0.4887892376681615
125,0.4887892376681615
126,0.5246636771300448
127,0.45291479820627795
128,0.4798206278026906
129,0.4977578475336323
130,0.5201793721973094
131,0.4977578475336323
132,0.5291479820627802
133,0.5336322869955157
134,0.4663677130044843
135,0.5336322869955157
136,0.4573991031390134
137,0.4798206278026906
138,0.5650224215246636
139,0.4977578475336323
140,0.5201793721973094
141,0.5381165919282511
142,0.4977578475336323
143,0.5067264573991032
144,0.5381165919282511
145,0.5246636771300448
146,0.5470852017937221
147,0.5381165919282511
148,0.4887892376681615
149,0.5156950672645739
150,0.5426008968609866
151,0.4977578475336323
152,0.4394618834080717
153,0.4932735426008968
154,0.4035874439461883
155,0.5381165919282511
156,0.5381165919282511
157,0.4573991031390134
158,0.5201793721973094
159,0.4753363228699552
160,0.5336322869955157
161,0.5381165919282511
162,0.4798206278026906
163,0.5156950672645739
164,0.5022421524663677
165,0.5246636771300448
166,0.5515695067264574
167,0.5291479820627802
168,0.4753363228699552
169,0.4708520179372198
170,0.5336322869955157
171,0.4843049327354261
172,0.5291479820627802
173,0.5470852017937221
174,0.4932735426008968
175,0.4843049327354261
176,0.5067264573991032
177,0.5650224215246636
178,0.5022421524663677
179,0.5112107623318386
180,0.5291479820627802
181,0.5112107623318386
182,0.5022421524663677
183,0.5470852017937221
184,0.4843049327354261
185,0.5201793721973094
186,0.6098654708520179
187,0.5291479820627802
188,0.5201793721973094
189,0.4798206278026906
190,0.5336322869955157
191,0.5291479820627802
192,0.4663677130044843
193,0.4753363228699552
194,0.5739910313901345
195,0.5739910313901345
196,0.5156950672645739
197,0.4887892376681615
198,0.4977578475336323
199,0.5336322869955157
200,0.5246636771300448
201,0.5650224215246636
202,0.4887892376681615
203,0.5246636771300448
204,0.4708520179372198
205,0.4932735426008968
206,0.5426008968609866
207,0.5246636771300448
208,0.5560538116591929
209,0.5067264573991032
210,0.45291479820627795
211,0.4887892376681615
212,0.5695067264573991
213,0.4932735426008968
214,0.5515695067264574
215,0.5022421524663677
216,0.5381165919282511
217,0.5246636771300448
218,0.4977578475336323
219,0.4708520179372198
220,0.5112107623318386
221,0.5246636771300448
222,0.5067264573991032
223,0.5515695067264574
224,0.4843049327354261
225,0.4798206278026906
226,0.5515695067264574
227,0.5560538116591929
228,0.4887892376681615
229,0.5067264573991032
230,0.5246636771300448
231,0.4798206278026906
232,0.5650224215246636
233,0.5291479820627802
234,0.4843049327354261
235,0.4573991031390134
236,0.5605381165919282
237,0.5112107623318386
238,0.4394618834080717
239,0.5515695067264574
240,0.5426008968609866
241,0.5381165919282511
242,0.5291479820627802
243,0.5112107623318386
244,0.5874439461883408
245,0.4932735426008968
246,0.4977578475336323
247,0.5605381165919282
248,0.4753363228699552
249,0.4708520179372198
250,0.5381165919282511
251,0.4843049327354261
252,0.5605381165919282
253,0.5515695067264574
254,0.5470852017937221
255,0.5515695067264574
256,0.4798206278026906
257,0.5605381165919282
258,0.5201793721973094
259,0.5426008968609866
260,0.5022421524663677
261,0.5336322869955157
262,0.5291479820627802
263,0.4618834080717489
264,0.4798206278026906
265,0.5201793721973094
266,0.6053811659192825
267,0.4753363228699552
268,0.5291479820627802
269,0.4663677130044843
270,0.5695067264573991
271,0.5067264573991032
272,0.5291479820627802
273,0.38565022421524653
274,0.4753363228699552
275,0.5291479820627802
276,0.5470852017937221
277,0.5560538116591929
278,0.5246636771300448
279,0.5605381165919282
280,0.5650224215246636
281,0.5201793721973094
282,0.5067264573991032
283,0.5560538116591929
284,0.5470852017937221
285,0.5022421524663677
286,0.5291479820627802
287,0.5515695067264574
288,0.5470852017937221
289,0.4932735426008968
290,0.45291479820627795
291,0.45291479820627795
292,0.5470852017937221
293,0.5246636771300448
294,0.5067264573991032
295,0.4663677130044843
296,0.4887892376681615
297,0.5022421524663677
298,0.5650224215246636
299,0.4843049327354261
300,0.5515695067264574
301,0.4798206278026906
302,0.5156950672645739
303,0.4887892376681615
304,0.5470852017937221
305,0.5739910313901345
306,0.4887892376681615
307,0.5560538116591929
308,0.4394618834080717
309,0.4798206278026906
310,0.4753363228699552
311,0.4977578475336323
312,0.5291479820627802
313,0.5291479820627802
314,0.4843049327354261
315,0.4573991031390134
316,0.4843049327354261
317,0.5291479820627802
318,0.5246636771300448
319,0.4708520179372198
320,0.5112107623318386
321,0.5246636771300448
322,0.5112107623318386
323,0.5022421524663677
324,0.5067264573991032
325,0.5067264573991032
326,0.5156950672645739
327,0.6098654708520179
328,0.5156950672645739
329,0.5156950672645739
330,0.5426008968609866
331,0.4663677130044843
332,0.5246636771300448
333,0.4977578475336323
334,0.5201793721973094
335,0.5426008968609866
336,0.5067264573991032
337,0.5560538116591929
338,0.4798206278026906
339,0.4798206278026906
340,0.5067264573991032
341,0.5470852017937221
342,0.4977578475336323
343,0.5067264573991032
344,0.5246636771300448
345,0.5112107623318386
346,0.5291479820627802
347,0.5156950672645739
348,0.5560538116591929
349,0.5156950672645739
350,0.5067264573991032
351,0.5201793721973094
352,0.5695067264573991
353,0.4573991031390134
354,0.5291479820627802
355,0.5022421524663677
356,0.5246636771300448
357,0.5381165919282511
358,0.5515695067264574
359,0.5560538116591929
360,0.4843049327354261
361,0.5246636771300448
362,0.5201793721973094
363,0.4349775784753363
364,0.5156950672645739
365,0.5560538116591929
366,0.5650224215246636
367,0.5381165919282511
368,0.4977578475336323
369,0.5470852017937221
370,0.5201793721973094
371,0.4798206278026906
372,0.4573991031390134
373,0.4618834080717489
374,0.5426008968609866
375,0.5560538116591929
376,0.5022421524663677
377,0.5291479820627802
378,0.5336322869955157
379,0.5112107623318386
380,0.5156950672645739
381,0.5022421524663677
382,0.4798206278026906
383,0.5695067264573991
384,0.4977578475336323
385,0.5067264573991032
386,0.5112107623318386
387,0.6322869955156951
388,0.4977578475336323
389,0.5201793721973094
390,0.5067264573991032
391,0.5112107623318386
392,0.5022421524663677
393,0.5246636771300448
394,0.5112107623318386
395,0.5381165919282511
396,0.4798206278026906
397,0.5695067264573991
398,0.5829596412556054
399,0.4977578475336323
400,0.5022421524663677
401,0.5291479820627802
402,0.5426008968609866
403,0.4798206278026906
404,0.4977578475336323
405,0.4843049327354261
406,0.5067264573991032
407,0.4843049327354261
408,0.5470852017937221
409,0.5022421524663677
410,0.4887892376681615
411,0.4753363228699552
412,0.4753363228699552
413,0.4663677130044843
414,0.5381165919282511
415,0.5291479820627802
416,0.5246636771300448
417,0.5201793721973094
418,0.5067264573991032
419,0.5560538116591929
420,0.5246636771300448
421,0.4932735426008968
422,0.4932735426008968
423,0.5067264573991032
424,0.4977578475336323
425,0.5201793721973094
426,0.5201793721973094
427,0.5291479820627802
428,0.5156950672645739
429,0.4394618834080717
430,0.4887892376681615
431,0.5201793721973094
432,0.4843049327354261
433,0.5739910313901345
434,0.5560538116591929
435,0.5112107623318386
436,0.5067264573991032
437,0.5426008968609866
438,0.4170403587443946
439,0.4932735426008968
440,0.5470852017937221
441,0.4887892376681615
442,0.5381165919282511
443,0.5246636771300448
444,0.5246636771300448
445,0.5515695067264574
446,0.5560538116591929
447,0.4708520179372198
448,0.5515695067264574
449,0.5022421524663677
450,0.5112107623318386
451,0.5605381165919282
452,0.5156950672645739
453,0.5381165919282511
454,0.5156950672645739
455,0.4932735426008968
456,0.5201793721973094
457,0.4977578475336323
458,0.5156950672645739
459,0.4977578475336323
460,0.5470852017937221
461,0.4798206278026906
462,0.5470852017937221
463,0.5156950672645739
464,0.4977578475336323
465,0.5156950672645739
466,0.5112107623318386
467,0.5695067264573991
468,0.5291479820627802
469,0.4708520179372198
470,0.5201793721973094
471,0.5605381165919282
472,0.4887892376681615
473,0.5470852017937221
474,0.4215246636771301
475,0.5470852017937221
476,0.5201793721973094
477,0.4887892376681615
478,0.5067264573991032
479,0.5336322869955157
480,0.5560538116591929
481,0.5156950672645739
482,0.4977578475336323
483,0.5381165919282511
484,0.5246636771300448
485,0.4798206278026906
486,0.5515695067264574
487,0.4753363228699552
488,0.5156950672645739
489,0.5426008968609866
490,0.5381165919282511
491,0.5470852017937221
492,0.5336322869955157
493,0.5022421524663677
494,0.5201793721973094
495,0.4798206278026906
496,0.5112107623318386
497,0.5201793721973094
498,0.5560538116591929
499,0.4798206278026906
500,0.5022421524663677
501,0.5156950672645739
502,0.4932735426008968
503,0.5426008968609866
504,0.4573991031390134
505,0.5695067264573991
506,0.4215246636771301
507,0.5291479820627802
508,0.4977578475336323
509,0.5201793721973094
510,0.5067264573991032
511,0.5605381165919282
512,0.5156950672645739
513,0.5739910313901345
514,0.4932735426008968
515,0.4977578475336323
516,0.5336322869955157
517,0.5246636771300448
518,0.5426008968609866
519,0.5246636771300448
520,0.5470852017937221
521,0.5605381165919282
522,0.5112107623318386
523,0.5156950672645739
524,0.5381165919282511
525,0.5426008968609866
526,0.4663677130044843
527,0.5067264573991032
528,0.5112107623318386
529,0.4573991031390134
530,0.4843049327354261
531,0.6053811659192825
532,0.5695067264573991
533,0.5650224215246636
534,0.5156950672645739
535,0.5560538116591929
536,0.5381165919282511
537,0.5381165919282511
538,0.5112107623318386
539,0.5022421524663677
540,0.5156950672645739
541,0.5067264573991032
542,0.5156950672645739
543,0.4977578475336323
544,0.5156950672645739
545,0.5291479820627802
546,0.5201793721973094
547,0.4304932735426009
548,0.4932735426008968
549,0.5156950672645739
550,0.5426008968609866
551,0.4439461883408072
552,0.4798206278026906
553,0.5739910313901345
554,0.4887892376681615
555,0.4887892376681615
556,0.5112107623318386
557,0.4753363228699552
558,0.4843049327354261
559,0.5112107623318386
560,0.4932735426008968
561,0.5560538116591929
562,0.5291479820627802
563,0.4708520179372198
564,0.5156950672645739
565,0.5112107623318386
566,0.5201793721973094
567,0.5426008968609866
568,0.4708520179372198
569,0.4573991031390134
570,0.5246636771300448
571,0.5336322869955157
572,0.5067264573991032
573,0.4977578475336323
574,0.5515695067264574
575,0.4663677130044843
576,0.5381165919282511
577,0.5605381165919282
578,0.4618834080717489
579,0.4977578475336323
580,0.4977578475336323
581,0.4573991031390134
582,0.5246636771300448
583,0.5201793721973094
584,0.4573991031390134
585,0.4753363228699552
586,0.5560538116591929
587,0.5246636771300448
588,0.4708520179372198
589,0.5246636771300448
590,0.5784753363228701
591,0.5515695067264574
592,0.5291479820627802
593,0.5067264573991032
594,0.5560538116591929
595,0.5022421524663677
596,0.5112107623318386
597,0.5739910313901345
598,0.4349775784753363
599,0.4618834080717489
600,0.5291479820627802
601,0.5336322869955157
602,0.4843049327354261
603,0.5156950672645739
604,0.4932735426008968
605,0.5381165919282511
606,0.5067264573991032
607,0.5695067264573991
608,0.5246636771300448
609,0.4932735426008968
610,0.5829596412556054
611,0.4977578475336323
612,0.5112107623318386
613,0.5605381165919282
614,0.5201793721973094
615,0.5515695067264574
616,0.5919282511210763
617,0.4843049327354261
618,0.5291479820627802
619,0.5291479820627802
620,0.5112107623318386
621,0.4753363228699552
622,0.5426008968609866
623,0.5515695067264574
624,0.4887892376681615
625,0.4977578475336323
626,0.4932735426008968
627,0.5246636771300448
628,0.4439461883408072
629,0.5291479820627802
630,0.5784753363228701
631,0.5201793721973094
632,0.4798206278026906
633,0.5246636771300448
634,0.5246636771300448
635,0.5470852017937221
636,0.4887892376681615
637,0.4663677130044843
638,0.5381165919282511
639,0.5291479820627802
640,0.4932735426008968
641,0.4663677130044843
642,0.5470852017937221
643,0.5470852017937221
644,0.5291479820627802
645,0.5695067264573991
646,0.4843049327354261
647,0.5739910313901345
648,0.5381165919282511
649,0.5515695067264574
650,0.4708520179372198
651,0.5291479820627802
652,0.5067264573991032
653,0.4798206278026906
654,0.4887892376681615
655,0.4887892376681615
656,0.5067264573991032
657,0.5201793721973094
658,0.5067264573991032
659,0.4932735426008968
660,0.4932735426008968
661,0.5112107623318386
662,0.4977578475336323
663,0.5201793721973094
664,0.5112107623318386
665,0.5246636771300448
666,0.5022421524663677
667,0.5246636771300448
668,0.5022421524663677
669,0.4977578475336323
670,0.5426008968609866
671,0.5246636771300448
672,0.5156950672645739
673,0.4753363228699552
674,0.4843049327354261
675,0.5291479820627802
676,0.5291479820627802
677,0.5605381165919282
678,0.5246636771300448
679,0.4977578475336323
680,0.5874439461883408
681,0.5291479820627802
682,0.5246636771300448
683,0.4843049327354261
684,0.5022421524663677
685,0.4887892376681615
686,0.5426008968609866
687,0.5381165919282511
688,0.5470852017937221
689,0.5201793721973094
690,0.5156950672645739
691,0.5291479820627802
692,0.5067264573991032
693,0.5381165919282511
694,0.5067264573991032
695,0.5739910313901345
696,0.4798206278026906
697,0.5112107623318386
698,0.5246636771300448
699,0.4573991031390134
700,0.4887892376681615
701,0.5605381165919282
702,0.5246636771300448
703,0.4663677130044843
704,0.4798206278026906
705,0.4977578475336323
706,0.5201793721973094
707,0.4753363228699552
708,0.5470852017937221
709,0.5291479820627802
710,0.5426008968609866
711,0.5739910313901345
712,0.5605381165919282
713,0.5784753363228701
714,0.5336322869955157
715,0.5336322869955157
716,0.5201793721973094
717,0.5156950672645739
718,0.4798206278026906
719,0.5067264573991032
720,0.5739910313901345
721,0.5067264573991032
722,0.4708520179372198
723,0.4977578475336323
724,0.4798206278026906
725,0.5201793721973094
726,0.5560538116591929
727,0.5246636771300448
728,0.5291479820627802
729,0.5605381165919282
730,0.4887892376681615
731,0.5650224215246636
732,0.5291479820627802
733,0.5470852017937221
734,0.5201793721973094
735,0.5246636771300448
736,0.5201793721973094
737,0.5112107623318386
738,0.5426008968609866
739,0.5336322869955157
740,0.5201793721973094
741,0.5112107623318386
742,0.5201793721973094
743,0.5784753363228701
744,0.5470852017937221
745,0.5246636771300448
746,0.4932735426008968
747,0.5156950672645739
748,0.4977578475336323
749,0.5022421524663677
750,0.5201793721973094
751,0.5067264573991032
752,0.5964125560538116
753,0.4843049327354261
754,0.5515695067264574
755,0.5022421524663677
756,0.4798206278026906
757,0.5201793721973094
758,0.5067264573991032
759,0.4663677130044843
760,0.5515695067264574
761,0.5067264573991032
762,0.4977578475336323
763,0.4439461883408072
764,0.4753363228699552
765,0.5426008968609866
766,0.4708520179372198
767,0.5470852017937221
768,0.4977578475336323
769,0.5246636771300448
770,0.4663677130044843
771,0.4977578475336323
772,0.4932735426008968
773,0.5470852017937221
774,0.5291479820627802
775,0.5291479820627802
776,0.5426008968609866
777,0.5381165919282511
778,0.5381165919282511
779,0.5470852017937221
780,0.5470852017937221
781,0.5201793721973094
782,0.4977578475336323
783,0.5560538116591929
784,0.4798206278026906
785,0.5112107623318386
786,0.5784753363228701
787,0.4977578475336323
788,0.5201793721973094
789,0.4753363228699552
790,0.5470852017937221
791,0.5381165919282511
792,0.5156950672645739
793,0.5112107623318386
794,0.4932735426008968
795,0.4932735426008968
796,0.4798206278026906
797,0.5246636771300448
798,0.5336322869955157
799,0.5336322869955157
800,0.4932735426008968
801,0.5156950672645739
802,0.5336322869955157
803,0.4932735426008968
804,0.4932735426008968
805,0.4753363228699552
806,0.5605381165919282
807,0.5112107623318386
808,0.5426008968609866
809,0.5605381165919282
810,0.4932735426008968
811,0.5246636771300448
812,0.5201793721973094
813,0.5515695067264574
814,0.5022421524663677
815,0.5381165919282511
816,0.4887892376681615
817,0.5022421524663677
818,0.5291479820627802
819,0.4977578475336323
820,0.5336322869955157
821,0.5112107623318386
822,0.5201793721973094
823,0.5470852017937221
824,0.5291479820627802
825,0.6053811659192825
826,0.4304932735426009
827,0.5156950672645739
828,0.5291479820627802
829,0.5201793721973094
830,0.5336322869955157
831,0.5112107623318386
832,0.5201793721973094
833,0.5515695067264574
834,0.45291479820627795
835,0.4843049327354261
836,0.45291479820627795
837,0.5156950672645739
838,0.5067264573991032
839,0.5291479820627802
840,0.5381165919282511
841,0.5695067264573991
842,0.4977578475336323
843,0.5381165919282511
844,0.5201793721973094
845,0.5426008968609866
846,0.5336322869955157
847,0.4798206278026906
848,0.4708520179372198
849,0.5022421524663677
850,0.5112107623318386
851,0.4753363228699552
852,0.5291479820627802
853,0.4663677130044843
854,0.5201793721973094
855,0.5336322869955157
856,0.4887892376681615
857,0.4798206278026906
858,0.5067264573991032
859,0.4843049327354261
860,0.5246636771300448
861,0.5336322869955157
862,0.5515695067264574
863,0.5246636771300448
864,0.5022421524663677
865,0.5156950672645739
866,0.5515695067264574
867,0.5336322869955157
868,0.5291479820627802
869,0.5246636771300448
870,0.4394618834080717
871,0.5022421524663677
872,0.4843049327354261
873,0.4843049327354261
874,0.4708520179372198
875,0.5650224215246636
876,0.4977578475336323
877,0.5246636771300448
878,0.4932735426008968
879,0.5470852017937221
880,0.5156950672645739
881,0.4663677130044843
882,0.5291479820627802
883,0.5022421524663677
884,0.5246636771300448
885,0.5515695067264574
886,0.4663677130044843
887,0.5156950672645739
888,0.5201793721973094
889,0.5605381165919282
890,0.5067264573991032
891,0.5156950672645739
892,0.4977578475336323
893,0.5470852017937221
894,0.5156950672645739
895,0.5201793721973094
896,0.5022421524663677
897,0.5112107623318386
898,0.5112107623318386
899,0.5291479820627802
900,0.5336322869955157
901,0.5112107623318386
902,0.5201793721973094
903,0.4977578475336323
904,0.5336322869955157
905,0.5022421524663677
906,0.5112107623318386
907,0.5246636771300448
908,0.5246636771300448
909,0.5156950672645739
910,0.5156950672645739
911,0.5112107623318386
912,0.4573991031390134
913,0.5201793721973094
914,0.5201793721973094
915,0.5381165919282511
916,0.5336322869955157
917,0.5381165919282511
918,0.5246636771300448
919,0.5291479820627802
920,0.5156950672645739
921,0.5739910313901345
922,0.4798206278026906
923,0.5605381165919282
924,0.5336322869955157
925,0.4887892376681615
926,0.5112107623318386
927,0.5067264573991032
928,0.5381165919282511
929,0.4887892376681615
930,0.5201793721973094
931,0.5336322869955157
932,0.5156950672645739
933,0.5470852017937221
934,0.4977578475336323
935,0.4753363228699552
936,0.5067264573991032
937,0.4932735426008968
938,0.5336322869955157
939,0.4798206278026906
940,0.5022421524663677
941,0.5022421524663677
942,0.4798206278026906
943,0.5156950672645739
944,0.5291479820627802
945,0.5291479820627802
946,0.4439461883408072
947,0.5291479820627802
948,0.5470852017937221
949,0.5022421524663677
950,0.4843049327354261
951,0.4932735426008968
952,0.5112107623318386
953,0.5112107623318386
954,0.5336322869955157
955,0.4573991031390134
956,0.4573991031390134
957,0.5515695067264574
958,0.5022421524663677
959,0.4887892376681615
960,0.5426008968609866
961,0.5650224215246636
962,0.5201793721973094
963,0.5022421524663677
964,0.5201793721973094
965,0.5246636771300448
966,0.5336322869955157
967,0.5022421524663677
968,0.4977578475336323
969,0.5515695067264574
970,0.5067264573991032
971,0.5650224215246636
972,0.5067264573991032
973,0.5201793721973094
974,0.4843049327354261
975,0.5246636771300448
976,0.5605381165919282
977,0.5022421524663677
978,0.5381165919282511
979,0.5291479820627802
980,0.5695067264573991
981,0.4887892376681615
982,0.5246636771300448
983,0.5560538116591929
984,0.5739910313901345
985,0.4887892376681615
986,0.5426008968609866
987,0.5201793721973094
988,0.4663677130044843
989,0.4887892376681615
990,0.4798206278026906
991,0.5515695067264574
992,0.4977578475336323
993,0.4843049327354261
994,0.4932735426008968
995,0.5336322869955157
996,0.5874439461883408
997,0.5291479820627802
998,0.5022421524663677
999,0.5067264573991032
1000,0.5156950672645739
1001,0.5426008968609866
1002,0.5156950672645739
1003,0.5022421524663677
1004,0.5246636771300448
1005,0.4887892376681615
1006,0.4977578475336323
1007,0.5022421524663677
1008,0.5605381165919282
1009,0.5515695067264574
1010,0.5560538116591929
1011,0.5470852017937221
1012,0.5650224215246636
1013,0.5426008968609866
1014,0.4663677130044843
1015,0.4618834080717489
1016,0.4887892376681615
1017,0.5201793721973094
1018,0.5201793721973094
1019,0.5201793721973094
1020,0.5022421524663677
1021,0.5470852017937221
1022,0.5605381165919282
1023,0.5156950672645739
1024,0.5336322869955157
1025,0.5336322869955157
1026,0.5112107623318386
1027,0.5201793721973094
1028,0.5246636771300448
1029,0.5022421524663677
1030,0.5246636771300448
1031,0.5381165919282511
1032,0.5022421524663677
1033,0.5336322869955157
1034,0.5470852017937221
1035,0.4932735426008968
1036,0.5067264573991032
1037,0.5381165919282511
1038,0.4977578475336323
1039,0.4618834080717489
1040,0.5605381165919282
1041,0.5291479820627802
1042,0.5426008968609866
1043,0.4887892376681615
1044,0.4977578475336323
1045,0.5156950672645739
1046,0.5112107623318386
1047,0.4887892376681615
1048,0.4798206278026906
1049,0.5246636771300448
1050,0.5381165919282511
1051,0.4887892376681615
1052,0.5426008968609866
1053,0.5291479820627802
1054,0.5470852017937221
1055,0.5112107623318386
1056,0.5022421524663677
1057,0.5470852017937221
1058,0.5067264573991032
1059,0.45291479820627795
1060,0.5112107623318386
1061,0.5201793721973094
1062,0.5964125560538116
1063,0.5201793721973094
1064,0.4977578475336323
1065,0.5381165919282511
1066,0.5112107623318386
1067,0.5246636771300448
1068,0.5201793721973094
1069,0.5156950672645739
1070,0.5336322869955157
1071,0.5964125560538116
1072,0.5022421524663677
1073,0.5426008968609866
1074,0.5336322869955157
1075,0.5112107623318386
1076,0.4708520179372198
1077,0.5560538116591929
1078,0.5336322869955157
1079,0.4932735426008968
1080,0.5112107623318386
1081,0.4439461883408072
1082,0.5112107623318386
1083,0.4977578475336323
1084,0.5156950672645739
1085,0.5201793721973094
1086,0.4843049327354261
1087,0.5246636771300448
1088,0.5156950672645739
1089,0.5695067264573991
1090,0.4977578475336323
1091,0.5426008968609866
1092,0.4753363228699552
1093,0.5067264573991032
1094,0.4932735426008968
1095,0.5156950672645739
1096,0.5336322869955157
1097,0.5291479820627802
1098,0.5246636771300448
1099,0.5964125560538116
1100,0.5336322869955157
1101,0.5067264573991032
1102,0.5067264573991032
1103,0.4618834080717489
1104,0.4618834080717489
1105,0.5246636771300448
1106,0.5515695067264574
1107,0.4932735426008968
1108,0.5067264573991032
1109,0.5112107623318386
1110,0.4439461883408072
1111,0.5246636771300448
1112,0.5067264573991032
1113,0.5650224215246636
1114,0.4753363228699552
1115,0.5515695067264574
1116,0.5336322869955157
1117,0.5156950672645739
1118,0.4753363228699552
1119,0.5022421524663677
1120,0.5336322869955157
1121,0.5112107623318386
1122,0.4798206278026906
1123,0.4977578475336323
1124,0.5022421524663677
1125,0.5470852017937221
1126,0.5605381165919282
1127,0.4887892376681615
1128,0.5022421524663677
1129,0.5022421524663677
1130,0.5201793721973094
1131,0.5246636771300448
1132,0.5381165919282511
1133,0.5650224215246636
1134,0.5067264573991032
1135,0.4708520179372198
1136,0.4708520179372198
1137,0.5336322869955157
1138,0.4843049327354261
1139,0.5201793721973094
1140,0.4708520179372198
1141,0.5156950672645739
1142,0.5381165919282511
1143,0.5784753363228701
1144,0.5246636771300448
1145,0.4887892376681615
1146,0.5156950672645739
1147,0.4843049327354261
1148,0.5515695067264574
1149,0.4932735426008968
1150,0.5201793721973094
1151,0.5560538116591929
1152,0.4887892376681615
1153,0.5291479820627802
1154,0.5201793721973094
1155,0.5067264573991032
1156,0.5022421524663677
1157,0.5336322869955157
1158,0.5067264573991032
1159,0.5246636771300448
1160,0.5022421524663677
1161,0.4977578475336323
1162,0.5022421524663677
1163,0.5470852017937221
1164,0.4977578475336323
1165,0.4618834080717489
1166,0.5919282511210763
1167,0.5470852017937221
1168,0.4753363228699552
1169,0.4932735426008968
1170,0.4843049327354261
1171,0.4798206278026906
1172,0.4977578475336323
1173,0.5964125560538116
1174,0.4887892376681615
1175,0.4977578475336323
1176,0.4484304932735426
1177,0.5022421524663677
1178,0.5874439461883408
1179,0.4977578475336323
1180,0.5291479820627802
1181,0.5470852017937221
1182,0.5156950672645739
1183,0.45291479820627795
1184,0.5246636771300448
1185,0.4843049327354261
1186,0.4887892376681615
1187,0.5470852017937221
1188,0.5605381165919282
1189,0.5291479820627802
1190,0.5156950672645739
1191,0.5112107623318386
1192,0.5022421524663677
1193,0.4439461883408072
1194,0.5470852017937221
1195,0.4887892376681615
1196,0.5426008968609866
1197,0.4977578475336323
1198,0.4663677130044843
1199,0.5067264573991032
1200,0.5022421524663677
1201,0.5381165919282511
1202,0.5156950672645739
1203,0.5739910313901345
1204,0.5381165919282511
1205,0.5246636771300448
1206,0.5022421524663677
1207,0.5156950672645739
1208,0.5381165919282511
1209,0.5381165919282511
1210,0.4439461883408072
1211,0.5067264573991032
1212,0.5515695067264574
1213,0.4887892376681615
1214,0.4887892376681615
1215,0.4260089686098655
1216,0.5246636771300448
1217,0.5112107623318386
1218,0.5246636771300448
1219,0.4932735426008968
1220,0.5201793721973094
1221,0.5291479820627802
1222,0.5426008968609866
1223,0.5381165919282511
1224,0.5381165919282511
1225,0.5336322869955157
1226,0.4618834080717489
1227,0.5336322869955157
1228,0.4887892376681615
1229,0.4439461883408072
1230,0.5246636771300448
1231,0.5291479820627802
1232,0.5246636771300448
1233,0.4977578475336323
1234,0.5112107623318386
1235,0.5560538116591929
1236,0.4843049327354261
1237,0.5112107623318386
1238,0.5605381165919282
1239,0.5739910313901345
1240,0.5381165919282511
1241,0.4977578475336323
1242,0.5022421524663677
1243,0.4932735426008968
1244,0.5381165919282511
1245,0.5067264573991032
1246,0.5470852017937221
1247,0.5291479820627802
1248,0.5336322869955157
1249,0.600896860986547
1250,0.4932735426008968
1251,0.4663677130044843
1252,0.5246636771300448
1253,0.5067264573991032
1254,0.5470852017937221
1255,0.5246636771300448
1256,0.5291479820627802
1257,0.5381165919282511
1258,0.5291479820627802
1259,0.4708520179372198
1260,0.4977578475336323
1261,0.4843049327354261
1262,0.4887892376681615
1263,0.5560538116591929
1264,0.5022421524663677
1265,0.5426008968609866
1266,0.5426008968609866
1267,0.5201793721973094
1268,0.4260089686098655
1269,0.5426008968609866
1270,0.5246636771300448
1271,0.5336322869955157
1272,0.5156950672645739
1273,0.4932735426008968
1274,0.5470852017937221
1275,0.4708520179372198
1276,0.4663677130044843
1277,0.5426008968609866
1278,0.5112107623318386
1279,0.5022421524663677
1280,0.45291479820627795
1281,0.5067264573991032
1282,0.5515695067264574
1283,0.5515695067264574
1284,0.5291479820627802
1285,0.5515695067264574
1286,0.4887892376681615
1287,0.5022421524663677
1288,0.5112107623318386
1289,0.5291479820627802
1290,0.5201793721973094
1291,0.5156950672645739
1292,0.5067264573991032
1293,0.4932735426008968
1294,0.4887892376681615
1295,0.5156950672645739
1296,0.5381165919282511
1297,0.5381165919282511
1298,0.4798206278026906
1299,0.5426008968609866
1300,0.5605381165919282
1301,0.4708520179372198
1302,0.5246636771300448
1303,0.5515695067264574
1304,0.5336322869955157
1305,0.5605381165919282
1306,0.4753363228699552
1307,0.5246636771300448
1308,0.5201793721973094
1309,0.5291479820627802
1310,0.5381165919282511
1311,0.5515695067264574
1312,0.5381165919282511
1313,0.4663677130044843
1314,0.4887892376681615
1315,0.5470852017937221
1316,0.4887892376681615
1317,0.5156950672645739
1318,0.4663677130044843
1319,0.5470852017937221
1320,0.4977578475336323
1321,0.5515695067264574
1322,0.5560538116591929
1323,0.5067264573991032
1324,0.5919282511210763
1325,0.5022421524663677
1326,0.5201793721973094
1327,0.5246636771300448
1328,0.5426008968609866
1329,0.5067264573991032
1330,0.5246636771300448
1331,0.5784753363228701
1332,0.5022421524663677
1333,0.4618834080717489
1334,0.5515695067264574
1335,0.4887892376681615
1336,0.5201793721973094
1337,0.4708520179372198
1338,0.5381165919282511
1339,0.5246636771300448
1340,0.5201793721973094
1341,0.5426008968609866
1342,0.4798206278026906
1343,0.5426008968609866
1344,0.5470852017937221
1345,0.5201793721973094
1346,0.5201793721973094
1347,0.4753363228699552
1348,0.4798206278026906
1349,0.5560538116591929
1350,0.5067264573991032
1351,0.5515695067264574
1352,0.5605381165919282
1353,0.5291479820627802
1354,0.4932735426008968
1355,0.4663677130044843
1356,0.4663677130044843
1357,0.5336322869955157
1358,0.5156950672645739
1359,0.5784753363228701
1360,0.4663677130044843
1361,0.5291479820627802
1362,0.5022421524663677
1363,0.5156950672645739
1364,0.5650224215246636
1365,0.4843049327354261
1366,0.5156950672645739
1367,0.4663677130044843
1368,0.6053811659192825
1369,0.5022421524663677
1370,0.5470852017937221
1371,0.5201793721973094
1372,0.5201793721973094
1373,0.4439461883408072
1374,0.5515695067264574
1375,0.5156950672645739
1376,0.5695067264573991
1377,0.5291479820627802
1378,0.5650224215246636
1379,0.45291479820627795
1380,0.4887892376681615
1381,0.5022421524663677
1382,0.5067264573991032
1383,0.4843049327354261
1384,0.5291479820627802
1385,0.5201793721973094
1386,0.4977578475336323
1387,0.4977578475336323
1388,0.5201793721973094
1389,0.4977578475336323
1390,0.5156950672645739
1391,0.5874439461883408
1392,0.5112107623318386
1393,0.5022421524663677
1394,0.5381165919282511
1395,0.4977578475336323
1396,0.5246636771300448
1397,0.4798206278026906
1398,0.5022421524663677
1399,0.5201793721973094
1400,0.5919282511210763
1401,0.4843049327354261
1402,0.4439461883408072
1403,0.5067264573991032
1404,0.4977578475336323
1405,0.5605381165919282
1406,0.5336322869955157
1407,0.4977578475336323
1408,0.5246636771300448
1409,0.4708520179372198
1410,0.5112107623318386
1411,0.4932735426008968
1412,0.4977578475336323
1413,0.4573991031390134
1414,0.4798206278026906
1415,0.4843049327354261
1416,0.5112107623318386
1417,0.5695067264573991
1418,0.45291479820627795
1419,0.5381165919282511
1420,0.5112107623318386
1421,0.5067264573991032
1422,0.4663677130044843
1423,0.5381165919282511
1424,0.5336322869955157
1425,0.5112107623318386
1426,0.5067264573991032
1427,0.4843049327354261
1428,0.5426008968609866
1429,0.4753363228699552
1430,0.5112107623318386
1431,0.5291479820627802
1432,0.4977578475336323
1433,0.5426008968609866
1434,0.5426008968609866
1435,0.4798206278026906
1436,0.4977578475336323
1437,0.5336322869955157
1438,0.5381165919282511
1439,0.5470852017937221
1440,0.5515695067264574
1441,0.5381165919282511
1442,0.5156950672645739
1443,0.4215246636771301
1444,0.5381165919282511
1445,0.4708520179372198
1446,0.5336322869955157
1447,0.5067264573991032
1448,0.5560538116591929
1449,0.5201793721973094
1450,0.4798206278026906
1451,0.5156950672645739
1452,0.5067264573991032
1453,0.5650224215246636
1454,0.5381165919282511
1455,0.5426008968609866
1456,0.5201793721973094
1457,0.4977578475336323
1458,0.5201793721973094
1459,0.5112107623318386
1460,0.5470852017937221
1461,0.5246636771300448
1462,0.5381165919282511
1463,0.5156950672645739
1464,0.5067264573991032
1465,0.5022421524663677
1466,0.5336322869955157
1467,0.5246636771300448
1468,0.4843049327354261
1469,0.5246636771300448
1470,0.5739910313901345
1471,0.5426008968609866
1472,0.4798206278026906
1473,0.5470852017937221
1474,0.5336322869955157
1475,0.4977578475336323
1476,0.5112107623318386
1477,0.4932735426008968
1478,0.5246636771300448
1479,0.4753363228699552
1480,0.5112107623318386
1481,0.4663677130044843
1482,0.4977578475336323
1483,0.5336322869955157
1484,0.4887892376681615
1485,0.5291479820627802
1486,0.5112107623318386
1487,0.5426008968609866
1488,0.5560538116591929
1489,0.4708520179372198
1490,0.4708520179372198
1491,0.5201793721973094
1492,0.5381165919282511
1493,0.4798206278026906
1494,0.5470852017937221
1495,0.5022421524663677
1496,0.45291479820627795
1497,0.5560538116591929
1498,0.5246636771300448
1499,0.5426008968609866
1500,0.5246636771300448
1501,0.5156950672645739
1502,0.6053811659192825
1503,0.4798206278026906
1504,0.4843049327354261
1505,0.4394618834080717
1506,0.5336322869955157
1507,0.4932735426008968
1508,0.5381165919282511
1509,0.4663677130044843
1510,0.5426008968609866
1511,0.5067264573991032
1512,0.5022421524663677
1513,0.5291479820627802
1514,0.4977578475336323
1515,0.5067264573991032
1516,0.5381165919282511
1517,0.4843049327354261
1518,0.5336322869955157
1519,0.5246636771300448
1520,0.4618834080717489
1521,0.5156950672645739
1522,0.4798206278026906
1523,0.5201793721973094
1524,0.4798206278026906
1525,0.5201793721973094
1526,0.4887892376681615
1527,0.5112107623318386
1528,0.4439461883408072
1529,0.4663677130044843
1530,0.4977578475336323
1531,0.5067264573991032
1532,0.5336322869955157
1533,0.6233183856502242
1534,0.4887892376681615
1535,0.5201793721973094
1536,0.4977578475336323
1537,0.5336322869955157
1538,0.4977578475336323
1539,0.4753363228699552
1540,0.4125560538116592
1541,0.5291479820627802
1542,0.5246636771300448
1543,0.5067264573991032
1544,0.5067264573991032
1545,0.5112107623318386
1546,0.5201793721973094
1547,0.5381165919282511
1548,0.5560538116591929
1549,0.4573991031390134
1550,0.5246636771300448
1551,0.5470852017937221
1552,0.5067264573991032
1553,0.5201793721973094
1554,0.5426008968609866
1555,0.5112107623318386
1556,0.5246636771300448
1557,0.4977578475336323
1558,0.4977578475336323
1559,0.5246636771300448
1560,0.4887892376681615
1561,0.5515695067264574
1562,0.5156950672645739
1563,0.5695067264573991
1564,0.4349775784753363
1565,0.5201793721973094
1566,0.5605381165919282
1567,0.5695067264573991
1568,0.5112107623318386
1569,0.4753363228699552
1570,0.5336322869955157
1571,0.5246636771300448
1572,0.4708520179372198
1573,0.5201793721973094
1574,0.4663677130044843
1575,0.5381165919282511
1576,0.4887892376681615
1577,0.5829596412556054
1578,0.5426008968609866
1579,0.5022421524663677
1580,0.5067264573991032
1581,0.5022421524663677
1582,0.5515695067264574
1583,0.4843049327354261
1584,0.4977578475336323
1585,0.4798206278026906
1586,0.5067264573991032
1587,0.5112107623318386
1588,0.5336322869955157
1589,0.5112107623318386
1590,0.5515695067264574
1591,0.5739910313901345
1592,0.5022421524663677
1593,0.4843049327354261
1594,0.5067264573991032
1595,0.4977578475336323
1596,0.5022421524663677
1597,0.5022421524663677
1598,0.45291479820627795
1599,0.5381165919282511
1600,0.5426008968609866
1601,0.5067264573991032
1602,0.4663677130044843
1603,0.5246636771300448
1604,0.4887892376681615
1605,0.5426008968609866
1606,0.5067264573991032
1607,0.5470852017937221
1608,0.4887892376681615
1609,0.5067264573991032
1610,0.5156950672645739
1611,0.5112107623318386
1612,0.5112107623318386
1613,0.5201793721973094
1614,0.5246636771300448
1615,0.4887892376681615
1616,0.4932735426008968
1617,0.5112107623318386
1618,0.5381165919282511
1619,0.5381165919282511
1620,0.5919282511210763
1621,0.5426008968609866
1622,0.5156950672645739
1623,0.5201793721973094
1624,0.5112107623318386
1625,0.5739910313901345
1626,0.5336322869955157
1627,0.5515695067264574
1628,0.5067264573991032
1629,0.5067264573991032
1630,0.4798206278026906
1631,0.5291479820627802
1632,0.4887892376681615
1633,0.4843049327354261
1634,0.4977578475336323
1635,0.4887892376681615
1636,0.5336322869955157
1637,0.5201793721973094
1638,0.5112107623318386
1639,0.5156950672645739
1640,0.5291479820627802
1641,0.4843049327354261
1642,0.5336322869955157
1643,0.4753363228699552
1644,0.4663677130044843
1645,0.4977578475336323
1646,0.5605381165919282
1647,0.5201793721973094
1648,0.5067264573991032
1649,0.5426008968609866
1650,0.5246636771300448
1651,0.5201793721973094
1652,0.4932735426008968
1653,0.4753363228699552
1654,0.5112107623318386
1655,0.5560538116591929
1656,0.4932735426008968
1657,0.5695067264573991
1658,0.5156950672645739
1659,0.5605381165919282
1660,0.5515695067264574
1661,0.4932735426008968
1662,0.5067264573991032
1663,0.5695067264573991
1664,0.5246636771300448
1665,0.5022421524663677
1666,0.4708520179372198
1667,0.5336322869955157
1668,0.4663677130044843
1669,0.5112107623318386
1670,0.5605381165919282
1671,0.5336322869955157
1672,0.5201793721973094
1673,0.5201793721973094
1674,0.5246636771300448
1675,0.5291479820627802
1676,0.4932735426008968
1677,0.5156950672645739
1678,0.4843049327354261
1679,0.4977578475336323
1680,0.5156950672645739
1681,0.5291479820627802
1682,0.5112107623318386
1683,0.5739910313901345
1684,0.4887892376681615
1685,0.5067264573991032
1686,0.5156950672645739
1687,0.5246636771300448
1688,0.5201793721973094
1689,0.4618834080717489
1690,0.5695067264573991
1691,0.4753363228699552
1692,0.5426008968609866
1693,0.4843049327354261
1694,0.4843049327354261
1695,0.5291479820627802
1696,0.5022421524663677
1697,0.4887892376681615
1698,0.4977578475336323
1699,0.5381165919282511
1700,0.5022421524663677
1701,0.4080717488789238
1702,0.5695067264573991
1703,0.5560538116591929
1704,0.4932735426008968
1705,0.5739910313901345
1706,0.5112107623318386
1707,0.5112107623318386
1708,0.5022421524663677
1709,0.6053811659192825
1710,0.5201793721973094
1711,0.5067264573991032
1712,0.5201793721973094
1713,0.5201793721973094
1714,0.5201793721973094
1715,0.5470852017937221
1716,0.5022421524663677
1717,0.5560538116591929
1718,0.5291479820627802
1719,0.4887892376681615
1720,0.4798206278026906
1721,0.4708520179372198
1722,0.5067264573991032
1723,0.5695067264573991
1724,0.5874439461883408
1725,0.4663677130044843
1726,0.5515695067264574
1727,0.5022421524663677
1728,0.5515695067264574
1729,0.4708520179372198
1730,0.5336322869955157
1731,0.5515695067264574
1732,0.5201793721973094
1733,0.5156950672645739
1734,0.5515695067264574
1735,0.5470852017937221
1736,0.5470852017937221
1737,0.5381165919282511
1738,0.5067264573991032
1739,0.5381165919282511
1740,0.5246636771300448
1741,0.5067264573991032
1742,0.5112107623318386
1743,0.5515695067264574
1744,0.5784753363228701
1745,0.5156950672645739
1746,0.5067264573991032
1747,0.4887892376681615
1748,0.4798206278026906
1749,0.5695067264573991
1750,0.5246636771300448
1751,0.5515695067264574
1752,0.5695067264573991
1753,0.5964125560538116
1754,0.5605381165919282
1755,0.4977578475336323
1756,0.5246636771300448
1757,0.5515695067264574
1758,0.4753363228699552
1759,0.4977578475336323
1760,0.5246636771300448
1761,0.5112107623318386
1762,0.5605381165919282
1763,0.4753363228699552
1764,0.5067264573991032
1765,0.5156950672645739
1766,0.5470852017937221
1767,0.5112107623318386
1768,0.5112107623318386
1769,0.5246636771300448
1770,0.5201793721973094
1771,0.5426008968609866
1772,0.5336322869955157
1773,0.4798206278026906
1774,0.4708520179372198
1775,0.5156950672645739
1776,0.5560538116591929
1777,0.5381165919282511
1778,0.5381165919282511
1779,0.5246636771300448
1780,0.5022421524663677
1781,0.5022421524663677
1782,0.4618834080717489
1783,0.5291479820627802
1784,0.5156950672645739
1785,0.5201793721973094
1786,0.5201793721973094
1787,0.4798206278026906
1788,0.5291479820627802
1789,0.4887892376681615
1790,0.5112107623318386
1791,0.4977578475336323
1792,0.4798206278026906
1793,0.5022421524663677
1794,0.4977578475336323
1795,0.5112107623318386
1796,0.4708520179372198
1797,0.5156950672645739
1798,0.5470852017937221
1799,0.5829596412556054
1800,0.4618834080717489
1801,0.5112107623318386
1802,0.5112107623318386
1803,0.4663677130044843
1804,0.5336322869955157
1805,0.5201793721973094
1806,0.5291479820627802
1807,0.4887892376681615
1808,0.5246636771300448
1809,0.5067264573991032
1810,0.5156950672645739
1811,0.5336322869955157
1812,0.5067264573991032
1813,0.5291479820627802
1814,0.4753363228699552
1815,0.4977578475336323
1816,0.5336322869955157
1817,0.4843049327354261
1818,0.5336322869955157
1819,0.5291479820627802
1820,0.5381165919282511
1821,0.5336322869955157
1822,0.5201793721973094
1823,0.5246636771300448
1824,0.5605381165919282
1825,0.5515695067264574
1826,0.4753363228699552
1827,0.5336322869955157
1828,0.5336322869955157
1829,0.4708520179372198
1830,0.4439461883408072
1831,0.5470852017937221
1832,0.4887892376681615
1833,0.5336322869955157
1834,0.5336322869955157
1835,0.5201793721973094
1836,0.5426008968609866
1837,0.4753363228699552
1838,0.4977578475336323
1839,0.5112107623318386
1840,0.5291479820627802
1841,0.5605381165919282
1842,0.5291479820627802
1843,0.5336322869955157
1844,0.4977578475336323
1845,0.4887892376681615
1846,0.5112107623318386
1847,0.5336322869955157
1848,0.4753363228699552
1849,0.5381165919282511
1850,0.5336322869955157
1851,0.5515695067264574
1852,0.5067264573991032
1853,0.5650224215246636
1854,0.5381165919282511
1855,0.5201793721973094
1856,0.4753363228699552
1857,0.5067264573991032
1858,0.5470852017937221
1859,0.5246636771300448
1860,0.5381165919282511
1861,0.5605381165919282
1862,0.5112107623318386
1863,0.5336322869955157
1864,0.4887892376681615
1865,0.4932735426008968
1866,0.4932735426008968
1867,0.4753363228699552
1868,0.5291479820627802
1869,0.5336322869955157
1870,0.5381165919282511
1871,0.5067264573991032
1872,0.5470852017937221
1873,0.5022421524663677
1874,0.4843049327354261
1875,0.5560538116591929
1876,0.5112107623318386
1877,0.5291479820627802
1878,0.4753363228699552
1879,0.5112107623318386
1880,0.6233183856502242
1881,0.4798206278026906
1882,0.5336322869955157
1883,0.5067264573991032
1884,0.5381165919282511
1885,0.4798206278026906
1886,0.5246636771300448
1887,0.4887892376681615
1888,0.4932735426008968
1889,0.5470852017937221
1890,0.5381165919282511
1891,0.5022421524663677
1892,0.4663677130044843
1893,0.5112107623318386
1894,0.4798206278026906
1895,0.5515695067264574
1896,0.5067264573991032
1897,0.4932735426008968
1898,0.5112107623318386
1899,0.5201793721973094
1900,0.5695067264573991
1901,0.5605381165919282
1902,0.5336322869955157
1903,0.5246636771300448
1904,0.5156950672645739
1905,0.4798206278026906
1906,0.5291479820627802
1907,0.5964125560538116
1908,0.5560538116591929
1909,0.5201793721973094
1910,0.5336322869955157
1911,0.5112107623318386
1912,0.5291479820627802
1913,0.5246636771300448
1914,0.5560538116591929
1915,0.5426008968609866
1916,0.5201793721973094
1917,0.4887892376681615
1918,0.5246636771300448
1919,0.5515695067264574
1920,0.5246636771300448
1921,0.5426008968609866
1922,0.5381165919282511
1923,0.4618834080717489
1924,0.4977578475336323
1925,0.5515695067264574
1926,0.5829596412556054
1927,0.5470852017937221
1928,0.4843049327354261
1929,0.5067264573991032
1930,0.5426008968609866
1931,0.5112107623318386
1932,0.5381165919282511
1933,0.5739910313901345
1934,0.4887892376681615
1935,0.5201793721973094
1936,0.5246636771300448
1937,0.5291479820627802
1938,0.4932735426008968
1939,0.5201793721973094
1940,0.5022421524663677
1941,0.5381165919282511
1942,0.5246636771300448
1943,0.5515695067264574
1944,0.5112107623318386
1945,0.4887892376681615
1946,0.4977578475336323
1947,0.5022421524663677
1948,0.5426008968609866
1949,0.5201793721973094
1950,0.5246636771300448
1951,0.4932735426008968
1952,0.4843049327354261
1953,0.5067264573991032
1954,0.5112107623318386
1955,0.5470852017937221
1956,0.5515695067264574
1957,0.5291479820627802
1958,0.5067264573991032
1959,0.5246636771300448
1960,0.4977578475336323
1961,0.5067264573991032
1962,0.5067264573991032
1963,0.5291479820627802
1964,0.5381165919282511
1965,0.5470852017937221
1966,0.6367713004484304
1967,0.5112107623318386
1968,0.4932735426008968
1969,0.5112107623318386
1970,0.5156950672645739
1971,0.5112107623318386
1972,0.5605381165919282
1973,0.5201793721973094
1974,0.5919282511210763
1975,0.5291479820627802
1976,0.5156950672645739
1977,0.5739910313901345
1978,0.4977578475336323
1979,0.4977578475336323
1980,0.5470852017937221
1981,0.4887892376681615
1982,0.5515695067264574
1983,0.5291479820627802
1984,0.5156950672645739
1985,0.5156950672645739
1986,0.4394618834080717
1987,0.5291479820627802
1988,0.5650224215246636
1989,0.5246636771300448
1990,0.5067264573991032
1991,0.5426008968609866
1992,0.5336322869955157
1993,0.5650224215246636
1994,0.5246636771300448
1995,0.4798206278026906
1996,0.4977578475336323
1997,0.5426008968609866
1998,0.5381165919282511
1999,0.5112107623318386
