,value_per_image
0,0.3416168772104053
1,0.38892445341851295
2,0.3918854447855471
3,0.4441819976164051
4,0.4132939919965203
5,0.4293763449734927
6,0.4746944241838912
7,0.2130714020983692
8,0.5537485876011301
9,0.37339372380284463
10,0.5014844614733439
11,0.3078861886983776
12,0.3985304196363537
13,0.3308013083702948
14,0.3084902760694201
15,0.4124334413051473
16,0.33025511213574565
17,0.3078285972554346
18,0.3804955512058768
19,0.3758901177625321
20,0.3885007840765762
21,0.4876091172652088
22,0.4351776553404049
23,0.3658132536097867
24,0.4459312576977236
25,0.4006674601788933
26,0.3396028761570999
27,0.4060518446915496
28,0.3966074686394012
29,0.35369508675498945
30,0.4291935195942653
31,0.4519942416727739
32,0.3827666705735459
33,0.522268943511755
34,0.398614435489785
35,0.3084456299776391
36,0.4566116575381404
37,0.4202940529392988
38,0.2817844945095473
39,0.3367705667439985
40,0.4703341704501247
41,0.4247425087165088
42,0.4674026144498357
43,0.4187717474418899
44,0.3251451360431953
45,0.3306560108181492
46,0.38549279189729996
47,0.2641319532335764
48,0.34595028244669657
49,0.31873066749044354
50,0.2889372698358158
51,0.3424016570083015
52,0.4094135515438883
53,0.4238593408256818
54,0.2699332662248303
55,0.3950630775808092
56,0.3460721317540473
57,0.4579906913115923
58,0.3545884587100482
59,0.5516077887997484
60,0.33729340128417723
61,0.2786236906943627
62,0.36649715002550737
63,0.2837298382062754
64,0.5583686662100271
65,0.2905844334878437
66,0.382259979607045
67,0.368349852875626
68,0.31835273302077705
69,0.3842457124102561
70,0.3170089577505173
71,0.4103776952840145
72,0.4192069576186666
73,0.3131165743163977
74,0.2530506424604884
75,0.4556794567044741
76,0.3127857747462741
77,0.3709481712895081
78,0.4251860564899079
79,0.3558222262921432
80,0.4147690859597416
81,0.2877942740926591
82,0.4094427607163663
83,0.4738696102482859
84,0.4438954351147778
85,0.5426841203760022
86,0.4664674342436008
87,0.300496916080594
88,0.3735441178813789
89,0.3765171904244449
90,0.33746948171786684
91,0.3396370815305725
92,0.3469679904171599
93,0.3434727612191185
94,0.3429739655591444
95,0.4434844778651236
96,0.3123135358917836
97,0.1794923572741157
98,0.3220196329991946
99,0.4860462757403165
100,0.27355971091451164
101,0.4222785026905865
102,0.4077873307764661
103,0.41352981648268455
104,0.4493317178389833
105,0.4853758655631722
106,0.5030434328457147
107,0.5294071883006805
108,0.34868831949994633
109,0.3106420936354238
110,0.3375567447615316
111,0.4516490229647218
112,0.29637301072243666
113,0.4337193725717422
114,0.3924598956805697
115,0.369922947699336
116,0.2738259374727671
117,0.31408227775176856
118,0.27648948105593746
119,0.4050926578322693
120,0.4319828211036204
121,0.35164642970542465
122,0.3643290187222987
123,0.3053468593737502
124,0.2375641075028982
125,0.42508792698145065
126,0.2936981754347885
127,0.3737767177885466
128,0.4492529514056037
129,0.2866801131841658
130,0.33771561270369466
131,0.3691812631027183
132,0.4804518440611982
133,0.3743438414939149
134,0.4187349185672221
135,0.40439204847977306
136,0.42499685508302615
137,0.4063203116291953
138,0.3686074515469464
139,0.3318997445203421
140,0.5131008978259844
141,0.37254790136249466
142,0.4963274837408079
143,0.4606850395242094
144,0.43322118850410174
145,0.5146762955463563
146,0.2864234172310897
147,0.3918599849858941
148,0.4640642187192917
149,0.4385929381955017
150,0.35464595352251715
151,0.3840851967173274
152,0.5035991558246793
153,0.23187331697976776
154,0.5466664718467135
155,0.3786109960284535
156,0.4587860948690725
157,0.4423679516368185
158,0.4629813985545072
159,0.3278036555375736
160,0.5058697403327612
161,0.3490089967784422
162,0.3889820582703397
163,0.4032811851047908
164,0.3815027003761403
165,0.3618128214129541
166,0.3643562743803817
167,0.2663253368226983
168,0.24983813410459504
169,0.3828125939829529
170,0.2623630756768618
171,0.5342383880665276
172,0.395357919808764
173,0.4967711230619424
174,0.3977471769638416
175,0.3853315009427564
176,0.2903582000610623
177,0.3905845859401679
178,0.519265943047359
179,0.4373087871689873
180,0.3686681019999013
181,0.4228979072090545
182,0.5352236273895165
183,0.3859289075486317
184,0.3921457379883506
185,0.27115360950359496
186,0.2828451291047059
187,0.3826259889483092
188,0.5857977205800471
189,0.3960763670358198
190,0.2654316848384332
191,0.3627668282305015
192,0.3706066302205027
193,0.28483538905510586
194,0.3973845044779
195,0.3933689365091971
196,0.36677864504540136
197,0.4356191806242824
198,0.2412281811602889
199,0.3852725484898705
200,0.3199155413323668
201,0.3980659922532736
202,0.3380677840388321
203,0.32069596308705683
204,0.3629718667495496
205,0.4634305179581713
206,0.4050332785422155
207,0.4827777520161283
208,0.40634461730508603
209,0.5329882274550446
210,0.4997737600944007
211,0.4573829155082577
212,0.36198523628443935
213,0.4959536654249037
214,0.3775043656456657
215,0.4766910350264093
216,0.4040279301914253
217,0.3897453998919952
218,0.4214367620036652
219,0.4877697112386111
220,0.5171033975149232
221,0.3333880071452673
222,0.44400668842596347
223,0.33856733736267897
224,0.3650534959220622
225,0.33369528940263665
226,0.29698665666190216
227,0.2701080457217962
228,0.3063943523717901
229,0.3910371554271786
230,0.32474869757250435
231,0.317687667583904
232,0.3828464735315333
233,0.2837713740169329
234,0.26679602274493425
235,0.4898399870799094
236,0.3865819090068948
237,0.34562694583865106
238,0.3829376757295659
239,0.32575133756139274
240,0.3248019710784883
241,0.29445883985434185
242,0.4827030457668559
243,0.3228288122912207
244,0.3428803758539135
245,0.3068610572857352
246,0.3423121032406565
247,0.34387630895141064
248,0.4447556143987928
249,0.33239564991271764
250,0.20426413929210255
251,0.3933449758707708
252,0.4736194571020325
253,0.3629073043968246
254,0.3917792076525815
255,0.4537903361920437
256,0.4204892782274316
257,0.31681010700231915
258,0.4353145104392667
259,0.2370130236007569
260,0.2800785826742709
261,0.35893428015025675
262,0.4101383404756589
263,0.3228389611054176
264,0.4176424737862579
265,0.3445996797285233
266,0.2834951576131559
267,0.4807349441836889
268,0.4521693336959425
269,0.3474927825651597
270,0.2964517915921881
271,0.2760741253533936
272,0.4518745876113683
273,0.5108368946694539
274,0.371190042238618
275,0.35078086182317825
276,0.3060045680433386
277,0.2481822178389284
278,0.37209884101187307
279,0.4405512602345213
280,0.36163359003716783
281,0.4116016129814941
282,0.4944751646310519
283,0.4721729997891056
284,0.3027072869388304
285,0.4304880201144712
286,0.5235386058813607
287,0.3310551266646277
288,0.3946976371094431
289,0.3428979378599337
290,0.3264366491885794
291,0.36822741493883904
292,0.5133799729576709
293,0.4523400351457678
294,0.3832351109972981
295,0.4462230617883622
296,0.36982882307338144
297,0.3124125514685721
298,0.4249173889381793
299,0.6325778721959835
300,0.3512577088531791
301,0.28689485163026857
302,0.4258483219163496
303,0.3579444259422645
304,0.5433619872815811
305,0.36108676095496217
306,0.4101319233398584
307,0.3362166625586585
308,0.5474389138448122
309,0.3821427201489168
310,0.4491956622336595
311,0.36338584638269894
312,0.3198006868081501
313,0.3461365813251427
314,0.3411159139243747
315,0.4805226366895726
316,0.33041717940211296
317,0.3528122750284153
318,0.40514663057130657
319,0.3929165046500426
320,0.4856585824799502
321,0.3681603304614954
322,0.3511234265605329
323,0.4196409216660165
324,0.610259915422448
325,0.31685003361479325
326,0.3801169104856211
327,0.2984680155601655
328,0.3048700950583288
329,0.3946158898863046
330,0.2364898176537882
331,0.4816769834259336
332,0.3892969262149819
333,0.3823971105281294
334,0.2979550664668503
335,0.5488164419954669
336,0.27093738447899424
337,0.3847365264256308
338,0.5261109692340449
339,0.4013739314105857
340,0.21698752248633865
341,0.4961761323125549
342,0.453725128042677
343,0.246413180982522
344,0.3292990341474301
345,0.3849657676711332
346,0.2953651287886693
347,0.4535556610285082
348,0.385525494570468
349,0.34296573742961217
350,0.3364165007268414
351,0.2801400507200325
352,0.3094826217803437
353,0.5277737601188943
354,0.2069746983404728
355,0.3084570729265373
356,0.5465884675643724
357,0.3178679771931851
358,0.3343154961563127
359,0.3629553827176845
360,0.5244067847858858
361,0.4515035890567665
362,0.3677291864873077
363,0.3483229602203031
364,0.4345418753283724
365,0.29209595934478777
366,0.3136845372109661
367,0.28977411459264724
368,0.3651432014624915
369,0.3336312207610725
370,0.4457974444357372
371,0.3513985974278944
372,0.4592617937454575
373,0.37159846031983257
374,0.3693430868023229
375,0.4477957030089316
376,0.2504077706607463
377,0.38330432615955023
378,0.4197493320749822
379,0.4580361730044446
380,0.4804417251415681
381,0.3732756802037893
382,0.3933748453723197
383,0.3626725629486093
384,0.33300714563204475
385,0.3634145188177207
386,0.33055589143362035
387,0.38865072033575376
388,0.5152800927882968
389,0.4493237198124122
390,0.3535361839555175
391,0.3535839389649126
392,0.4206093620803369
393,0.2547273674123056
394,0.3324556856794117
395,0.3878963183837407
396,0.3985698400840685
397,0.4322980527056838
398,0.36415267335792734
399,0.3399583101200629
400,0.3640988507918148
401,0.2850294039734581
402,0.26065632086901536
403,0.3349296963454005
404,0.3742142752508435
405,0.4756235598445304
406,0.4519339461566653
407,0.4708116312833988
408,0.3567081981820729
409,0.4210312269705324
410,0.470148877445134
411,0.4412236338991304
412,0.4540596110588913
413,0.4162400318524176
414,0.3818546899964739
415,0.3999599119416225
416,0.3555650448279602
417,0.4684808646062436
418,0.3569981174436196
419,0.3853128393452313
420,0.3052460821600885
421,0.5096131137583358
422,0.2931705583937358
423,0.44855949364724396
424,0.2271418362783737
425,0.4461642470211623
426,0.3630338860067804
427,0.43476898550677395
428,0.5093286192248033
429,0.3878552445143053
430,0.30806653418008395
431,0.3322902775640085
432,0.4307669751635524
433,0.3545901013535748
434,0.2632212740174837
435,0.4324380831148989
436,0.4908355337752544
437,0.3801355708001391
438,0.4389445105083529
439,0.4144950862842616
440,0.4452584953879812
441,0.2620979823769233
442,0.2763873992354544
443,0.5352052635162745
444,0.4504286732980709
445,0.37783122810221703
446,0.32594056464411364
447,0.2949753233955234
448,0.4032665484333529
449,0.2965508969027704
450,0.3754736417262474
451,0.39582596083796784
452,0.4530153715407968
453,0.4486946192073991
454,0.3404267771644329
455,0.3277508321154513
456,0.2569638537082629
457,0.43610380814515615
458,0.5022523869479165
459,0.37041295429491017
460,0.3186170573705297
461,0.3967317076680689
462,0.2973692749315041
463,0.4632062863624687
464,0.303255569524792
465,0.4727733867823523
466,0.3895397945158275
467,0.4753380407609736
468,0.2303331684729363
469,0.4796209482319353
470,0.38131262406427024
471,0.4041603927860204
472,0.346048514240681
473,0.3094216391411027
474,0.4408850320314525
475,0.3715265245129297
476,0.24718614596899424
477,0.4963720277141082
478,0.2728049993117243
479,0.40505646245833227
480,0.3040109773355172
481,0.3974272602219208
482,0.4105353316266806
483,0.4021175565318063
484,0.3990106678661244
485,0.38956648288074974
486,0.3255034875462003
487,0.3545024034586644
488,0.3468713920467763
489,0.3808916746281189
490,0.3557806391752029
491,0.3975868034901425
492,0.203210941391024
493,0.2879418762493745
494,0.2791124215155734
495,0.4662348244954119
496,0.4563792340272286
497,0.3428804999386323
498,0.2980226237106402
499,0.4672527919842882
500,0.3369827004918887
501,0.4274434545494141
502,0.4577439572380354
503,0.3666735661774066
504,0.332188153751331
505,0.3547088076072917
506,0.5391688174641975
507,0.4737328874890016
508,0.3561068768346991
509,0.4240952008003154
510,0.3785400023039717
511,0.4343599944511386
512,0.5824164374125897
513,0.27461506569156685
514,0.44319271909407065
515,0.37703869233866455
516,0.4307649904030583
517,0.28825796706352164
518,0.3605371351771791
519,0.3140196768630951
520,0.4220739497250657
521,0.43549898436690415
522,0.4470699305734505
523,0.23627206813141424
524,0.2334661352063273
525,0.3337108101865372
526,0.3340081073913222
527,0.5540472969766919
528,0.3379520018654178
529,0.3716760089311182
530,0.3454672572814406
531,0.3280248692048629
532,0.2840951959410952
533,0.4459550523059777
534,0.4098778737332541
535,0.300991553149483
536,0.5089812589192346
537,0.4974610014450913
538,0.4781992557186202
539,0.3616136341032437
540,0.2572436835524873
541,0.2953059293248493
542,0.3535489492310361
543,0.3737098384529058
544,0.35997358454562
545,0.3201627373869404
546,0.3446777975456142
547,0.444154006892411
548,0.4198753881041899
549,0.3135198312095461
550,0.3356797996703957
551,0.3604779388806077
552,0.4155441995032372
553,0.4005515838185008
554,0.6445565302406265
555,0.5700125556678203
556,0.4060198364553389
557,0.3200709927670973
558,0.4381323827908527
559,0.37675921118173494
560,0.5086410929983447
561,0.3370974305926435
562,0.44502882007334266
563,0.3999650635206755
564,0.3332466149363989
565,0.3675637811263781
566,0.4598375589078537
567,0.22194441304216692
568,0.41950842218355344
569,0.28443571042675225
570,0.5625120972621009
571,0.2296575841515948
572,0.4494179542846607
573,0.5839889920940051
574,0.4324955470998999
575,0.5400662866584771
576,0.3940868730917478
577,0.3119753973846991
578,0.5300169187907582
579,0.3922757338971109
580,0.2638140756820269
581,0.33809620479418884
582,0.5307431749317516
583,0.420323386380582
584,0.5249727856880487
585,0.3739694282180951
586,0.3426983002253141
587,0.2470753824665361
588,0.5119149785555939
589,0.5010842589502489
590,0.35442104642428235
591,0.4184234990639006
592,0.3440809973621684
593,0.4042727112921693
594,0.3255514922927973
595,0.4091216758437176
596,0.532645124059364
597,0.34571130465912725
598,0.5412719013027131
599,0.41425305446114014
600,0.4102403138487856
601,0.3533219514903905
602,0.3099466019376569
603,0.4971308950256998
604,0.41571929407744296
605,0.24798578975247204
606,0.2997258828441505
607,0.44926197188417416
608,0.42027426074576896
609,0.391831959043107
610,0.33879563883029623
611,0.32113477617301023
612,0.3191559496851996
613,0.29761872436514986
614,0.4647958015010927
615,0.3069140220955602
616,0.2663464083223548
617,0.3897250726028996
618,0.5086724958497985
619,0.3232142265825769
620,0.40639675830616573
621,0.4587553890041484
622,0.44195467554499496
623,0.4024965583912507
624,0.4211824401192736
625,0.5132057222238383
626,0.3155249142458707
627,0.4674653269648816
628,0.5392177416581536
629,0.4742610448983404
630,0.3694156485728348
631,0.4303386581007168
632,0.3744182256512484
633,0.4769895083802996
634,0.4775604909221653
635,0.1683644419509216
636,0.4669782818980416
637,0.38114632553038935
638,0.34274320640103617
639,0.3647561702062819
640,0.4432108677275239
641,0.5411061717099735
642,0.4499299717314871
643,0.3304459262969289
644,0.22774226052606594
645,0.3528970066787025
646,0.43968418467314413
647,0.29542719845079257
648,0.3745207688342597
649,0.525740563625543
650,0.2367225787816108
651,0.4093186740372462
652,0.38987890000582187
653,0.47877934608138206
654,0.33064007531935696
655,0.5164403776606704
656,0.20641561665984806
657,0.5745944942162952
658,0.3801770240633153
659,0.2938228415300008
660,0.3796017875271663
661,0.4169780860716317
662,0.3464178993395139
663,0.5092557485926689
664,0.2835688104012001
665,0.3079079468084778
666,0.5102218611666788
667,0.3514784353082032
668,0.5187341575409955
669,0.29462421078720197
670,0.3537098595927963
671,0.3211101866831932
672,0.3688037073685171
673,0.3427475311438442
674,0.46543171563539604
675,0.5738788917001207
676,0.3713959058598932
677,0.3335373276077974
678,0.4370839952831613
679,0.3729513225639759
680,0.2365512979482329
681,0.3290055593985622
682,0.3731167193913625
683,0.3787139127013056
684,0.42444873450094295
685,0.4229850672379301
686,0.2801440355608412
687,0.4299033708118213
688,0.3599579318964485
689,0.3034434475973626
690,0.14797126645656686
691,0.3547761576859588
692,0.31277759767456004
693,0.3675986032071879
694,0.4952851704698989
695,0.25287925215827245
696,0.38100233101629055
697,0.4330118366327328
698,0.4777058708131946
699,0.4920938678590016
700,0.31914449044110993
701,0.30220074969111194
702,0.4195714738003733
703,0.4621058420296633
704,0.3526367537208405
705,0.3881744514392436
706,0.3841848747348435
707,0.3316428549243905
708,0.4418388681201896
709,0.4315019956283834
710,0.3076701681868793
711,0.2909459664639225
712,0.3015119930600237
713,0.2719118279187379
714,0.37829903301016304
715,0.3575395935479088
716,0.3844853672694215
717,0.2870877240235026
718,0.31291372486271124
719,0.3517318788975329
720,0.5183311788108402
721,0.3738738996074064
722,0.4120506876414936
723,0.4359025459693141
724,0.3915596082443003
725,0.40612568199541704
726,0.3935887546029957
727,0.5579874270653358
728,0.4374131432869817
729,0.3258533710571084
730,0.468200322146056
731,0.3135160618826809
732,0.34804225222576
733,0.3601379451312815
734,0.4084894365394941
735,0.3351816514142992
736,0.37224916679502
737,0.3596575290683915
738,0.4806321922025962
739,0.3834277784637936
740,0.3696370662178304
741,0.39778681521832204
742,0.3312549981826968
743,0.3434699587365584
744,0.3658153265904787
745,0.3866276027559073
746,0.5011575348044034
747,0.358764469336449
748,0.4203485474837184
749,0.2575189606070061
750,0.44235333704786667
751,0.36411119574241696
752,0.306150352754208
753,0.4723551302070501
754,0.2398990220628089
755,0.4610502575261691
756,0.3379334179985278
757,0.3718657754446984
758,0.4543751461957812
759,0.5638916024208394
760,0.30323219707301863
761,0.3047797076044885
762,0.4717740016138408
763,0.3475310536125733
764,0.4101268058161241
765,0.34910925714698204
766,0.5075560093092252
767,0.2822575723775791
768,0.3694513269158118
769,0.2980700840854184
770,0.4764137571899008
771,0.3493603735389295
772,0.4280634386280589
773,0.34203885603365264
774,0.2644056497913366
775,0.3713534604550295
776,0.4167908671971883
777,0.29481846187631977
778,0.4746146206293427
779,0.31664955752856144
780,0.44842056176900064
781,0.5043799068876166
782,0.4565283378577817
783,0.3392027059040585
784,0.3208506386353717
785,0.4358362818400153
786,0.2492815980639977
787,0.3243974483420896
788,0.3903389875568712
789,0.452494336832634
790,0.33956087904390153
791,0.3228370087580636
792,0.4566807958453794
793,0.404151256535779
794,0.4099586776173343
795,0.4206383262455369
796,0.42867424932759024
797,0.4873221088359106
798,0.3806517173806331
799,0.2586916993027513
800,0.2814617065517082
801,0.42203305508220457
802,0.331776240001532
803,0.281812386042274
804,0.5272026223777035
805,0.4760169056986499
806,0.3823686866203028
807,0.26346050001074034
808,0.4695480599561598
809,0.3268327370271505
810,0.5090942816849165
811,0.4335994286159191
812,0.4056292441450713
813,0.34170126459850825
814,0.4561856994405336
815,0.5486421803107906
816,0.35870709748573393
817,0.5320561957746325
818,0.3930041851509216
819,0.3315481765753698
820,0.43589242279885404
821,0.5238244402346041
822,0.3920062470291592
823,0.3946542998695432
824,0.5478342109688372
825,0.3086297149991146
826,0.4701374794230346
827,0.4111333066149169
828,0.4559831356508987
829,0.3984406408210408
830,0.2409306224755016
831,0.3439523931364737
832,0.4025493212192152
833,0.40583007946426175
834,0.38046619137699456
835,0.2657810649060803
836,0.32248353473033936
837,0.44151131986586456
838,0.4255367910149292
839,0.3335722247644906
840,0.36902078993219656
841,0.40729497139592735
842,0.2423664975843036
843,0.3702562870942711
844,0.3130955973540051
845,0.4049562918919185
846,0.32725787243865023
847,0.5209804808073768
848,0.3185497386855607
849,0.521464786233092
850,0.35967923063559426
851,0.3786261173201113
852,0.2160218849097325
853,0.4848837229286409
854,0.3707945785742912
855,0.5125388449616174
856,0.4975396250231771
857,0.4560864616091305
858,0.5025523007355559
859,0.3522389161214953
860,0.2299809779452092
861,0.4063521292833367
862,0.3210338486460952
863,0.3404113744779686
864,0.2957158306877922
865,0.41531223282775415
866,0.4113629438427137
867,0.3263928370084522
868,0.391846790951756
869,0.4348168195646641
870,0.3004414635872335
871,0.4048732087047157
872,0.41990586362422544
873,0.35160581398337176
874,0.481198621853547
875,0.4947300902950049
876,0.3252445064077336
877,0.3155509731493645
878,0.34550333440020875
879,0.28922070234988223
880,0.2352684706471252
881,0.4448020946735074
882,0.5167666632957513
883,0.3991228380602436
884,0.3952923298801384
885,0.36062937583252747
886,0.3848322547659113
887,0.4234138795470897
888,0.4231533947057937
889,0.2516830595666752
890,0.3637962887155353
891,0.40627820335993015
892,0.3607927831114721
893,0.2744886059253578
894,0.27330026280388764
895,0.4978201710818837
896,0.4165444205302799
897,0.3297722216191605
898,0.4266617323483856
899,0.4002852183191249
900,0.3761285432021413
901,0.4643415820395819
902,0.3694380659987433
903,0.3307857933688797
904,0.2586966432638339
905,0.4271602920405168
906,0.3285017147287677
907,0.4901971682976398
908,0.3932506038187417
909,0.3112625822429798
910,0.30161168496687585
911,0.3987518359315175
912,0.5045227536154859
913,0.35065771852708755
914,0.33723170374905603
915,0.4041421995149446
916,0.4266904453325034
917,0.4744823379078588
918,0.4027118064561033
919,0.3471673018872258
920,0.5543139730131986
921,0.2718601639999265
922,0.5858431428733939
923,0.4088379858942952
924,0.3990304068688997
925,0.4381846215443691
926,0.4605659190716282
927,0.35612251877034923
928,0.524970813371808
929,0.4937713525127379
930,0.2306427194986255
931,0.3021445070318883
932,0.4432501837613188
933,0.28336733049443563
934,0.4498707256786816
935,0.420687151746768
936,0.2346517751440436
937,0.5179254875528865
938,0.27883863057847325
939,0.2914133291783195
940,0.5210830566102761
941,0.4771315291640258
942,0.3344425611320257
943,0.5128569838430886
944,0.3373487356307699
945,0.4053746465479026
946,0.5263416577498986
947,0.35389233126668657
948,0.26158045034181704
949,0.4577000994570734
950,0.4701841337728793
951,0.4113683192865357
952,0.3151887377172795
953,0.4177574255735541
954,0.31104641298468017
955,0.3799043889784325
956,0.3963652896514376
957,0.3464811827173054
958,0.36131952675928497
959,0.4260727318133599
960,0.3590943560534985
961,0.28324889327196034
962,0.4598202334181301
963,0.4999873455598357
964,0.4997018246678617
965,0.3225283841535104
966,0.4332876092200968
967,0.5397315323762856
968,0.5449695132975046
969,0.3215772420271384
970,0.4518889589560042
971,0.2641862347409241
972,0.3885781263540381
973,0.392909811861785
974,0.240552334581853
975,0.4223862133405514
976,0.3048583244228809
977,0.40852155916412936
978,0.430327538857231
979,0.4052305832862914
980,0.2567231826254503
981,0.3953153490341461
982,0.32176691637189325
983,0.2865503581821359
984,0.5319503553386502
985,0.3207299626368816
986,0.3937632622932909
987,0.4616354218339945
988,0.3117846211154908
989,0.4361069896417136
990,0.38398305540188266
991,0.3474201532160828
992,0.4315075992874264
993,0.5011858281127397
994,0.4976860473147913
995,0.4440074060295216
996,0.3251848795258035
997,0.37399184036375605
998,0.323209605332097
999,0.5242915606085735
1000,0.4238786067099778
1001,0.5048914635135648
1002,0.41023057794708506
1003,0.3882944155991511
1004,0.3864584531436617
1005,0.2510253936742076
1006,0.4473958955417866
1007,0.5425068442516713
1008,0.43698355944416856
1009,0.4251041854553737
1010,0.5075142708110681
1011,0.2561083139420332
1012,0.3083679616950162
1013,0.2758367777630734
1014,0.4189203171753151
1015,0.42824319408291744
1016,0.4524630403209958
1017,0.4660924893697059
1018,0.5817598541887751
1019,0.2945985267543139
1020,0.4257127281429452
1021,0.3553138953927799
1022,0.4168204103658399
1023,0.3487161042664522
1024,0.2630330794842716
1025,0.24832896065744414
1026,0.4737293107892734
1027,0.3831214781017209
1028,0.35159252941746033
1029,0.5467400445749493
1030,0.3579792811398593
1031,0.3397748591305303
1032,0.4672929379307096
1033,0.3413740070048166
1034,0.4846422558208789
1035,0.2844105081472829
1036,0.4730763378091058
1037,0.4584204921811657
1038,0.300151281511497
1039,0.4636431217800298
1040,0.4961100973089229
1041,0.5105648365693612
1042,0.3613513833698375
1043,0.2395039789195708
1044,0.35149275454693946
1045,0.3785311401518515
1046,0.4024048348810327
1047,0.4113933294495203
1048,0.365035229858478
1049,0.3289378233495413
1050,0.3540028052572417
1051,0.4223538245625028
1052,0.2990204505117399
1053,0.3321386635102781
1054,0.3302943162741504
1055,0.4043799390114337
1056,0.43383045422089794
1057,0.328949435425736
1058,0.3792046096938135
1059,0.5253467692663031
1060,0.5061786556435888
1061,0.5071529900734907
1062,0.3984136590484792
1063,0.2207393226963936
1064,0.4376989200042346
1065,0.330469447980146
1066,0.4419274429716503
1067,0.24388612394271866
1068,0.4362530120668156
1069,0.4311332274893712
1070,0.2987744521549174
1071,0.3001053352653347
1072,0.4252511584615541
1073,0.3719400713864707
1074,0.3947854681930272
1075,0.4393710573358625
1076,0.5135927659521246
1077,0.2838350273035424
1078,0.399411907968852
1079,0.3446195940341198
1080,0.2657239689866046
1081,0.5256338896459001
1082,0.4044496855563218
1083,0.5242822197233926
1084,0.33301683197263937
1085,0.4074145844161383
1086,0.5484126804573238
1087,0.3987247911195305
1088,0.44222352649004587
1089,0.22731968009057624
1090,0.3849429060423516
1091,0.4203297629826212
1092,0.21219878703835346
1093,0.3820375568363755
1094,0.3122762945308969
1095,0.3092840730117411
1096,0.4086599571643619
1097,0.3674947665758581
1098,0.32202035839730675
1099,0.20688759606196488
1100,0.2688832698627132
1101,0.403730192803975
1102,0.4202730055814424
1103,0.593619687540417
1104,0.2724767193243326
1105,0.4177596822661154
1106,0.3854722293250252
1107,0.3527947648548325
1108,0.5210652453401554
1109,0.3587705006577379
1110,0.32445385490755274
1111,0.2786548218171088
1112,0.3364703342428845
1113,0.3249661470125681
1114,0.4262740915457639
1115,0.2335051776060592
1116,0.2592549289649704
1117,0.3847867321351859
1118,0.4336620680376607
1119,0.4764722069204693
1120,0.4534676523534434
1121,0.3832331282614749
1122,0.43546292882831533
1123,0.35339262563292634
1124,0.3948640413738077
1125,0.4829957126972994
1126,0.4112917473803462
1127,0.5158789223927382
1128,0.3790902216307434
1129,0.38825055874512254
1130,0.3127588004632749
1131,0.4918447344741239
1132,0.4258225426148173
1133,0.3822350974765303
1134,0.5450554304848007
1135,0.4902515933876132
1136,0.25113555494478795
1137,0.29826740532779283
1138,0.4346543916132291
1139,0.41952542793821856
1140,0.5582036659943911
1141,0.3570412996485472
1142,0.3788630347439225
1143,0.44086726446394103
1144,0.33712405463463363
1145,0.31714412991820623
1146,0.38454122350860737
1147,0.2693062560437211
1148,0.41388590922939134
1149,0.3946221750787951
1150,0.34783681010663103
1151,0.5923627968234794
1152,0.3517808137914845
1153,0.3340729601489553
1154,0.39393480274931736
1155,0.4001994522699697
1156,0.4082157895534597
1157,0.2475505045016833
1158,0.26900505931152074
1159,0.4337636675005741
1160,0.3566000381967225
1161,0.4123082177532356
1162,0.35881473954865384
1163,0.3557232398447022
1164,0.4714787392452671
1165,0.5339234791630251
1166,0.3691133549427624
1167,0.32810803719709075
1168,0.4180868250188105
1169,0.4639436002595399
1170,0.36970063212547816
1171,0.4086711544836129
1172,0.3999598217760105
1173,0.21810510445267992
1174,0.2600070632156043
1175,0.3720413042417209
1176,0.458194622280834
1177,0.43733171173528
1178,0.2375283405348961
1179,0.40737890950745104
1180,0.3866996138900166
1181,0.3197606599651227
1182,0.3148815367888637
1183,0.4629588571381346
1184,0.35368611119854665
1185,0.32260718935828114
1186,0.4082456719503874
1187,0.5047025925491684
1188,0.30948934895068925
1189,0.23648828711399697
1190,0.379980904408574
1191,0.3163573484836135
1192,0.25934635864159994
1193,0.4936715837005718
1194,0.3911981691101157
1195,0.5483206519501052
1196,0.3066053964099805
1197,0.2702793312601731
1198,0.3068303551544175
1199,0.5152565091244693
1200,0.36201304294804143
1201,0.2915929764092626
1202,0.3227437140571357
1203,0.39263372977130706
1204,0.3032839857680641
1205,0.3682059378113769
1206,0.3206897125407521
1207,0.3446330226431009
1208,0.3672735358619195
1209,0.36335643037786175
1210,0.4775141005447296
1211,0.327941772740222
1212,0.3804284288219554
1213,0.5071760808574987
1214,0.3587292470148292
1215,0.4004121974927756
1216,0.5300500326081085
1217,0.4777661409262482
1218,0.4457164218383201
1219,0.3296387311839845
1220,0.3872461889643691
1221,0.4310273178832703
1222,0.3984620879145933
1223,0.3291505541412891
1224,0.3098991200380522
1225,0.34472066249786265
1226,0.4802344611300611
1227,0.5021990420533606
1228,0.4223679451322929
1229,0.3766421145745878
1230,0.33095344037489544
1231,0.30232353275153684
1232,0.3787040336387988
1233,0.3635331886948132
1234,0.3635756566770501
1235,0.3679994107381501
1236,0.425362056836893
1237,0.3545848488992822
1238,0.3767002022775807
1239,0.2882645937465152
1240,0.3656080197515178
1241,0.4316341751032036
1242,0.4455047954439839
1243,0.4398627070917603
1244,0.6242965020246198
1245,0.27231126009522305
1246,0.3569715882614502
1247,0.27657590967316464
1248,0.4330113735921873
1249,0.31750043508105075
1250,0.5201015477647485
1251,0.4031266236316851
1252,0.3890045602246966
1253,0.5103603312051829
1254,0.31102188671998154
1255,0.5246290155929848
1256,0.5346893033196615
1257,0.4614907290626493
1258,0.4614870831109906
1259,0.4919362932644745
1260,0.4614750810222335
1261,0.4199870931010162
1262,0.3837048778882182
1263,0.2762993991312795
1264,0.4102781697516023
1265,0.4846591747292255
1266,0.2963439750945812
1267,0.23330544525111
1268,0.3224920996813066
1269,0.3875067026492871
1270,0.3843275848584442
1271,0.4642545721387329
1272,0.25190174542238364
1273,0.5037293406236094
1274,0.5017666630395855
1275,0.4284725929012375
1276,0.3770659261935008
1277,0.4582314640475687
1278,0.39141489781282496
1279,0.2626818454173028
1280,0.4709088498958414
1281,0.4824661579108307
1282,0.2755108188360649
1283,0.4868980611294329
1284,0.37605652770713627
1285,0.3036037116636228
1286,0.4679075131060647
1287,0.33759447617828897
1288,0.3927548756923893
1289,0.33866186724079045
1290,0.4086767098489917
1291,0.37798149021508937
1292,0.5637017396244197
1293,0.3203930664563938
1294,0.3361024731031023
1295,0.5778669848160587
1296,0.28472349185658874
1297,0.3101719415788122
1298,0.4634717614060896
1299,0.2812281357828959
1300,0.3721176709361006
1301,0.3850536428903819
1302,0.3885653222710165
1303,0.30231116749821146
1304,0.23419297951832424
1305,0.2993930796321437
1306,0.4476282204553448
1307,0.37458475092055227
1308,0.4999410025471125
1309,0.4697279670940421
1310,0.2620203771016024
1311,0.29497411992175665
1312,0.4493920202782694
1313,0.5413926034296982
1314,0.4288993231895483
1315,0.5634035617015442
1316,0.5509055607234351
1317,0.2914493896368643
1318,0.4615137783405246
1319,0.3657167851270953
1320,0.4832198843615709
1321,0.3614628843151303
1322,0.41580596241840506
1323,0.30841983926544136
1324,0.23963064722827598
1325,0.4561073477832847
1326,0.31283853112931603
1327,0.3963810546992886
1328,0.3474968591940125
1329,0.4254178761394517
1330,0.4602540758670597
1331,0.29441268223565803
1332,0.4790649252181908
1333,0.4520689016758869
1334,0.3287993879586943
1335,0.3556127940121483
1336,0.3999406431958099
1337,0.28484071621690144
1338,0.3439570213767947
1339,0.24605469418559506
1340,0.3275306762985734
1341,0.28205821587164304
1342,0.5072510290125364
1343,0.31623736836398303
1344,0.35788663444390745
1345,0.3923186451161556
1346,0.4597152713890473
1347,0.4688568117861767
1348,0.3634583051407905
1349,0.38676136240750253
1350,0.5058693653726425
1351,0.38016984576816143
1352,0.3109838996400198
1353,0.3506688166605212
1354,0.4525501510908488
1355,0.3448264280299833
1356,0.4222033035690244
1357,0.2393623208268826
1358,0.3541247645516322
1359,0.3175520649648663
1360,0.5044527045680214
1361,0.28419294525549244
1362,0.3198638224430257
1363,0.3131084323950396
1364,0.2983025622515229
1365,0.27792822464955497
1366,0.411968589240756
1367,0.4636713059610244
1368,0.2618970917205513
1369,0.464655567528997
1370,0.3648108191444801
1371,0.46224464186129494
1372,0.3347652576339037
1373,0.4584634082241677
1374,0.4536991462918539
1375,0.33243585404604786
1376,0.2321831262443117
1377,0.4592713282904719
1378,0.3742988207686064
1379,0.4422687270268672
1380,0.5292625034028741
1381,0.516047820064225
1382,0.445863813753962
1383,0.3780879610098415
1384,0.2702235992340939
1385,0.4126983349256128
1386,0.4702709692281038
1387,0.3405241246263753
1388,0.341216913458678
1389,0.4347510219787704
1390,0.44079298104227976
1391,0.546171861477164
1392,0.3384912807291382
1393,0.3947670351299954
1394,0.4645152031546369
1395,0.2585375447086894
1396,0.5058656342564989
1397,0.3352005761228673
1398,0.4665438416939768
1399,0.4388155304070376
1400,0.281403449319518
1401,0.5280231656340654
1402,0.4673697963497049
1403,0.5407136395252456
1404,0.3305665151718128
1405,0.2958932700401789
1406,0.3999811611250252
1407,0.4787408447036428
1408,0.374389739146413
1409,0.42377654604928
1410,0.33886368939348804
1411,0.3592629121488136
1412,0.4608590430499886
1413,0.5137220324258307
1414,0.4319003939935687
1415,0.3313746999991241
1416,0.4657536587271896
1417,0.26493190376640435
1418,0.37478857775358615
1419,0.33865710363460194
1420,0.3254620211782734
1421,0.2958827962252873
1422,0.2733840010703126
1423,0.3562284963497592
1424,0.4278094274151375
1425,0.24810700413998524
1426,0.3616235927548371
1427,0.30371958732108445
1428,0.4973568026616793
1429,0.43573730088462337
1430,0.41960166861369147
1431,0.3844338648040415
1432,0.3947796989595093
1433,0.26282191813311073
1434,0.3577116064785781
1435,0.5457228726183688
1436,0.4438394260270502
1437,0.3600997364603586
1438,0.5053421024263969
1439,0.33055731712740644
1440,0.2554220553440318
1441,0.2856035258138442
1442,0.3363154921428324
1443,0.5762587842420436
1444,0.4762979591710568
1445,0.4430173498484599
1446,0.31044648712168843
1447,0.3430440704557414
1448,0.3360846325301698
1449,0.3718892248784585
1450,0.3689494002980089
1451,0.3276984885312652
1452,0.4243292767795389
1453,0.4090501433040985
1454,0.4384844445219556
1455,0.3127271198322208
1456,0.5028252227276229
1457,0.5436917427214468
1458,0.4537891989112254
1459,0.3249232388922151
1460,0.2954558183973018
1461,0.3787941451158138
1462,0.4261305151170328
1463,0.4756438762992741
1464,0.351417727515802
1465,0.3645551891632579
1466,0.21480711882919776
1467,0.402709457711502
1468,0.2988982429301866
1469,0.4370946160367735
1470,0.510222040952737
1471,0.3891116027643869
1472,0.3716238435846469
1473,0.3645969315472067
1474,0.5183862609067771
1475,0.36548446876118734
1476,0.486393092743886
1477,0.4093301647590504
1478,0.5021749901322133
1479,0.3535464080305048
1480,0.3594155362546846
1481,0.496574035271499
1482,0.4350860794597761
1483,0.3774228988547459
1484,0.4735494666503962
1485,0.3520768402494019
1486,0.4283093265113394
1487,0.44225269252453664
1488,0.26987631787963595
1489,0.38053767449689657
1490,0.4399495356094116
1491,0.39244085306736187
1492,0.3076633089785197
1493,0.3706448054921675
1494,0.4926976823430218
1495,0.2607619942289767
1496,0.5189892269894403
1497,0.4018238807340753
1498,0.4093440600850631
1499,0.21842206693402536
1500,0.3817902651084895
1501,0.4281214845517299
1502,0.466631227530914
1503,0.3447585937395896
1504,0.3497365493351852
1505,0.3474046621838056
1506,0.20065010972495712
1507,0.5173400246472329
1508,0.3414279023681704
1509,0.4544106400511416
1510,0.3146247764110587
1511,0.4330817886858534
1512,0.43623755103693096
1513,0.3101374892005191
1514,0.2220677530439028
1515,0.4186467188977761
1516,0.4527295325828484
1517,0.4166095766550947
1518,0.1999153524082627
1519,0.33216048288364475
1520,0.4841111270394807
1521,0.3038251579453425
1522,0.40490272013890416
1523,0.3861589108791272
1524,0.3934809911486896
1525,0.4747114036852644
1526,0.331434737782657
1527,0.34533877186016715
1528,0.4738579959874805
1529,0.467286047560514
1530,0.4366303167734465
1531,0.3075801849705064
1532,0.5366040361145429
1533,0.37612525908289396
1534,0.3427539069000821
1535,0.34165991269698404
1536,0.3914235354916053
1537,0.4224147051181527
1538,0.4557527203589742
1539,0.4920518895001225
1540,0.3087662088767151
1541,0.4436220411437291
1542,0.4068827188848352
1543,0.3798703837391325
1544,0.4160572679796348
1545,0.3305609011771343
1546,0.3910529983362192
1547,0.3824430137371124
1548,0.3585989954143289
1549,0.4424726930459261
1550,0.3083734145253757
1551,0.483881051680827
1552,0.4193897081246624
1553,0.414064835109954
1554,0.3740133691370129
1555,0.22257440080688864
1556,0.3979024381773308
1557,0.4528947607216752
1558,0.44733536207972296
1559,0.4758040960258065
1560,0.4776240192431666
1561,0.4500091057758299
1562,0.5202090746141489
1563,0.3468965759682303
1564,0.4781281408144433
1565,0.26616689911565744
1566,0.3494603556883823
1567,0.3724373215650633
1568,0.3237090534926456
1569,0.2899479037085208
1570,0.4467503576718529
1571,0.36558652718636653
1572,0.5537085781869618
1573,0.4209524446381376
1574,0.2426788938198796
1575,0.4071954937064287
1576,0.5753182257320409
1577,0.2880224673870602
1578,0.3269497260631126
1579,0.4657027025839693
1580,0.333015976311146
1581,0.4738262769247332
1582,0.4259330421492326
1583,0.4643712440277181
1584,0.4351035374765226
1585,0.4793722897206851
1586,0.2903245660858727
1587,0.27834733915776777
1588,0.3718084433457792
1589,0.5323351388832686
1590,0.35600392689051863
1591,0.2643438071011063
1592,0.5369458684051813
1593,0.3835991692715171
1594,0.44287263519626
1595,0.4353049435388337
1596,0.521632092822673
1597,0.5523866653930692
1598,0.3202132854258192
1599,0.3120317680608782
1600,0.4109477452823153
1601,0.3607950550190156
1602,0.2171062932712892
1603,0.3814811352338737
1604,0.41483610093655693
1605,0.4118182579118703
1606,0.3773061521040054
1607,0.3747210692329779
1608,0.3381166315282609
1609,0.5291262078962863
1610,0.5010241833837857
1611,0.33497194695492416
1612,0.4242039866058169
1613,0.4516046746883482
1614,0.33047546360743146
1615,0.4505308537491866
1616,0.33483389811437264
1617,0.4308667216053252
1618,0.4974614682501955
1619,0.5238030668703808
1620,0.22063401923905251
1621,0.3286209985124056
1622,0.4773575430304573
1623,0.33355821309042705
1624,0.35001430123064325
1625,0.3192015851231111
1626,0.3284454820135453
1627,0.4677320621701486
1628,0.2833088424808106
1629,0.2684110330797502
1630,0.3314087672359968
1631,0.2636721280642596
1632,0.4839529574999923
1633,0.4506537499662433
1634,0.2880268576794105
1635,0.3898315081221928
1636,0.23596443750891286
1637,0.2656528202762759
1638,0.3813584185127885
1639,0.24138317107478105
1640,0.3899631225164182
1641,0.3625484726358336
1642,0.32186267952015085
1643,0.3688728982846168
1644,0.5003789134881921
1645,0.4258987205538309
1646,0.5581113383319569
1647,0.3834268010379856
1648,0.3354434882394245
1649,0.2649754823602689
1650,0.3250183483069506
1651,0.3022606921629565
1652,0.40558701815034576
1653,0.48751239807155
1654,0.35496977272111485
1655,0.5172306444428524
1656,0.4264789402881633
1657,0.3765058952324469
1658,0.2843638920994209
1659,0.30346651963237586
1660,0.2596241286947868
1661,0.31556520290679674
1662,0.3341878220847939
1663,0.33128151062847844
1664,0.4775778052904202
1665,0.4250509592459327
1666,0.3212754216667527
1667,0.30063889367382857
1668,0.4884490609036918
1669,0.4394633473791443
1670,0.2988563411129178
1671,0.21555542035003905
1672,0.33756835733339297
1673,0.3519962878451053
1674,0.28714758261394513
1675,0.3552066904137949
1676,0.4743742184802969
1677,0.4722222115351837
1678,0.4881885308834934
1679,0.43701939296565706
1680,0.3851791053669776
1681,0.3373051932362206
1682,0.4667852565576378
1683,0.25883181713247
1684,0.3971199361442169
1685,0.2129455009210988
1686,0.4747412341407255
1687,0.3371074151880845
1688,0.2447221074493177
1689,0.3982876710654346
1690,0.2650792230430673
1691,0.2687296517717375
1692,0.2471915098998891
1693,0.28529702957632075
1694,0.3347578240168708
1695,0.35174389583658466
1696,0.2799980522082701
1697,0.3851223266236088
1698,0.4007898168629578
1699,0.4626778774167442
1700,0.4019740656012186
1701,0.5949618271063454
1702,0.33327078132804666
1703,0.3854748708501185
1704,0.3965566538381009
1705,0.39493174217303295
1706,0.574711266032396
1707,0.3941556982996721
1708,0.3848906312902656
1709,0.22532545278084976
1710,0.34818932129824265
1711,0.3408206102702958
1712,0.3562315648548137
1713,0.4051465236793825
1714,0.3994395959317876
1715,0.37134316446668814
1716,0.3457380618616628
1717,0.3637240892314341
1718,0.3927589425860421
1719,0.2465494906006057
1720,0.4387965363480632
1721,0.466193718032601
1722,0.3148585884783209
1723,0.25827279289326804
1724,0.2843583575618092
1725,0.32817040074952364
1726,0.28977737385119
1727,0.3534996467205441
1728,0.4041441772739002
1729,0.4299929863090629
1730,0.2735942167912306
1731,0.4800816075727118
1732,0.3363082822215657
1733,0.4199590462678021
1734,0.3737862721897185
1735,0.3611184506815631
1736,0.4507086713399266
1737,0.3556294682761069
1738,0.4078914791916997
1739,0.32887718468400456
1740,0.28136490424583505
1741,0.4306574164184791
1742,0.443194846833228
1743,0.4684031763383338
1744,0.3479904478706246
1745,0.3310622986575528
1746,0.3788596409698287
1747,0.458462537976881
1748,0.4137306509880708
1749,0.33821636353454504
1750,0.41298444962126896
1751,0.4425077929704383
1752,0.4371914950828151
1753,0.35188208143905625
1754,0.3375504544270861
1755,0.4440012223260209
1756,0.4273310566327759
1757,0.2751583330842821
1758,0.3128079502131866
1759,0.38456016419281946
1760,0.4142740913210915
1761,0.3276509088850224
1762,0.3544139477242376
1763,0.43554398890130425
1764,0.4012228390929662
1765,0.2908779076847963
1766,0.4027457696802868
1767,0.3511645695277115
1768,0.3213359528243979
1769,0.4129802371989096
1770,0.3448007994886664
1771,0.3915907728446472
1772,0.4481194596603871
1773,0.4319709113397812
1774,0.3232610781459242
1775,0.3386891658846907
1776,0.35260630474212273
1777,0.41158395594238
1778,0.463697088092731
1779,0.4384827246742108
1780,0.31169958512150026
1781,0.4712146332088298
1782,0.589807151280139
1783,0.3982298963148263
1784,0.3801796125173145
1785,0.4849962724183691
1786,0.4824043658643477
1787,0.5128499223292097
1788,0.26647949582697883
1789,0.5381721182960524
1790,0.5012241271844089
1791,0.3602079792325639
1792,0.2971958435663892
1793,0.25427557757298364
1794,0.40412900009248187
1795,0.4786465137080334
1796,0.3129988346196333
1797,0.34599351217698016
1798,0.4635687367602082
1799,0.2676895401452448
1800,0.4631760834885225
1801,0.5614889036667221
1802,0.3430386024866922
1803,0.33440090498906844
1804,0.311026422719077
1805,0.3266989977223979
1806,0.27559667804155874
1807,0.4675174861529629
1808,0.3079903656802417
1809,0.40481846939659216
1810,0.49704120591955797
1811,0.26119448928494393
1812,0.4734892766671357
1813,0.4669044674051386
1814,0.5070049950693178
1815,0.4215530575097976
1816,0.33099576423088795
1817,0.4304106066749737
1818,0.3724921155720975
1819,0.3321531245689507
1820,0.4013036469669953
1821,0.3890423314870156
1822,0.34988427252794163
1823,0.3920381412335099
1824,0.4918668900053453
1825,0.3367612293086611
1826,0.3097558039084877
1827,0.3853813293187007
1828,0.4092782390588179
1829,0.4462712633124379
1830,0.3658646072677304
1831,0.4495881017977983
1832,0.25905517256121946
1833,0.3277110989548662
1834,0.4037951760310014
1835,0.470085084489943
1836,0.2598218403745293
1837,0.40926783196934347
1838,0.3376646995932435
1839,0.5100272184638626
1840,0.31519061248557073
1841,0.3418583677415029
1842,0.3227461635254017
1843,0.3692997433863286
1844,0.4857247296450902
1845,0.30473622098502395
1846,0.4111293766156767
1847,0.4816599396058812
1848,0.3962386464201372
1849,0.36805318688346017
1850,0.3343828247427688
1851,0.3935905422518329
1852,0.3846885846946372
1853,0.33436049035800164
1854,0.3258571512016784
1855,0.33884236410526675
1856,0.4708146659899682
1857,0.4743507450994832
1858,0.36412770961596
1859,0.4982671850103073
1860,0.32111633698142283
1861,0.3992259800171133
1862,0.40542671823740456
1863,0.5582690677293415
1864,0.3950186737396248
1865,0.20874410879205935
1866,0.5165762414684795
1867,0.32328384833601986
1868,0.3264357081008901
1869,0.40248967355337106
1870,0.2988816040067131
1871,0.3972936489030796
1872,0.4066669366646298
1873,0.40781265094816616
1874,0.5131890195163747
1875,0.4820515790814522
1876,0.33467201016138504
1877,0.4359284649801766
1878,0.5660524098463544
1879,0.5154111595616451
1880,0.39299645665794775
1881,0.4751952960222424
1882,0.3152193261218834
1883,0.35873077526906033
1884,0.4091150474912712
1885,0.5171507908996346
1886,0.5294553732104722
1887,0.4505694242129178
1888,0.3115996150305585
1889,0.3888011901258899
1890,0.4393833370191674
1891,0.4926178499264864
1892,0.5174158590309179
1893,0.3272215651923908
1894,0.3403333433870405
1895,0.2970771247719814
1896,0.4770766810844448
1897,0.1923387982184251
1898,0.3846138512165252
1899,0.30323907097984404
1900,0.3728803966937421
1901,0.29340751155009165
1902,0.447324842766998
1903,0.4488029189945604
1904,0.3867199466229253
1905,0.4767682142912972
1906,0.3679132300527203
1907,0.3808914751654247
1908,0.4008584824436083
1909,0.5461937678191304
1910,0.3389829549138106
1911,0.4607253239605989
1912,0.43526174030835213
1913,0.5575165046613256
1914,0.3660523291373473
1915,0.30749069435773
1916,0.4137400084442088
1917,0.5102835795461894
1918,0.4676161661023618
1919,0.3895675776263721
1920,0.3792716002764358
1921,0.3688255662063841
1922,0.4427055935140941
1923,0.3654154589817632
1924,0.5601172650908255
1925,0.3682065243643653
1926,0.2806257144014971
1927,0.3319086290026775
1928,0.30326311379312704
1929,0.2317834488196302
1930,0.39053715693037416
1931,0.3597661098153812
1932,0.3660037918021131
1933,0.2890452500978369
1934,0.3999207289943811
1935,0.3876812902372957
1936,0.27122426021507284
1937,0.4008662692952638
1938,0.3581659358454117
1939,0.4176286435316447
1940,0.3862145798399294
1941,0.33134010233704003
1942,0.3004718356610153
1943,0.35068206540827884
1944,0.2929361289258941
1945,0.3384969016726635
1946,0.29096694102418186
1947,0.5198538949563452
1948,0.3537882281950519
1949,0.2803503096182838
1950,0.4520411536821654
1951,0.3373196769900021
1952,0.21832806867481586
1953,0.5200309386734168
1954,0.3509813364713197
1955,0.3698875179447548
1956,0.3749468346637984
1957,0.3286899565252681
1958,0.4903512432742067
1959,0.29808164613352783
1960,0.3856148044659693
1961,0.2642753498207005
1962,0.2479734840460115
1963,0.3272944654441785
1964,0.3658636349833924
1965,0.3198205954562068
1966,0.6526287473193627
1967,0.3469602400812482
1968,0.4348181566448823
1969,0.3200061166823536
1970,0.3073710974375869
1971,0.41654557180861257
1972,0.3043761694681563
1973,0.38967594497212105
1974,0.3795489772364262
1975,0.24587281354673374
1976,0.4708176842518017
1977,0.2875093902568483
1978,0.5187891671029471
1979,0.4050749679176002
1980,0.4209751186378021
1981,0.3148596592461898
1982,0.3321709714757591
1983,0.5339268146318904
1984,0.4905107435937755
1985,0.5739204219733809
1986,0.41239612014073546
1987,0.2608065040795058
1988,0.3844562105564215
1989,0.262821732679048
1990,0.2701248928836266
1991,0.4348053020601096
1992,0.4772038185696349
1993,0.3652093997906608
1994,0.5323572430049428
1995,0.4175781696750415
1996,0.36336030847713663
1997,0.3452274369488289
1998,0.3955250559651347
1999,0.4075297515005791
