,value_per_image
0,-272.31262756903925
1,-75.67927257058909
2,-139.2604910262453
3,-527.4282553847879
4,-866.7543620057404
5,-366.39204279892147
6,-15.133790776213573
7,-195.84575701598078
8,-198.50021838350222
9,-1787.64271402359
10,-434.54370525851846
11,-1153.3650504350662
12,-13.787191033534327
13,-0.055254477795187995
14,-356.9506195294816
15,-40.333604199870024
16,-296.79116175323725
17,-70.01466342278582
18,-144.52188632282196
19,-48.13852897565812
20,-132.6189458987501
21,-0.5001857909088017
22,-27.14787275713752
23,-184.86146782431751
24,-594.8715405892581
25,-699.7876599095762
26,-1780.547214627266
27,-2.7808948358236876
28,-1754.3357882797718
29,-643.8662612810731
30,-202.19195737410337
31,-913.2194461300969
32,-11.8189677457558
33,-364.3994917999953
34,-1372.8766859769821
35,-34.68520649475977
36,-99.99931109510362
37,-39.48769144317339
38,-1166.3151441216469
39,-327.7595473481342
40,-31.891888019628823
41,-853.1552327461541
42,-422.6334309037775
43,-0.5274917128954257
44,-1083.1061588078737
45,-71.46797494054772
46,-0.14772010063370544
47,-185.51013995613903
48,-143.50562736333814
49,-273.67396451940294
50,-385.6512918751687
51,-26.402783816985902
52,-229.09759759852477
53,-57.38572611949178
54,-885.777332752943
55,-18.43993869754712
56,-283.7077613542788
57,-195.19388280372368
58,-50.315641214940115
59,-3.1240000624056847
60,-1657.4578575193882
61,-458.2135739987716
62,-343.641765660228
63,-1127.0382224917412
64,-44.23057589773089
65,-699.3091963082552
66,-1311.1358637958765
67,-868.5919657554477
68,-1323.384733647108
69,-2.347637225953804
70,-670.885256305337
71,-137.74278362488258
72,-381.9912375025451
73,-12.915549643671511
74,-1563.0829800367355
75,-468.05382774589816
76,-135.2486711685542
77,-1049.5754922181368
78,-905.8599338233471
79,-1273.870136499405
80,-31.057390605410546
81,-17.810900867916644
82,-648.9891937831417
83,-1247.2059261202812
84,-1642.0353153944016
85,-91.87630862393416
86,-255.09076571569312
87,-56.203221861156635
88,-473.40552897236194
89,-622.9633724838495
90,-30.15924547823306
91,-530.6536623478751
92,-189.87432862759397
93,-170.7442337597604
94,-660.8621668294072
95,-1763.0612459480762
96,-815.788584202528
97,-417.0723993713036
98,-0.5805527261209136
99,-67.93034477929905
100,-12.965107146246737
101,-55.46895997957108
102,-59.87647665233817
103,-555.3804127918556
104,-3.166863467435178
105,-41.2486330709653
106,-25.236684894765858
107,-102.71991604322102
108,-202.0964541179128
109,-1780.122267484665
110,-739.7978958338499
111,-1177.988653421402
112,-128.1011899053119
113,-291.3422175422311
114,-20.9079562156694
115,-77.64287667023018
116,-282.0340244830586
117,-263.076336201746
118,-979.1933460533619
119,-115.79511758725857
120,-98.86921849390933
121,-1594.3595974445343
122,-953.2495386675
123,-1.892809370892337
124,-334.48497371643316
125,-1242.7593136765063
126,-1439.3414604067802
127,-0.11711592767369439
128,-5.413228186327615
129,-35.59198648692109
130,-259.3233393654227
131,-1287.0757300704718
132,-288.96863643755205
133,-425.31705600442365
134,-103.63912855245053
135,-1480.2673590481281
136,-3.584449742556899
137,-212.57517236471176
138,-1727.7997379601002
139,-75.010455795491
140,-172.81841359418468
141,-78.30145233931398
142,-75.93273453498477
143,-1.4987951180009986
144,-162.22291996190324
145,-432.66548147797585
146,-1469.6050434708595
147,-156.2765841963701
148,-22.124659162247553
149,-1776.7238343954086
150,-1704.4053926467896
151,-808.311564926058
152,-5.8219271058478625
153,-142.41186868159275
154,-925.4345136657357
155,-137.10759094171226
156,-850.0744292736053
157,-3.03463139932137
158,-1082.5414482550696
159,-1604.9481965601444
160,-296.4371400787495
161,-17.099326539464528
162,-134.81139984517358
163,-24.477963679499226
164,-0.01207035023901426
165,-411.3798445286229
166,-1707.3660658597946
167,-1769.7611519992352
168,-240.67002343502827
169,-6.456067849203464
170,-972.7022408246994
171,-215.83135277969996
172,-1093.836512759328
173,-26.13796968038696
174,-180.8848647174891
175,-13.671739566896576
176,-15.238971027545631
177,-980.8138367831707
178,-414.92861160077155
179,-2.438781868597289
180,-893.8828653451055
181,-201.18938016146421
182,-1032.1424197405577
183,-216.3100961667078
184,-203.02869301708415
185,-304.6507543306798
186,-586.8618969991803
187,-626.540402861312
188,-33.20361896863392
189,-2.2687154176965123
190,-140.1101902257651
191,-3.964222312089987
192,-31.99239990409842
193,-8.998152290374492
194,-820.2928094267845
195,-202.97892933609546
196,-42.780337278105435
197,-402.317997609498
198,-12.099578573275721
199,-6.027902690504561
200,-153.62536580488086
201,-119.85315812239423
202,-59.484154525212944
203,-404.6341649652459
204,-573.0699782581069
205,-564.917763499514
206,-154.21639831922948
207,-80.01870885572862
208,-33.701048554619774
209,-1727.219393670559
210,-2.347860486063837
211,-527.1030714577064
212,-1790.78445443511
213,-661.5263306256384
214,-810.2213930338621
215,-264.7245308540587
216,-0.6234235716638068
217,-1725.847336769104
218,-248.29140099324286
219,-0.040836165860582696
220,-92.67863936800495
221,-1127.9831442981958
222,-12.692518155934522
223,-170.36304268865206
224,-7.205571873055305
225,-1376.658379226923
226,-950.2022143527865
227,-750.4829163700342
228,-9.872254287863143
229,-1790.5156065821648
230,-1.7115770541640813
231,-0.42400080067147883
232,-1014.0847562626004
233,-1042.248741876334
234,-9.913108589395506
235,-67.15584003308322
236,-1672.2331494688988
237,-566.7826964482665
238,-46.10568219225388
239,-1602.9709309339523
240,-1081.3542778789997
241,-203.43891959637403
242,-13.993259739974746
243,-1.8192808314656759
244,-275.2746580801904
245,-96.34755546926681
246,-54.39123602991458
247,-417.7058019116521
248,-1790.9996962547302
249,-47.702542562037706
250,-1159.7368671298027
251,-890.2442104369402
252,-550.5789409354329
253,-1149.9537566006184
254,-1124.135680012405
255,-327.76070772571256
256,-9.835608856497856
257,-21.259193122386932
258,-846.2989594228566
259,-693.5826989337802
260,-19.121892442461103
261,-3.4138686557344045
262,-625.2834262177348
263,-37.58645548667846
264,-88.3945054304786
265,-1159.3092002235353
266,-1760.691704571247
267,-38.685953489854
268,-36.25916052260436
269,-20.353046617208747
270,-473.16427063941956
271,-184.80527227443235
272,-107.07439742970746
273,-14.91503536071832
274,-116.3477503079921
275,-34.241567763412604
276,-44.607057057204656
277,-1014.1751858219504
278,-749.885827338323
279,-214.84590949025005
280,-719.8768552967813
281,-5.553806294290553
282,-332.153904892577
283,-424.27581192273647
284,-710.1757924854755
285,-823.8973592892289
286,-257.92487616231665
287,-1396.0686731636524
288,-87.13008341472596
289,-0.0072102073913526965
290,-1.1241228548335584
291,-0.879670246140904
292,-106.49219986019307
293,-29.012983916560188
294,-479.6913554407656
295,-0.7858286718510499
296,-31.564396110363305
297,-6.478861346361555
298,-864.3528506509174
299,-1142.4933341369033
300,-1522.2131645679474
301,-236.53480914386455
302,-23.243845670850078
303,-25.15314599872181
304,-1308.5707307210541
305,-1475.1749013066292
306,-748.9134206660092
307,-895.5292743593454
308,-144.74809546574397
309,-111.80669750998618
310,-37.99401363161087
311,-10.30492199328728
312,-239.03690087562427
313,-1.3930690194047202
314,-28.581693692714907
315,-1.9691581792330908
316,-94.0383873959072
317,-221.3385324785486
318,-0.9370346913519825
319,-4.1303863383755015
320,-401.2464271923527
321,-64.15043791601784
322,-942.5122408084571
323,-898.6233831420541
324,-186.23313195840456
325,-463.7145081507042
326,-1272.944560945034
327,-101.26587321888655
328,-384.7378172080498
329,-399.52390402083984
330,-1176.1465503275394
331,-1028.6901449486613
332,-410.94305787520716
333,-68.51930418005213
334,-1161.8724113665521
335,-315.96461654570885
336,-372.4017950017005
337,-218.21402160287835
338,-156.172052260692
339,-212.94708451718907
340,-16.57027301308699
341,-520.6433217935264
342,-2.628468388192914
343,-61.353754881885834
344,-5.610720105236396
345,-36.61540298030013
346,-256.3679446762544
347,-341.0971383182332
348,-729.573490396142
349,-1326.8218325674534
350,-99.29350281751249
351,-1063.4109143353999
352,-1618.8323234021664
353,-31.0380426091142
354,-747.3559582345188
355,-1050.2524001151323
356,-1601.6871555447578
357,-948.8824643073604
358,-1445.851025218144
359,-54.951305743466946
360,-2.4878267309591138
361,-777.679816685617
362,-1.1000667748667183
363,-3.661052008796105
364,-396.0138815352693
365,-676.5687557682395
366,-1244.1432788968086
367,-176.67706538341008
368,-413.61039852770045
369,-480.0348535158678
370,-713.0425791740417
371,-840.4583160206676
372,-3.062179350341694
373,-58.162779395643156
374,-328.78171048359945
375,-509.5818291902542
376,-1002.9269515285268
377,-466.0068131936714
378,-1301.3980885893106
379,-546.9628027707804
380,-27.222133131421288
381,-1.3199136194743915
382,-9.997773480463366
383,-347.0823138114065
384,-45.027670570416376
385,-68.31704964540495
386,-1.5234231912909308
387,-1770.1100207269192
388,-87.66234682733193
389,-1.7294938465347514
390,-610.6745297890157
391,-57.72177433012985
392,-2.6291440667737334
393,-386.3974493470505
394,-94.16172011785329
395,-1779.8327598273754
396,-101.67592717846856
397,-521.2743101343513
398,-1198.9891619086266
399,-177.46046335040592
400,-894.5602444023825
401,-31.387037667489494
402,-535.3269417583942
403,-1315.929941892624
404,-73.62516148754366
405,-29.841493944521062
406,-1705.364888370037
407,-194.86910281109158
408,-1692.6742140352726
409,-54.725697180168936
410,-421.783336043125
411,-930.9633381217718
412,-152.42813649945674
413,-0.04471479647952492
414,-41.33941061401856
415,-337.7459492124617
416,-287.11808017949807
417,-4.80699545902462
418,-501.23384445824195
419,-521.359356442932
420,-87.97625169382081
421,-308.7416589008644
422,-157.04514810309047
423,-1356.8209442198277
424,-212.4467942090705
425,-198.96932335896417
426,-163.19109378066787
427,-451.4317281729309
428,-40.85470629786141
429,-1.557218043715693
430,-215.88050023140386
431,-645.5917177125812
432,-136.38293865829473
433,-122.0182741235476
434,-1467.1330946981907
435,-1748.3397617340088
436,-1116.7514149993658
437,-397.4585795831226
438,-169.16787526011467
439,-262.7610902097076
440,-510.2741416343488
441,-252.71837021730607
442,-875.7063972204924
443,-79.72819298244121
444,-208.10026906232815
445,-260.2617750884965
446,-1786.3252622187138
447,-27.692751812224742
448,-607.1313675051206
449,-120.84789883851772
450,-717.974214060232
451,-333.2628265991807
452,-66.14170304207073
453,-1637.8967763781548
454,-53.871541211847216
455,-2.409690722624873
456,-78.8937285700813
457,-19.886210427601327
458,-162.20574808762467
459,-908.7230587676167
460,-68.58302808739245
461,-543.8922244678251
462,-351.4729880742743
463,-208.27409111708403
464,-310.58230664231814
465,-763.3081606775522
466,-249.07640671357512
467,-318.9161472141277
468,-959.7677634116262
469,-261.56205099943327
470,-402.7115073092282
471,-1209.9108801558614
472,-1423.842258632183
473,-0.1816683483932593
474,-2.193914051527827
475,-569.2158976588398
476,-1440.71274843812
477,-1002.3720819577575
478,-926.6112900882727
479,-1047.5186037868261
480,-1399.7180310636759
481,-32.075711824552855
482,-370.0623914713706
483,-112.55042057391256
484,-44.39917230716674
485,-215.64817445346307
486,-454.9772145762108
487,-9.152559668103095
488,-41.72747777454788
489,-4.087302391446428
490,-132.2535107259755
491,-21.49581097104965
492,-129.0983894340461
493,-1.504724493316644
494,-786.0825896710157
495,-738.7145056300797
496,-1435.3163475692272
497,-1690.6152287721634
498,-51.024121246703885
499,-1356.3431911468506
500,-42.48756247381243
501,-387.74938160646707
502,-150.57621890993323
503,-20.21287753996512
504,-19.06345688831061
505,-1684.9730032980442
506,-0.572899648506791
507,-633.1203508032486
508,-170.6632401398383
509,-171.60686550941318
510,-36.01131887397787
511,-361.2060948832659
512,-193.17838713337187
513,-1426.795733973384
514,-91.12073685997166
515,-103.16856081731385
516,-1150.6416448652744
517,-1617.9868849515915
518,-890.1382771134377
519,-748.3445747029036
520,-67.58137002284639
521,-42.71153244868037
522,-12.540810794271977
523,-467.75184192461893
524,-684.7193762753159
525,-591.1417575408705
526,-44.58649403758682
527,-57.46488774622412
528,-1714.2605247497559
529,-0.9820193311188632
530,-144.12211325810495
531,-1395.3328902423382
532,-1402.1130462437868
533,-959.6445097196847
534,-861.462605856359
535,-394.83160536549985
536,-1751.614580988884
537,-296.61702429876095
538,-187.35962494305568
539,-596.7293015816249
540,-44.87909869102805
541,-3.3998897692217724
542,-178.12457487580832
543,-0.5089228851320513
544,-1513.2506380081177
545,-1768.8541579842567
546,-924.2383193820715
547,-3.1304962146377875
548,-1738.0699299275875
549,-399.36351294477936
550,-399.4158409740776
551,-0.21222278255783067
552,-597.2107286900282
553,-1688.3409512639046
554,-30.517360908379487
555,-953.3794430308044
556,-10.34679553557362
557,-0.1287152633933033
558,-16.682844198541716
559,-2.9132626094469742
560,-152.90843504326767
561,-64.14815353119047
562,-1157.857428056188
563,-1497.4155189581215
564,-667.0195890814066
565,-1222.9618557989597
566,-1370.8368444740772
567,-652.8634949699044
568,-18.411013076562085
569,-93.6482859695534
570,-5.481090001529083
571,-1772.4923253655434
572,-0.7068954383630626
573,-191.73601035343017
574,-593.8524709204212
575,-1415.1800355017185
576,-1674.9999316036701
577,-1073.2811671495438
578,-595.6027627103031
579,-50.893746894435026
580,-16.803988410538295
581,-149.40419429476606
582,-493.93063608789816
583,-408.84596885181963
584,-92.21839084422754
585,-192.383758995682
586,-569.6746631152928
587,-1779.892700523138
588,-206.44117751397425
589,-272.05936424812535
590,-155.59828411479248
591,-440.26747097447515
592,-1118.7751505076885
593,-5.452538431447465
594,-1642.0331241190434
595,-16.172297789686127
596,-1762.9581679403782
597,-589.2353262156248
598,-0.07650079880795602
599,-9.499712964388891
600,-508.9803764782846
601,-1634.900376021862
602,-104.80744548193888
603,-560.4421066262294
604,-32.207697473721964
605,-0.03533868342702817
606,-180.1372692110017
607,-746.8815339691937
608,-1762.5011433959007
609,-440.7883467376232
610,-20.597968964866595
611,-1232.4516834169626
612,-0.587195938325749
613,-24.649284857267048
614,-427.51269054901786
615,-1754.1236344277859
616,-1790.1395676732063
617,-833.6634038928896
618,-13.175646980060264
619,-556.1922463881783
620,-2.9090393946380573
621,-145.79968718318742
622,-131.33974355913233
623,-761.6498377248645
624,-441.45868284464814
625,-82.50520418921224
626,-120.97718539461493
627,-358.51564423087984
628,-53.75642386931577
629,-583.1647883467376
630,-431.56879856064916
631,-1333.7006703317165
632,-24.59523685424938
633,-326.77395975939
634,-1729.5529625415802
635,-1664.7997245192528
636,-501.78612668137066
637,-25.89269688667264
638,-433.2393226996064
639,-1141.0839636325836
640,-236.85059899525368
641,-0.06716933910274747
642,-572.7302566273138
643,-126.69879650359508
644,-541.3504796400666
645,-1365.6734703183174
646,-3.7599080015934305
647,-101.99225629586726
648,-429.3555570486933
649,-119.09633912392337
650,-144.24589652009308
651,-201.2923674909398
652,-34.15309220967174
653,-0.4032205108828961
654,-26.609586884165765
655,-0.9960354137838294
656,-979.4008092433214
657,-15.948868328276149
658,-30.67463349483296
659,-50.36976834879374
660,-1335.3255080580711
661,-161.86948878865223
662,-55.398443543141184
663,-0.32201204126715766
664,-1.1474901335641334
665,-1031.8635830283165
666,-0.7307612555496235
667,-1532.3587938547134
668,-82.44000795390457
669,-62.308145760791376
670,-63.20390255321399
671,-238.83555857511237
672,-270.7112194960937
673,-77.37156992834207
674,-293.20738528016955
675,-38.80179035375477
676,-171.55247140303254
677,-967.9559078812599
678,-409.015438798815
679,-554.1346624062862
680,-517.5066395355389
681,-662.5219222232699
682,-223.67153874668293
683,-57.60221494873986
684,-0.9300721158940632
685,-550.8227441636845
686,-323.0283750106464
687,-114.24950057390379
688,-8.132315807983105
689,-1587.4978930950165
690,-599.3514997027814
691,-805.1668501496315
692,-220.09844980901107
693,-210.12791093702435
694,-543.1729600727558
695,-1116.5828577578068
696,-9.691546846841902
697,-12.555280805856455
698,-151.3086219908073
699,-29.55844338379393
700,-0.01952577336086847
701,-15.756769975885618
702,-1468.689880296588
703,-8.414013353862174
704,-96.22456056508236
705,-728.0386343821883
706,-213.6898643487948
707,-220.6292153479735
708,-95.12754497863352
709,-968.5850547580048
710,-2.319249329972081
711,-107.12710112519562
712,-228.44367765961215
713,-1577.1956894993782
714,-925.707207903266
715,-1650.509465277195
716,-1732.417652130127
717,-1667.868058025837
718,-4.298787556806076
719,-14.654960208085413
720,-990.5763009563088
721,-257.6299340018304
722,-34.326792650914285
723,-5.896424348815344
724,-7.471285540549957
725,-1443.3950181007385
726,-123.64709659293294
727,-1786.7686498463154
728,-1132.5875864587724
729,-230.9029375081882
730,-89.6564191232901
731,-955.6093032676727
732,-1404.2222253382206
733,-433.23929435480386
734,-579.3690418228507
735,-699.7942398265004
736,-1.3344837592740078
737,-581.1240779930959
738,-1266.457411840558
739,-82.01773102604784
740,-2.334737107298679
741,-0.9484189800095919
742,-376.46256188795087
743,-902.6762801110744
744,-1298.4937583208084
745,-760.7294847927988
746,-75.16183868809276
747,-660.6001551966183
748,-1682.7285492122173
749,-171.6026771190227
750,-82.97403185343137
751,-158.68549139448442
752,-428.63182777538896
753,-72.65417369379429
754,-622.4453877471387
755,-34.46590864403788
756,-82.01812698589492
757,-11.704494557012367
758,-0.13520527408581984
759,-15.139571553535006
760,-439.784262983012
761,-31.56563740556885
762,-1317.8694135546684
763,-7.636997711728327
764,-1700.1545242965221
765,-303.5652124620974
766,-67.44172002078994
767,-576.7904273755848
768,-482.2856924534717
769,-120.58205451443791
770,-3.473773721809266
771,-324.5565693238168
772,-77.76978074002545
773,-622.9563864190131
774,-193.2450119338464
775,-705.0570223778486
776,-1734.76615396142
777,-1445.5799127843347
778,-264.4348674911307
779,-320.87299455795437
780,-885.0901390612125
781,-1741.844420939684
782,-157.133559652837
783,-106.13660014979541
784,-344.54339581821114
785,-5.49740042067981
786,-970.1360956281424
787,-658.5347781144083
788,-3.412468767921382
789,-699.5628786265152
790,-1212.028250105679
791,-983.349012568593
792,-784.6239548996091
793,-114.55266631767154
794,-210.73280405811965
795,-186.86599112441763
796,-3.996073175469064
797,-4.621355992931058
798,-348.63756971620023
799,-236.5654689304397
800,-5.759311971691204
801,-502.6409614291042
802,-1721.321979701519
803,-44.1084051837679
804,-388.0483876094222
805,-15.747182171043846
806,-1615.5920979380608
807,-100.60995895526139
808,-1752.9348961114883
809,-548.3422795138322
810,-14.93547602952458
811,-182.25851950689685
812,-55.67475430108607
813,-236.7363740503788
814,-762.4884728584439
815,-5.645587915350916
816,-4.128284973441623
817,-108.7491783089572
818,-714.259533636272
819,-890.3550224006176
820,-1203.332078449428
821,-10.582175791038026
822,-694.7242082519806
823,-524.543856726028
824,-245.88732148334384
825,-1711.1593334376812
826,-316.1810148843797
827,-775.0825596749783
828,-6.106721994685358
829,-65.28685218673127
830,-249.48667099606246
831,-284.0928877647966
832,-26.890699524898082
833,-1085.8442103639245
834,-0.6883887573599168
835,-157.775975490571
836,-57.07670695288107
837,-1368.4783543944359
838,-389.80012198135955
839,-3.936617365503821
840,-846.6434236392379
841,-1777.152586966753
842,-1490.9575499892235
843,-1757.2239231467247
844,-59.510681468993425
845,-43.670379584789885
846,-44.7166470711818
847,-231.81088016554713
848,-0.8011487457060866
849,-8.499663181210053
850,-1718.7364192306995
851,-0.5157085496668401
852,-59.51096887298627
853,-1022.2213871991262
854,-1393.8397704064846
855,-60.187196561833844
856,-371.28497980799875
857,-9.223404329357436
858,-31.48760463652434
859,-6.908350069956214
860,-132.2222957937047
861,-1759.108203202486
862,-943.0505083501339
863,-2.901878871115514
864,-35.105469666057616
865,-1611.6432864367962
866,-987.7432484030724
867,-25.47424425011559
868,-878.405287636444
869,-190.5733619631792
870,-2.319155820618903
871,-438.1694351332899
872,-1523.213209450245
873,-36.9502787680467
874,-0.014524082952561912
875,-47.61933394696098
876,-11.949228311394108
877,-9.43027624086244
878,-1357.5959475934505
879,-1.977842292340938
880,-7.4854009197943014
881,-985.260667681694
882,-1551.4151620864868
883,-140.93702113814652
884,-134.79920092673274
885,-212.31330577097833
886,-3.63141905129487
887,-3.727391681566587
888,-686.136736638844
889,-587.0134230032563
890,-11.855055209402053
891,-301.4784437660128
892,-0.14921528712966392
893,-141.19764003437012
894,-377.84894385840744
895,-8.247589418242569
896,-2.224355288388324
897,-454.8435080260788
898,-0.17979234514223208
899,-395.5311574572697
900,-210.67279023304582
901,-62.741417149984045
902,-95.31396923720604
903,-523.1689904667437
904,-471.55837977066403
905,-30.505252349743387
906,-3.1031842709198827
907,-1584.5843535661697
908,-231.6995924692601
909,-21.223289491506875
910,-0.7916818136436632
911,-4.0604730090126395
912,-0.09567845915512407
913,-191.30532078817487
914,-1035.7459005862474
915,-284.083729618229
916,-34.834846674697474
917,-1.455392176136229
918,-846.5535408575088
919,-52.38387657482963
920,-332.1525537762791
921,-1350.1696277447045
922,-143.18350522650871
923,-385.49445346446737
924,-612.2324696239084
925,-19.52813678388884
926,-879.2389273643494
927,-203.57439689931925
928,-1677.4567722082138
929,-109.11490009940462
930,-56.09409196069464
931,-69.35610126145184
932,-148.70985475962516
933,-341.11622248105414
934,-805.3260213455651
935,-211.6365415013861
936,-1445.1628240942955
937,-9.324957362630812
938,-851.0864365249872
939,-66.86250763269345
940,-11.718961237304029
941,-6.224826153050344
942,-31.93190030335427
943,-394.72861900448333
944,-260.01867884770036
945,-101.21080605266616
946,-0.9224736161195324
947,-148.41623694077134
948,-1708.666883289814
949,-58.7240355265094
950,-0.08593667095510682
951,-7.389885469165165
952,-8.969388339668512
953,-463.58207140586455
954,-144.13732942193747
955,-16.466953028424996
956,-1697.88601757586
957,-1543.7048180401325
958,-94.55281584034674
959,-785.2095868736506
960,-151.21676972984278
961,-464.69034975976683
962,-678.8724512923509
963,-28.649644063058076
964,-596.0417728535831
965,-696.2796466532163
966,-1716.5831645727158
967,-0.19244017075925512
968,-0.8650615592500799
969,-789.2896102145314
970,-381.8225616980344
971,-1126.8052092045546
972,-684.8600156791508
973,-398.92564208060503
974,-6.272716155741364
975,-644.6969054415822
976,-61.53138807800133
977,-0.20959823860266624
978,-251.46637421204287
979,-856.8538829609752
980,-1755.0998855233192
981,-1595.8178152143955
982,-589.0563322361559
983,-467.36421164125204
984,-23.869802840345073
985,-97.60709165174558
986,-1020.8370902091265
987,-280.6093327385461
988,-2.4833071653192746
989,-124.19689671462402
990,-40.16069873712786
991,-362.7024834223557
992,-83.75869203591719
993,-62.03399802934291
994,-51.805048977505066
995,-45.90266792634793
996,-595.9442086387426
997,-166.5034876614809
998,-196.62242817545211
999,-745.0164639279246
1000,-451.86987440125085
1001,-1418.192272497341
1002,-281.4658924365831
1003,-1.1781109458443098
1004,-0.41200897991802776
1005,-14.698314805020345
1006,-12.756417506199796
1007,-1614.5257088653743
1008,-1691.3254125118256
1009,-1740.6866264343262
1010,-1784.7626238167286
1011,-1455.9870904386044
1012,-494.16978531330824
1013,-211.2504311800003
1014,-100.54657550668344
1015,-146.75137749500573
1016,-80.77699674293399
1017,-46.99726545345038
1018,-744.7056245654821
1019,-1460.8830251209438
1020,-3.7822777525143465
1021,-38.38111743401714
1022,-1673.8078356683254
1023,-524.9629322364926
1024,-167.42948194599194
1025,-1335.2561702132225
1026,-3.621221949758308
1027,-0.7466964344566804
1028,-520.9882535981014
1029,-38.83101919610817
1030,-470.55057809501886
1031,-456.53178766788915
1032,-1626.5750941336155
1033,-1761.1488464772701
1034,-338.9069799594581
1035,-1368.0017528831959
1036,-5.256687910514302
1037,-1476.3361872434616
1038,-49.764017623034306
1039,-3.2104105198604884
1040,-8.686613037682037
1041,-529.0875635119737
1042,-268.9228021726012
1043,-296.2770299637632
1044,-434.681686129421
1045,-1584.7284503281116
1046,-10.526723112652235
1047,-389.9317761361599
1048,-90.78793467357173
1049,-23.158548204712133
1050,-531.7271585576236
1051,-10.988096573244547
1052,-1767.1119836568832
1053,-1790.2885578870773
1054,-45.13030786195304
1055,-175.02273853495717
1056,-10.670192537152616
1057,-840.2763399779797
1058,-7.690824992540001
1059,-529.9334547314793
1060,-459.14495025761425
1061,-352.9531420171261
1062,-1.6494652552719344
1063,-105.19207280525006
1064,-153.6722710109898
1065,-771.2733119353652
1066,-421.1526274783537
1067,-423.9877627239912
1068,-910.3690111190081
1069,-7.103682396904333
1070,-164.67396335190278
1071,-321.9451834252104
1072,-26.340045771445148
1073,-1715.5574516952038
1074,-327.39349892233804
1075,-21.888111004256643
1076,-10.784289555283976
1077,-490.14991704467684
1078,-1713.322364360094
1079,-158.00364948646165
1080,-407.29960943269543
1081,-0.2562139728512989
1082,-254.80229759588838
1083,-15.665993945354785
1084,-10.925848119324655
1085,-29.636073472021963
1086,-127.1843259236266
1087,-284.89022620022297
1088,-216.13208048255183
1089,-653.6893681585789
1090,-11.839186631892517
1091,-1034.6897045820951
1092,-127.13498319406153
1093,-37.05980934505351
1094,-1229.4389330595732
1095,-386.49251727052615
1096,-10.22132080735173
1097,-135.07742008718196
1098,-67.13827493460849
1099,-1709.9599749445915
1100,-506.38857389986515
1101,-209.04152561903902
1102,-1624.12682852149
1103,-389.0463155314792
1104,-0.11084921042947826
1105,-92.58981984505954
1106,-290.6222205152735
1107,-920.6109143793583
1108,-49.409078642434906
1109,-560.4453606023453
1110,-692.8808667324483
1111,-167.96064274571836
1112,-49.64196520415135
1113,-126.21411018609069
1114,-90.71077703114133
1115,-145.69063621922396
1116,-519.1786168222316
1117,-278.0206506596878
1118,-4.382743202862912
1119,-237.832905333579
1120,-410.6094382344745
1121,-0.055508488350824337
1122,-18.852336156982346
1123,-5.391492737457156
1124,-1374.5255210995674
1125,-1463.347688615322
1126,-964.3139780573547
1127,-169.01617318572244
1128,-1454.6974343657494
1129,-18.35016349761281
1130,-210.88787130594574
1131,-535.390852795972
1132,-54.38326272537233
1133,-253.04600753914565
1134,-260.26790483808145
1135,-1630.5289995670319
1136,-6.436460357681426
1137,-3.722450068598846
1138,-10.610105790136004
1139,-2.718906514889568
1140,-1.6905629601606051
1141,-564.4335091526154
1142,-1161.2957704141736
1143,-56.02072369848611
1144,-583.3328064419329
1145,-56.65074139247008
1146,-492.2350172866136
1147,-123.82627724124893
1148,-21.338115102014854
1149,-1.4221095474478815
1150,-17.17294437740202
1151,-322.1115501512395
1152,-105.93482655379921
1153,-50.18471962446347
1154,-1635.6785538196564
1155,-122.68225676534348
1156,-46.900268264929764
1157,-536.7351905153482
1158,-270.13128443807364
1159,-0.2193508354317828
1160,-16.885054770173156
1161,-12.344957777197124
1162,-23.86998936492091
1163,-790.8605128154159
1164,-2.766648449614877
1165,-189.8122854651665
1166,-504.10535775963217
1167,-1336.5587137639523
1168,-807.7975267991424
1169,-9.25078183945152
1170,-158.89372065939824
1171,-88.03301511285827
1172,-1123.0559992790222
1173,-15.462399268464651
1174,-907.7467410033569
1175,-223.93742576939985
1176,-18.703738396463848
1177,-474.01207528077066
1178,-254.99700741052402
1179,-3.8050949186645084
1180,-889.5081759989262
1181,-944.5801925808191
1182,-706.3802093192935
1183,-452.04522627344704
1184,-124.92264637557673
1185,-995.969701230526
1186,-831.1044109463692
1187,-315.43195958441356
1188,-1734.441498219967
1189,-256.8949447553605
1190,-26.940096602018457
1191,-435.6024603880942
1192,-165.9926581499749
1193,-239.01848174835686
1194,-128.72055919869672
1195,-0.11559146862782654
1196,-1706.5152030289173
1197,-1.0849238775117556
1198,-8.570400854852778
1199,-1034.5775010689977
1200,-24.992271981209342
1201,-14.602052297399496
1202,-664.1327113211155
1203,-983.9569567330182
1204,-1309.5549051314592
1205,-469.9561287499964
1206,-1478.93779617548
1207,-1097.6026445627213
1208,-1667.5071814060211
1209,-69.68403139620204
1210,-8.912486774497665
1211,-608.6491335853934
1212,-1714.766117066145
1213,-30.165231796447188
1214,-14.205383309274112
1215,-205.950494684952
1216,-0.28075233643676256
1217,-1.5304578939676503
1218,-1015.8777268836275
1219,-503.7277101557702
1220,-325.79673071205616
1221,-63.478843208025864
1222,-56.042574044698995
1223,-17.258554215550248
1224,-1773.0194894373417
1225,-195.0569976568222
1226,-166.00702191144228
1227,-8.663815903077165
1228,-383.3925302773714
1229,-0.5056498823814763
1230,-155.2766253100708
1231,-29.85457730712369
1232,-56.033246838487685
1233,-377.5337016582489
1234,-76.6892479199305
1235,-1788.7570713162422
1236,-140.80008881934918
1237,-451.1518487073481
1238,-297.5832804478705
1239,-1771.850868821144
1240,-580.105317578651
1241,-686.7606012374163
1242,-16.174316140823066
1243,-572.2688730677255
1244,-112.61773182405159
1245,-1214.0013886019588
1246,-50.82414996367879
1247,-221.8129872071222
1248,-909.3812068814877
1249,-1180.575441479683
1250,-1561.2044747173786
1251,-0.022233557665714443
1252,-22.146903434546402
1253,-90.08221966255223
1254,-1787.0939871370792
1255,-168.73346968973055
1256,-22.746608277666382
1257,-296.67793599516153
1258,-367.59197975858115
1259,-483.16730719059706
1260,-712.7030076384544
1261,-6.205184233112959
1262,-1.7244121421281307
1263,-497.2443299628794
1264,-61.70717978943139
1265,-305.6322801709175
1266,-629.5494349980727
1267,-156.55891109554796
1268,-2.8276726893382147
1269,-258.373103943587
1270,-198.72927519626683
1271,-298.653250023257
1272,-864.407465569675
1273,-30.9522663144744
1274,-1304.1029943227768
1275,-192.13636555241646
1276,-92.14405556444444
1277,-1632.6393022835255
1278,-704.7380317035131
1279,-10.545697532172198
1280,-9.114616837598078
1281,-47.82279409421608
1282,-375.8699721111916
1283,-1425.7903152406216
1284,-25.4010509197833
1285,-562.559135787189
1286,-138.98679081528098
1287,-1.283840903895907
1288,-95.86796348448843
1289,-1475.253570586443
1290,-92.1547386267921
1291,-34.51530060893856
1292,-549.4718061987078
1293,-135.1260121788364
1294,-272.6558879100485
1295,-1453.157425493002
1296,-242.24257004277752
1297,-660.6292569832876
1298,-6.494303019186503
1299,-1484.8022745847702
1300,-270.81263781990856
1301,-0.114134975982779
1302,-54.2699458532079
1303,-990.7436899542809
1304,-1782.7523953914642
1305,-1150.663774162531
1306,-767.068043962121
1307,-116.28839478967711
1308,-1596.722074508667
1309,-317.1066687873099
1310,-210.19942350452766
1311,-99.21457744203508
1312,-809.8666502833366
1313,-37.91463819421051
1314,-28.436553236329928
1315,-602.295702746138
1316,-444.1935360520147
1317,-336.9147396662738
1318,-0.33482920124447446
1319,-78.18907501548529
1320,-462.3532051257789
1321,-996.3651877137017
1322,-91.72701568522461
1323,-412.9352699071169
1324,-1778.9590017795563
1325,-263.8687417810452
1326,-803.3950040787458
1327,-386.67452490050346
1328,-996.8729836102575
1329,-194.2954469928518
1330,-18.987577865511412
1331,-1483.530865073204
1332,-1214.6346114575863
1333,-961.7146331481636
1334,-565.2831385917962
1335,-805.4902044392657
1336,-145.7886927545769
1337,-2.5028063967656635
1338,-502.18148017302155
1339,-7.093214752856369
1340,-1004.860092535615
1341,-46.24696304893587
1342,-880.0081176562235
1343,-133.08473641239107
1344,-10.718417348107323
1345,-18.457113320666394
1346,-1517.9044531285763
1347,-248.1278346888721
1348,-806.3083447730169
1349,-1683.7691710591316
1350,-398.6266596727073
1351,-971.5874368473887
1352,-482.648334864527
1353,-354.8509669100458
1354,-16.179307881291606
1355,-906.8993522264063
1356,-6.850818313949276
1357,-22.41649054530717
1358,-66.92278516527404
1359,-1401.4440388977528
1360,-237.13448549450186
1361,-525.8551597330952
1362,-1775.2194756865501
1363,-1118.4689191281796
1364,-995.4060379751027
1365,-1175.1298722699285
1366,-1.7299789407661592
1367,-4.441742280983476
1368,-366.4326390083879
1369,-15.157731415441958
1370,-1255.1801622211933
1371,-19.48587797934306
1372,-939.2178864181042
1373,-0.13380468319610372
1374,-223.00507600791752
1375,-84.36710887867957
1376,-371.04993194409326
1377,-1275.6808912456036
1378,-91.11448614823166
1379,-75.71547776395278
1380,-621.9599083224311
1381,-304.75433370895917
1382,-56.33922306355089
1383,-10.792384590478832
1384,-373.08375658094883
1385,-782.7726889718324
1386,-122.90777211537352
1387,-220.20956273151387
1388,-168.01799468882382
1389,-2.5264470905696896
1390,-624.0652128895745
1391,-1262.8984036445618
1392,-366.4076481568627
1393,-574.4821709065964
1394,-916.266449732706
1395,-166.36945402435958
1396,-501.7132073692046
1397,-2.758414040533353
1398,-757.5146830007434
1399,-150.11604796687607
1400,-1192.4929066486657
1401,-325.9750428991392
1402,-0.9089809727047395
1403,-634.8141833655536
1404,-68.4735880238004
1405,-478.3963245488703
1406,-165.86777494102716
1407,-311.26890143660626
1408,-584.5316128712147
1409,-81.49880524375476
1410,-1359.9230088591576
1411,-1.9427538420727615
1412,-20.79013486970507
1413,-4.11647447575524
1414,-10.9106415649876
1415,-0.3824510192936543
1416,-10.174763404713303
1417,-681.6872166059911
1418,-63.3167629073414
1419,-260.58139541675337
1420,-38.20986780279782
1421,-100.44837518952681
1422,-23.472980867431033
1423,-1305.32696762681
1424,-1251.5993202030659
1425,-254.56898234644905
1426,-839.648100823164
1427,-38.56978405598602
1428,-289.2691294258402
1429,-1416.6959321387112
1430,-88.86193122249097
1431,-196.15578138909768
1432,-56.33944941603113
1433,-0.35821557397707693
1434,-530.3138157781214
1435,-0.6819651554314987
1436,-268.3986141193309
1437,-138.67011410742998
1438,-154.7736092102714
1439,-199.7272320043994
1440,-31.865466547431424
1441,-193.08865925390273
1442,-19.72928308218252
1443,-0.3313006167950192
1444,-453.1393411643803
1445,-1395.2475102562457
1446,-1540.1951967179775
1447,-155.7501460108906
1448,-1615.380111783743
1449,-342.4529545327532
1450,-100.85195935587399
1451,-27.888407578269835
1452,-47.02313675766345
1453,-283.9773698808276
1454,-170.46871546073817
1455,-990.857649281621
1456,-312.1563716114033
1457,-125.4915384631604
1458,-635.6653527393937
1459,-47.74648989504203
1460,-283.94908588126054
1461,-1667.3663635849953
1462,-164.70987993024028
1463,-688.7119478434324
1464,-440.9294603690505
1465,-108.87865612382302
1466,-15.455211683361995
1467,-1356.3155444860458
1468,-103.19176344224252
1469,-72.78748153088901
1470,-351.3823091527447
1471,-1009.2503823935986
1472,-70.78990531506133
1473,-1581.792612195015
1474,-57.88390494203486
1475,-448.4230119155254
1476,-0.779789685337164
1477,-6.032737120734964
1478,-121.6990452108439
1479,-58.78832016920023
1480,-75.23915452789515
1481,-830.5014976598322
1482,-23.32253296266572
1483,-64.37547449907288
1484,-122.23588400355948
1485,-1119.3385975584388
1486,-56.99547394248657
1487,-98.7205703780055
1488,-1244.8247696757317
1489,-712.8426122870296
1490,-14.451852922094986
1491,-166.71086449478753
1492,-13.711903918388998
1493,-144.00080042683294
1494,-213.90678233723156
1495,-547.0412325356156
1496,-0.5985372931703807
1497,-107.43211314664222
1498,-326.2912012124434
1499,-130.08731852518395
1500,-515.9372688271105
1501,-67.1921446347842
1502,-1103.1308768689632
1503,-26.724822582677007
1504,-63.96766414166632
1505,-8.090486405504635
1506,-5.762365525048153
1507,-264.96480420045555
1508,-187.54916275665164
1509,-346.1738910600543
1510,-1117.2988507971168
1511,-109.36354246083647
1512,-902.858114734292
1513,-474.2935816257959
1514,-0.02109683887056235
1515,-1055.7749477028847
1516,-1021.9538166299462
1517,-1492.8145966380835
1518,-73.17853584050317
1519,-1004.9729824922979
1520,-15.821078053908423
1521,-586.4664681376889
1522,-11.795981827017386
1523,-92.3371621388942
1524,-658.9803827478536
1525,-336.51834123494336
1526,-849.7396281510592
1527,-24.550571449799463
1528,-1.6279918366344646
1529,-54.85100883524865
1530,-203.96388821024448
1531,-28.608085975574795
1532,-267.18131811125204
1533,-1451.735921740532
1534,-61.24008232401684
1535,-16.838300641742535
1536,-1683.5884942114353
1537,-598.6506450446323
1538,-114.12850439851172
1539,-57.051408294413704
1540,-16.359477301004745
1541,-86.52554379880894
1542,-40.09730739938095
1543,-961.11049554497
1544,-0.6034306258079596
1545,-53.198823963990435
1546,-69.25403668482613
1547,-479.3054168302624
1548,-366.5637466293265
1549,-22.767360274097882
1550,-559.4735745042562
1551,-891.3702728450298
1552,-15.040624493386787
1553,-321.860750257154
1554,-286.34731051593553
1555,-13.716005911584944
1556,-2.558709094650112
1557,-1002.8522677719593
1558,-0.930765659694373
1559,-59.35593544771655
1560,-1167.409739896655
1561,-743.3893691245466
1562,-0.9073053152233115
1563,-253.38202928565443
1564,-56.22017360763857
1565,-13.411334562697448
1566,-1652.802064716816
1567,-104.89131892566729
1568,-665.8869961993769
1569,-364.8837203201838
1570,-1654.7380032539368
1571,-833.8912376612425
1572,-44.24309398540936
1573,-183.14519727867446
1574,-757.6339501123875
1575,-61.9810153938306
1576,-0.3594420900080877
1577,-145.50865827081725
1578,-1722.9017694294453
1579,-113.7461951411533
1580,-574.7360507203266
1581,-720.4033510088921
1582,-881.2301529198885
1583,-10.550202940466988
1584,-368.0340232606977
1585,-840.7543500214815
1586,-10.977247102971887
1587,-110.99968024602276
1588,-1155.782966017723
1589,-1584.7586803734303
1590,-43.61750484770164
1591,-253.41504941601306
1592,-79.91684375936438
1593,-125.71569438899132
1594,-9.784740713381325
1595,-327.7788385413587
1596,-206.59731753834785
1597,-14.560325153499434
1598,-332.7683027423918
1599,-1437.2089335620403
1600,-16.74012721629697
1601,-741.5437559895217
1602,-20.961603475076572
1603,-501.27854662411846
1604,-4.939190064267677
1605,-11.165392519471425
1606,-0.46098324707054417
1607,-1301.881788045168
1608,-10.52701095440716
1609,-370.9583615442971
1610,-502.8615253062453
1611,-442.4700702056289
1612,-1420.5329928845167
1613,-223.02064046496525
1614,-213.22327507370892
1615,-12.889458452234976
1616,-1772.1461183726788
1617,-39.54091519478243
1618,-24.71635090635391
1619,-97.69665996031836
1620,-1614.7704668343067
1621,-4.834579746348027
1622,-18.83604241666717
1623,-150.8651100937277
1624,-69.53584194912946
1625,-830.2830486670136
1626,-736.1844750903547
1627,-367.07622213149443
1628,-9.262029749064823
1629,-775.564783211099
1630,-1709.8645512461662
1631,-16.289504850457888
1632,-182.4140700486023
1633,-26.507379974398646
1634,-6.424442681411165
1635,-67.28480006067548
1636,-17.400355882768054
1637,-39.628498754093016
1638,-556.0706438291818
1639,-820.4268410801888
1640,-63.479717969777994
1641,-445.1129737496376
1642,-346.9432097268291
1643,-204.85495011787862
1644,-62.42136284463777
1645,-32.41452842741273
1646,-707.7129633612931
1647,-631.299676835537
1648,-1004.7674650028348
1649,-1433.1542786061764
1650,-1524.12029966712
1651,-496.66685227677226
1652,-2.595369891025257
1653,-453.65991658205166
1654,-595.9474469833076
1655,-520.3645028588362
1656,-0.8085213334125001
1657,-1790.9586106836796
1658,-131.99364709458314
1659,-304.1121133058332
1660,-235.86865401279647
1661,-348.28500287700444
1662,-206.60941418306902
1663,-982.4517554715276
1664,-131.45355435553938
1665,-49.78283644228941
1666,-153.37607276923154
1667,-1.1572129837550165
1668,-84.32294415018987
1669,-75.73476307815872
1670,-1753.1136407852173
1671,-1780.2882786691189
1672,-228.63785064511467
1673,-81.3010361963643
1674,-60.75993543709751
1675,-21.211496967356652
1676,-3.439530626059195
1677,-104.62307418651835
1678,-700.9354813470854
1679,-277.9206048299966
1680,-483.89609307888895
1681,-27.462911584763788
1682,-1535.3787958025932
1683,-372.15586199672543
1684,-43.38011169410311
1685,-269.1465306500904
1686,-389.27382447966374
1687,-146.21613372582942
1688,-277.7057615406811
1689,-4.047363743680762
1690,-1748.090554356575
1691,-64.02254235488363
1692,-112.61701148925931
1693,-21.656194266863167
1694,-394.99974448233843
1695,-1428.0048502534628
1696,-38.172886832830045
1697,-96.02732125052717
1698,-0.32351738254146767
1699,-576.0355869829655
1700,-1018.6299795082305
1701,-0.0028029483811380373
1702,-1758.8841239213943
1703,-1297.2989437580109
1704,-1409.8216677699238
1705,-55.23162460941421
1706,-1641.9043634533882
1707,-55.39016950331279
1708,-188.35506114912278
1709,-136.78735652856994
1710,-293.70325666386634
1711,-55.37960292570642
1712,-256.8635670560179
1713,-1331.7201132178307
1714,-273.24765297211707
1715,-1788.7117865681648
1716,-965.5393009036779
1717,-1745.1443566381931
1718,-156.81181949889287
1719,-113.88421778358929
1720,-74.66226848261431
1721,-368.1713688672753
1722,-1779.2603677511215
1723,-1763.770602852106
1724,-182.64575525431428
1725,-88.56965338485315
1726,-349.59097047895193
1727,-471.40276250988245
1728,-470.20444194599986
1729,-34.552598877082346
1730,-818.33526962623
1731,-1782.2099717855453
1732,-410.7323951087892
1733,-770.4460187007207
1734,-410.07205358706415
1735,-46.68401192447345
1736,-6.039266812949791
1737,-55.401702055758506
1738,-17.871060255216435
1739,-798.747521981597
1740,-447.44457554109977
1741,-281.8591690364701
1742,-376.4984372475933
1743,-248.46101247853767
1744,-107.06625035958132
1745,-1012.0172315761447
1746,-86.38823709869757
1747,-641.5226275064051
1748,-1756.8485177755356
1749,-915.1556308269501
1750,-277.05303862929577
1751,-1666.0291303098202
1752,-221.4927295036614
1753,-89.3957193880342
1754,-545.7350890934467
1755,-558.6985345184803
1756,-167.16479083505237
1757,-88.02791630080901
1758,-314.59382491366705
1759,-56.61472008260898
1760,-150.21277979016304
1761,-201.6518563470163
1762,-770.3192518986762
1763,-10.583849820184696
1764,-706.7710177102126
1765,-148.82762349583209
1766,-619.1430988237262
1767,-226.9008149469737
1768,-1582.564300492406
1769,-476.6953642833978
1770,-42.36571928777266
1771,-3.684752926128567
1772,-89.33843903709203
1773,-47.39588691197423
1774,-18.956512559729163
1775,-12.062766687799012
1776,-40.13946015329748
1777,-324.7794837001711
1778,-207.98787465295754
1779,-1334.4914311617613
1780,-255.3235331006581
1781,-21.923395477686427
1782,-333.5821971134137
1783,-1717.1033388376236
1784,-357.5166049003601
1785,-15.947756478562951
1786,-107.97573531658418
1787,-10.395622441403361
1788,-677.4817306697369
1789,-316.9876970871301
1790,-123.65102020953782
1791,-841.7105274293572
1792,-7.027045777420426
1793,-141.07135117814323
1794,-18.744379662559368
1795,-163.309898153806
1796,-157.29324257184635
1797,-1144.8819030597806
1798,-855.0233281999826
1799,-1313.3781535625458
1800,-378.4063196461648
1801,-808.446051672101
1802,-31.060165305098053
1803,-227.0329279815778
1804,-798.9511924497783
1805,-250.06128138676286
1806,-12.619011510771088
1807,-81.94580028638302
1808,-0.2934231601798274
1809,-1694.857833981514
1810,-335.2472590524703
1811,-353.7560720736292
1812,-0.4408704675952322
1813,-10.002655460266396
1814,-373.2275205142796
1815,-17.998045198386535
1816,-1625.8749858438969
1817,-511.85638009011745
1818,-327.9750080984086
1819,-226.1679503172636
1820,-626.112351716496
1821,-245.81687712622806
1822,-55.65399805054767
1823,-673.4150797252078
1824,-183.60058258660138
1825,-86.73387695179554
1826,-42.8588612380554
1827,-712.1846024543047
1828,-1637.2665239274502
1829,-403.9810835146345
1830,-29.615211052412633
1831,-31.898831970087485
1832,-139.46866761204728
1833,-712.7513881884515
1834,-1413.2917546629906
1835,-121.3041696874152
1836,-300.88118390738964
1837,-1557.5938713252544
1838,-0.5708144487980462
1839,-350.02173617389053
1840,-111.25918232445224
1841,-1354.2328399270773
1842,-676.3802150953561
1843,-1782.287606716156
1844,-94.16839080455247
1845,-258.95379571057856
1846,-438.91274282336235
1847,-59.42705012403894
1848,-995.5021839048713
1849,-1454.5277962982655
1850,-851.3124479278922
1851,-1338.591274946928
1852,-856.9379125759006
1853,-198.19079073495232
1854,-214.56157785351388
1855,-22.012193618691526
1856,-222.9085542494431
1857,-0.29287898109942034
1858,-591.1786760827526
1859,-53.03366233067936
1860,-1614.5545676350594
1861,-769.3243769416586
1862,-1655.633951485157
1863,-9.463114645137921
1864,-391.12524170055985
1865,-794.6919757425785
1866,-19.13341009285068
1867,-6.760570753673164
1868,-502.495347937569
1869,-250.94084713210032
1870,-564.8492836670484
1871,-0.23201543063441932
1872,-536.0301692057401
1873,-926.4350169654936
1874,-282.58645794643235
1875,-769.8348045684397
1876,-487.2478339187801
1877,-63.230149457696825
1878,-495.1610183098819
1879,-1667.6236876547337
1880,-366.5787525214255
1881,-681.22676192777
1882,-75.04310632334273
1883,-348.95781248481944
1884,-114.99480081023648
1885,-378.7387835457921
1886,-26.52128122834256
1887,-2.7262441062525795
1888,-7.965812398164417
1889,-0.19559965321604977
1890,-598.4903783258051
1891,-89.78535676166871
1892,-32.679138136914844
1893,-95.63629405805841
1894,-46.1436468041793
1895,-875.0253264158964
1896,-218.54180514393374
1897,-996.842345148325
1898,-19.96139986254275
1899,-296.5204774737358
1900,-573.6953255310655
1901,-411.6739405053668
1902,-53.01619444718017
1903,-1708.1232477724552
1904,-588.185025125742
1905,-12.535899813752621
1906,-85.44532347691711
1907,-651.788831666112
1908,-285.13012778386474
1909,-192.7140735372668
1910,-258.24109907331876
1911,-1.9206369051125876
1912,-716.3445985505823
1913,-1755.7229357361794
1914,-1742.6380882263184
1915,-1758.8745985329151
1916,-399.9248856980121
1917,-191.32878793991404
1918,-279.9694531711284
1919,-1013.0078707486391
1920,-16.415359333108427
1921,-1790.8388905525208
1922,-183.21296379715204
1923,-47.49095546640456
1924,-69.2302205611486
1925,-239.2495031314029
1926,-470.0487852692604
1927,-59.95707286273682
1928,-3.211608139670716
1929,-176.7064969112398
1930,-1475.625559091568
1931,-6.458638870710274
1932,-114.88245902955532
1933,-96.97808839984646
1934,-2.667812857456738
1935,-31.961922868911643
1936,-463.69779093936086
1937,-199.41266366408672
1938,-335.799551256001
1939,-749.967463336885
1940,-5.868194269554806
1941,-2.830619188665878
1942,-25.670723468065262
1943,-432.54316134750843
1944,-665.0902143195271
1945,-34.614519359623955
1946,-5.408105796785094
1947,-79.7258034875922
1948,-429.28234781790525
1949,-214.07588126683765
1950,-1134.2473599016666
1951,-594.7596292053349
1952,-95.1589989635977
1953,-10.594561572623206
1954,-107.42668002657592
1955,-1034.2605064883828
1956,-1268.466394931078
1957,-369.2855492315721
1958,-1380.340432614088
1959,-1777.3015686571598
1960,-44.0203430558322
1961,-120.45746755080472
1962,-159.13769529759884
1963,-0.5548519976346142
1964,-21.019344685752003
1965,-1714.4605856835842
1966,-1620.6219400465488
1967,-387.49807386891916
1968,-858.9388275444508
1969,-1057.0988567136228
1970,-26.964740876042924
1971,-987.7892960309982
1972,-2.5845349591909326
1973,-556.046505915001
1974,-1764.3107981979847
1975,-599.9931501956889
1976,-232.59079783968627
1977,-1790.1469033956528
1978,-1.380079290993308
1979,-178.8701821877621
1980,-1397.9448079764843
1981,-14.666771061543841
1982,-236.29779452225193
1983,-1038.8375267535448
1984,-1762.856697410345
1985,-129.51796601418755
1986,-10.315831094761961
1987,-157.236976868473
1988,-1556.0636325478554
1989,-0.13575108391705726
1990,-5.394093359296676
1991,-130.08565501436897
1992,-715.5527241826057
1993,-347.9077453294303
1994,-1431.2891381718218
1995,-839.5570452511311
1996,-1778.0282734930515
1997,-171.00374283688143
1998,-359.576433673501
1999,-226.16152595728636
