,value_per_image
0,-0.09018041692621634
1,-1.5587085043018307
2,-0.3169633743097424
3,-1.4292534461753847
4,0.37516634648748437
5,0.3622857472696374
6,1.026640245276606
7,-2.882776247183972
8,0.39673110542265727
9,-0.43636297364788573
10,-0.6220667857037226
11,-2.9326468966552683
12,0.9404928051493817
13,2.415792173281659
14,-2.110978739675894
15,-1.2006051895427423
16,0.02137734314568966
17,-1.6027615553043864
18,-0.8583248970106575
19,-2.045729149509124
20,-3.9233351058745147
21,-1.751789007233969
22,-2.0222729963794643
23,-2.590703492210161
24,-1.213014454608106
25,-4.48617355168512
26,-1.7273426228160218
27,-0.35629140617859184
28,-0.547046749867344
29,-1.4087571879386467
30,-2.1593046393877744
31,-0.3645008814727082
32,-1.9550496915612317
33,-0.47917596393316075
34,-0.14783985598338847
35,0.9889854589122649
36,0.9944391852955329
37,2.0520138124362273
38,1.5982104592812376
39,3.3179512223242265
40,0.7488122381525654
41,-0.7158318638401596
42,-0.1864569729219831
43,-1.4565039837474074
44,-1.422888284385008
45,1.9261764695543433
46,2.720556092434784
47,1.614308157452216
48,-0.9705097225774125
49,-0.4512506363165657
50,-3.336509573166181
51,-1.1303502385022257
52,-1.246593222818935
53,0.037868658422903004
54,-1.5922748152491744
55,2.3937961357161184
56,0.8706061913653327
57,-0.3478053846972634
58,0.746739422714315
59,-1.794736141251149
60,-1.4451107478667529
61,0.35801286109625197
62,-0.17627156724191864
63,-2.1719383842851285
64,-0.48082729624923953
65,1.4074288968611492
66,-3.1261249179760497
67,-0.6119773594130937
68,1.276404776979144
69,2.1363859131430916
70,-4.2888037479768535
71,0.3787058462315437
72,-0.2901371697755287
73,-2.799077202512074
74,2.27242306349361
75,2.146947298741627
76,0.3628402712450379
77,1.0785782768731946
78,0.45692139667583104
79,1.142118786011343
80,1.4618848195913796
81,0.17723533708965547
82,-0.03623198694494786
83,-3.811954030763779
84,-0.420427008106653
85,-0.07305140115700683
86,1.195828976451648
87,-2.2299843100007437
88,-0.20985989460364673
89,-1.3061838320353747
90,1.028521810276497
91,0.45053874520441956
92,1.0714166501931328
93,0.13840700454706714
94,0.596719425001983
95,-1.0135311382525234
96,-2.1667338882465352
97,-0.10816882099523395
98,0.8662551856875107
99,-2.6884458387142196
100,-0.9671744899671841
101,-0.6824126972552224
102,-6.33607791411886
103,-0.7250068908411462
104,-1.8135985726081048
105,-1.478471016285599
106,0.36974118760893454
107,1.130639021461042
108,-3.144278411268662
109,-0.5197867419813038
110,0.8759667917513866
111,0.01994726389357979
112,0.12834994263736677
113,-7.5609774815820145
114,0.5290188266318735
115,-0.10123956980927315
116,0.8297828434368932
117,4.492920556554171
118,1.5905378333588491
119,-1.2636472043427913
120,0.5938403957150489
121,-0.2405652252051671
122,0.19885310021424496
123,-1.67864239247623
124,-1.0554288011843995
125,0.8076033777129453
126,0.8293008497658274
127,-0.9868539404536568
128,-1.897145427615891
129,-1.449476822468787
130,1.6323727512471229
131,-2.4061549271588407
132,0.5295971310284685
133,0.2942958386144609
134,-0.5394007059533561
135,0.5150889273220015
136,-1.2898021644480357
137,-3.170518211034764
138,-1.3667647967075358
139,0.842922609197078
140,0.6635951373242128
141,2.997148636988969
142,-0.7070671452079429
143,-2.629296845145308
144,4.371839127407785
145,-1.4013479609336184
146,-1.7461635190250855
147,-0.23976964583110602
148,-4.131192155109756
149,-0.9029024641986788
150,-0.15058278768129343
151,-0.9793210494165278
152,-0.1017204254413002
153,-3.620440537687917
154,-0.6478930735729963
155,-0.8061081442389544
156,-0.4305396145338311
157,-2.857562826662522
158,-0.4026584534082047
159,-1.222340115388657
160,-1.10853877032031
161,-1.50597706875553
162,-0.5406100763564136
163,1.747476155040346
164,-0.5142826551543733
165,0.2620264471839341
166,3.5308392589574757
167,2.873909484261638
168,-0.9571113078369119
169,-0.5713715908607482
170,0.5119016623422121
171,-0.7254678160308368
172,-1.7110581535028402
173,1.3548204174658331
174,-0.8584355511586993
175,2.9233752359357545
176,0.8021056201455955
177,0.2116723347883755
178,-1.279395488381957
179,1.6082949220929572
180,-10.028324032339237
181,-1.4385808363885024
182,-0.045231799423050174
183,0.2704460983162308
184,0.06000618303887102
185,1.0088329101697182
186,1.7712692707629853
187,-0.8035009636072211
188,0.6269882503166893
189,-4.02532160919216
190,-0.738727725586747
191,2.972097070180184
192,-1.188763689784127
193,0.1519078300665891
194,-1.6035126287920063
195,-3.16281276737099
196,0.25849167094600617
197,3.1909239619922323
198,-0.9847744278247773
199,-2.1607469391606746
200,-3.1923408408038236
201,2.050450198480614
202,-1.950378336676463
203,-1.6225010249540495
204,1.7055734185108518
205,-2.9424908666808642
206,-2.2630657635927425
207,-0.4039356068779892
208,-0.4102338177002981
209,2.891951974271187
210,2.4743380230264314
211,-0.4026983600761424
212,0.3708558267063875
213,-0.9356111276803136
214,0.6643833668530752
215,0.07619635307048656
216,-0.6239937233175524
217,-2.291637930060979
218,0.46282948846105537
219,-1.797764984495911
220,0.44163559890304227
221,-0.33346944610594487
222,-0.7123776253784762
223,-0.12608115552621274
224,-0.1164491356812992
225,1.1339451608149906
226,-4.975334490577197
227,-0.2275682731189983
228,-3.5710317678497687
229,-1.6216975654129449
230,-0.971985442388399
231,-1.6915320729048535
232,0.44117346164951937
233,-5.638087124900679
234,0.38054959623204454
235,-0.9414347382758752
236,-1.6937530158150986
237,-0.717284440367607
238,-0.3949376367640629
239,-0.9699616752381722
240,-1.832585738657293
241,-0.5504431039641962
242,0.7715281508664826
243,-0.4267650852279768
244,-3.441811522900388
245,1.3754107585949047
246,0.20496367229358958
247,-2.277248036182951
248,-1.6903713879329298
249,2.4621998708959043
250,2.2040765033099237
251,0.5399328628687445
252,-1.0400699048773405
253,-0.43022983846609425
254,-0.5586574434863608
255,2.8583487088036725
256,2.804869762985636
257,-2.4013914822419387
258,-2.0101039292829364
259,-0.0036133121380734225
260,2.00004237161667
261,2.0199096264512324
262,-0.8318675317864156
263,-0.8734988267472568
264,1.5460794649216585
265,-4.942407544650556
266,-0.7729988917975509
267,0.6839597459387617
268,1.1093024910649623
269,1.1407342314924107
270,-0.23959416239424267
271,-1.7106145491354305
272,-0.7890119238892181
273,0.5464870230900505
274,1.1970718542801344
275,-0.1109787481973234
276,-0.5258107520300959
277,-0.3441514963283057
278,-0.0659702942089799
279,3.2060646087254945
280,0.6022581921586269
281,0.6539907422173836
282,1.6762361659548208
283,1.1678078008890673
284,-0.9251367923043702
285,0.7159072214512318
286,3.046434769561384
287,-1.1724451123727206
288,-1.9602552890845533
289,-3.567915916390259
290,-0.988830208207707
291,-1.796606174368299
292,-1.0073010819340051
293,-3.020363456455153
294,-1.5970440241335826
295,-0.7091193393367413
296,-0.9428437010266025
297,-3.0463484286110867
298,-1.726210719364528
299,1.4672465308925589
300,-1.675757602877447
301,0.32677641297391763
302,-0.5154345576872994
303,0.08943318317303854
304,-1.0175076099038016
305,1.9057964386413309
306,0.1997346089573607
307,-3.730553219353359
308,0.1454713144156276
309,-0.18311355160154158
310,-0.7229867254616638
311,-0.5593678421687915
312,-2.214633015469442
313,0.136408531709803
314,-2.4090017152113266
315,-2.2113605193741157
316,0.29398075409473123
317,0.5540665458189761
318,-0.47931766798495046
319,-0.7511821249094571
320,-1.0315438228489506
321,-0.2897201426485619
322,0.3973943114576055
323,-1.197557736792455
324,-2.215638292533424
325,1.1863925487744083
326,0.03646634986851891
327,1.9198685305149497
328,-1.6230444123551495
329,1.0393700883688506
330,0.7959254919455996
331,-0.9467749914758287
332,-0.776832263957163
333,-2.9184859231157465
334,0.5301870353895082
335,-0.9736733556434228
336,-0.4090764650861938
337,-3.4565188574518695
338,-0.7047853796353013
339,-2.4693386781796525
340,-5.296932646318569
341,-0.020266331117412523
342,-1.5778657593845398
343,-0.8858133260662295
344,-0.6326829169281146
345,-0.9542957147407846
346,-0.5535572865681692
347,0.7226978962124908
348,-0.0005936221411565251
349,-1.326337450467413
350,0.9727883383117738
351,0.6244230961044022
352,2.540451903077059
353,-1.356235020272236
354,0.8746509409937814
355,-1.3223228590703964
356,-1.2199422219860738
357,-1.8684829947739325
358,-5.575405805343494
359,-2.5141090782392403
360,-1.1464083256699473
361,-0.7675520469079457
362,-0.2820292735001116
363,1.4249810728512615
364,0.5064556185578387
365,-0.7788360241127041
366,-3.4725250991286103
367,0.5456567339621429
368,2.2990801709981215
369,0.7519139304558098
370,0.9885785164552756
371,0.4114599131634081
372,1.1818966699468911
373,0.6780476440961941
374,-0.21845175042492343
375,-1.3547769729497856
376,-1.0745391509933369
377,-1.1803132124747542
378,0.005061235032577211
379,-2.5690074389618984
380,0.8893001269325888
381,0.39318545862493554
382,0.07978670216662662
383,4.23336197192336
384,-0.9890082638250312
385,0.09405489652288278
386,1.229820122484316
387,-1.8538887842330818
388,1.436787088191356
389,-0.5467957432291781
390,-1.2017120488872406
391,-1.1728570229714685
392,0.6949277237062137
393,-1.3762156372465049
394,1.771090514543277
395,0.2320482941929476
396,-2.9469222186380555
397,-3.2759485813486378
398,1.2638731216854833
399,0.32530592811244535
400,0.25754430209393153
401,-1.286232879900064
402,1.644543760721242
403,-8.157881461674174
404,-1.321181282656798
405,1.1741141785943323
406,-2.978674463495315
407,-0.21942550282125362
408,0.3478074491971016
409,3.1756482014784315
410,-0.4852734651777114
411,0.43935339617328295
412,-2.9275013162853374
413,0.662564309121747
414,-1.0775731653098501
415,-0.7832944949740159
416,0.5260925958589783
417,1.004672625632822
418,0.33146005576548254
419,-1.2204029611565483
420,0.6183795623440006
421,0.6776247494428076
422,-0.6110882961041316
423,-0.3657057972857983
424,0.9501601768252267
425,-1.0552963387772718
426,-0.40397613655454
427,0.36488690254075135
428,-0.7978218120387586
429,-1.1160216718264702
430,-2.291300406019551
431,0.7043200609051811
432,-0.8948310564340433
433,-1.5850183516553786
434,0.0910316802575793
435,-2.4478356787587345
436,-1.7234219156587574
437,-5.302846953167909
438,-0.4614908473844673
439,-1.6369644472711857
440,3.085383631150232
441,-0.9214992252670957
442,2.097505452869267
443,-0.27841775375415
444,0.40163751417291266
445,-0.27530428286139536
446,0.6509770037383245
447,-1.973389730978314
448,2.1406482257534347
449,-2.205381307425331
450,-2.1052654757806484
451,-0.4530777230552725
452,-3.541102452912602
453,-3.9736207442068743
454,-3.818955816891711
455,1.2096514245202272
456,-0.23322189557802828
457,1.3326464271016976
458,0.3243516412285433
459,-2.0907201797933577
460,0.24539615282743457
461,-2.01941369955806
462,1.333846914962975
463,-5.8767836501468596
464,0.7905895739983144
465,-0.8217260666634468
466,-0.8310764926598595
467,-0.4957025480114968
468,0.9343743758485271
469,1.858692213675344
470,-1.1123196826506085
471,-0.31926246950379833
472,-2.74660649165983
473,-0.45409221828502555
474,-0.3682079206394265
475,-1.547421945740034
476,-0.3454955893848196
477,-3.1091224740588883
478,1.3870830173855357
479,-0.5605073348778391
480,0.9824550442859609
481,-0.7625517097862708
482,2.797286153724928
483,-0.6951355773464523
484,0.12979530226101937
485,0.45889426498378294
486,1.489484232979985
487,-0.8091223204621266
488,-1.5414573740070747
489,2.096859214081813
490,0.9565663012908108
491,-0.2839228907707778
492,-3.105225799722851
493,-0.8627685358919832
494,1.973287471677707
495,-0.03538784816128185
496,0.06266560791200676
497,-1.8129255767339858
498,2.373010861065286
499,0.4132494678060831
500,0.7094546730034202
501,2.8929150969954702
502,-0.9541499245350693
503,3.0266014664325045
504,-1.7268517330788382
505,-2.5923805990534827
506,-0.9848258398902753
507,1.0862732694923904
508,3.593219401962427
509,1.0687939259148964
510,-0.7940641568134377
511,1.398496265912949
512,0.43433138713997554
513,-1.3523540347715657
514,1.825955641132092
515,3.0253311188102416
516,-0.2008019376610189
517,-0.6255499230545553
518,-3.584276129780532
519,-2.18285463311402
520,0.41141812192701505
521,-1.2513040628153562
522,0.24195782914386382
523,-0.41720381579275345
524,-5.521265451068241
525,0.6200212587063048
526,-0.14967975933905023
527,2.0943219455258903
528,-1.298729020679154
529,-0.8811382733431532
530,3.23093169636285
531,1.2887750332805135
532,-1.6379796558123545
533,-2.0582880921045468
534,-2.6804781070909462
535,1.3201147763154604
536,-0.3461378040411107
537,-0.32462645651481337
538,1.031954882560851
539,0.8407292494123509
540,0.21638713525859263
541,0.9878954456680029
542,0.5933456310114708
543,-0.038144443705927886
544,-0.3151727898633473
545,-3.7773835935101356
546,1.8697162706282233
547,0.12336409262675052
548,-2.1178823400587943
549,1.0167901929603047
550,1.3727057115622754
551,0.7631773167642284
552,-2.7203187244073868
553,-0.17265389062051117
554,0.3383414023708071
555,-1.793163295975207
556,0.5473673880534511
557,0.9085702880514573
558,-2.180617014363251
559,-0.08512382491063435
560,0.11683221892332571
561,-1.2130153804150583
562,1.410995528103967
563,0.029175292304257333
564,2.2967989776356155
565,0.5707439873778556
566,1.166117575651362
567,-0.6525291032916475
568,0.42505209532650556
569,-0.5667028059627639
570,0.390206550618935
571,1.1568962716630113
572,0.5258741524533157
573,0.35221723004292316
574,-1.3601573880870805
575,0.9801461518361356
576,0.4955122082755479
577,-1.3542986364551322
578,0.17552327227603884
579,-1.1378975080205311
580,0.24528583423159975
581,-1.6814887711685986
582,-1.4446049840113828
583,-1.5021209465082124
584,1.22951622667258
585,-2.7331399536262024
586,-0.8842577742423906
587,0.7053922173438251
588,-0.1364317543530111
589,-2.17815061581894
590,-3.099046815822984
591,-1.1677574551263978
592,-0.39962989119660175
593,-0.5296188474726867
594,-1.5250584041557047
595,-1.6800352402331369
596,-3.6228079374583926
597,-4.4906162032744135
598,-2.9885401068133732
599,-2.3041017220777427
600,-2.0412534058381167
601,0.021741130380107145
602,0.9861344696169512
603,-0.5289340924235547
604,-2.08657011473885
605,1.0033938508843236
606,-1.9938598036852184
607,-2.5556476096243674
608,0.3355379755985186
609,-0.43483981268187427
610,1.02911739089643
611,1.1430433654272378
612,0.035153918181453615
613,1.249824442161198
614,0.38805549701462216
615,0.47887084515213957
616,0.6568463391309534
617,1.2364312112928322
618,0.9754360955176182
619,-1.0997977495490898
620,1.3632772912878162
621,-0.7227618801600522
622,-0.22125272758280037
623,-1.1879610432023069
624,0.5578136904055498
625,1.551446142824891
626,1.2177340302674697
627,0.5401021157919819
628,-1.2499816549167677
629,-0.7215069543359196
630,-0.8612222404389278
631,-3.5913105614228464
632,1.2775946685169919
633,0.9147431233378266
634,-2.6144137396810776
635,-1.904682598069407
636,0.5416157100241151
637,0.09402025972809154
638,1.915953128263425
639,-2.0766520879423425
640,-2.163945373183435
641,-0.0858980244517138
642,-0.5646054773976568
643,-1.3698414650037192
644,-2.2188986227713867
645,-0.5900667679554011
646,-3.4012785517945745
647,-1.3887718439033276
648,0.3930923004140084
649,-0.6206688299857493
650,2.59349752432292
651,-0.9976231326751437
652,-0.22220491240068807
653,-0.8149069476784382
654,-1.1198231088080735
655,-0.2190984438826526
656,-0.5213459095675321
657,-0.44600488140877853
658,-2.6765384585092202
659,-1.315061594540355
660,-2.7478743804161274
661,1.754262208154848
662,-1.3751961096023104
663,2.542892586314433
664,-0.5929600504575999
665,-1.5418536528316429
666,-0.08893031122837353
667,0.15571035708533415
668,-0.5339957114811217
669,-2.5863620818215693
670,1.027554892841764
671,-3.0115599896827328
672,-1.790977483952021
673,1.113472829811714
674,0.20663382961538157
675,-1.9821578814793028
676,-0.2702123862132961
677,-0.716064447822073
678,-0.5013348527877143
679,-0.5079278595962564
680,-1.4481760993263162
681,4.627077419901074
682,-2.9685601045280245
683,-1.9822553718314015
684,-0.747758717459385
685,-1.2593731089494882
686,1.597281137349559
687,0.4437288339218399
688,0.9666384405429769
689,-0.1546977237219938
690,-0.38623218915014534
691,-1.4604621297845382
692,-2.1264900940256632
693,3.104857587183295
694,-1.8363097845027687
695,0.20005790320488528
696,-1.1479912897516342
697,-0.9590783259353776
698,-0.19538496606215547
699,-0.462975249569641
700,-4.193744273259386
701,-1.8629897138285838
702,-3.0929787325503453
703,0.28810824477353014
704,0.38926517422355006
705,-2.190570438741416
706,0.6162375050608369
707,-2.3016507806535387
708,-0.46139589578287454
709,0.018526937744090952
710,0.597097224880582
711,-4.235235698746395
712,1.1299921746300008
713,0.8145593204945681
714,0.6716349744894847
715,-2.043827716268186
716,-2.755756354964501
717,0.6514746491473568
718,1.8748480422003193
719,0.4917131937089746
720,-1.048773405387507
721,-0.9681208190124031
722,-0.5748843207822519
723,-1.1532126548367403
724,-1.7149036167230058
725,-0.6122042852383675
726,0.2153822953325081
727,-0.8539645759765372
728,-0.1251399988941918
729,-3.15667018551668
730,1.2115498878727538
731,1.3342762611831933
732,0.06307708755601772
733,0.007839541141002037
734,-6.081602425150843
735,-0.030087129837952656
736,-1.279114831950975
737,1.1197318239035259
738,-1.50294603049374
739,-1.2660373469002348
740,1.2500445317287872
741,-1.5383456612288124
742,1.3359887987820436
743,-0.9796275205058249
744,-0.35407511975458794
745,-0.8690293594514862
746,-2.5381929205943443
747,0.7378938878371533
748,1.2650755446727588
749,-0.9536215552233913
750,1.7404906671364244
751,-3.7602485592045243
752,1.7054889412144445
753,-1.5212538487915959
754,-1.287025765634316
755,-1.258434505061471
756,-1.202622571407571
757,2.4180347824405652
758,1.9512943414365198
759,1.871154089466947
760,1.8307336455008367
761,-1.3470615986597159
762,-6.739979465076746
763,-0.001266023695369955
764,-1.974685030911732
765,-3.086844082609983
766,-1.47961026459783
767,0.7682315302690541
768,-2.662648868872015
769,-1.752486253839313
770,-1.6619865060312304
771,-1.010299102812946
772,-0.9320767134634621
773,0.168273128096619
774,-3.218526300099763
775,-0.2286439535005997
776,-2.3409246841224443
777,-1.1894607517203033
778,-0.4963958798602497
779,-1.0613135653093315
780,-0.44275699957132664
781,-1.3903090550803168
782,-2.8935599410905337
783,0.6319645727997404
784,-0.45094730964023033
785,1.6084032158869896
786,-0.6983604736016995
787,-0.4840734445491628
788,0.8607293353617342
789,-2.06286000229468
790,-2.156676763989346
791,2.231385469828758
792,0.09702195143953059
793,0.825307301479871
794,0.22908022632182398
795,1.7824346915679903
796,5.745980891459231
797,0.7310685566243403
798,1.19385273595248
799,6.072064390954957
800,-1.8434345396349698
801,-0.23231682223126848
802,-2.2246185884322434
803,-0.29270545302181994
804,-2.253973174057776
805,-0.16316943125600925
806,-3.354797971221053
807,-0.9917656924541194
808,-2.7220589869535448
809,-1.1887368500615625
810,-2.0447321154682228
811,-0.9613722750246868
812,0.273201837599374
813,-0.7269196457507008
814,0.08017242246868889
815,-1.9338541554255828
816,-1.1065315949562526
817,1.3787044670361812
818,-1.0673810174686733
819,-0.8182600390979825
820,-1.2551963368750978
821,5.591736167142532
822,-0.46606143049387994
823,-3.310272466765983
824,0.6929090157056621
825,-3.4379762153984355
826,1.4599415910422966
827,-0.3213178179929214
828,-9.56391873118312
829,-9.34190323466087
830,-0.02312127213553179
831,-0.23109807135835866
832,-5.630367661814981
833,-7.698536872397172
834,0.02980960631019917
835,-0.5251289328721057
836,0.7284972635501702
837,-8.339301532478567
838,-0.1957600157829056
839,0.7754160356914525
840,-1.025559557014795
841,-0.5350186972287253
842,0.23641921916903513
843,-1.5749801874165346
844,2.0119945047274332
845,-1.8276945950285808
846,-0.6996641687383098
847,0.875166799676397
848,3.7117010010979374
849,-2.9327151377734437
850,-1.6617975001128418
851,2.404861674498228
852,0.8597419686266835
853,-0.2480512015898287
854,0.8777986299837561
855,-12.423300025880673
856,-0.7625761787189872
857,-0.09929483601409038
858,-0.9954204581120504
859,0.7980092073464008
860,2.9608928411287727
861,-3.518786644478226
862,1.0823819270455122
863,0.3910601725861291
864,1.0350383378942583
865,-3.9221273984250185
866,-2.2398114918499905
867,0.28826232441288197
868,-1.4056894698064286
869,-0.45810561634240565
870,-0.5687957375438373
871,-1.6032481168363706
872,-3.020670062312288
873,-1.541032195586362
874,-1.744932633144946
875,-1.7617737893207557
876,-0.10657218439869291
877,-0.792714902473897
878,-1.21349861205454
879,2.3176632832776494
880,0.18972609815403627
881,1.4023465081411775
882,-0.1568697241723052
883,0.08342219073452314
884,1.7133337608854213
885,1.8405437385229206
886,1.8185757550191752
887,-1.3469752718483508
888,-1.860625754208669
889,-1.618564290397724
890,2.633030863931341
891,2.4323850590941376
892,0.4156234149615541
893,0.7924693881783779
894,-1.9915572992327393
895,0.4400644652686236
896,0.7199244024196775
897,-0.09164223148732932
898,-2.607420139676294
899,2.768854780717635
900,-0.58919702152121
901,-5.1844537289427395
902,-5.9866491356548694
903,-2.508591023638364
904,0.7154954286271907
905,-0.2079452329516478
906,-0.9448002108490924
907,-2.4059502932890253
908,-0.5803141574254076
909,-3.1820098639591556
910,0.6982105860058796
911,-0.9470140080590828
912,-2.9682780551193217
913,-1.0268417815336088
914,-2.353794665092814
915,-2.4559893340540095
916,-5.746362821905408
917,-2.0726447611848586
918,-2.602040037499467
919,0.48823841861927136
920,-1.024531128440565
921,-0.3641708858529443
922,-4.583624688215024
923,0.17514736792967828
924,-1.1494028254891797
925,-1.339419810287931
926,-1.6125127145106093
927,0.5358389378551871
928,0.8147158171633426
929,-1.9305800813030474
930,-3.3882984852390896
931,-0.13742586256549924
932,-1.1820113972454698
933,0.2368561005011829
934,-0.5379393578140385
935,1.2431149628265663
936,-0.6695326782554742
937,-5.541896688965395
938,0.5020074625547116
939,0.05764018049906422
940,0.3324123404910714
941,-1.4812156799229284
942,0.07304710689951802
943,-0.7966805176557294
944,-1.8426010691616888
945,-1.6287950157838655
946,-5.3447489222200515
947,-2.531798715206785
948,1.2716393859464368
949,-0.7323411291795078
950,-3.822852315254314
951,-0.3127888643060887
952,-1.3173491783717042
953,-0.874792063256772
954,-3.6763187572543354
955,-1.725889198802235
956,-2.0572712507055564
957,-1.875280036050607
958,-2.841231974986428
959,1.2909703816485585
960,-0.3057894560261136
961,0.2639860241514667
962,0.7059263733198405
963,-1.4426725262229756
964,-0.4896249886326951
965,-0.08659167198277636
966,-3.0713068444338067
967,-2.588589122476911
968,0.7354183078867605
969,-0.40772648556339663
970,-1.4467563450284957
971,-1.8954953472082772
972,2.717456271468026
973,-0.9843853509871624
974,-1.150371624881655
975,-0.9529994212734694
976,-0.5102611173677245
977,0.025072662494300412
978,1.5556602043109051
979,0.11653020258607438
980,1.280955972351791
981,-0.4247924081678378
982,-0.49789140573247787
983,-5.574620054849327
984,3.0852371263536966
985,0.18815207206003154
986,-2.2354660649856073
987,-0.33818994928158913
988,-0.9355334911308112
989,-2.736561296651784
990,-1.957466820659364
991,-4.040750802786883
992,-0.29634725920974786
993,-0.3371630140099813
994,0.4785064402258574
995,-1.2023350382490123
996,-4.497738948501862
997,-0.48766319802989694
998,0.5351697779912856
999,0.9525100540374772
1000,1.8011077502452488
1001,1.3918251939176474
1002,-1.3574590363039114
1003,-1.2517589369773636
1004,0.5945433856092802
1005,-1.3882589961819076
1006,0.5777630715348591
1007,8.149575198557708
1008,-0.654229818279111
1009,0.5529241823172336
1010,0.8303252215312225
1011,0.8256160988759653
1012,-9.290176590400288
1013,-1.0978327251396347
1014,-3.2892257933558398
1015,-4.2186995667171825
1016,-0.24501794386566014
1017,-6.7974741087998085
1018,0.9304560192207908
1019,-1.0631882042548453
1020,2.4424274837006092
1021,-1.5124930849520382
1022,-1.53288080002156
1023,0.24697358626269617
1024,-2.468657990313431
1025,1.9463020409415202
1026,-1.4411620200503272
1027,-2.5265851305624842
1028,-0.35530379154944286
1029,0.2713354704078457
1030,-1.0995641415778692
1031,-1.7105175901045175
1032,0.5375583046722522
1033,-0.955344204061177
1034,-0.29853096286321745
1035,-0.11710977176091024
1036,-0.031857265408244705
1037,-0.22514344604817316
1038,0.6413582363223329
1039,-0.9009883270486029
1040,-0.7018346487507308
1041,-0.11763258935443793
1042,2.017674884679123
1043,1.1813731603759454
1044,-3.9486868658561223
1045,0.3681341732090898
1046,-0.990770844454225
1047,-0.31732861192850387
1048,1.7618118467171113
1049,-1.0184633084650803
1050,-0.3817172210832455
1051,-1.589497342114156
1052,-1.8641786778662648
1053,-0.3081486731069798
1054,-1.0526203935889842
1055,-0.31555423998818893
1056,1.2134163977540697
1057,-1.6999284566153432
1058,-0.46868350452141877
1059,-0.26664228449989275
1060,-0.6188416803348524
1061,-0.3170614036075805
1062,-3.052060362271483
1063,-2.3438266486012207
1064,3.0305551420460834
1065,0.27859605376992413
1066,-3.505555715637234
1067,-2.0396473008157123
1068,-2.9022130320364568
1069,-1.1084797395644954
1070,0.15626304232407753
1071,0.511677377186306
1072,0.1440648544520759
1073,-1.4940657450023394
1074,0.6802667069403777
1075,-0.45999765098176754
1076,5.345508282929576
1077,-1.102874493005237
1078,-3.817850972780336
1079,-0.19046717156002685
1080,1.6304834286652754
1081,-0.28303886219064156
1082,-0.28221210011456915
1083,1.2885344214276637
1084,-0.7015093090471334
1085,-1.0664053920995207
1086,1.2113410794289299
1087,-9.338757113012312
1088,-3.2534522645170956
1089,-0.5896348377082679
1090,-0.31628425049770503
1091,-0.5509235311610251
1092,-2.4298583038967805
1093,2.298109768577747
1094,-3.2936456574515045
1095,-2.1376219299749737
1096,-3.8141947985192415
1097,-0.5318463479273453
1098,-0.5448962695384619
1099,0.7024143348388688
1100,0.8444442580949645
1101,-2.498967859416817
1102,0.11573183891267813
1103,-2.4655990774424468
1104,0.7750252321753751
1105,1.176261502796917
1106,1.6091773638105746
1107,-1.1321236864378077
1108,-4.2820746244696135
1109,-6.112379559444927
1110,-0.5624328898844698
1111,0.6749396192580964
1112,-0.08663361818474326
1113,0.3582577892828007
1114,0.2799658498239361
1115,-0.7831988577378834
1116,-4.612506853829627
1117,3.1188733440510523
1118,2.223722993108683
1119,0.3527517220282012
1120,-1.3338517208111917
1121,0.26527732675948856
1122,0.5126029926674611
1123,-1.333273096480064
1124,1.5502975047937149
1125,-0.6253587409116554
1126,0.08364062862781525
1127,-1.1541547177009979
1128,0.0038992344642924427
1129,-1.2009120408902705
1130,-0.07071937050008062
1131,-0.2576226930073365
1132,-0.47853328119258437
1133,-6.0925327202656705
1134,1.9183595943770777
1135,-0.369208827433535
1136,-1.6859211307572077
1137,0.003924194898832251
1138,-0.6708929232273769
1139,1.2392757445605427
1140,-0.06506834353574116
1141,-0.3441338776218618
1142,-0.8157155330360116
1143,-1.391280219077709
1144,-6.443414097176566
1145,-0.4117974332799797
1146,-0.9284013291473804
1147,-1.487382645216434
1148,0.2502446268070929
1149,-2.3538593795983744
1150,0.2382238061351352
1151,1.3913594198480557
1152,0.6981792457835654
1153,-0.8241301756177971
1154,-1.3273680681667006
1155,-0.18521196253250877
1156,-0.9655414811687828
1157,-0.12216893287041815
1158,1.7558840946406684
1159,0.20893957738542973
1160,0.45027528268619327
1161,0.315027720917118
1162,-1.934736880950262
1163,-1.2392829926233013
1164,-0.17014546655598306
1165,-0.6951130150450938
1166,-0.6523466438058143
1167,-2.701050122789688
1168,-1.3289559232500918
1169,-4.0729700870679
1170,-0.3415859032888069
1171,-2.18692268440149
1172,0.27728273502504386
1173,0.8010268392142094
1174,0.578085401591433
1175,-0.18569351185181954
1176,0.16783165104230266
1177,-0.053509336209478585
1178,1.7749777437367145
1179,-1.1417422475165853
1180,-1.505894114292513
1181,-1.0671172473714208
1182,-1.0724499703029737
1183,1.59274200989275
1184,-0.8441867678764201
1185,-0.6320928419231092
1186,0.0753233213922423
1187,-0.3185744460690657
1188,-0.7382865694865212
1189,1.3348951513917686
1190,0.3377501756111943
1191,-1.772934486564885
1192,0.40317507231680483
1193,-0.2765415488679213
1194,2.036689770893892
1195,-0.6600230089611974
1196,-1.9877279281660112
1197,-1.5621065259801288
1198,-0.2604948988676854
1199,-0.13483793926383514
1200,6.181682197782789
1201,-1.3871718958950912
1202,0.23539974996125665
1203,1.3277441223019757
1204,-0.9314415954437897
1205,-0.2985482039153695
1206,1.231125236733635
1207,-1.066873285151739
1208,3.0079618056818513
1209,2.0808787690936517
1210,0.5062753874601855
1211,2.072031036870689
1212,2.521685180641314
1213,1.40909442565384
1214,1.3827866167129694
1215,2.501549361167934
1216,-2.2004951586733976
1217,-1.5009979976901877
1218,-1.1722367009694714
1219,-2.752297492187469
1220,-0.0015712040183807649
1221,-0.3030017345586059
1222,-2.3547324878831115
1223,0.05589759639226003
1224,-6.785727615169837
1225,0.34875561116079257
1226,-0.5713851066795773
1227,-1.8866962927709052
1228,-2.4040289799336585
1229,0.45015271692655107
1230,-0.4439583337276923
1231,0.45076314470698264
1232,-1.1711333081530806
1233,-1.0350338588461054
1234,-1.8425895658698825
1235,-2.037940129638088
1236,-2.3166154584155754
1237,-0.6962029986132866
1238,-1.8715534642678189
1239,-3.4138514950968686
1240,-2.1906909386510964
1241,-1.40394986754805
1242,-1.8494829805985433
1243,-0.5993803155687732
1244,2.207442301931313
1245,0.0608790281534455
1246,-1.391571301649751
1247,-1.8105453483811407
1248,-0.30695844436711034
1249,-1.475048950966751
1250,-0.022626916422926295
1251,0.3280105579979607
1252,-0.28227803549694475
1253,-0.3835694196533857
1254,-1.9259300843495264
1255,-3.967992362218778
1256,-0.9276879878442099
1257,1.0652826237744581
1258,-0.11916105226079661
1259,-7.98633519371698
1260,0.20800383143533632
1261,-3.0438662352458845
1262,-2.235160864402611
1263,-1.157586467365636
1264,-2.0231870226450344
1265,-1.550590535533105
1266,2.435899815839398
1267,1.6508106322958829
1268,-1.0124071452274688
1269,-0.712618363284578
1270,-0.8387639246336521
1271,2.20011666215948
1272,0.2560202456435501
1273,0.4442954653064001
1274,1.1819431998034158
1275,0.5224818998361104
1276,-0.038079552066448696
1277,0.96913749159705
1278,-0.1197603082163593
1279,-1.6191116636329044
1280,-1.9547682512608293
1281,-0.8724402394185625
1282,1.4249174638874427
1283,-3.2465904367658855
1284,4.020206928403624
1285,-0.3497521895890945
1286,0.30234443008148626
1287,-1.3872714780154964
1288,-1.3246308342051467
1289,-3.8320154258464565
1290,3.043721120419496
1291,-2.7878050975525643
1292,-0.5130768491620749
1293,-0.5619509811910991
1294,-2.1954876056018993
1295,0.022956664339660003
1296,-0.5698778362381672
1297,0.06424228013875573
1298,-1.1893048032422413
1299,-1.3141716784908966
1300,-0.9627922503303293
1301,1.45085868190634
1302,-2.248870973718088
1303,-1.9284860789109834
1304,-0.7463583379592291
1305,1.0551753763148912
1306,-0.6784946290041093
1307,-1.6948141994254289
1308,-0.05881095494724458
1309,0.8591805722585844
1310,-0.6353215868964242
1311,-1.981140154012459
1312,-0.47111364949857026
1313,-2.4186387178513797
1314,1.1377233065033838
1315,-1.4948158443732793
1316,0.03299950102012144
1317,-0.9268823140231762
1318,-0.009057710748390693
1319,-1.0044105428902594
1320,-2.2261340350677963
1321,-1.0362844820354873
1322,-0.24085992092054956
1323,-3.280992679310177
1324,-1.4107585726509866
1325,-0.39701438730626815
1326,-0.8747555026789745
1327,-2.1003709726394257
1328,-3.6669867134531713
1329,-2.8456223338258457
1330,-0.2541866157242654
1331,-0.8167595581767605
1332,-1.1780239019374945
1333,1.060863705753869
1334,-1.2012338155091495
1335,0.8768477914932394
1336,0.22609505767580676
1337,0.11618801185279813
1338,1.1988556757589455
1339,2.085421995400493
1340,1.096376344737364
1341,-1.7096441916268332
1342,0.7843746787079419
1343,-0.9374746860018189
1344,1.3338390534237472
1345,1.403363573358389
1346,-0.7439289808619124
1347,0.16028406408534424
1348,0.48761588046151394
1349,-1.4861573643335675
1350,1.3023080873422632
1351,-2.1342670227245377
1352,0.22875445936624594
1353,2.6451255597059307
1354,0.24218943070542573
1355,0.7927989206840195
1356,-3.115334317077312
1357,-0.16025683091384801
1358,0.5519239715718238
1359,0.48117794802062475
1360,-0.5132033750031693
1361,-3.531740731588744
1362,-0.3829868339779476
1363,1.0274225166673978
1364,1.049392702950173
1365,-3.285899997444479
1366,1.0050040458927951
1367,1.0160963143765687
1368,0.28947706312243604
1369,1.62277387802386
1370,-1.6298774675620329
1371,-0.40016357297867083
1372,-0.7723220962936687
1373,-1.323992209290197
1374,0.23005928933897518
1375,-1.8957601436176235
1376,0.7667282865186437
1377,-1.8887780391694589
1378,-3.0679938140961216
1379,-1.432905079740827
1380,-0.6938115218340017
1381,0.7030809520611435
1382,-1.797651535269647
1383,-0.3977934059962606
1384,-4.1237041259092395
1385,0.8532795284723496
1386,-2.738093256898136
1387,0.8279547620900162
1388,0.7498373485357452
1389,-1.2544085830227016
1390,-0.181020036270626
1391,-1.2863340789585238
1392,0.24693390544119512
1393,-0.39239842434332844
1394,0.2219163888346635
1395,1.7461084201356127
1396,-0.43622944264220426
1397,-0.3249031991066485
1398,-0.960541380503873
1399,-1.7344983975550947
1400,0.7561616615753767
1401,0.8675102771518232
1402,-0.16165819698542766
1403,-9.137918659566102
1404,-1.4424006123998052
1405,-2.6569977594811047
1406,2.230787021523096
1407,-0.4641878592651993
1408,-2.058638553201602
1409,-2.5172442841204816
1410,0.5375351977348779
1411,-3.713395493485289
1412,-1.9775859121980248
1413,-3.2806611973468547
1414,0.686471036329915
1415,-0.03255898810793691
1416,-1.95858161163539
1417,-1.6302968821017958
1418,-0.42325625273332407
1419,-3.152809360232168
1420,-1.0375492259655879
1421,-0.7524397386732042
1422,-0.13597531673497726
1423,-1.6722426178267387
1424,-3.5505593235696735
1425,-2.0436656336418815
1426,-3.4029583634111638
1427,-1.882626624038545
1428,-2.352037947801614
1429,-2.7759092133198635
1430,-1.398130518572739
1431,-0.6116435774485044
1432,-1.4645393341295234
1433,-2.3979901892369404
1434,0.9307529948754361
1435,0.5985377186966346
1436,-5.908750821214003
1437,0.4714911295917229
1438,-0.5744382161516144
1439,-1.2963765454516107
1440,0.37797996297162795
1441,-0.10421648244504632
1442,1.5878022631344144
1443,-0.6415096047982677
1444,2.5348146207764155
1445,-2.525970163554948
1446,-0.3224651877912725
1447,1.4264606472003007
1448,-0.7636053945216501
1449,-2.123046380775415
1450,-0.8512750296790098
1451,3.0276879162378116
1452,-2.0562625930176304
1453,-2.2402689222204506
1454,-0.47811166599105365
1455,0.1677478238035485
1456,2.3300298065341676
1457,-3.2511011194964703
1458,2.2040964685995506
1459,-0.9103808661898998
1460,0.30811543356717513
1461,-1.64038006503722
1462,1.0630151412643254
1463,0.6018745971719444
1464,0.09736556485969365
1465,0.43231184555727203
1466,-0.3832992648769575
1467,1.146523361072356
1468,0.7088901794675057
1469,0.4099543308215866
1470,3.808103174511425
1471,-0.23477461826506774
1472,-2.0674972885840712
1473,-1.1710566297062504
1474,-0.6164929621051563
1475,-2.481672314460422
1476,0.6567460974130238
1477,1.2112981473228035
1478,-0.5814152525734939
1479,-0.9809891502884158
1480,0.22218781064602414
1481,0.24146637238391602
1482,-1.8497311840867223
1483,-4.418873186991921
1484,-0.28275867179049247
1485,-0.9251191093626938
1486,0.5122145495211635
1487,-0.3997609613874799
1488,-1.0202380100589223
1489,0.330138507284275
1490,-1.0943101087010814
1491,-0.2859811069010527
1492,-1.1937064894833573
1493,0.1183593772229197
1494,-1.2188550062511947
1495,-1.332246876614632
1496,-3.1008262659659835
1497,-2.110782951702318
1498,-1.7058685483926515
1499,-1.1068091030065266
1500,0.3326680309431157
1501,0.5784377312347002
1502,-1.6226948236749552
1503,1.591440596666662
1504,-3.189372464928698
1505,-2.9442827835561216
1506,-2.764249042263566
1507,0.17393189295080413
1508,-1.103428521626688
1509,-0.3736781337381388
1510,1.2356736259755088
1511,-0.8809692246808112
1512,-1.1755773195014891
1513,0.7935946604164796
1514,-0.10937581576243884
1515,-4.013108970791433
1516,-1.5658805258383397
1517,-0.47636419327749874
1518,-2.557100542074014
1519,1.2678619906054487
1520,1.6257717296897662
1521,1.352391260918297
1522,-3.182386625014331
1523,-1.8076706040269679
1524,-0.9779068825047325
1525,0.1270747335461939
1526,0.3000914279101373
1527,2.0086627508310015
1528,-3.3376902479613557
1529,0.20829123950424835
1530,-0.036715249506370874
1531,4.128769536007902
1532,0.8652661209732019
1533,-1.2268223039639221
1534,2.092374407241057
1535,0.23259482610170876
1536,-0.8193753936213701
1537,3.776203112953828
1538,-1.2478576478644077
1539,0.4857927901094817
1540,0.34046001635783635
1541,-0.029573821722685845
1542,-4.155832874067977
1543,-0.34095720515059524
1544,-0.9447223225078983
1545,-3.2521911222098163
1546,1.1898909980280192
1547,-1.0805008801067868
1548,-1.508134726740515
1549,-0.642399857909141
1550,-0.405416432630686
1551,-1.7380298955008402
1552,1.5671182459312043
1553,0.5980041096679496
1554,0.9880841143663562
1555,-1.174888371998719
1556,-0.39209211986154124
1557,-0.9190048340979436
1558,-1.7216468675819885
1559,-1.296820229376843
1560,-0.9081991897477478
1561,-1.4333529945307422
1562,4.826682662558966
1563,-0.1950799213674578
1564,-0.48285290576253964
1565,-1.0624303483761917
1566,-2.850935978237106
1567,-3.9039945943434966
1568,-3.0779766857896917
1569,-0.2969717056633871
1570,1.7802171654179386
1571,0.5711554295532512
1572,-0.3706558670729266
1573,2.194283724208323
1574,-0.8500357159783407
1575,-2.1968452773435256
1576,-1.3721289400807035
1577,-0.6467585234826275
1578,-4.173284754711264
1579,-0.5381136781810317
1580,-0.8647507477497642
1581,0.26498298819696187
1582,-0.845575851695048
1583,0.2235630693724482
1584,-2.534438520293478
1585,0.37669591126890045
1586,-0.3898913338683226
1587,5.267558693738347
1588,-4.024321938735138
1589,0.2464601667705992
1590,0.019868532050823787
1591,1.4993574104965606
1592,-4.258760443560501
1593,-0.4161393962024087
1594,1.0466848867034286
1595,2.3116246402202787
1596,-2.052041420894372
1597,-0.018519065689397696
1598,0.39025032707564244
1599,-0.7978513435077015
1600,2.1558345499378615
1601,-1.8261516254259373
1602,0.10281780068982585
1603,0.07347863435928673
1604,-1.5863213290706022
1605,-0.18786131646505874
1606,1.2238750284098403
1607,-1.6320199277901863
1608,-0.6902077919141199
1609,-1.515925478956405
1610,0.6195379218315685
1611,1.979335192038977
1612,-0.3640589094507327
1613,0.4043223820710753
1614,-0.5444095747381741
1615,-1.562691638902292
1616,-2.6601418681038638
1617,1.0527835335191833
1618,1.6687940394541891
1619,-0.4906201953892814
1620,-1.0421459480189879
1621,-0.5779594596858005
1622,-9.898751571682357
1623,-3.831856613980547
1624,-10.492517682968526
1625,0.130661403999274
1626,-1.102260158746446
1627,0.43284342119962765
1628,-3.168529669165508
1629,-0.8470261570812734
1630,-0.06108444177564892
1631,3.409300359515754
1632,-0.8145978612181434
1633,-0.8687741060059135
1634,-1.3323811277370716
1635,-0.15573128749495913
1636,0.5518026119902457
1637,1.21224371679083
1638,-0.08382251161046501
1639,1.467800627806431
1640,-1.3254444671239156
1641,0.03492408183663557
1642,-2.14804375004236
1643,-1.3475732711836887
1644,2.391478713182168
1645,-0.3610917426934333
1646,-1.164721666462152
1647,-0.458738235900641
1648,-0.7056428074476283
1649,-0.4128995371128892
1650,-0.8060175011815257
1651,-2.0117259712323237
1652,-0.1763488243838628
1653,-9.98024486606982
1654,-0.6257725339421591
1655,-0.4676743013570521
1656,-0.791446221426608
1657,-0.8220065731614582
1658,-0.5427274458999507
1659,1.325545062909874
1660,-3.9846794295946526
1661,-0.5066630339593486
1662,0.23226325732179057
1663,-1.0483048002761937
1664,-4.116414272009376
1665,4.068551500706229
1666,-0.026411629096573186
1667,-4.5009351716925385
1668,0.16815080444942043
1669,-0.8559445107719861
1670,0.6791994858678297
1671,-0.6022806340474283
1672,0.050833894811962564
1673,-0.8954824675261716
1674,0.7371849726067463
1675,-0.06515257142283218
1676,0.006040788044820118
1677,-2.8865304270032923
1678,-0.7197151183429652
1679,0.004420437572963644
1680,-0.1909677421734157
1681,-0.5436524794451136
1682,0.514513749260868
1683,-2.9698172989546046
1684,-0.2348821746455111
1685,-1.2388770949709167
1686,-1.3482096850558158
1687,-5.199392628371281
1688,-0.6156821096810422
1689,-2.2780535039568495
1690,-1.6241620038031062
1691,3.3322028514551714
1692,0.4212889788035482
1693,-0.25288743992264046
1694,-1.5646209155466166
1695,-1.647374489220309
1696,2.077366383381047
1697,1.0859399034100223
1698,0.7068189959345433
1699,-1.2305573841039243
1700,0.5345880568154038
1701,0.40187137910727216
1702,0.4083640481976063
1703,0.8886314149771716
1704,1.3395599871999362
1705,-0.7476824771294684
1706,1.1644903437993048
1707,-2.526907310864463
1708,-4.344642121266895
1709,-1.392997746334576
1710,-0.8196375235879081
1711,4.512186660680909
1712,1.1502907756100118
1713,0.8527952471909307
1714,-0.46781389602939055
1715,-0.834907166555227
1716,-0.7806983836101062
1717,-0.9314409156200428
1718,0.3567855599039653
1719,-0.35185731232801526
1720,1.47625055466818
1721,-1.4397924951222976
1722,1.8567483227020383
1723,-1.7293069686626446
1724,3.2384272367387905
1725,-0.20407991276548137
1726,-0.8475523567872538
1727,2.6928506375069325
1728,-1.5676211895200973
1729,0.0790040782988327
1730,-0.2474397495717301
1731,-4.916498911107294
1732,0.9254291299709448
1733,-2.1826947057937014
1734,-8.493809773305466
1735,-3.454334278482172
1736,0.904643674083825
1737,0.39790322927121
1738,-0.17754028871537086
1739,-0.9344080358146205
1740,-0.4470351533656447
1741,-2.5501859733261276
1742,-2.7230743815996608
1743,-1.4266823523199759
1744,1.1897603703924504
1745,0.6137748001287452
1746,0.9230370693997458
1747,-0.09508586615539806
1748,5.325976633787993
1749,-0.7926059600037161
1750,-1.1498328681352652
1751,-0.7148126090613263
1752,-1.0937631680630364
1753,-0.1011896173593177
1754,-0.8781486637706917
1755,2.5326455362075637
1756,0.32534297081417063
1757,1.7730726954932514
1758,-0.6537458486430399
1759,-1.5232071040521664
1760,-1.8406211238299688
1761,-3.997739439355932
1762,-3.172615112298362
1763,0.25810990711706255
1764,-1.000503116745255
1765,-2.8988336337113534
1766,-1.5109018012574185
1767,-2.6433639403157927
1768,-1.0016363544173923
1769,-6.885339239525097
1770,-0.016216676790734953
1771,2.170431792108855
1772,1.7734856869141435
1773,-1.1075655939151086
1774,0.9676893501504595
1775,-5.426198970154798
1776,0.09115572144140806
1777,-0.9780216361815759
1778,-3.8117587741474392
1779,-0.051599049488467344
1780,3.989032062822294
1781,1.856576052831413
1782,-2.3725257585675616
1783,-2.0491547481108903
1784,0.6669052961035197
1785,-9.951672692306694
1786,-0.00559193936730586
1787,0.18537311635067713
1788,-4.138943974880373
1789,-1.6945408199548264
1790,-1.8738688832048815
1791,-0.40699032383627076
1792,-1.6203877530062831
1793,-1.0657563687036236
1794,-1.3891893361289476
1795,-0.9452199891486592
1796,1.5034345914569185
1797,-1.5213923470962694
1798,-4.358378457618355
1799,-0.9906694977339807
1800,0.7596247188057761
1801,-0.21719550301536808
1802,-1.3586564630538749
1803,-0.39292553226427857
1804,-2.14271506831308
1805,-0.7925853840382011
1806,-3.734548375873996
1807,-3.0871865016033224
1808,0.37160006988747313
1809,-0.614473701652747
1810,-0.2499534878228836
1811,-2.848298087047718
1812,-0.27586154670528157
1813,1.20665299115054
1814,-1.3277502758104087
1815,1.1676881068603415
1816,-0.031200637344738616
1817,1.2404447375077148
1818,-1.0441227681758185
1819,-5.937340611108716
1820,-0.5345958640998779
1821,-1.1487763340706436
1822,-0.8100499224052534
1823,-0.39653509896238204
1824,-0.4789038739150755
1825,-5.587467899279783
1826,1.4131080897938746
1827,2.5121148341351986
1828,-0.3553227386946187
1829,-0.29288240416072586
1830,0.5956944199911169
1831,-1.95638088574525
1832,-2.054702632340057
1833,0.01525765552198529
1834,-1.7118818353103034
1835,-0.06645370824126551
1836,-2.989771514139534
1837,-1.6138502587902324
1838,0.439592007271792
1839,-1.264827656363458
1840,-2.7433955475339946
1841,0.9598677366357463
1842,0.5665698685038136
1843,-0.6294864890012445
1844,-0.46438140345090806
1845,-1.492837890316978
1846,-1.8873415590732574
1847,0.4603443867205315
1848,-2.2911432514953947
1849,-1.9073368597846097
1850,0.1267512735829328
1851,-0.8612154297554949
1852,-3.7186308522784466
1853,0.06921179694009574
1854,-3.4715311067088876
1855,-1.511772888706547
1856,-0.5711216099286196
1857,-0.2742752367549876
1858,-0.19549608971541627
1859,-0.29163947837593496
1860,0.8702098491389126
1861,1.4705678227444148
1862,-2.2903498992937505
1863,1.427050167573332
1864,1.6378790764507616
1865,0.017751502656112576
1866,1.509340874550794
1867,0.08425095700958968
1868,0.061066048097776056
1869,0.9246665163738169
1870,-2.216388954377178
1871,1.6639381874460868
1872,-0.6876474318818682
1873,-0.16838908023626248
1874,-0.6070430802116626
1875,1.5649239466777538
1876,1.2927598987968858
1877,-0.4915370057757556
1878,-4.663542501281091
1879,-0.7270988607166762
1880,-0.006095618538285361
1881,-0.9512238975451363
1882,1.2966006215762556
1883,-0.9175692208327254
1884,-0.15882426822215068
1885,-2.9558323735483754
1886,-0.4081932454010756
1887,2.373803085071005
1888,0.6856928357663441
1889,2.6614376798307564
1890,-0.7147534201754624
1891,1.1153981963561415
1892,-0.6344588840882017
1893,0.6071430316957482
1894,-0.7574409600446873
1895,-0.4048568469057132
1896,1.18478648829312
1897,2.866963697902417
1898,0.22687208363332875
1899,-2.488490512036107
1900,0.7023457194496288
1901,-1.6485552434871513
1902,2.1653174015049195
1903,-3.392166216081736
1904,-2.083427083970523
1905,-0.03601110010419838
1906,-2.3653412810412964
1907,2.472938423922596
1908,0.621491265487508
1909,-4.075387655808499
1910,2.716885568588094
1911,-1.4245370552288357
1912,-2.035483607103602
1913,1.1382496839910523
1914,0.5235444988032872
1915,-0.29231154884398436
1916,0.8667006018445146
1917,-0.4933186592456603
1918,2.057798408055596
1919,-0.30067755589676687
1920,0.7927577284487461
1921,-0.20069977131557099
1922,0.04256258572223568
1923,4.401781927613788
1924,-0.6484143245648639
1925,0.6910133366077794
1926,0.6261336409585234
1927,2.5341671542886646
1928,-0.45517117837918103
1929,0.6548034359327014
1930,-1.0179968998875542
1931,1.2757805476970128
1932,-3.677829398929919
1933,-0.07882540211734909
1934,0.6207953274096697
1935,0.7859120657778322
1936,1.070768226223458
1937,-2.1049303163640203
1938,-0.7285372633635757
1939,-0.6144200619381461
1940,-2.3434485043247695
1941,-0.3046499406173298
1942,1.8187232283840808
1943,0.07837109995312563
1944,-2.050567526237565
1945,-3.176104177013738
1946,-0.7965614612796333
1947,-1.267104657137555
1948,-3.1330305887180683
1949,0.5530085171595335
1950,-2.025963089630439
1951,0.1168730381171756
1952,2.0141390080337036
1953,0.040618658270873555
1954,-0.8745754422704975
1955,-0.9849312956891099
1956,-0.46358754485856873
1957,0.47976431609021797
1958,-5.219738508457028
1959,0.51376851489821
1960,0.44476824298199547
1961,-6.691382746783213
1962,-0.8206818234509847
1963,0.3645214324447011
1964,0.11331185639633766
1965,-2.009556314563662
1966,2.354942762943425
1967,-0.47773039893872604
1968,-1.3864108139173765
1969,-1.4298172666491853
1970,1.4046254013413606
1971,-3.3543408025042765
1972,-1.1377730076421124
1973,-3.40193751192605
1974,-0.43556015043954616
1975,0.3051932367313999
1976,0.01452320531040751
1977,2.3218843471672233
1978,1.179266508475966
1979,2.128969954570676
1980,-1.0039492741990625
1981,1.702000410199666
1982,-1.1870783141272518
1983,-1.2075903128126597
1984,0.6330793362710314
1985,2.080492140838256
1986,-3.3858229203678674
1987,-0.5492795003848459
1988,-1.1294998350713974
1989,1.6225415916595474
1990,4.320849347893428
1991,1.1353151127303176
1992,-0.8247040120133177
1993,-2.0092308425257115
1994,-0.8232307339739531
1995,1.8053226941531482
1996,-0.31799917231379315
1997,-1.622532844240014
1998,0.0009901509497382984
1999,-0.8787257493619973
