,value_per_image
0,0.024165188124289427
1,0.39746665201077147
2,0.19735493325653816
3,0.3697270734926271
4,0.0579051751776065
5,0.5194191801644131
6,0.16975725995854796
7,0.11834807498023794
8,0.1981602236533873
9,0.1893839211630395
10,0.12146183908989465
11,0.3503646888461326
12,0.5977936572064337
13,0.7004279939694871
14,0.5697962836296577
15,0.35922450781322224
16,0.6420386790557651
17,0.14650510073182746
18,0.2703142080439036
19,0.28223938951724736
20,0.5228333757480851
21,0.18219155392849568
22,0.0036080628511483063
23,0.46425797952656
24,0.03458036630190638
25,0.2515805950160491
26,0.6305521034437498
27,0.4779374961485041
28,0.056492820924422676
29,0.3139910202581917
30,0.5291094159896309
31,0.2670804895390473
32,0.3804887648726247
33,0.3351892254239864
34,0.3219493412294596
35,0.4242648936598321
36,0.6885129275712712
37,0.7299836329232807
38,0.11097864556229203
39,0.6404657814512904
40,0.008263887781005062
41,0.2613015637583481
42,0.730280606012627
43,0.3001491420423633
44,0.18353668347725
45,0.11176714376436823
46,0.7181745050264673
47,0.3724353365654727
48,0.061444907940933616
49,0.6222289859682768
50,0.4568852104332243
51,0.5451362656162635
52,0.43937522959175657
53,0.06087873626844965
54,0.5897349076715503
55,0.07352449046934217
56,0.361603989825626
57,0.5791394107310809
58,0.409913478145577
59,0.3635569056704917
60,0.05316910044143673
61,0.08395139255830042
62,0.15986965764325228
63,0.018249977198776083
64,0.552816105429544
65,0.3972847753325536
66,0.6637436061422917
67,0.34523581655752433
68,0.6010106228830737
69,0.4363962700547095
70,0.22088075142167354
71,0.2382869550310893
72,0.03701123567684871
73,0.1851445965056696
74,0.4797649500304936
75,0.13928517294738796
76,0.0488420861800216
77,0.2780122568575744
78,0.6393759574633794
79,0.2823792094082127
80,0.11694383849683465
81,0.6465947795272637
82,0.352609908598194
83,0.06689163066268855
84,0.5733714222606476
85,0.4816825144768699
86,0.10267453566135244
87,0.1993891356415481
88,0.08969302863247834
89,0.5020286458472942
90,0.058607588445990975
91,0.04473687697878704
92,0.07369331090483935
93,0.3435582641178209
94,0.5677100296782505
95,0.4166449227302299
96,0.06753160969490031
97,0.3017433153365053
98,0.2190034331354124
99,0.0006616478381415202
100,0.34720906500517895
101,0.2575143171687395
102,0.053522906073682784
103,0.20899108708342026
104,0.3432870796286052
105,0.3007726706276892
106,0.3604055317863062
107,0.2578167853088865
108,0.3945596989597096
109,0.2837288218839095
110,0.1437335864244917
111,0.07767727621885699
112,0.031797656253939065
113,0.02711065508269533
114,0.005853313331426274
115,0.22020914579193476
116,0.5621674877860279
117,0.32029446302364817
118,0.6074163461453002
119,0.4233115223448623
120,0.10268435721766313
121,0.5639615070976794
122,0.0512152288333106
123,0.020532296602923415
124,0.39690740325188895
125,0.2832974243249465
126,0.5353965805790586
127,0.3724318151451615
128,0.03834465859649341
129,0.3391029540812953
130,0.24325623901010016
131,0.6619929917973449
132,0.3626320347224892
133,0.4100464179883972
134,0.2791227856201373
135,0.07441757453438567
136,0.5532258342448818
137,0.4005034130144314
138,0.18083569779303385
139,0.3778909525264381
140,0.07652122247939748
141,0.5434962326466641
142,0.16332261828099426
143,0.4410496554655551
144,0.21771267345550227
145,0.5620046699346699
146,0.04340222553274234
147,0.4012630341326634
148,0.37375537877248055
149,0.27474176982257703
150,0.2901560001251485
151,0.513162573407879
152,0.6142502828192464
153,0.5978547807181571
154,0.2270289855686361
155,0.1925886546974068
156,0.33567178180996016
157,0.689779112909911
158,0.3156560806230766
159,0.2142103141120798
160,0.8539548981327499
161,0.5811474640300088
162,0.18600756832505289
163,0.09729720082677767
164,0.4011759456491176
165,0.229299461835318
166,0.6066288647444469
167,0.6093020374041271
168,0.3787610841236084
169,0.09003314277819145
170,0.3727350463036442
171,0.7401381897791828
172,0.08982687370310061
173,0.5595604190600251
174,0.4220110015537361
175,0.4908018990611245
176,0.3777316997223222
177,0.20272969867859872
178,0.006963984418133312
179,0.5549677767721426
180,0.13268694763996028
181,0.4941574705349849
182,0.08210302889799788
183,0.14729968094907775
184,0.2332999339314016
185,0.4508333201961092
186,0.7191069508412756
187,0.049015103962532384
188,0.27232851419580617
189,0.739261519993609
190,0.5336861938338209
191,0.5724895563178892
192,0.5946046501206814
193,0.04661200272641424
194,0.463625907065835
195,0.038590787860055036
196,0.4120428034236738
197,0.2737238812364085
198,0.525034554084196
199,0.36882217114638016
200,0.6948858644844212
201,0.07455737366025117
202,0.716065441740594
203,0.4788043276966738
204,0.38373343256499615
205,0.016850243936204143
206,0.24539784680103005
207,0.08403532626019804
208,0.26984395047066323
209,0.1828442100779358
210,0.2955838099793563
211,0.2787332280151523
212,0.08986798577751905
213,0.0024508710142316053
214,0.5519889325388612
215,0.08012732040867232
216,0.40396499458921903
217,0.4352076140881276
218,0.22209386694134936
219,0.7298935111705155
220,0.4164577569247073
221,0.2077538608497574
222,0.23327873724763384
223,0.6872123959661667
224,0.2381248575600864
225,0.4630638198309937
226,0.10394212554808167
227,0.1841324060310033
228,0.4271856512966864
229,0.5827696210144732
230,0.5115042942544346
231,0.5269251774631363
232,0.20232758779402
233,0.31986465539608994
234,0.59107846855074
235,0.3509023159132532
236,0.1109063410534607
237,0.11259757642570067
238,0.4143758343845789
239,0.5911030129640208
240,0.33424266623208776
241,0.4999453985021752
242,0.025644766028551275
243,0.14683448865410734
244,0.08279087643589142
245,0.3560759294558108
246,0.3330453780481095
247,0.060634120034841435
248,0.025179384822682643
249,0.3038920148437745
250,0.6324767261997934
251,0.12470034541707277
252,0.4580121802561448
253,0.22485460484745015
254,0.2413769782516804
255,0.8059619627847054
256,0.30752451401026426
257,0.2522461638519033
258,0.478192248993089
259,0.1700876347786851
260,0.5187506155184252
261,0.1867086076486732
262,0.19305480893352445
263,0.01937365184765385
264,0.28764289209864924
265,0.3767166743252075
266,0.4046160346109444
267,0.542224248783713
268,0.43393448673714
269,0.4793432535671607
270,0.039717600296397364
271,0.28105556296357914
272,0.5923470321546854
273,0.19297458812726048
274,0.4337087636916816
275,0.3648592142779379
276,0.045574263241931263
277,0.5463169725300394
278,0.16240208126791505
279,0.5525335765046747
280,0.2605077429683583
281,0.5573591993128848
282,0.521922622278092
283,0.6378316743107761
284,0.3134515835653965
285,0.2828921112608293
286,0.31147954751145235
287,0.03210552324700839
288,0.14510502024153674
289,0.18900917758844807
290,0.11350273429677217
291,0.03008194723790537
292,0.535295938441235
293,0.4112981881200013
294,0.6417758648943581
295,0.35905205117507216
296,0.2113507036548017
297,0.12488046261785855
298,0.12045307976371207
299,0.08504687531403489
300,0.18662297569890104
301,0.17582516523152375
302,0.07121151197133582
303,0.5249296500167213
304,0.08964377201779099
305,0.02774313813239597
306,0.2340162073196833
307,0.17336869378430975
308,0.5928939028765239
309,0.06636283739897586
310,0.5509316997265771
311,0.1884057850682201
312,0.09859424922473954
313,0.5277757814471922
314,0.5745136253321957
315,0.22158443312648132
316,0.28716882074747024
317,0.09539476774648983
318,0.7057481085149577
319,0.03795635843908204
320,0.18430199747092108
321,0.40174283132848587
322,0.6157013032421073
323,0.5768576392659055
324,0.3027466071043239
325,0.2222163702520556
326,0.06926813178843394
327,0.1966786949546413
328,0.5088908111767396
329,0.17382372898001153
330,0.4048350398787616
331,0.13129518190232015
332,0.5713479220354454
333,0.0833172426636479
334,0.18998656527268912
335,0.2655647295045531
336,0.1151708807099626
337,0.14853750350455006
338,0.597766510515813
339,0.257607093889815
340,0.7435063370131711
341,0.26591768002295074
342,0.18212109528085693
343,0.7718055528838687
344,0.0641444610031959
345,0.13272741373726346
346,0.3695522917257298
347,0.4139857006006689
348,0.4859065096481847
349,0.4136972307637846
350,0.22072949182260845
351,0.4684891656087056
352,0.6874571690013928
353,0.8118927045427037
354,0.6503211943454232
355,0.12877522616453976
356,0.14270299343528106
357,0.22893584393995606
358,0.27425838674519465
359,0.6613104036414742
360,0.6036017464652033
361,0.3044058868357879
362,0.015265002813147629
363,0.18318568613978392
364,0.10934834195237217
365,0.4544365051263259
366,0.16251397377868848
367,0.1859811701096853
368,0.5845131839978556
369,0.014613924085694868
370,0.5042340813619081
371,0.11524485947219802
372,0.4116513971161319
373,0.2549825988119138
374,0.17965103584149456
375,0.35616811903449325
376,0.6732233980964865
377,0.4926889000488577
378,0.2595856480340107
379,0.5250010853272229
380,0.2220822931476007
381,0.11624175293109333
382,0.14413125635206134
383,0.3060484620596239
384,0.3966263428465699
385,0.6720052852200981
386,0.7392452877451294
387,0.2923926218725512
388,0.29496670684587645
389,0.17275075541640614
390,0.6749476751896989
391,0.345183768675706
392,0.6010045633749559
393,0.4352053011962737
394,0.2011430379517045
395,0.40559988878555975
396,0.054971367495811
397,0.2714200563200621
398,0.359884317463026
399,0.3126830347193838
400,0.6180972857118656
401,0.2844743665219707
402,0.27380305582970743
403,0.26659157046892384
404,0.4490051757358212
405,0.2396201222394527
406,0.2668404583041004
407,0.548879691991355
408,0.3828000572183087
409,0.4576360356428182
410,0.22847989861320184
411,0.3413323264398631
412,0.5555783556862528
413,0.07701980203671357
414,0.2381476248397233
415,0.25559365796723355
416,0.4357782641265958
417,0.7528818661651748
418,0.13112805125837726
419,0.38846099157506503
420,0.33842431388743044
421,0.20485416758223
422,0.6676366407076462
423,0.5668576761697254
424,0.6994329544212216
425,0.3914851056275518
426,0.00640797226875197
427,0.3263094144060092
428,0.2565016693369163
429,0.4269392096462964
430,0.3489276924640725
431,0.3500484366336412
432,0.3290580205970399
433,0.2853191345529926
434,0.3939686312677443
435,0.6243296551594762
436,0.2758194930681516
437,0.14618143933856545
438,0.6437878985084846
439,0.12747876738848135
440,0.3428797073581131
441,0.1889228528977514
442,0.3409500935528035
443,0.610446347531852
444,0.6028073234602662
445,0.2167046125335121
446,0.10185726476465844
447,0.4403570079873298
448,0.28267338282177235
449,0.5739567848847933
450,0.2229444762247656
451,0.3716193711346297
452,0.12154101648584828
453,0.05089680930437805
454,0.16217632183185646
455,0.4633720262700549
456,0.5466383358378311
457,0.1182077869163468
458,0.011635934648487152
459,0.04387808692012707
460,0.4722696225080204
461,0.2946742930065813
462,0.7530641848222285
463,0.19463841704527216
464,0.5852380214456154
465,0.23794772197516326
466,0.2903423354542747
467,0.07155575056942337
468,0.16246453040831255
469,0.16549127434574135
470,0.6682787375961814
471,0.5986381702027266
472,0.12343496825279973
473,0.5181445815196735
474,0.14791194572845795
475,0.5548408417995961
476,0.1985524104411079
477,0.13236111228268113
478,0.6310882292731175
479,0.1968588626903749
480,0.6612821363273012
481,0.19196517235021046
482,0.5206484808430045
483,0.6245387943232856
484,0.31608631630352363
485,0.3933224504887624
486,0.2450302745190733
487,0.5184104195532507
488,0.6046054535735945
489,0.4813931509264016
490,0.2862147588039116
491,0.14780145156698626
492,0.7232680036362666
493,0.4451857398643585
494,0.3703704010682097
495,0.2610439918990021
496,0.5813895852907014
497,0.3994019073821848
498,0.3916841790839338
499,0.04998419166289154
500,0.6124295703663929
501,0.1779627139093906
502,0.5391473452965738
503,0.3617978598857833
504,0.16360967503434634
505,0.4608469689233883
506,0.02464964163178686
507,0.06752953382904978
508,0.5345264443722935
509,0.28259893483173776
510,0.20152655064292085
511,0.3117171580121216
512,0.03964580718761573
513,0.2286039134579904
514,0.3540795492783492
515,0.4105129252670745
516,0.6284716535238339
517,0.360615965198674
518,0.2501691704347496
519,0.09841881139766748
520,0.6339427884060251
521,0.3413084531189251
522,0.5775511363272312
523,0.06706614265157806
524,0.5580486058615983
525,0.24045483610894205
526,0.2357990598672689
527,0.1349486447875986
528,0.07039334222847199
529,0.29379461318046635
530,0.3539501046332778
531,0.024176571067112712
532,0.07642851831479335
533,0.5388028627729485
534,0.49319498075498996
535,0.4782808272869262
536,0.2543665531397972
537,0.03731537452367735
538,0.6220624815024316
539,0.21795820357282386
540,0.12486127074459265
541,0.6177228685349401
542,0.6266231868121032
543,0.5219021832789186
544,0.5001479044739656
545,0.1474373658296047
546,0.3292535511227964
547,0.5876735307091961
548,0.519293509909801
549,0.09750609774198896
550,0.3339141582568169
551,0.21702724843587995
552,0.16217929709707907
553,0.2204247730984531
554,0.3291015258417648
555,0.4438734625329207
556,0.393476102555032
557,0.060435337254399965
558,0.11824137385619805
559,0.2579459219531857
560,0.4999409897360231
561,0.6620741785399187
562,0.00197574799642335
563,0.010291076142550959
564,0.1195708759545904
565,0.12018947921127485
566,0.3053012431344984
567,0.7420341891028581
568,0.5085538777827655
569,0.014355186142796838
570,0.4097963711899595
571,0.2367768840931132
572,0.25592178981221203
573,0.20424132933779465
574,0.4672548221615496
575,0.18272504220257998
576,0.1195268553909271
577,0.2508021663952911
578,0.3532514757286636
579,0.07927605318972666
580,0.043886957111223916
581,0.14166974904259486
582,0.5942689529361966
583,0.3670339336888478
584,0.516260683700613
585,0.5109900128784994
586,0.3733173634573258
587,0.66086971782586
588,0.19691837945969765
589,0.7272631120533091
590,0.328498727716414
591,0.19801844293109688
592,0.4155890037675177
593,0.3973068636863166
594,0.03056776728954785
595,0.3570003955570273
596,0.37437453102723023
597,0.586176737071144
598,0.057583813983182776
599,0.019634170016564614
600,0.3904469866870735
601,0.12640988822007534
602,0.7777475598403065
603,0.06882508418877115
604,0.4221826692163217
605,0.2538798919723266
606,0.06908363371513168
607,0.5913528409084685
608,0.3270563393300224
609,0.3908757417044197
610,0.4936858416731538
611,0.502101115439944
612,0.11726209553939936
613,0.42402878497519897
614,0.3742127300518765
615,0.04167685995357391
616,0.2794618526840806
617,0.1130964029507158
618,0.2619729471883981
619,0.3033836377543049
620,0.07243565736589824
621,0.02751215207347139
622,0.013612655884479607
623,0.3212367034561954
624,0.06692496853367046
625,0.07737046206660635
626,0.3194248469065892
627,0.16288860246175732
628,0.046739105181806
629,0.43511403930383935
630,0.19735778642696689
631,0.36449797353948976
632,0.4141552567154228
633,0.220200400793991
634,0.2914382538747078
635,0.0055146854573951245
636,0.6060873748379899
637,0.14970224648657476
638,0.415779120889868
639,0.2205345986405366
640,0.4880866597410021
641,0.004769225670601757
642,0.4736721977415457
643,0.5299210913590156
644,0.5815931800282375
645,0.21477551918662904
646,0.3785227162809356
647,0.4799026891004488
648,0.23003634420625324
649,0.2844333365176653
650,0.06772073692861788
651,0.06417837741431609
652,0.6849306868732497
653,0.4512869571194202
654,0.6004623022671567
655,0.7139409403144288
656,0.574875835275352
657,0.2263165462577436
658,0.2752948712531881
659,0.4870382828373479
660,0.10161356894902153
661,0.3635840020842008
662,0.27473132954878743
663,0.10185525217253494
664,0.019721070576874708
665,0.4738063540132813
666,0.0929227366916824
667,0.30050446583298795
668,0.05504806714232854
669,0.5539008621365115
670,0.14561429300218914
671,0.16206693002503708
672,0.5183974878696528
673,0.1689316823730646
674,0.5571940852205126
675,0.23150461145994405
676,0.0011203253245009176
677,0.5270950549951581
678,0.4789524686995748
679,0.16658929536510467
680,0.1155079425145035
681,0.06996114765329836
682,0.4869806896121329
683,0.2851080796926859
684,0.16848116487078454
685,0.4413295006526854
686,0.3245193661818008
687,0.3050543949892328
688,0.6453404861950653
689,0.059925488069168385
690,0.3777917399919634
691,0.005162067297532672
692,0.5809666426660278
693,0.6420640948106333
694,0.5612332310184555
695,0.245165147087553
696,0.1624472699460728
697,0.1477786611028904
698,0.3890848847533081
699,0.033079320679893685
700,0.7808931975290109
701,0.4745060373875794
702,0.5048341249614587
703,0.13831707713709068
704,0.564315638957256
705,0.4045925226083077
706,0.4202170653157102
707,0.18790454976705329
708,0.6845654691783091
709,0.4264456349639276
710,0.16191248166193573
711,0.6592068805886069
712,0.13655349169335093
713,0.6746276463421748
714,0.05310261491753635
715,0.3906884941517237
716,0.3435406042945705
717,0.5438222030526374
718,0.3788127541188653
719,0.5031036751416984
720,0.322136214535583
721,0.2446017083362253
722,0.31975504846699065
723,0.4786826672669986
724,0.37827625743150456
725,0.5171551955441627
726,0.1384994997929265
727,0.16611862403031222
728,0.17279681255045018
729,0.0027658693001219523
730,0.2412327743257216
731,0.4215522278022468
732,0.44326940011233984
733,0.32629466838548904
734,0.20767465165774834
735,0.11014013189908417
736,0.5987609829610576
737,0.5915467081810483
738,0.3682877424817037
739,0.4279834503956413
740,0.11172808217550276
741,0.1434833480447037
742,0.4969865052041134
743,0.15267459738300046
744,0.043724729247907615
745,0.19014547841161014
746,0.02073185027090444
747,0.26516530554817125
748,0.7712704902145802
749,0.4309257177794286
750,0.3220541868164096
751,0.4217166369124746
752,0.2872917078243851
753,0.10920767540508444
754,0.6324230381330841
755,0.2196852426558653
756,0.3796090248352808
757,0.13459362439715553
758,0.26402554398725314
759,0.5162874282690026
760,0.4010583928787435
761,0.1633378855339272
762,0.041428884120599016
763,0.10188548181912947
764,0.6097112527488688
765,0.20091084609347168
766,0.6155346274530913
767,0.4901236474291214
768,0.14165421950606485
769,0.5995250632427342
770,0.1897636392627464
771,0.046604288615505765
772,0.2326575526099238
773,0.252708733383359
774,0.446274162439366
775,0.3968513462662827
776,0.0027507992342226395
777,0.7983010160663009
778,0.4567024522452994
779,0.22580353549484156
780,0.060844118377423824
781,0.09618226042863537
782,0.466508048062323
783,0.6772942602938168
784,0.08167208083052509
785,0.6664219331811188
786,0.016191313719750675
787,0.3731078571908827
788,0.047723789743635725
789,0.07654143107236176
790,0.4995761939522202
791,0.7166241188834839
792,0.6539314627799934
793,0.2242032611605155
794,0.02466135413446987
795,0.2836895413378848
796,0.4768646025758767
797,0.32573550448415123
798,0.4814204449294153
799,0.3752635648283527
800,0.2286555772207806
801,0.09614963071685026
802,0.3623252119683882
803,0.00875474751795266
804,0.3778953820161748
805,0.31822463719413585
806,0.4372824601420479
807,0.16163331059450253
808,0.3545701847597787
809,0.23084240259145414
810,0.3802485337048023
811,0.488447643563776
812,0.4070504544426147
813,0.03691426675030987
814,0.2882956063790439
815,0.3951306287012868
816,0.5837593442030826
817,0.4739134145454672
818,0.5765444049743224
819,0.3896072854058418
820,0.3427368477556003
821,0.08043523426666968
822,0.2317899187116447
823,0.2891894843517346
824,0.1657509471086301
825,0.4010378204507281
826,0.054346811517479866
827,0.08390797895858088
828,0.6011384882965254
829,0.13715260287126066
830,0.16165764466473334
831,0.5085058941035165
832,0.12671303793570465
833,0.08024695972012008
834,0.15020902124071814
835,0.19491392511230204
836,0.23774549585532745
837,0.2938099362470733
838,0.2669782062719024
839,0.4637195997495393
840,0.5171819677549274
841,0.4481827155450392
842,0.023031756584988537
843,0.14004633658662802
844,0.6004230813938718
845,0.5278387944744902
846,0.031021964918650675
847,0.0016506264574795706
848,0.3117864843926449
849,0.05872639396154222
850,0.3229450526695525
851,0.8240304092715609
852,0.6787564115756919
853,0.0543201810046277
854,0.2794481172866842
855,0.470732492093556
856,0.6701107506760886
857,0.4205503450319618
858,0.4897715379104262
859,0.17611368579230696
860,0.23160002879064615
861,0.057457420378328926
862,0.4156307640479719
863,0.2225311974402716
864,0.4382338745362533
865,0.463300194140975
866,0.3716779581218953
867,0.06470750727446695
868,0.4441132737389982
869,0.3761823095099613
870,0.12959213006508766
871,0.5554153813025363
872,0.1769683209448202
873,0.6730081177268546
874,0.5575013538045177
875,0.6630566115156682
876,0.3186732535618937
877,0.4766908021536931
878,0.12270176904008305
879,0.19332802011936048
880,0.16309947310276707
881,0.07649484830675238
882,0.06772334510834024
883,0.3108026334356841
884,0.35227494898315337
885,0.6570487385825603
886,0.09197632048574568
887,0.37004602075825255
888,0.048959201905815215
889,0.08758608233879997
890,0.20501743859359534
891,0.08666006184679415
892,0.11486588373001415
893,0.1159853036691004
894,0.15733170179061712
895,0.22995720759317775
896,0.27960786565305074
897,0.7141252586149502
898,0.04029132282372224
899,0.20663907201059686
900,0.34166402561275244
901,0.0824948826306818
902,0.8519583377722655
903,0.5421012878602229
904,0.6707691277396447
905,0.2895222902681208
906,0.10773643637024714
907,0.4389040838951188
908,0.14128186916241556
909,0.02584596981533056
910,0.5062363323123177
911,0.2357090151942076
912,0.18109467811574725
913,0.5133798188907168
914,0.2442249557488456
915,0.7404309361589589
916,0.11404852605059385
917,0.6119606123169363
918,0.4074809116930742
919,0.4088573144208884
920,0.01204210984010668
921,0.2913738964216459
922,0.191929034638554
923,0.7512410291676986
924,0.023511025814701672
925,0.3042988724470907
926,0.3397311514913286
927,0.09019244764188908
928,0.237049305495992
929,0.03408856189170188
930,0.5620252720081156
931,0.4091947599675637
932,0.05013712164749141
933,0.2706351954125774
934,0.03153097130406437
935,0.5510227063878843
936,0.157743869995921
937,0.22013578234698375
938,0.1060342317428508
939,0.14845223622319562
940,0.6249389354823127
941,0.3467687732882029
942,0.06346693135006785
943,0.13681731844745287
944,0.6974606202742355
945,0.6408777273521032
946,0.21812663977167931
947,0.1344977907845514
948,0.2346542365236419
949,0.3334378217237175
950,0.1523430501814157
951,0.4315639901138424
952,0.6477916985016714
953,0.12390597169209405
954,0.08554305092928212
955,0.14799749927732156
956,0.652206230434322
957,0.4975691244070311
958,0.1299213790866279
959,0.493956832800346
960,0.5180871976694632
961,0.2367201061892257
962,0.2066490621207437
963,0.38526799406860907
964,0.20110197374252736
965,0.5869541867149837
966,0.21858903213997094
967,0.3244918553663904
968,0.07922422938276283
969,0.09883904817434976
970,0.3072085480293683
971,0.596382630010442
972,0.5623302870931398
973,0.16657763317727894
974,0.01916088650173755
975,0.22130652654803368
976,0.3253575060523298
977,0.6319431858993154
978,0.4242690678158537
979,0.4121834895985291
980,0.5217210240689748
981,0.13469529313764933
982,0.2096828024841028
983,0.5742651876285363
984,0.22897663430432874
985,0.4346767948338031
986,0.5541378923647176
987,0.5460097858618503
988,0.7376562016356978
989,0.7213292853603642
990,0.12590192022648738
991,0.2005054067679009
992,0.037564010297294066
993,0.09171674393441888
994,0.5135259680480265
995,0.25827778600192103
996,0.5412831429743177
997,0.3589622335048889
998,0.3626744129410653
999,0.11844078571870775
1000,0.2994983595905813
1001,0.09021071197488616
1002,0.3203879559858397
1003,0.2446415054007101
1004,0.5767128399315347
1005,0.4955301155250612
1006,0.3046608922337513
1007,0.4328224348732213
1008,0.2369157011408352
1009,0.5699023969846969
1010,0.34971843957527604
1011,0.30730030657443097
1012,0.16436133612836568
1013,0.2796270697893169
1014,0.10546822508596096
1015,0.10895520951273964
1016,0.5901829587478356
1017,0.15107918238159246
1018,0.0985380499810473
1019,0.09956170529716224
1020,0.11200474472802648
1021,0.5120016247818631
1022,0.13889184599026164
1023,0.368028955294618
1024,0.07068713979355998
1025,0.4260625411656551
1026,0.643446791017097
1027,0.00322426331708367
1028,0.5422228898316954
1029,0.27701302470582523
1030,0.2347445455909904
1031,0.6669693676810997
1032,0.2786706604611891
1033,0.1482973221137939
1034,0.13208246982178135
1035,0.08079488225387016
1036,0.28631645807245604
1037,0.24852331563995414
1038,0.5862839591069262
1039,0.0628552036069579
1040,0.4522332203673316
1041,0.04876639508146825
1042,0.4724475349769598
1043,0.21762836848457787
1044,0.4590698021127439
1045,0.057459806164417725
1046,0.24738407113083985
1047,0.4445229973876646
1048,0.03810260050805782
1049,0.4930780944924609
1050,0.4616686164089334
1051,0.19638255364856866
1052,0.06575242433853717
1053,0.12961046997834308
1054,0.26808830695286884
1055,0.1852686992552728
1056,0.4499818552655816
1057,0.20407264801931266
1058,0.10925036939661063
1059,0.5824260855091135
1060,0.0035486232621291455
1061,0.11211520662453743
1062,0.3904306722520035
1063,0.7298189880529633
1064,0.2461788487555341
1065,0.4557960770339723
1066,0.2386608400842871
1067,0.20725346253106292
1068,0.2287726658590544
1069,0.5541253520306488
1070,0.10733731879078126
1071,0.612091095589109
1072,0.6821469586866566
1073,0.2301999456965104
1074,0.7187608263179959
1075,0.14216013742614292
1076,0.03659084002878432
1077,0.3108169492535165
1078,0.16737265837201465
1079,0.01803326986679691
1080,0.4329059483334722
1081,0.7566819922831922
1082,0.3986850132740423
1083,0.2289503748767957
1084,0.04506622659846373
1085,0.27611201559389764
1086,0.2388397776994742
1087,0.010212845306790095
1088,0.2296262702998957
1089,0.2478061014217296
1090,0.16066537105547302
1091,0.019464905840355047
1092,0.24063021402484785
1093,0.7060800965157188
1094,0.5541212240432152
1095,0.4736877529840367
1096,0.44911833814233865
1097,0.4773639884994094
1098,0.5415349067288562
1099,0.7572988593711625
1100,0.4175390466831761
1101,0.03508854476279012
1102,0.6174319320145707
1103,0.18862743946533767
1104,0.6584657594359248
1105,0.07147957597424362
1106,0.1635307557062075
1107,0.32725169956927663
1108,0.1283323259999953
1109,0.5902376527815077
1110,0.19108897102665034
1111,0.4534362652462442
1112,0.04652854407407931
1113,0.6382700488285199
1114,0.00838122456952576
1115,0.3133455566091313
1116,0.21808603883433386
1117,0.29792767645449497
1118,0.22187242977144975
1119,0.4567925148221345
1120,0.6023940253496733
1121,0.5514963700370621
1122,0.4076947724103429
1123,0.08948122638642836
1124,0.2985592457327099
1125,0.1937670026664924
1126,0.5389050041456326
1127,0.6293242551290454
1128,0.10508940832287776
1129,0.6656266122291994
1130,0.3185103174983128
1131,0.12288287547330065
1132,0.3365443926487096
1133,0.2436577171194357
1134,0.5617426580802971
1135,0.11709449884351192
1136,0.2134723266896136
1137,0.2712731853215483
1138,0.4622719997261563
1139,0.4826650776766949
1140,0.2757628956616884
1141,0.2645434686120447
1142,0.2513717206024016
1143,0.42764199792481294
1144,0.3025666702636878
1145,0.7004214311824395
1146,0.19185696705128166
1147,0.6592789507561924
1148,0.3612769184996173
1149,0.2759278677102969
1150,0.36130109354555895
1151,0.09522867376804514
1152,0.09249926900814744
1153,0.40035769991458814
1154,0.38653752594215773
1155,0.7117954865450726
1156,0.10463237212295233
1157,0.3968522710985611
1158,0.037362130035118235
1159,0.4189805767269135
1160,0.4052079915272277
1161,0.044140404026115784
1162,0.4357382005204173
1163,0.07956827952506773
1164,0.06984483730950912
1165,0.6059468934711125
1166,0.7895354203642155
1167,0.16901575019323273
1168,0.3551108660498218
1169,0.048508015208601145
1170,0.3007354221762001
1171,0.2961335007268406
1172,0.1258576170098058
1173,0.2738081723118413
1174,0.016705548958097442
1175,0.16735035979192164
1176,0.4699542209629616
1177,0.4839854917169544
1178,0.3564233981156356
1179,0.4094289964744649
1180,0.3013593331298205
1181,0.3273813754290521
1182,0.26299751386249937
1183,0.4110611829457103
1184,0.6379473821349911
1185,0.3945299613977555
1186,0.5625717179879739
1187,0.34043821111241346
1188,0.2660970526563952
1189,0.1951718435958243
1190,0.026220644813107333
1191,0.250329413775274
1192,0.28086445577324165
1193,0.2236540915546377
1194,0.6053148547909593
1195,0.4083499207377989
1196,0.31881906600938337
1197,0.3598017661499682
1198,0.20447214169142924
1199,0.5981325350848463
1200,0.09165629001868407
1201,0.2358579153086033
1202,0.18184792696349225
1203,0.4177940081779604
1204,0.4654314114650752
1205,0.2637360896667665
1206,0.3116799689297084
1207,0.1543511204444758
1208,0.37984176632849626
1209,0.07588063920664766
1210,0.05597827843755513
1211,0.030736203130351164
1212,0.66692087279625
1213,0.16839668734189345
1214,0.07450447825608596
1215,0.4093790396055726
1216,0.2102850693317876
1217,0.6595080808396017
1218,0.2923906697625401
1219,0.495525118274313
1220,0.28992177775675165
1221,0.2720546625786883
1222,0.04528602671427489
1223,0.3754302212348771
1224,0.3940011910645066
1225,0.5735583187616049
1226,0.20433673511964526
1227,0.28867798300682834
1228,0.6530647639651446
1229,0.3937837166483213
1230,0.4803951090677271
1231,0.5319686086834454
1232,0.7743947920287246
1233,0.2370070221801925
1234,0.02497362527687704
1235,0.22127767856064226
1236,0.18956371469616826
1237,0.4758099029251155
1238,0.6116360890528547
1239,0.1847921543179931
1240,0.16619815137453633
1241,0.17130677768781927
1242,0.010102013598788262
1243,0.7154121903746578
1244,0.44865334622078507
1245,0.2465237180585979
1246,0.5276983444113558
1247,0.5190946399688989
1248,0.4466552231514355
1249,0.2051228812855995
1250,0.02208081657960861
1251,0.06741902876321595
1252,0.7570160704731552
1253,0.3630983024337257
1254,0.16540029992817312
1255,0.7088666045672496
1256,0.04129131203256558
1257,0.06605544654061876
1258,0.4626542425801146
1259,0.07820605053106056
1260,0.7145726632717981
1261,0.42266004993161377
1262,0.08112261126902058
1263,0.6797336176772917
1264,0.0787769884765451
1265,0.1221993317119438
1266,0.296985652394942
1267,0.12389375446732626
1268,0.3715236922914957
1269,0.4851889223682205
1270,0.43010500832296905
1271,0.5913284603086021
1272,0.4902751052695954
1273,0.057414448883947734
1274,0.17193203220452655
1275,0.3669008395729716
1276,0.08005801328697122
1277,0.2950182636063548
1278,0.3201648688923636
1279,0.4281379339475164
1280,0.5662885125496512
1281,0.09540506109589557
1282,0.6854460367474301
1283,0.4628344187199554
1284,0.17122394128530544
1285,0.277830731968348
1286,0.23322345533328545
1287,0.05454254989223542
1288,0.15916068941488465
1289,0.4512606216894767
1290,0.23410929657696794
1291,0.6011125281775552
1292,0.13637407278596025
1293,0.5903691042555745
1294,0.07700778753464348
1295,0.2155737522295744
1296,0.24267809136000426
1297,0.5283118092252967
1298,0.4716982534592559
1299,0.13073435934240274
1300,0.3945162091172389
1301,0.006424934890913918
1302,0.13016434182323589
1303,0.4718961358671514
1304,0.31907498768624265
1305,0.04933032830278171
1306,0.23663172701895055
1307,0.5961923361679207
1308,0.4709495755632535
1309,0.5476269944258203
1310,0.5835537687682797
1311,0.18943597114640184
1312,0.7129174973692121
1313,0.0341460068414898
1314,0.3813511112483236
1315,0.4069397278305505
1316,0.19462565495746206
1317,0.35837646030493475
1318,0.12515820160960792
1319,0.3140323615671049
1320,0.5670343281028465
1321,0.7458533774043224
1322,0.15252184439536387
1323,0.41109153936603293
1324,0.02233648057533789
1325,0.275138926584727
1326,0.272284969842267
1327,0.30309403859374906
1328,0.4508779069314585
1329,0.4157755534071267
1330,0.6227797823861048
1331,0.5854117379046533
1332,0.4690929366470934
1333,0.25122858143366816
1334,0.36752182782595294
1335,0.6503899592603312
1336,0.7773625388940921
1337,0.21286870041986092
1338,0.42352247711141205
1339,0.2533769117829335
1340,0.07567359964178763
1341,0.6325011519366801
1342,0.4168267537751852
1343,0.2870047422468717
1344,0.013552002222580371
1345,0.18055389682915116
1346,0.27773962754338755
1347,0.3578984281265961
1348,0.5545637856063821
1349,0.12989943671960538
1350,0.3215894815198565
1351,0.07261701570541942
1352,0.1701696082820105
1353,0.2501644306151932
1354,0.28826676973390497
1355,0.28678765579903426
1356,0.4105528660767472
1357,0.5188465848850206
1358,0.16384615030956878
1359,0.19901046610950365
1360,0.31798954111135996
1361,0.12055431804524765
1362,0.3447293188822085
1363,0.33439375420972683
1364,0.2447633142430687
1365,0.06524697878400959
1366,0.6450038023910063
1367,0.3971250420449007
1368,0.4960213592838684
1369,0.3678239358134367
1370,0.1852079832109368
1371,0.2822072009179392
1372,0.09498746020775403
1373,0.5206191604066526
1374,0.29596045573958485
1375,0.038615538869815086
1376,0.3299691886753502
1377,0.3563605000996378
1378,0.6209913792981419
1379,0.2015345131716137
1380,0.7221699706566543
1381,0.24742215458869984
1382,0.033830810034543725
1383,0.1818140674469357
1384,0.03664920438473584
1385,0.4368781609845853
1386,0.06590329785128958
1387,0.03955754247924846
1388,0.6157320201153268
1389,0.3262198213687278
1390,0.2253355634205469
1391,0.24236913442283495
1392,0.6283983865355934
1393,0.32934817855397364
1394,0.2967425878691152
1395,0.5694499543989868
1396,0.30996887718926314
1397,0.18631416271193912
1398,0.21185668586984896
1399,0.22465629471846668
1400,0.08892262297240677
1401,0.7528703581876994
1402,0.1607830573411052
1403,0.19044672862641368
1404,0.5294745177704336
1405,0.2951102488669317
1406,0.35546017563810983
1407,0.32647061074661765
1408,0.5813278798282089
1409,0.13030153681382514
1410,0.0025777184964659826
1411,0.0774943883815449
1412,0.1391265023934807
1413,0.3392107862588456
1414,0.1557675921901894
1415,0.3793528158322596
1416,0.6004729374407748
1417,0.06740831788954675
1418,0.4973394255379665
1419,0.06790121240603612
1420,0.3242103607996729
1421,0.2640907998708221
1422,0.2049521150767913
1423,0.7032321480883597
1424,0.2723252337522428
1425,0.5148338709790142
1426,0.6051648892398339
1427,0.6322261622021665
1428,0.2529593222056544
1429,0.03229851541887208
1430,0.6190591487977805
1431,0.37134819898284493
1432,0.6219833039731466
1433,0.7256463847658063
1434,0.11331223824496615
1435,0.5920539553249116
1436,0.03752612742636717
1437,0.3476395013037431
1438,0.17902562852535134
1439,0.059395385102823314
1440,0.4545979237749387
1441,0.73322172647588
1442,0.13535610345233434
1443,0.23936971619256875
1444,0.09449105342345117
1445,0.6293558733734462
1446,0.04552689320669988
1447,0.13913196714262951
1448,0.5351121421884273
1449,0.6555340048825191
1450,0.08386226264352589
1451,0.6233790164966548
1452,0.3141654815831695
1453,0.6452923478682733
1454,0.3406588136682649
1455,0.18974078602277086
1456,0.5175355989806321
1457,0.10890652944043944
1458,0.5637753882878118
1459,0.20693404868071347
1460,0.5268685954121505
1461,0.4176793386814319
1462,0.235843602046553
1463,0.09591860814300432
1464,0.7060712940458724
1465,0.004141084741595184
1466,0.3867117832952113
1467,0.2982331404468463
1468,0.5237985700637632
1469,0.5423796554404368
1470,0.4738459091889389
1471,0.07694937331111552
1472,0.0014904324583174394
1473,0.2716772979392905
1474,0.17107219744169966
1475,0.22989271585367024
1476,0.2629025140746539
1477,0.3095844826903589
1478,0.6236356023678946
1479,0.09894397271489844
1480,0.3816697111570749
1481,0.4267487630080423
1482,0.34668390115548353
1483,0.041176454346950914
1484,0.2929552085890962
1485,0.022360932407710574
1486,0.643854432043946
1487,0.13450412907163667
1488,0.02544798022982093
1489,0.07579571448970403
1490,0.1375897769863237
1491,0.6729786990677287
1492,0.3411045205755999
1493,0.023972177989044663
1494,0.11520908373519735
1495,0.2681712791532807
1496,0.424580968894356
1497,0.1405692184850162
1498,0.5530447122409183
1499,0.3349672279713607
1500,0.32829032956393145
1501,0.10089434874606876
1502,0.2447489412890152
1503,0.5575667928444867
1504,0.24175446532194436
1505,0.20211629220577335
1506,0.7065640877927752
1507,0.09671819479162268
1508,0.016088100707620963
1509,0.030655420461668338
1510,0.25237223039230205
1511,0.18319775268878366
1512,0.27537913268886144
1513,0.40274567509202497
1514,0.026228032582265387
1515,0.1345182625439973
1516,0.36335361565480734
1517,0.4102339808978443
1518,0.3885583904804664
1519,0.2914056463644782
1520,0.15207064824280364
1521,0.003332691247315639
1522,0.3949457924776482
1523,0.4636699292444717
1524,0.7114118897329275
1525,0.08500226817118678
1526,0.2977610370085149
1527,0.5191506060475418
1528,0.1514205818106275
1529,0.3789129098312027
1530,0.6657211179534945
1531,0.2281156868016341
1532,0.4220721932919308
1533,0.5471493148639719
1534,0.12255089447505445
1535,0.56079239726989
1536,0.5888938667770172
1537,0.4636557511678026
1538,0.6247544399816114
1539,0.7614133197412454
1540,0.12622189828775265
1541,0.7229290907999728
1542,0.018458037900708598
1543,0.5505301446636621
1544,0.376570682669276
1545,0.3092383481961525
1546,0.05117941114743045
1547,0.128831928322918
1548,0.2142296725154116
1549,0.1452834009485086
1550,0.06063028620909415
1551,0.3842948862137803
1552,0.1013470117278424
1553,0.6340132137052786
1554,0.2844834086438181
1555,0.16371174087225634
1556,0.5018946961930331
1557,0.22173647611383904
1558,0.2507633274147865
1559,0.5570230850038196
1560,0.4152293420381116
1561,0.4976760572586759
1562,0.2382387924315731
1563,0.04446885959140708
1564,0.6062727120818496
1565,0.6900299179832265
1566,0.14490259146148485
1567,0.6492475284300703
1568,0.03755410021982577
1569,0.5918514652941744
1570,0.11002458847189987
1571,0.090885547231339
1572,0.15135694492051568
1573,0.09209433740693172
1574,0.044523611483233534
1575,0.19331607970559656
1576,0.4279999416612607
1577,0.33263088133912866
1578,0.6003226286929442
1579,0.5616028431841062
1580,0.307824178679978
1581,0.3384434308567683
1582,0.4690929928522377
1583,0.3875495058861485
1584,0.1582477789318752
1585,0.01646400368003198
1586,0.642575879262124
1587,0.29973869918943125
1588,0.7598836810668591
1589,0.3139618176596932
1590,0.1270694868706225
1591,0.02208607107011715
1592,0.144104028627338
1593,0.467751005754313
1594,0.8698416635253168
1595,0.26013412328308866
1596,0.558242375845708
1597,0.4204384991511183
1598,0.17423320321293168
1599,0.4928828961205269
1600,0.5621247479851668
1601,0.31334407291982097
1602,0.743545152718792
1603,0.18855943356128
1604,0.058157014344479625
1605,0.4678041269431602
1606,0.09251053517898516
1607,0.1712431099367439
1608,0.08477155437861593
1609,0.490604598019569
1610,0.2744710359998945
1611,0.05085649383556864
1612,0.12963352139514508
1613,0.2632923856340225
1614,0.3740373069329914
1615,0.2308835530193787
1616,0.6345387411571757
1617,0.28488965695070345
1618,0.17426765277794828
1619,0.1538912291065585
1620,0.5921175032153981
1621,0.2257663684585225
1622,0.054340317323389
1623,0.5978987361670542
1624,0.2059283723160872
1625,0.18011854307681513
1626,0.05886399504113371
1627,0.07809753626176211
1628,0.2643704697561659
1629,0.4839495303942539
1630,0.2159040246378967
1631,0.12365001550445932
1632,0.5352778243168766
1633,0.32711170117720145
1634,0.06075864682145093
1635,0.4339301055334226
1636,0.12926824878752405
1637,0.3005655062899549
1638,0.5711603787031438
1639,0.4410803706717348
1640,0.019688627133807944
1641,0.2450902419773399
1642,0.3541769329223861
1643,0.3110696434381033
1644,0.1895796233683839
1645,0.3208975234621059
1646,0.3850653720298218
1647,0.27918762399846875
1648,0.29459575111059155
1649,0.4395360571103304
1650,0.7327585432335085
1651,0.07563185958754795
1652,0.7761390853954647
1653,0.00044397842227080636
1654,0.7331512313685631
1655,0.000858913373656193
1656,0.3230773290877748
1657,0.2472994651080768
1658,0.7375600463495133
1659,0.4850721820160824
1660,0.6702707832946722
1661,0.24736561157926795
1662,0.3484353834490641
1663,0.10160907574774
1664,0.5280964978641727
1665,0.7186928260256493
1666,0.6088947096927708
1667,0.3190130731672449
1668,0.04038490272801569
1669,0.3398189265247185
1670,0.4449959179365472
1671,0.6135604388336169
1672,0.4750161445337663
1673,0.5865359721089665
1674,0.034253562321193066
1675,0.30411380341427824
1676,0.5132358530026909
1677,0.3827192087058488
1678,0.2739549369702263
1679,0.17386997519936248
1680,0.2663244386984021
1681,0.5994666378953765
1682,0.015219707334529032
1683,0.3811641106520476
1684,0.16838786960474605
1685,0.6449425597831403
1686,0.6530492744636378
1687,0.1050099786437998
1688,0.2382734458437601
1689,0.35839534432396125
1690,0.567468581165734
1691,0.13923123879437968
1692,0.7232824359062937
1693,0.6256691942958743
1694,0.5179159759246876
1695,0.2046631941406044
1696,0.5520580607047382
1697,0.5779729507158502
1698,0.3401441042829505
1699,0.2765219971376444
1700,0.012403755208527722
1701,0.23427175717020385
1702,0.3893217704618474
1703,0.7194171615821957
1704,0.0324953932885033
1705,0.4317927568933144
1706,0.07219282567691042
1707,0.04488846544385944
1708,0.041524666068767466
1709,0.3993430596175806
1710,0.4052115542156786
1711,0.3367591129104222
1712,0.034606281596221165
1713,0.20637494120474534
1714,0.3916325415493451
1715,0.1831793201289505
1716,0.01471843467531784
1717,0.6826151338099812
1718,0.5327861334596293
1719,0.1183842006418688
1720,0.4472798784873164
1721,0.5154032378607161
1722,0.261800104790191
1723,0.488341973177397
1724,0.7308225758872309
1725,0.5166308680899396
1726,0.16415457578714548
1727,0.2672946780523214
1728,0.34700567107982866
1729,0.14689322823354414
1730,0.22384179705222407
1731,0.18433325344231533
1732,0.26588886612093066
1733,0.3558444741839221
1734,0.02642928631160637
1735,0.1653277224135145
1736,0.323740903416713
1737,0.4205311776028433
1738,0.2129742221933536
1739,0.5347654268474702
1740,0.37145411970902337
1741,0.6867915390500395
1742,0.2184876500735653
1743,0.16939648311150318
1744,0.3100487362477247
1745,0.6040815342608261
1746,0.023332312830688928
1747,0.6119720898176095
1748,0.2500723579638923
1749,0.8450648935427879
1750,0.5352574412582949
1751,0.3879609105265437
1752,0.28998678129036803
1753,0.3381549180441261
1754,0.6425382112278989
1755,0.04280313523270555
1756,0.5997191312277046
1757,0.18417078299225664
1758,0.6778861957777698
1759,0.4126133749166709
1760,0.06489002630748598
1761,0.3368805245894128
1762,0.4389191258024179
1763,0.4834671492158405
1764,0.003986089112121812
1765,0.5860681027294785
1766,0.09848124460211882
1767,0.2387490238099568
1768,0.355597388839983
1769,0.3416608274028022
1770,0.061841068591559724
1771,0.06075484114266585
1772,0.25709780709292
1773,0.5515965712340442
1774,0.0503812720297364
1775,0.3011642063697991
1776,0.4609150054660355
1777,0.29133332725791106
1778,0.3199226945641537
1779,0.13555676620097498
1780,0.23282753503866854
1781,0.5867146935442976
1782,0.03283500091668928
1783,0.6474339733409141
1784,0.4139113117854797
1785,0.3197386931574721
1786,0.342045648854981
1787,0.36464546435500256
1788,0.3077535658240054
1789,0.5107265425784221
1790,0.4424289785496613
1791,0.3119140654890004
1792,0.6287040853336654
1793,0.5872846728011956
1794,0.34630757893696795
1795,0.12034718124835685
1796,0.06999293506773202
1797,0.06017498399531763
1798,0.1393733439632797
1799,0.4676218912325548
1800,0.18358818048255712
1801,0.0013803845482844128
1802,0.09698467427692704
1803,0.5098004087520597
1804,0.6421747375416798
1805,0.2241375342182742
1806,0.3298844004562741
1807,0.6413743953976228
1808,0.3203813336286579
1809,0.352905319444072
1810,0.034140286323935384
1811,0.2382729658436354
1812,0.17436687341889706
1813,0.6182276229955177
1814,0.3810498149457856
1815,0.4710214291151009
1816,0.45953706615392
1817,0.4942311622877194
1818,0.5137054511066088
1819,0.3808284770053233
1820,0.5754795922336549
1821,0.23933490635180735
1822,0.4892235228149449
1823,0.4045882620574788
1824,0.041541501869987375
1825,0.3365490800977021
1826,0.3853226925981448
1827,0.4588994199933871
1828,0.16660880620154855
1829,0.28398977419335736
1830,0.15628023351019382
1831,0.2548589169908201
1832,0.20770488704088846
1833,0.5619323954523365
1834,0.486929668561572
1835,0.06354647496410347
1836,0.08126698479700788
1837,0.6451528968151528
1838,0.5888673146945065
1839,0.27878959582385365
1840,0.4305069513701765
1841,0.3605132041500215
1842,0.3690416972467745
1843,0.6845296356912283
1844,0.3148902425358299
1845,0.2756728805807373
1846,0.09907591840438452
1847,0.1947499841922498
1848,0.4783103215612091
1849,0.5512945160752764
1850,0.36667434756286377
1851,0.4771664817200776
1852,0.11518584668709105
1853,0.1837827792356764
1854,0.22921138324484625
1855,0.019518895133915876
1856,0.11890853178280092
1857,0.1906227874936788
1858,0.4675935184372559
1859,0.16905045646207198
1860,0.498284754851877
1861,0.043359820041125284
1862,0.0398220870902048
1863,0.2921330618411757
1864,0.2227434624277126
1865,0.5299804546439193
1866,0.08825226510475938
1867,0.4486675962798854
1868,0.6700316969193579
1869,0.7786915133246827
1870,0.14017592889299976
1871,0.17447665529503187
1872,0.2328551475319224
1873,0.06651565452775089
1874,0.1727720632077499
1875,0.7284460155046133
1876,0.11346704031018152
1877,0.5207994834713031
1878,0.7971816595196897
1879,0.05108278681825625
1880,0.4205808194746102
1881,0.5170753975042626
1882,0.6337673780675059
1883,0.025411868087856858
1884,0.2243799407524976
1885,0.15211412152638973
1886,0.3660190716217886
1887,0.28344999503616986
1888,0.6485398911489232
1889,0.1866377169888056
1890,0.03724507178419205
1891,0.07417082061147612
1892,0.5014580154296521
1893,0.3660949875865231
1894,0.10259728159749988
1895,0.5698396291095191
1896,0.2929024602885452
1897,0.465080788862617
1898,0.3511875666292788
1899,0.5199151532587057
1900,0.40549243024115006
1901,0.6024153255927165
1902,0.17477739028695174
1903,0.13800619248761464
1904,0.32748901797292485
1905,0.2621090291123571
1906,0.13301407813427213
1907,0.3385185431574273
1908,0.15722618763611793
1909,0.5251088597165959
1910,0.14978953301904135
1911,0.29185298626444245
1912,0.14063796826928904
1913,0.28414947990633344
1914,0.4655714089640435
1915,0.029815957830290125
1916,0.3481136004221457
1917,0.4870577018314854
1918,0.4048860569195816
1919,0.09055200032167834
1920,0.06328109449198366
1921,0.23179814913282265
1922,0.2597507679511168
1923,0.4028028926837802
1924,0.09150836820536036
1925,0.10661670501346678
1926,0.2818521629221583
1927,0.5821384521628323
1928,0.5846495726842291
1929,0.11178481187798317
1930,0.5865070329177822
1931,0.2952814345796959
1932,0.2936213506866189
1933,0.07379368970449546
1934,0.20460695471515472
1935,0.2630156765778947
1936,0.5662536335918026
1937,0.13168334952306335
1938,0.10010823525020808
1939,0.6456988438900345
1940,0.6580429128748126
1941,0.2421868932905841
1942,0.06772810078705632
1943,0.0073288122979143985
1944,0.4294747051487677
1945,0.5773348551148767
1946,0.005852955326623757
1947,0.11777415699292886
1948,0.14038231997825693
1949,0.31114250557676004
1950,0.4770391950166516
1951,0.5379517547001104
1952,0.11976344696031507
1953,0.17143741428252865
1954,0.5413015225800187
1955,0.6577398037508242
1956,0.44834972232246795
1957,0.15827796932696162
1958,0.4364547968819245
1959,0.28912201433781426
1960,0.03534029647969894
1961,0.6691855692169169
1962,0.06449648645826589
1963,0.06857639095401241
1964,0.3562275748133472
1965,0.3788764801582539
1966,0.7460014744205067
1967,0.1563291432268707
1968,0.2978106418185985
1969,0.4034270065853021
1970,0.2748191255821195
1971,0.525099092978292
1972,0.36235425135890187
1973,0.3987078413810041
1974,0.3246133121775676
1975,0.12127777933343994
1976,0.35910344563301394
1977,0.5151338009232832
1978,0.437802753560978
1979,0.1893015761503095
1980,0.5058633381349201
1981,0.04359545415362186
1982,0.4571763064988784
1983,0.0988999085533344
1984,0.042900024364692
1985,0.11026654924988744
1986,0.4560006783143316
1987,0.4718179820650484
1988,0.2075976754775493
1989,0.02387567727979396
1990,0.17340869705794587
1991,0.6061035848695542
1992,0.3984098192932899
1993,0.4408019529917591
1994,0.4271410172403042
1995,0.27554955149383265
1996,0.2769788064632881
1997,0.07677373859281017
1998,0.4625878644508217
1999,0.19068168392889384
