,value_per_image
0,-49408
1,-48640
2,-49920
3,-49920
4,-50176
5,-49920
6,-48384
7,-49920
8,-49920
9,-50176
10,-49408
11,-49920
12,-49152
13,-49920
14,-49920
15,-49920
16,-49920
17,-49920
18,-50176
19,-49920
20,-48640
21,-44782
22,-49920
23,-47968
24,-50176
25,-50176
26,-49920
27,-49152
28,-49920
29,-49920
30,-47599
31,-50176
32,-46592
33,-49392
34,-49920
35,-48640
36,-49408
37,-48384
38,-49920
39,-49664
40,-45566
41,-49920
42,-50176
43,-48126
44,-49856
45,-50176
46,-45824
47,-49920
48,-50176
49,-49920
50,-50176
51,-50176
52,-49920
53,-48128
54,-49920
55,-50176
56,-49920
57,-48367
58,-49920
59,-48891
60,-50176
61,-49920
62,-49408
63,-49664
64,-50176
65,-50176
66,-49920
67,-50176
68,-45824
69,-50176
70,-49920
71,-49920
72,-50176
73,-49920
74,-49920
75,-50176
76,-49920
77,-50176
78,-49920
79,-45296
80,-49920
81,-50176
82,-49920
83,-49920
84,-50176
85,-49920
86,-49920
87,-49920
88,-48384
89,-49904
90,-49920
91,-47344
92,-49920
93,-49920
94,-49920
95,-50176
96,-48896
97,-49920
98,-49664
99,-45824
100,-49408
101,-49920
102,-50176
103,-49920
104,-48869
105,-50176
106,-41702
107,-49920
108,-49920
109,-50176
110,-50176
111,-50176
112,-50176
113,-46591
114,-50176
115,-50176
116,-50176
117,-50176
118,-49920
119,-49920
120,-47349
121,-49920
122,-45824
123,-49920
124,-49920
125,-45055
126,-49920
127,-41045
128,-50176
129,-50176
130,-49920
131,-49920
132,-48640
133,-50176
134,-50176
135,-50176
136,-49664
137,-50176
138,-50176
139,-50176
140,-41472
141,-48896
142,-50176
143,-49408
144,-48356
145,-50176
146,-49664
147,-47104
148,-50176
149,-49920
150,-49920
151,-49664
152,-50176
153,-49920
154,-50176
155,-49920
156,-49920
157,-49408
158,-49920
159,-50176
160,-49920
161,-47871
162,-50176
163,-48640
164,-50176
165,-50176
166,-49920
167,-50176
168,-49920
169,-44287
170,-50176
171,-49920
172,-50176
173,-43003
174,-50176
175,-50176
176,-49920
177,-50176
178,-50176
179,-46557
180,-46591
181,-50176
182,-50176
183,-50176
184,-49920
185,-49920
186,-49920
187,-50176
188,-49920
189,-49920
190,-50176
191,-50176
192,-48640
193,-49920
194,-49920
195,-49920
196,-49392
197,-50176
198,-50176
199,-50176
200,-50176
201,-48895
202,-50176
203,-48896
204,-46848
205,-50176
206,-49664
207,-48896
208,-49920
209,-50176
210,-47616
211,-49920
212,-50176
213,-50176
214,-49920
215,-48640
216,-50176
217,-48127
218,-50176
219,-41214
220,-49920
221,-49920
222,-47614
223,-49920
224,-50176
225,-50176
226,-49920
227,-50176
228,-49920
229,-50176
230,-49920
231,-47104
232,-50176
233,-50176
234,-49920
235,-50160
236,-50176
237,-49408
238,-49920
239,-49920
240,-50176
241,-49920
242,-50176
243,-49920
244,-50176
245,-49920
246,-50176
247,-50176
248,-50176
249,-49920
250,-49920
251,-49920
252,-50176
253,-49920
254,-50176
255,-49920
256,-49920
257,-49920
258,-49920
259,-49920
260,-49920
261,-50176
262,-49920
263,-48128
264,-44770
265,-50176
266,-49920
267,-49920
268,-46820
269,-49920
270,-50176
271,-50176
272,-49408
273,-50176
274,-50176
275,-49408
276,-49408
277,-49920
278,-48896
279,-50176
280,-50176
281,-49920
282,-49920
283,-49152
284,-49920
285,-47872
286,-49920
287,-49920
288,-49920
289,-33536
290,-48640
291,-49344
292,-50176
293,-49920
294,-50160
295,-48640
296,-50176
297,-50176
298,-50176
299,-47584
300,-49920
301,-49920
302,-49664
303,-48127
304,-49664
305,-49920
306,-49920
307,-49920
308,-49151
309,-49536
310,-39369
311,-45053
312,-49408
313,-47101
314,-49920
315,-48895
316,-50176
317,-49664
318,-49920
319,-48384
320,-49086
321,-50176
322,-50176
323,-50176
324,-48895
325,-50176
326,-49920
327,-49664
328,-50176
329,-50176
330,-47872
331,-49920
332,-49920
333,-50176
334,-49920
335,-50176
336,-49920
337,-49920
338,-50176
339,-49648
340,-49920
341,-49920
342,-45312
343,-50176
344,-50176
345,-48640
346,-49920
347,-50176
348,-49920
349,-50176
350,-49920
351,-49920
352,-49920
353,-50176
354,-49920
355,-49920
356,-50176
357,-49920
358,-49920
359,-46591
360,-47104
361,-47616
362,-48384
363,-47104
364,-49920
365,-49920
366,-48384
367,-50176
368,-50176
369,-50176
370,-50176
371,-48128
372,-50176
373,-48379
374,-50160
375,-50176
376,-49920
377,-49920
378,-50176
379,-49920
380,-49408
381,-49920
382,-49920
383,-50176
384,-49904
385,-50176
386,-50176
387,-49920
388,-44093
389,-46848
390,-49920
391,-50176
392,-49920
393,-50176
394,-49920
395,-49920
396,-49920
397,-50160
398,-50176
399,-49408
400,-50176
401,-49920
402,-49920
403,-49152
404,-50176
405,-49920
406,-50176
407,-50176
408,-49920
409,-49408
410,-49920
411,-50176
412,-41608
413,-47357
414,-49664
415,-50176
416,-50176
417,-47872
418,-50176
419,-49408
420,-49152
421,-49920
422,-50176
423,-49408
424,-49920
425,-50176
426,-49920
427,-49920
428,-50176
429,-50176
430,-49920
431,-50176
432,-49920
433,-50176
434,-49920
435,-50176
436,-49920
437,-49920
438,-49920
439,-49920
440,-50176
441,-50176
442,-49920
443,-48895
444,-49408
445,-49152
446,-49920
447,-50176
448,-49920
449,-50176
450,-50176
451,-49920
452,-49920
453,-50176
454,-49920
455,-47360
456,-49920
457,-50176
458,-49920
459,-49152
460,-50176
461,-50176
462,-50176
463,-48864
464,-49920
465,-50176
466,-49920
467,-50176
468,-49920
469,-50176
470,-49920
471,-49920
472,-48896
473,-50176
474,-37584
475,-50176
476,-49920
477,-49920
478,-49920
479,-49920
480,-49920
481,-49920
482,-50176
483,-47360
484,-48384
485,-47872
486,-50176
487,-50176
488,-50176
489,-49920
490,-49664
491,-48128
492,-49920
493,-49145
494,-49920
495,-48896
496,-49920
497,-49920
498,-50176
499,-49408
500,-49152
501,-49920
502,-49152
503,-49920
504,-49920
505,-49920
506,-44288
507,-48896
508,-49904
509,-49920
510,-50176
511,-49920
512,-50176
513,-50176
514,-50176
515,-47616
516,-49920
517,-49920
518,-49920
519,-49920
520,-49824
521,-49664
522,-49920
523,-49920
524,-49920
525,-49920
526,-48640
527,-49408
528,-50176
529,-50176
530,-50176
531,-49920
532,-49408
533,-49920
534,-44543
535,-49920
536,-49152
537,-50176
538,-49920
539,-49920
540,-49920
541,-49920
542,-48896
543,-49408
544,-49920
545,-50176
546,-49920
547,-50176
548,-50176
549,-49920
550,-49920
551,-39422
552,-49920
553,-49920
554,-49920
555,-49920
556,-47104
557,-47104
558,-50176
559,-49920
560,-48127
561,-49920
562,-50176
563,-50176
564,-49920
565,-49920
566,-49920
567,-49920
568,-49920
569,-50176
570,-49920
571,-49920
572,-39932
573,-49920
574,-49920
575,-47856
576,-49920
577,-50176
578,-49920
579,-49152
580,-49920
581,-49920
582,-50176
583,-49920
584,-49408
585,-48640
586,-49920
587,-49920
588,-49920
589,-48893
590,-50176
591,-50176
592,-49152
593,-48384
594,-50176
595,-50176
596,-49920
597,-50176
598,-31226
599,-49664
600,-49920
601,-49920
602,-49920
603,-50176
604,-50176
605,-50176
606,-49664
607,-48896
608,-50176
609,-49920
610,-49920
611,-49920
612,-50176
613,-50176
614,-49408
615,-50160
616,-50176
617,-49920
618,-50176
619,-50176
620,-49664
621,-49920
622,-50176
623,-49920
624,-50176
625,-49152
626,-49920
627,-47506
628,-47872
629,-49920
630,-49920
631,-49920
632,-47359
633,-48886
634,-50176
635,-49920
636,-48640
637,-49920
638,-49920
639,-49920
640,-50176
641,-49408
642,-50176
643,-49920
644,-50176
645,-48384
646,-49920
647,-50176
648,-44285
649,-48128
650,-50176
651,-50176
652,-49920
653,-48383
654,-49920
655,-50176
656,-50176
657,-50176
658,-49920
659,-49920
660,-50176
661,-50176
662,-49920
663,-50176
664,-49408
665,-49920
666,-41469
667,-49920
668,-48106
669,-49920
670,-49920
671,-49920
672,-46336
673,-49920
674,-45567
675,-49920
676,-48384
677,-49408
678,-47360
679,-49920
680,-49920
681,-50176
682,-49920
683,-50176
684,-48382
685,-49664
686,-49408
687,-46080
688,-50176
689,-50176
690,-50176
691,-49920
692,-49920
693,-49920
694,-50160
695,-50176
696,-49920
697,-46847
698,-47872
699,-49664
700,-49408
701,-50176
702,-49920
703,-47616
704,-50176
705,-48382
706,-49920
707,-49920
708,-50176
709,-49920
710,-47616
711,-50176
712,-50176
713,-49920
714,-49920
715,-49904
716,-50176
717,-48896
718,-49920
719,-50176
720,-49920
721,-48896
722,-50176
723,-49920
724,-49920
725,-49136
726,-50176
727,-50176
728,-49664
729,-49152
730,-50176
731,-50176
732,-49920
733,-48639
734,-50176
735,-50176
736,-50176
737,-49408
738,-50176
739,-49920
740,-50176
741,-47359
742,-49920
743,-49920
744,-49408
745,-50176
746,-50176
747,-49408
748,-50176
749,-49920
750,-45568
751,-49920
752,-50176
753,-49920
754,-48896
755,-49920
756,-49920
757,-47872
758,-50176
759,-45823
760,-49920
761,-50176
762,-49664
763,-50176
764,-50176
765,-49920
766,-50176
767,-50176
768,-50176
769,-49408
770,-47872
771,-49920
772,-49920
773,-49920
774,-49920
775,-50176
776,-50176
777,-50176
778,-50176
779,-49920
780,-49920
781,-49920
782,-44287
783,-50176
784,-50176
785,-49920
786,-50176
787,-49920
788,-37376
789,-49152
790,-50176
791,-49920
792,-50176
793,-49392
794,-50176
795,-50176
796,-50176
797,-50176
798,-50176
799,-50176
800,-49664
801,-49920
802,-49920
803,-49920
804,-49920
805,-49920
806,-49920
807,-50176
808,-49920
809,-49920
810,-47101
811,-49920
812,-49888
813,-50176
814,-47359
815,-34978
816,-49920
817,-41715
818,-50176
819,-50176
820,-49920
821,-46336
822,-49920
823,-49664
824,-49920
825,-49920
826,-50176
827,-49920
828,-47360
829,-49920
830,-49920
831,-50176
832,-49920
833,-49408
834,-49920
835,-49920
836,-46589
837,-47615
838,-49152
839,-50176
840,-49920
841,-50160
842,-49920
843,-50176
844,-49920
845,-49408
846,-50176
847,-46080
848,-50176
849,-50176
850,-50176
851,-32767
852,-49920
853,-45815
854,-49920
855,-50176
856,-49408
857,-50176
858,-49920
859,-50176
860,-49408
861,-48383
862,-49920
863,-49664
864,-49920
865,-49920
866,-49920
867,-49920
868,-49920
869,-49920
870,-49920
871,-50176
872,-46548
873,-49920
874,-40957
875,-49408
876,-49920
877,-50176
878,-49920
879,-49920
880,-50176
881,-49408
882,-47872
883,-49920
884,-50176
885,-50176
886,-50176
887,-43600
888,-50176
889,-49408
890,-49408
891,-49664
892,-50176
893,-49920
894,-49920
895,-49920
896,-50176
897,-50160
898,-44800
899,-48381
900,-49920
901,-50176
902,-50176
903,-47872
904,-49920
905,-49408
906,-49408
907,-49920
908,-50176
909,-48384
910,-49920
911,-50176
912,-50176
913,-49664
914,-49392
915,-49920
916,-49920
917,-50176
918,-49920
919,-49920
920,-49920
921,-50176
922,-50176
923,-50176
924,-48896
925,-47872
926,-50176
927,-49920
928,-49920
929,-50176
930,-50176
931,-49920
932,-49920
933,-50176
934,-50176
935,-50176
936,-49920
937,-49920
938,-49920
939,-49408
940,-50176
941,-49920
942,-49920
943,-50176
944,-49408
945,-50176
946,-41662
947,-49920
948,-50176
949,-41977
950,-46334
951,-49920
952,-49664
953,-49920
954,-49408
955,-47104
956,-49920
957,-49920
958,-47872
959,-49920
960,-49920
961,-49920
962,-50176
963,-47360
964,-49408
965,-50176
966,-49920
967,-45312
968,-49152
969,-49920
970,-50176
971,-49920
972,-49904
973,-50176
974,-50176
975,-49920
976,-48896
977,-46584
978,-49920
979,-49920
980,-49920
981,-49152
982,-50176
983,-49920
984,-46592
985,-49920
986,-50176
987,-49920
988,-50176
989,-49920
990,-49920
991,-50176
992,-49920
993,-50176
994,-50176
995,-45824
996,-49152
997,-49920
998,-50176
999,-49920
1000,-49920
1001,-50176
1002,-49920
1003,-49920
1004,-50176
1005,-49920
1006,-50176
1007,-50176
1008,-49408
1009,-50176
1010,-50176
1011,-49920
1012,-48896
1013,-50176
1014,-48384
1015,-49920
1016,-49920
1017,-44800
1018,-50176
1019,-48896
1020,-49920
1021,-50176
1022,-49920
1023,-49920
1024,-49920
1025,-50176
1026,-48111
1027,-50176
1028,-49664
1029,-49920
1030,-49920
1031,-50176
1032,-48128
1033,-49920
1034,-49920
1035,-49920
1036,-48873
1037,-49920
1038,-49920
1039,-50176
1040,-49664
1041,-50176
1042,-50176
1043,-49920
1044,-50176
1045,-49920
1046,-49920
1047,-50176
1048,-47872
1049,-48896
1050,-43007
1051,-50176
1052,-50176
1053,-49920
1054,-48896
1055,-49920
1056,-49920
1057,-49920
1058,-50176
1059,-49408
1060,-49920
1061,-49664
1062,-48895
1063,-49920
1064,-46079
1065,-49920
1066,-49920
1067,-49920
1068,-49920
1069,-49152
1070,-50176
1071,-49920
1072,-50176
1073,-50160
1074,-50176
1075,-49632
1076,-50176
1077,-50176
1078,-49920
1079,-49920
1080,-49920
1081,-50176
1082,-50176
1083,-39673
1084,-49408
1085,-47872
1086,-49152
1087,-50176
1088,-42747
1089,-49920
1090,-49408
1091,-50176
1092,-49920
1093,-49664
1094,-49408
1095,-49920
1096,-49920
1097,-49920
1098,-50176
1099,-50176
1100,-49920
1101,-47360
1102,-49920
1103,-44504
1104,-49920
1105,-49664
1106,-49408
1107,-49664
1108,-50176
1109,-46819
1110,-50176
1111,-49920
1112,-49920
1113,-50176
1114,-50176
1115,-49920
1116,-50176
1117,-49920
1118,-50176
1119,-50176
1120,-49376
1121,-49920
1122,-49920
1123,-50176
1124,-50160
1125,-50176
1126,-49920
1127,-50176
1128,-50176
1129,-49408
1130,-49920
1131,-49920
1132,-49664
1133,-49920
1134,-50176
1135,-50176
1136,-49920
1137,-49920
1138,-49920
1139,-50160
1140,-41983
1141,-49920
1142,-49920
1143,-50176
1144,-48896
1145,-49920
1146,-49920
1147,-49920
1148,-50176
1149,-48639
1150,-49920
1151,-49920
1152,-50176
1153,-49920
1154,-50176
1155,-49920
1156,-49920
1157,-49920
1158,-50176
1159,-49920
1160,-50176
1161,-50176
1162,-50176
1163,-49920
1164,-50176
1165,-49664
1166,-50176
1167,-49920
1168,-49920
1169,-49920
1170,-48896
1171,-48896
1172,-46848
1173,-49920
1174,-49920
1175,-49920
1176,-48640
1177,-49920
1178,-49920
1179,-50176
1180,-49920
1181,-49920
1182,-49920
1183,-50176
1184,-49920
1185,-50176
1186,-46573
1187,-46336
1188,-50176
1189,-50176
1190,-50176
1191,-49920
1192,-49920
1193,-47871
1194,-49920
1195,-46067
1196,-49664
1197,-50176
1198,-49408
1199,-50172
1200,-50176
1201,-46576
1202,-50160
1203,-49920
1204,-49920
1205,-49920
1206,-47616
1207,-49920
1208,-50176
1209,-49920
1210,-49408
1211,-49920
1212,-49920
1213,-48895
1214,-49920
1215,-50176
1216,-41727
1217,-50176
1218,-49632
1219,-49920
1220,-49920
1221,-50176
1222,-50176
1223,-50176
1224,-49920
1225,-50176
1226,-49152
1227,-50176
1228,-50176
1229,-49664
1230,-46592
1231,-49920
1232,-49408
1233,-49920
1234,-49920
1235,-50176
1236,-49920
1237,-49920
1238,-50176
1239,-49920
1240,-49408
1241,-49920
1242,-49920
1243,-50176
1244,-49920
1245,-49920
1246,-49920
1247,-49920
1248,-49920
1249,-49920
1250,-49920
1251,-49408
1252,-50176
1253,-50171
1254,-49920
1255,-49888
1256,-50176
1257,-50176
1258,-49920
1259,-49408
1260,-49920
1261,-49920
1262,-47360
1263,-50176
1264,-50176
1265,-48896
1266,-49920
1267,-49920
1268,-46843
1269,-49920
1270,-49920
1271,-49920
1272,-49920
1273,-49920
1274,-49920
1275,-49920
1276,-45821
1277,-50176
1278,-49920
1279,-49920
1280,-47872
1281,-49920
1282,-50176
1283,-41725
1284,-50176
1285,-49920
1286,-50176
1287,-49664
1288,-47872
1289,-50176
1290,-49920
1291,-50176
1292,-49920
1293,-49664
1294,-50176
1295,-49920
1296,-50176
1297,-50176
1298,-49408
1299,-49664
1300,-49920
1301,-38392
1302,-50176
1303,-49408
1304,-44288
1305,-49408
1306,-50176
1307,-49920
1308,-49920
1309,-47872
1310,-50176
1311,-50176
1312,-50176
1313,-46848
1314,-50176
1315,-49920
1316,-50176
1317,-50176
1318,-49920
1319,-49920
1320,-49920
1321,-48896
1322,-50176
1323,-49664
1324,-49920
1325,-46070
1326,-45824
1327,-50176
1328,-49920
1329,-50176
1330,-49920
1331,-50176
1332,-49920
1333,-49152
1334,-49920
1335,-49920
1336,-49920
1337,-48384
1338,-49920
1339,-50176
1340,-50176
1341,-50176
1342,-49152
1343,-49920
1344,-50176
1345,-48896
1346,-48896
1347,-50176
1348,-49920
1349,-49920
1350,-50176
1351,-49920
1352,-49920
1353,-49920
1354,-48895
1355,-49920
1356,-50176
1357,-50176
1358,-50176
1359,-49920
1360,-50176
1361,-50176
1362,-49920
1363,-49920
1364,-49920
1365,-49920
1366,-50176
1367,-42739
1368,-48896
1369,-50176
1370,-49920
1371,-50176
1372,-49648
1373,-35326
1374,-49920
1375,-50176
1376,-49920
1377,-50176
1378,-49920
1379,-48896
1380,-50176
1381,-49920
1382,-48383
1383,-49920
1384,-49920
1385,-46592
1386,-49920
1387,-49920
1388,-49152
1389,-50176
1390,-49920
1391,-49920
1392,-49920
1393,-49920
1394,-49920
1395,-50176
1396,-49920
1397,-50176
1398,-50176
1399,-50176
1400,-49920
1401,-50176
1402,-46847
1403,-41472
1404,-49920
1405,-50176
1406,-50176
1407,-50176
1408,-50176
1409,-48128
1410,-49664
1411,-49920
1412,-45824
1413,-48624
1414,-47087
1415,-48128
1416,-49920
1417,-49920
1418,-50176
1419,-48384
1420,-49664
1421,-50176
1422,-49920
1423,-50176
1424,-50176
1425,-49920
1426,-50176
1427,-49920
1428,-50176
1429,-49920
1430,-50176
1431,-49920
1432,-49920
1433,-49920
1434,-49920
1435,-46591
1436,-50176
1437,-47872
1438,-50176
1439,-50176
1440,-50176
1441,-49920
1442,-49920
1443,-41206
1444,-49920
1445,-50176
1446,-49408
1447,-49920
1448,-49920
1449,-49920
1450,-50176
1451,-49920
1452,-47616
1453,-49920
1454,-49920
1455,-50176
1456,-45294
1457,-49920
1458,-49920
1459,-49920
1460,-49920
1461,-49920
1462,-50176
1463,-50176
1464,-49920
1465,-49920
1466,-49920
1467,-49920
1468,-49408
1469,-50176
1470,-49920
1471,-49920
1472,-48125
1473,-48383
1474,-50176
1475,-50176
1476,-49920
1477,-46336
1478,-49920
1479,-50176
1480,-49152
1481,-48896
1482,-49920
1483,-49920
1484,-50176
1485,-50176
1486,-49920
1487,-50176
1488,-49920
1489,-49920
1490,-50176
1491,-49920
1492,-50176
1493,-49920
1494,-47360
1495,-49920
1496,-50176
1497,-49920
1498,-48640
1499,-50176
1500,-50176
1501,-49920
1502,-50176
1503,-47615
1504,-50176
1505,-49920
1506,-49920
1507,-49920
1508,-50176
1509,-49920
1510,-49920
1511,-50176
1512,-47856
1513,-46848
1514,-50176
1515,-49904
1516,-49920
1517,-50176
1518,-49920
1519,-49920
1520,-49920
1521,-50176
1522,-48863
1523,-49408
1524,-50176
1525,-49920
1526,-49408
1527,-49920
1528,-40960
1529,-50176
1530,-50176
1531,-50176
1532,-50176
1533,-49920
1534,-50176
1535,-49920
1536,-50176
1537,-50176
1538,-50176
1539,-49920
1540,-49408
1541,-50176
1542,-50176
1543,-50176
1544,-46331
1545,-49152
1546,-50176
1547,-50176
1548,-49920
1549,-43853
1550,-49920
1551,-50176
1552,-48896
1553,-50176
1554,-49920
1555,-49920
1556,-49920
1557,-49920
1558,-48383
1559,-49920
1560,-49920
1561,-44800
1562,-49664
1563,-49920
1564,-43228
1565,-47872
1566,-49920
1567,-48896
1568,-49408
1569,-49408
1570,-48640
1571,-49920
1572,-47612
1573,-48896
1574,-50176
1575,-49920
1576,-45312
1577,-49920
1578,-50176
1579,-50176
1580,-50176
1581,-50176
1582,-49408
1583,-47867
1584,-50160
1585,-50176
1586,-49920
1587,-50176
1588,-47872
1589,-49920
1590,-50176
1591,-49920
1592,-50176
1593,-49920
1594,-50176
1595,-49920
1596,-50176
1597,-49920
1598,-50176
1599,-49920
1600,-49920
1601,-49920
1602,-50176
1603,-50176
1604,-48128
1605,-49904
1606,-50176
1607,-50176
1608,-49920
1609,-49920
1610,-49920
1611,-49920
1612,-50176
1613,-49920
1614,-49920
1615,-50176
1616,-49904
1617,-47613
1618,-49920
1619,-49664
1620,-50176
1621,-50176
1622,-50176
1623,-49920
1624,-47872
1625,-49920
1626,-49920
1627,-50176
1628,-49920
1629,-49920
1630,-50176
1631,-49920
1632,-49584
1633,-50176
1634,-47872
1635,-49920
1636,-49408
1637,-49408
1638,-49920
1639,-50176
1640,-49152
1641,-49920
1642,-49920
1643,-50176
1644,-50176
1645,-48127
1646,-49920
1647,-48128
1648,-49408
1649,-49920
1650,-49920
1651,-49920
1652,-50176
1653,-50176
1654,-49408
1655,-49920
1656,-39424
1657,-50176
1658,-50176
1659,-50176
1660,-50176
1661,-47616
1662,-49920
1663,-50176
1664,-43771
1665,-49920
1666,-49408
1667,-49920
1668,-47596
1669,-49888
1670,-49920
1671,-49920
1672,-48362
1673,-50176
1674,-49408
1675,-50176
1676,-47616
1677,-46046
1678,-49920
1679,-49152
1680,-47869
1681,-50176
1682,-49920
1683,-50176
1684,-48384
1685,-49920
1686,-49920
1687,-49152
1688,-50176
1689,-49408
1690,-49920
1691,-49920
1692,-49920
1693,-49920
1694,-49920
1695,-49920
1696,-50176
1697,-50176
1698,-50176
1699,-50176
1700,-49920
1701,-34813
1702,-49920
1703,-49920
1704,-50176
1705,-49920
1706,-50176
1707,-48895
1708,-48640
1709,-50176
1710,-49920
1711,-50176
1712,-49920
1713,-49152
1714,-45311
1715,-49920
1716,-50176
1717,-49920
1718,-49920
1719,-49920
1720,-48639
1721,-46336
1722,-50176
1723,-49920
1724,-49920
1725,-50176
1726,-50176
1727,-49920
1728,-49920
1729,-50176
1730,-49920
1731,-49920
1732,-50176
1733,-49920
1734,-49920
1735,-49408
1736,-49920
1737,-49920
1738,-49920
1739,-50176
1740,-49920
1741,-49920
1742,-42239
1743,-49920
1744,-49920
1745,-50176
1746,-50176
1747,-49408
1748,-49920
1749,-49920
1750,-49920
1751,-49408
1752,-50176
1753,-50176
1754,-49920
1755,-48128
1756,-49920
1757,-49920
1758,-49920
1759,-48384
1760,-46064
1761,-50176
1762,-49920
1763,-50176
1764,-49920
1765,-49920
1766,-49920
1767,-49408
1768,-49920
1769,-49920
1770,-49920
1771,-50176
1772,-50176
1773,-50176
1774,-50176
1775,-49408
1776,-50176
1777,-49664
1778,-50176
1779,-50176
1780,-50176
1781,-50176
1782,-48896
1783,-49920
1784,-49904
1785,-49920
1786,-37626
1787,-49152
1788,-49920
1789,-49376
1790,-49920
1791,-49920
1792,-49920
1793,-49920
1794,-48128
1795,-50176
1796,-49920
1797,-50176
1798,-49920
1799,-49920
1800,-50176
1801,-50176
1802,-43752
1803,-49664
1804,-49408
1805,-48896
1806,-49920
1807,-50176
1808,-50176
1809,-50176
1810,-50176
1811,-49920
1812,-48384
1813,-50176
1814,-48384
1815,-50016
1816,-49920
1817,-49920
1818,-50176
1819,-47360
1820,-49152
1821,-50176
1822,-49920
1823,-50176
1824,-49408
1825,-47104
1826,-46848
1827,-49660
1828,-50176
1829,-49920
1830,-49664
1831,-50176
1832,-50176
1833,-49920
1834,-49920
1835,-50176
1836,-50176
1837,-49408
1838,-50176
1839,-50160
1840,-49920
1841,-49920
1842,-49920
1843,-49920
1844,-50176
1845,-49920
1846,-49920
1847,-50176
1848,-49920
1849,-50176
1850,-49920
1851,-49920
1852,-50176
1853,-49920
1854,-49920
1855,-50176
1856,-50176
1857,-49664
1858,-50176
1859,-49920
1860,-49920
1861,-49920
1862,-49408
1863,-50176
1864,-50176
1865,-49920
1866,-50176
1867,-49920
1868,-49920
1869,-49920
1870,-49920
1871,-49920
1872,-47614
1873,-49920
1874,-50176
1875,-49920
1876,-47360
1877,-49664
1878,-49664
1879,-49920
1880,-49920
1881,-47872
1882,-50176
1883,-50176
1884,-48891
1885,-47872
1886,-50176
1887,-49664
1888,-50176
1889,-50176
1890,-50064
1891,-50176
1892,-50176
1893,-49920
1894,-49920
1895,-49920
1896,-43262
1897,-50176
1898,-49664
1899,-48640
1900,-48384
1901,-50176
1902,-49664
1903,-48896
1904,-49408
1905,-50176
1906,-50176
1907,-49920
1908,-49920
1909,-46333
1910,-49920
1911,-45820
1912,-49920
1913,-48896
1914,-49920
1915,-50176
1916,-50176
1917,-49920
1918,-50160
1919,-49920
1920,-49920
1921,-50176
1922,-47872
1923,-50176
1924,-45817
1925,-50176
1926,-50176
1927,-50176
1928,-50176
1929,-49920
1930,-49920
1931,-49920
1932,-50176
1933,-50176
1934,-49408
1935,-49920
1936,-50176
1937,-50176
1938,-48640
1939,-50176
1940,-48384
1941,-50176
1942,-50176
1943,-49920
1944,-49920
1945,-50176
1946,-50176
1947,-50176
1948,-47872
1949,-50176
1950,-48384
1951,-50176
1952,-49920
1953,-43519
1954,-49920
1955,-48108
1956,-50176
1957,-49920
1958,-49408
1959,-49920
1960,-49920
1961,-49920
1962,-50176
1963,-50176
1964,-49920
1965,-49920
1966,-50176
1967,-49920
1968,-50176
1969,-49920
1970,-49920
1971,-50176
1972,-50176
1973,-50176
1974,-49920
1975,-49920
1976,-50176
1977,-49920
1978,-50176
1979,-49920
1980,-49920
1981,-49408
1982,-49920
1983,-49920
1984,-48845
1985,-50176
1986,-49920
1987,-49920
1988,-49920
1989,-50176
1990,-49920
1991,-50176
1992,-49920
1993,-49920
1994,-50176
1995,-49920
1996,-50176
1997,-49920
1998,-50176
1999,-49920
