,value_per_image
0,0.1168625096741052
1,0.1168625096741052
2,0.1168625096741052
3,0.1168625096741052
4,0.1168625096741052
5,0.1168625096741052
6,0.1168625096741052
7,0.1168625096741052
8,0.1168625096741052
9,0.1168625096741052
10,0.1168625096741052
11,0.1168625096741052
12,0.1168625096741052
13,0.1168625096741052
14,0.1168625096741052
15,0.1168625096741052
16,0.1168625096741052
17,0.1168625096741052
18,0.1168625096741052
19,0.1168625096741052
20,0.1168625096741052
21,0.1168625096741052
22,0.1168625096741052
23,0.1168625096741052
24,0.1168625096741052
25,0.1168625096741052
26,0.1168625096741052
27,0.1168625096741052
28,0.1168625096741052
29,0.1168625096741052
30,0.1168625096741052
31,0.1168625096741052
32,0.1168625096741052
33,0.1168625096741052
34,0.1168625096741052
35,0.1168625096741052
36,0.1168625096741052
37,0.1168625096741052
38,0.1168625096741052
39,0.1168625096741052
40,0.1168625096741052
41,0.1168625096741052
42,0.1168625096741052
43,0.1168625096741052
44,0.1168625096741052
45,0.1168625096741052
46,0.1168625096741052
47,0.1168625096741052
48,0.1168625096741052
49,0.1168625096741052
50,0.1168625096741052
51,0.1168625096741052
52,0.1168625096741052
53,0.1168625096741052
54,0.1168625096741052
55,0.1168625096741052
56,0.1168625096741052
57,0.1168625096741052
58,0.1168625096741052
59,0.1168625096741052
60,0.1168625096741052
61,0.1168625096741052
62,0.1168625096741052
63,0.1168625096741052
64,0.1168625096741052
65,0.1168625096741052
66,0.1168625096741052
67,0.1168625096741052
68,0.1168625096741052
69,0.1168625096741052
70,0.1168625096741052
71,0.1168625096741052
72,0.1168625096741052
73,0.1168625096741052
74,0.1168625096741052
75,0.1168625096741052
76,0.1168625096741052
77,0.1168625096741052
78,0.1168625096741052
79,0.1168625096741052
80,0.1168625096741052
81,0.1168625096741052
82,0.1168625096741052
83,0.1168625096741052
84,0.1168625096741052
85,0.1168625096741052
86,0.1168625096741052
87,0.1168625096741052
88,0.1168625096741052
89,0.1168625096741052
90,0.1168625096741052
91,0.1168625096741052
92,0.1168625096741052
93,0.1168625096741052
94,0.1168625096741052
95,0.1168625096741052
96,0.1168625096741052
97,0.1168625096741052
98,0.1168625096741052
99,0.1168625096741052
100,0.1168625096741052
101,0.1168625096741052
102,0.1168625096741052
103,0.1168625096741052
104,0.1168625096741052
105,0.1168625096741052
106,0.1168625096741052
107,0.1168625096741052
108,0.1168625096741052
109,0.1168625096741052
110,0.1168625096741052
111,0.1168625096741052
112,0.1168625096741052
113,0.1168625096741052
114,0.1168625096741052
115,0.1168625096741052
116,0.1168625096741052
117,0.1168625096741052
118,0.1168625096741052
119,0.1168625096741052
120,0.1168625096741052
121,0.1168625096741052
122,0.1168625096741052
123,0.1168625096741052
124,0.1168625096741052
125,0.1168625096741052
126,0.1168625096741052
127,0.1168625096741052
128,0.1168625096741052
129,0.1168625096741052
130,0.1168625096741052
131,0.1168625096741052
132,0.1168625096741052
133,0.1168625096741052
134,0.1168625096741052
135,0.1168625096741052
136,0.1168625096741052
137,0.1168625096741052
138,0.1168625096741052
139,0.1168625096741052
140,0.1168625096741052
141,0.1168625096741052
142,0.1168625096741052
143,0.1168625096741052
144,0.1168625096741052
145,0.1168625096741052
146,0.1168625096741052
147,0.1168625096741052
148,0.1168625096741052
149,0.1168625096741052
150,0.1168625096741052
151,0.1168625096741052
152,0.1168625096741052
153,0.1168625096741052
154,0.1168625096741052
155,0.1168625096741052
156,0.1168625096741052
157,0.1168625096741052
158,0.1168625096741052
159,0.1168625096741052
160,0.1168625096741052
161,0.1168625096741052
162,0.1168625096741052
163,0.1168625096741052
164,0.1168625096741052
165,0.1168625096741052
166,0.1168625096741052
167,0.1168625096741052
168,0.1168625096741052
169,0.1168625096741052
170,0.1168625096741052
171,0.1168625096741052
172,0.1168625096741052
173,0.1168625096741052
174,0.1168625096741052
175,0.1168625096741052
176,0.1168625096741052
177,0.1168625096741052
178,0.1168625096741052
179,0.1168625096741052
180,0.1168625096741052
181,0.1168625096741052
182,0.1168625096741052
183,0.1168625096741052
184,0.1168625096741052
185,0.1168625096741052
186,0.1168625096741052
187,0.1168625096741052
188,0.1168625096741052
189,0.1168625096741052
190,0.1168625096741052
191,0.1168625096741052
192,0.1168625096741052
193,0.1168625096741052
194,0.1168625096741052
195,0.1168625096741052
196,0.1168625096741052
197,0.1168625096741052
198,0.1168625096741052
199,0.1168625096741052
200,0.1168625096741052
201,0.1168625096741052
202,0.1168625096741052
203,0.1168625096741052
204,0.1168625096741052
205,0.1168625096741052
206,0.1168625096741052
207,0.1168625096741052
208,0.1168625096741052
209,0.1168625096741052
210,0.1168625096741052
211,0.1168625096741052
212,0.1168625096741052
213,0.1168625096741052
214,0.1168625096741052
215,0.1168625096741052
216,0.1168625096741052
217,0.1168625096741052
218,0.1168625096741052
219,0.1168625096741052
220,0.1168625096741052
221,0.1168625096741052
222,0.1168625096741052
223,0.1168625096741052
224,0.1168625096741052
225,0.1168625096741052
226,0.1168625096741052
227,0.1168625096741052
228,0.1168625096741052
229,0.1168625096741052
230,0.1168625096741052
231,0.1168625096741052
232,0.1168625096741052
233,0.1168625096741052
234,0.1168625096741052
235,0.1168625096741052
236,0.1168625096741052
237,0.1168625096741052
238,0.1168625096741052
239,0.1168625096741052
240,0.1168625096741052
241,0.1168625096741052
242,0.1168625096741052
243,0.1168625096741052
244,0.1168625096741052
245,0.1168625096741052
246,0.1168625096741052
247,0.1168625096741052
248,0.1168625096741052
249,0.1168625096741052
250,0.1168625096741052
251,0.1168625096741052
252,0.1168625096741052
253,0.1168625096741052
254,0.1168625096741052
255,0.1168625096741052
256,0.1168625096741052
257,0.1168625096741052
258,0.1168625096741052
259,0.1168625096741052
260,0.1168625096741052
261,0.1168625096741052
262,0.1168625096741052
263,0.1168625096741052
264,0.1168625096741052
265,0.1168625096741052
266,0.1168625096741052
267,0.1168625096741052
268,0.1168625096741052
269,0.1168625096741052
270,0.1168625096741052
271,0.1168625096741052
272,0.1168625096741052
273,0.1168625096741052
274,0.1168625096741052
275,0.1168625096741052
276,0.1168625096741052
277,0.1168625096741052
278,0.1168625096741052
279,0.1168625096741052
280,0.1168625096741052
281,0.1168625096741052
282,0.1168625096741052
283,0.1168625096741052
284,0.1168625096741052
285,0.1168625096741052
286,0.1168625096741052
287,0.1168625096741052
288,0.1168625096741052
289,0.1168625096741052
290,0.1168625096741052
291,0.1168625096741052
292,0.1168625096741052
293,0.1168625096741052
294,0.1168625096741052
295,0.1168625096741052
296,0.1168625096741052
297,0.1168625096741052
298,0.1168625096741052
299,0.1168625096741052
300,0.1168625096741052
301,0.1168625096741052
302,0.1168625096741052
303,0.1168625096741052
304,0.1168625096741052
305,0.1168625096741052
306,0.1168625096741052
307,0.1168625096741052
308,0.1168625096741052
309,0.1168625096741052
310,0.1168625096741052
311,0.1168625096741052
312,0.1168625096741052
313,0.1168625096741052
314,0.1168625096741052
315,0.1168625096741052
316,0.1168625096741052
317,0.1168625096741052
318,0.1168625096741052
319,0.1168625096741052
320,0.1168625096741052
321,0.1168625096741052
322,0.1168625096741052
323,0.1168625096741052
324,0.1168625096741052
325,0.1168625096741052
326,0.1168625096741052
327,0.1168625096741052
328,0.1168625096741052
329,0.1168625096741052
330,0.1168625096741052
331,0.1168625096741052
332,0.1168625096741052
333,0.1168625096741052
334,0.1168625096741052
335,0.1168625096741052
336,0.1168625096741052
337,0.1168625096741052
338,0.1168625096741052
339,0.1168625096741052
340,0.1168625096741052
341,0.1168625096741052
342,0.1168625096741052
343,0.1168625096741052
344,0.1168625096741052
345,0.1168625096741052
346,0.1168625096741052
347,0.1168625096741052
348,0.1168625096741052
349,0.1168625096741052
350,0.1168625096741052
351,0.1168625096741052
352,0.1168625096741052
353,0.1168625096741052
354,0.1168625096741052
355,0.1168625096741052
356,0.1168625096741052
357,0.1168625096741052
358,0.1168625096741052
359,0.1168625096741052
360,0.1168625096741052
361,0.1168625096741052
362,0.1168625096741052
363,0.1168625096741052
364,0.1168625096741052
365,0.1168625096741052
366,0.1168625096741052
367,0.1168625096741052
368,0.1168625096741052
369,0.1168625096741052
370,0.1168625096741052
371,0.1168625096741052
372,0.1168625096741052
373,0.1168625096741052
374,0.1168625096741052
375,0.1168625096741052
376,0.1168625096741052
377,0.1168625096741052
378,0.1168625096741052
379,0.1168625096741052
380,0.1168625096741052
381,0.1168625096741052
382,0.1168625096741052
383,0.1168625096741052
384,0.1168625096741052
385,0.1168625096741052
386,0.1168625096741052
387,0.1168625096741052
388,0.1168625096741052
389,0.1168625096741052
390,0.1168625096741052
391,0.1168625096741052
392,0.1168625096741052
393,0.1168625096741052
394,0.1168625096741052
395,0.1168625096741052
396,0.1168625096741052
397,0.1168625096741052
398,0.1168625096741052
399,0.1168625096741052
400,0.1168625096741052
401,0.1168625096741052
402,0.1168625096741052
403,0.1168625096741052
404,0.1168625096741052
405,0.1168625096741052
406,0.1168625096741052
407,0.1168625096741052
408,0.1168625096741052
409,0.1168625096741052
410,0.1168625096741052
411,0.1168625096741052
412,0.1168625096741052
413,0.1168625096741052
414,0.1168625096741052
415,0.1168625096741052
416,0.1168625096741052
417,0.1168625096741052
418,0.1168625096741052
419,0.1168625096741052
420,0.1168625096741052
421,0.1168625096741052
422,0.1168625096741052
423,0.1168625096741052
424,0.1168625096741052
425,0.1168625096741052
426,0.1168625096741052
427,0.1168625096741052
428,0.1168625096741052
429,0.1168625096741052
430,0.1168625096741052
431,0.1168625096741052
432,0.1168625096741052
433,0.1168625096741052
434,0.1168625096741052
435,0.1168625096741052
436,0.1168625096741052
437,0.1168625096741052
438,0.1168625096741052
439,0.1168625096741052
440,0.1168625096741052
441,0.1168625096741052
442,0.1168625096741052
443,0.1168625096741052
444,0.1168625096741052
445,0.1168625096741052
446,0.1168625096741052
447,0.1168625096741052
448,0.1168625096741052
449,0.1168625096741052
450,0.1168625096741052
451,0.1168625096741052
452,0.1168625096741052
453,0.1168625096741052
454,0.1168625096741052
455,0.1168625096741052
456,0.1168625096741052
457,0.1168625096741052
458,0.1168625096741052
459,0.1168625096741052
460,0.1168625096741052
461,0.1168625096741052
462,0.1168625096741052
463,0.1168625096741052
464,0.1168625096741052
465,0.1168625096741052
466,0.1168625096741052
467,0.1168625096741052
468,0.1168625096741052
469,0.1168625096741052
470,0.1168625096741052
471,0.1168625096741052
472,0.1168625096741052
473,0.1168625096741052
474,0.1168625096741052
475,0.1168625096741052
476,0.1168625096741052
477,0.1168625096741052
478,0.1168625096741052
479,0.1168625096741052
480,0.1168625096741052
481,0.1168625096741052
482,0.1168625096741052
483,0.1168625096741052
484,0.1168625096741052
485,0.1168625096741052
486,0.1168625096741052
487,0.1168625096741052
488,0.1168625096741052
489,0.1168625096741052
490,0.1168625096741052
491,0.1168625096741052
492,0.1168625096741052
493,0.1168625096741052
494,0.1168625096741052
495,0.1168625096741052
496,0.1168625096741052
497,0.1168625096741052
498,0.1168625096741052
499,0.1168625096741052
500,0.1168625096741052
501,0.1168625096741052
502,0.1168625096741052
503,0.1168625096741052
504,0.1168625096741052
505,0.1168625096741052
506,0.1168625096741052
507,0.1168625096741052
508,0.1168625096741052
509,0.1168625096741052
510,0.1168625096741052
511,0.1168625096741052
512,0.1168625096741052
513,0.1168625096741052
514,0.1168625096741052
515,0.1168625096741052
516,0.1168625096741052
517,0.1168625096741052
518,0.1168625096741052
519,0.1168625096741052
520,0.1168625096741052
521,0.1168625096741052
522,0.1168625096741052
523,0.1168625096741052
524,0.1168625096741052
525,0.1168625096741052
526,0.1168625096741052
527,0.1168625096741052
528,0.1168625096741052
529,0.1168625096741052
530,0.1168625096741052
531,0.1168625096741052
532,0.1168625096741052
533,0.1168625096741052
534,0.1168625096741052
535,0.1168625096741052
536,0.1168625096741052
537,0.1168625096741052
538,0.1168625096741052
539,0.1168625096741052
540,0.1168625096741052
541,0.1168625096741052
542,0.1168625096741052
543,0.1168625096741052
544,0.1168625096741052
545,0.1168625096741052
546,0.1168625096741052
547,0.1168625096741052
548,0.1168625096741052
549,0.1168625096741052
550,0.1168625096741052
551,0.1168625096741052
552,0.1168625096741052
553,0.1168625096741052
554,0.1168625096741052
555,0.1168625096741052
556,0.1168625096741052
557,0.1168625096741052
558,0.1168625096741052
559,0.1168625096741052
560,0.1168625096741052
561,0.1168625096741052
562,0.1168625096741052
563,0.1168625096741052
564,0.1168625096741052
565,0.1168625096741052
566,0.1168625096741052
567,0.1168625096741052
568,0.1168625096741052
569,0.1168625096741052
570,0.1168625096741052
571,0.1168625096741052
572,0.1168625096741052
573,0.1168625096741052
574,0.1168625096741052
575,0.1168625096741052
576,0.1168625096741052
577,0.1168625096741052
578,0.1168625096741052
579,0.1168625096741052
580,0.1168625096741052
581,0.1168625096741052
582,0.1168625096741052
583,0.1168625096741052
584,0.1168625096741052
585,0.1168625096741052
586,0.1168625096741052
587,0.1168625096741052
588,0.1168625096741052
589,0.1168625096741052
590,0.1168625096741052
591,0.1168625096741052
592,0.1168625096741052
593,0.1168625096741052
594,0.1168625096741052
595,0.1168625096741052
596,0.1168625096741052
597,0.1168625096741052
598,0.1168625096741052
599,0.1168625096741052
600,0.1168625096741052
601,0.1168625096741052
602,0.1168625096741052
603,0.1168625096741052
604,0.1168625096741052
605,0.1168625096741052
606,0.1168625096741052
607,0.1168625096741052
608,0.1168625096741052
609,0.1168625096741052
610,0.1168625096741052
611,0.1168625096741052
612,0.1168625096741052
613,0.1168625096741052
614,0.1168625096741052
615,0.1168625096741052
616,0.1168625096741052
617,0.1168625096741052
618,0.1168625096741052
619,0.1168625096741052
620,0.1168625096741052
621,0.1168625096741052
622,0.1168625096741052
623,0.1168625096741052
624,0.1168625096741052
625,0.1168625096741052
626,0.1168625096741052
627,0.1168625096741052
628,0.1168625096741052
629,0.1168625096741052
630,0.1168625096741052
631,0.1168625096741052
632,0.1168625096741052
633,0.1168625096741052
634,0.1168625096741052
635,0.1168625096741052
636,0.1168625096741052
637,0.1168625096741052
638,0.1168625096741052
639,0.1168625096741052
640,0.1168625096741052
641,0.1168625096741052
642,0.1168625096741052
643,0.1168625096741052
644,0.1168625096741052
645,0.1168625096741052
646,0.1168625096741052
647,0.1168625096741052
648,0.1168625096741052
649,0.1168625096741052
650,0.1168625096741052
651,0.1168625096741052
652,0.1168625096741052
653,0.1168625096741052
654,0.1168625096741052
655,0.1168625096741052
656,0.1168625096741052
657,0.1168625096741052
658,0.1168625096741052
659,0.1168625096741052
660,0.1168625096741052
661,0.1168625096741052
662,0.1168625096741052
663,0.1168625096741052
664,0.1168625096741052
665,0.1168625096741052
666,0.1168625096741052
667,0.1168625096741052
668,0.1168625096741052
669,0.1168625096741052
670,0.1168625096741052
671,0.1168625096741052
672,0.1168625096741052
673,0.1168625096741052
674,0.1168625096741052
675,0.1168625096741052
676,0.1168625096741052
677,0.1168625096741052
678,0.1168625096741052
679,0.1168625096741052
680,0.1168625096741052
681,0.1168625096741052
682,0.1168625096741052
683,0.1168625096741052
684,0.1168625096741052
685,0.1168625096741052
686,0.1168625096741052
687,0.1168625096741052
688,0.1168625096741052
689,0.1168625096741052
690,0.1168625096741052
691,0.1168625096741052
692,0.1168625096741052
693,0.1168625096741052
694,0.1168625096741052
695,0.1168625096741052
696,0.1168625096741052
697,0.1168625096741052
698,0.1168625096741052
699,0.1168625096741052
700,0.1168625096741052
701,0.1168625096741052
702,0.1168625096741052
703,0.1168625096741052
704,0.1168625096741052
705,0.1168625096741052
706,0.1168625096741052
707,0.1168625096741052
708,0.1168625096741052
709,0.1168625096741052
710,0.1168625096741052
711,0.1168625096741052
712,0.1168625096741052
713,0.1168625096741052
714,0.1168625096741052
715,0.1168625096741052
716,0.1168625096741052
717,0.1168625096741052
718,0.1168625096741052
719,0.1168625096741052
720,0.1168625096741052
721,0.1168625096741052
722,0.1168625096741052
723,0.1168625096741052
724,0.1168625096741052
725,0.1168625096741052
726,0.1168625096741052
727,0.1168625096741052
728,0.1168625096741052
729,0.1168625096741052
730,0.1168625096741052
731,0.1168625096741052
732,0.1168625096741052
733,0.1168625096741052
734,0.1168625096741052
735,0.1168625096741052
736,0.1168625096741052
737,0.1168625096741052
738,0.1168625096741052
739,0.1168625096741052
740,0.1168625096741052
741,0.1168625096741052
742,0.1168625096741052
743,0.1168625096741052
744,0.1168625096741052
745,0.1168625096741052
746,0.1168625096741052
747,0.1168625096741052
748,0.1168625096741052
749,0.1168625096741052
750,0.1168625096741052
751,0.1168625096741052
752,0.1168625096741052
753,0.1168625096741052
754,0.1168625096741052
755,0.1168625096741052
756,0.1168625096741052
757,0.1168625096741052
758,0.1168625096741052
759,0.1168625096741052
760,0.1168625096741052
761,0.1168625096741052
762,0.1168625096741052
763,0.1168625096741052
764,0.1168625096741052
765,0.1168625096741052
766,0.1168625096741052
767,0.1168625096741052
768,0.1168625096741052
769,0.1168625096741052
770,0.1168625096741052
771,0.1168625096741052
772,0.1168625096741052
773,0.1168625096741052
774,0.1168625096741052
775,0.1168625096741052
776,0.1168625096741052
777,0.1168625096741052
778,0.1168625096741052
779,0.1168625096741052
780,0.1168625096741052
781,0.1168625096741052
782,0.1168625096741052
783,0.1168625096741052
784,0.1168625096741052
785,0.1168625096741052
786,0.1168625096741052
787,0.1168625096741052
788,0.1168625096741052
789,0.1168625096741052
790,0.1168625096741052
791,0.1168625096741052
792,0.1168625096741052
793,0.1168625096741052
794,0.1168625096741052
795,0.1168625096741052
796,0.1168625096741052
797,0.1168625096741052
798,0.1168625096741052
799,0.1168625096741052
800,0.1168625096741052
801,0.1168625096741052
802,0.1168625096741052
803,0.1168625096741052
804,0.1168625096741052
805,0.1168625096741052
806,0.1168625096741052
807,0.1168625096741052
808,0.1168625096741052
809,0.1168625096741052
810,0.1168625096741052
811,0.1168625096741052
812,0.1168625096741052
813,0.1168625096741052
814,0.1168625096741052
815,0.1168625096741052
816,0.1168625096741052
817,0.1168625096741052
818,0.1168625096741052
819,0.1168625096741052
820,0.1168625096741052
821,0.1168625096741052
822,0.1168625096741052
823,0.1168625096741052
824,0.1168625096741052
825,0.1168625096741052
826,0.1168625096741052
827,0.1168625096741052
828,0.1168625096741052
829,0.1168625096741052
830,0.1168625096741052
831,0.1168625096741052
832,0.1168625096741052
833,0.1168625096741052
834,0.1168625096741052
835,0.1168625096741052
836,0.1168625096741052
837,0.1168625096741052
838,0.1168625096741052
839,0.1168625096741052
840,0.1168625096741052
841,0.1168625096741052
842,0.1168625096741052
843,0.1168625096741052
844,0.1168625096741052
845,0.1168625096741052
846,0.1168625096741052
847,0.1168625096741052
848,0.1168625096741052
849,0.1168625096741052
850,0.1168625096741052
851,0.1168625096741052
852,0.1168625096741052
853,0.1168625096741052
854,0.1168625096741052
855,0.1168625096741052
856,0.1168625096741052
857,0.1168625096741052
858,0.1168625096741052
859,0.1168625096741052
860,0.1168625096741052
861,0.1168625096741052
862,0.1168625096741052
863,0.1168625096741052
864,0.1168625096741052
865,0.1168625096741052
866,0.1168625096741052
867,0.1168625096741052
868,0.1168625096741052
869,0.1168625096741052
870,0.1168625096741052
871,0.1168625096741052
872,0.1168625096741052
873,0.1168625096741052
874,0.1168625096741052
875,0.1168625096741052
876,0.1168625096741052
877,0.1168625096741052
878,0.1168625096741052
879,0.1168625096741052
880,0.1168625096741052
881,0.1168625096741052
882,0.1168625096741052
883,0.1168625096741052
884,0.1168625096741052
885,0.1168625096741052
886,0.1168625096741052
887,0.1168625096741052
888,0.1168625096741052
889,0.1168625096741052
890,0.1168625096741052
891,0.1168625096741052
892,0.1168625096741052
893,0.1168625096741052
894,0.1168625096741052
895,0.1168625096741052
896,0.1168625096741052
897,0.1168625096741052
898,0.1168625096741052
899,0.1168625096741052
900,0.1168625096741052
901,0.1168625096741052
902,0.1168625096741052
903,0.1168625096741052
904,0.1168625096741052
905,0.1168625096741052
906,0.1168625096741052
907,0.1168625096741052
908,0.1168625096741052
909,0.1168625096741052
910,0.1168625096741052
911,0.1168625096741052
912,0.1168625096741052
913,0.1168625096741052
914,0.1168625096741052
915,0.1168625096741052
916,0.1168625096741052
917,0.1168625096741052
918,0.1168625096741052
919,0.1168625096741052
920,0.1168625096741052
921,0.1168625096741052
922,0.1168625096741052
923,0.1168625096741052
924,0.1168625096741052
925,0.1168625096741052
926,0.1168625096741052
927,0.1168625096741052
928,0.1168625096741052
929,0.1168625096741052
930,0.1168625096741052
931,0.1168625096741052
932,0.1168625096741052
933,0.1168625096741052
934,0.1168625096741052
935,0.1168625096741052
936,0.1168625096741052
937,0.1168625096741052
938,0.1168625096741052
939,0.1168625096741052
940,0.1168625096741052
941,0.1168625096741052
942,0.1168625096741052
943,0.1168625096741052
944,0.1168625096741052
945,0.1168625096741052
946,0.1168625096741052
947,0.1168625096741052
948,0.1168625096741052
949,0.1168625096741052
950,0.1168625096741052
951,0.1168625096741052
952,0.1168625096741052
953,0.1168625096741052
954,0.1168625096741052
955,0.1168625096741052
956,0.1168625096741052
957,0.1168625096741052
958,0.1168625096741052
959,0.1168625096741052
960,0.1168625096741052
961,0.1168625096741052
962,0.1168625096741052
963,0.1168625096741052
964,0.1168625096741052
965,0.1168625096741052
966,0.1168625096741052
967,0.1168625096741052
968,0.1168625096741052
969,0.1168625096741052
970,0.1168625096741052
971,0.1168625096741052
972,0.1168625096741052
973,0.1168625096741052
974,0.1168625096741052
975,0.1168625096741052
976,0.1168625096741052
977,0.1168625096741052
978,0.1168625096741052
979,0.1168625096741052
980,0.1168625096741052
981,0.1168625096741052
982,0.1168625096741052
983,0.1168625096741052
984,0.1168625096741052
985,0.1168625096741052
986,0.1168625096741052
987,0.1168625096741052
988,0.1168625096741052
989,0.1168625096741052
990,0.1168625096741052
991,0.1168625096741052
992,0.1168625096741052
993,0.1168625096741052
994,0.1168625096741052
995,0.1168625096741052
996,0.1168625096741052
997,0.1168625096741052
998,0.1168625096741052
999,0.1168625096741052
1000,0.1168625096741052
1001,0.1168625096741052
1002,0.1168625096741052
1003,0.1168625096741052
1004,0.1168625096741052
1005,0.1168625096741052
1006,0.1168625096741052
1007,0.1168625096741052
1008,0.1168625096741052
1009,0.1168625096741052
1010,0.1168625096741052
1011,0.1168625096741052
1012,0.1168625096741052
1013,0.1168625096741052
1014,0.1168625096741052
1015,0.1168625096741052
1016,0.1168625096741052
1017,0.1168625096741052
1018,0.1168625096741052
1019,0.1168625096741052
1020,0.1168625096741052
1021,0.1168625096741052
1022,0.1168625096741052
1023,0.1168625096741052
1024,0.1168625096741052
1025,0.1168625096741052
1026,0.1168625096741052
1027,0.1168625096741052
1028,0.1168625096741052
1029,0.1168625096741052
1030,0.1168625096741052
1031,0.1168625096741052
1032,0.1168625096741052
1033,0.1168625096741052
1034,0.1168625096741052
1035,0.1168625096741052
1036,0.1168625096741052
1037,0.1168625096741052
1038,0.1168625096741052
1039,0.1168625096741052
1040,0.1168625096741052
1041,0.1168625096741052
1042,0.1168625096741052
1043,0.1168625096741052
1044,0.1168625096741052
1045,0.1168625096741052
1046,0.1168625096741052
1047,0.1168625096741052
1048,0.1168625096741052
1049,0.1168625096741052
1050,0.1168625096741052
1051,0.1168625096741052
1052,0.1168625096741052
1053,0.1168625096741052
1054,0.1168625096741052
1055,0.1168625096741052
1056,0.1168625096741052
1057,0.1168625096741052
1058,0.1168625096741052
1059,0.1168625096741052
1060,0.1168625096741052
1061,0.1168625096741052
1062,0.1168625096741052
1063,0.1168625096741052
1064,0.1168625096741052
1065,0.1168625096741052
1066,0.1168625096741052
1067,0.1168625096741052
1068,0.1168625096741052
1069,0.1168625096741052
1070,0.1168625096741052
1071,0.1168625096741052
1072,0.1168625096741052
1073,0.1168625096741052
1074,0.1168625096741052
1075,0.1168625096741052
1076,0.1168625096741052
1077,0.1168625096741052
1078,0.1168625096741052
1079,0.1168625096741052
1080,0.1168625096741052
1081,0.1168625096741052
1082,0.1168625096741052
1083,0.1168625096741052
1084,0.1168625096741052
1085,0.1168625096741052
1086,0.1168625096741052
1087,0.1168625096741052
1088,0.1168625096741052
1089,0.1168625096741052
1090,0.1168625096741052
1091,0.1168625096741052
1092,0.1168625096741052
1093,0.1168625096741052
1094,0.1168625096741052
1095,0.1168625096741052
1096,0.1168625096741052
1097,0.1168625096741052
1098,0.1168625096741052
1099,0.1168625096741052
1100,0.1168625096741052
1101,0.1168625096741052
1102,0.1168625096741052
1103,0.1168625096741052
1104,0.1168625096741052
1105,0.1168625096741052
1106,0.1168625096741052
1107,0.1168625096741052
1108,0.1168625096741052
1109,0.1168625096741052
1110,0.1168625096741052
1111,0.1168625096741052
1112,0.1168625096741052
1113,0.1168625096741052
1114,0.1168625096741052
1115,0.1168625096741052
1116,0.1168625096741052
1117,0.1168625096741052
1118,0.1168625096741052
1119,0.1168625096741052
1120,0.1168625096741052
1121,0.1168625096741052
1122,0.1168625096741052
1123,0.1168625096741052
1124,0.1168625096741052
1125,0.1168625096741052
1126,0.1168625096741052
1127,0.1168625096741052
1128,0.1168625096741052
1129,0.1168625096741052
1130,0.1168625096741052
1131,0.1168625096741052
1132,0.1168625096741052
1133,0.1168625096741052
1134,0.1168625096741052
1135,0.1168625096741052
1136,0.1168625096741052
1137,0.1168625096741052
1138,0.1168625096741052
1139,0.1168625096741052
1140,0.1168625096741052
1141,0.1168625096741052
1142,0.1168625096741052
1143,0.1168625096741052
1144,0.1168625096741052
1145,0.1168625096741052
1146,0.1168625096741052
1147,0.1168625096741052
1148,0.1168625096741052
1149,0.1168625096741052
1150,0.1168625096741052
1151,0.1168625096741052
1152,0.1168625096741052
1153,0.1168625096741052
1154,0.1168625096741052
1155,0.1168625096741052
1156,0.1168625096741052
1157,0.1168625096741052
1158,0.1168625096741052
1159,0.1168625096741052
1160,0.1168625096741052
1161,0.1168625096741052
1162,0.1168625096741052
1163,0.1168625096741052
1164,0.1168625096741052
1165,0.1168625096741052
1166,0.1168625096741052
1167,0.1168625096741052
1168,0.1168625096741052
1169,0.1168625096741052
1170,0.1168625096741052
1171,0.1168625096741052
1172,0.1168625096741052
1173,0.1168625096741052
1174,0.1168625096741052
1175,0.1168625096741052
1176,0.1168625096741052
1177,0.1168625096741052
1178,0.1168625096741052
1179,0.1168625096741052
1180,0.1168625096741052
1181,0.1168625096741052
1182,0.1168625096741052
1183,0.1168625096741052
1184,0.1168625096741052
1185,0.1168625096741052
1186,0.1168625096741052
1187,0.1168625096741052
1188,0.1168625096741052
1189,0.1168625096741052
1190,0.1168625096741052
1191,0.1168625096741052
1192,0.1168625096741052
1193,0.1168625096741052
1194,0.1168625096741052
1195,0.1168625096741052
1196,0.1168625096741052
1197,0.1168625096741052
1198,0.1168625096741052
1199,0.1168625096741052
1200,0.1168625096741052
1201,0.1168625096741052
1202,0.1168625096741052
1203,0.1168625096741052
1204,0.1168625096741052
1205,0.1168625096741052
1206,0.1168625096741052
1207,0.1168625096741052
1208,0.1168625096741052
1209,0.1168625096741052
1210,0.1168625096741052
1211,0.1168625096741052
1212,0.1168625096741052
1213,0.1168625096741052
1214,0.1168625096741052
1215,0.1168625096741052
1216,0.1168625096741052
1217,0.1168625096741052
1218,0.1168625096741052
1219,0.1168625096741052
1220,0.1168625096741052
1221,0.1168625096741052
1222,0.1168625096741052
1223,0.1168625096741052
1224,0.1168625096741052
1225,0.1168625096741052
1226,0.1168625096741052
1227,0.1168625096741052
1228,0.1168625096741052
1229,0.1168625096741052
1230,0.1168625096741052
1231,0.1168625096741052
1232,0.1168625096741052
1233,0.1168625096741052
1234,0.1168625096741052
1235,0.1168625096741052
1236,0.1168625096741052
1237,0.1168625096741052
1238,0.1168625096741052
1239,0.1168625096741052
1240,0.1168625096741052
1241,0.1168625096741052
1242,0.1168625096741052
1243,0.1168625096741052
1244,0.1168625096741052
1245,0.1168625096741052
1246,0.1168625096741052
1247,0.1168625096741052
1248,0.1168625096741052
1249,0.1168625096741052
1250,0.1168625096741052
1251,0.1168625096741052
1252,0.1168625096741052
1253,0.1168625096741052
1254,0.1168625096741052
1255,0.1168625096741052
1256,0.1168625096741052
1257,0.1168625096741052
1258,0.1168625096741052
1259,0.1168625096741052
1260,0.1168625096741052
1261,0.1168625096741052
1262,0.1168625096741052
1263,0.1168625096741052
1264,0.1168625096741052
1265,0.1168625096741052
1266,0.1168625096741052
1267,0.1168625096741052
1268,0.1168625096741052
1269,0.1168625096741052
1270,0.1168625096741052
1271,0.1168625096741052
1272,0.1168625096741052
1273,0.1168625096741052
1274,0.1168625096741052
1275,0.1168625096741052
1276,0.1168625096741052
1277,0.1168625096741052
1278,0.1168625096741052
1279,0.1168625096741052
1280,0.1168625096741052
1281,0.1168625096741052
1282,0.1168625096741052
1283,0.1168625096741052
1284,0.1168625096741052
1285,0.1168625096741052
1286,0.1168625096741052
1287,0.1168625096741052
1288,0.1168625096741052
1289,0.1168625096741052
1290,0.1168625096741052
1291,0.1168625096741052
1292,0.1168625096741052
1293,0.1168625096741052
1294,0.1168625096741052
1295,0.1168625096741052
1296,0.1168625096741052
1297,0.1168625096741052
1298,0.1168625096741052
1299,0.1168625096741052
1300,0.1168625096741052
1301,0.1168625096741052
1302,0.1168625096741052
1303,0.1168625096741052
1304,0.1168625096741052
1305,0.1168625096741052
1306,0.1168625096741052
1307,0.1168625096741052
1308,0.1168625096741052
1309,0.1168625096741052
1310,0.1168625096741052
1311,0.1168625096741052
1312,0.1168625096741052
1313,0.1168625096741052
1314,0.1168625096741052
1315,0.1168625096741052
1316,0.1168625096741052
1317,0.1168625096741052
1318,0.1168625096741052
1319,0.1168625096741052
1320,0.1168625096741052
1321,0.1168625096741052
1322,0.1168625096741052
1323,0.1168625096741052
1324,0.1168625096741052
1325,0.1168625096741052
1326,0.1168625096741052
1327,0.1168625096741052
1328,0.1168625096741052
1329,0.1168625096741052
1330,0.1168625096741052
1331,0.1168625096741052
1332,0.1168625096741052
1333,0.1168625096741052
1334,0.1168625096741052
1335,0.1168625096741052
1336,0.1168625096741052
1337,0.1168625096741052
1338,0.1168625096741052
1339,0.1168625096741052
1340,0.1168625096741052
1341,0.1168625096741052
1342,0.1168625096741052
1343,0.1168625096741052
1344,0.1168625096741052
1345,0.1168625096741052
1346,0.1168625096741052
1347,0.1168625096741052
1348,0.1168625096741052
1349,0.1168625096741052
1350,0.1168625096741052
1351,0.1168625096741052
1352,0.1168625096741052
1353,0.1168625096741052
1354,0.1168625096741052
1355,0.1168625096741052
1356,0.1168625096741052
1357,0.1168625096741052
1358,0.1168625096741052
1359,0.1168625096741052
1360,0.1168625096741052
1361,0.1168625096741052
1362,0.1168625096741052
1363,0.1168625096741052
1364,0.1168625096741052
1365,0.1168625096741052
1366,0.1168625096741052
1367,0.1168625096741052
1368,0.1168625096741052
1369,0.1168625096741052
1370,0.1168625096741052
1371,0.1168625096741052
1372,0.1168625096741052
1373,0.1168625096741052
1374,0.1168625096741052
1375,0.1168625096741052
1376,0.1168625096741052
1377,0.1168625096741052
1378,0.1168625096741052
1379,0.1168625096741052
1380,0.1168625096741052
1381,0.1168625096741052
1382,0.1168625096741052
1383,0.1168625096741052
1384,0.1168625096741052
1385,0.1168625096741052
1386,0.1168625096741052
1387,0.1168625096741052
1388,0.1168625096741052
1389,0.1168625096741052
1390,0.1168625096741052
1391,0.1168625096741052
1392,0.1168625096741052
1393,0.1168625096741052
1394,0.1168625096741052
1395,0.1168625096741052
1396,0.1168625096741052
1397,0.1168625096741052
1398,0.1168625096741052
1399,0.1168625096741052
1400,0.1168625096741052
1401,0.1168625096741052
1402,0.1168625096741052
1403,0.1168625096741052
1404,0.1168625096741052
1405,0.1168625096741052
1406,0.1168625096741052
1407,0.1168625096741052
1408,0.1168625096741052
1409,0.1168625096741052
1410,0.1168625096741052
1411,0.1168625096741052
1412,0.1168625096741052
1413,0.1168625096741052
1414,0.1168625096741052
1415,0.1168625096741052
1416,0.1168625096741052
1417,0.1168625096741052
1418,0.1168625096741052
1419,0.1168625096741052
1420,0.1168625096741052
1421,0.1168625096741052
1422,0.1168625096741052
1423,0.1168625096741052
1424,0.1168625096741052
1425,0.1168625096741052
1426,0.1168625096741052
1427,0.1168625096741052
1428,0.1168625096741052
1429,0.1168625096741052
1430,0.1168625096741052
1431,0.1168625096741052
1432,0.1168625096741052
1433,0.1168625096741052
1434,0.1168625096741052
1435,0.1168625096741052
1436,0.1168625096741052
1437,0.1168625096741052
1438,0.1168625096741052
1439,0.1168625096741052
1440,0.1168625096741052
1441,0.1168625096741052
1442,0.1168625096741052
1443,0.1168625096741052
1444,0.1168625096741052
1445,0.1168625096741052
1446,0.1168625096741052
1447,0.1168625096741052
1448,0.1168625096741052
1449,0.1168625096741052
1450,0.1168625096741052
1451,0.1168625096741052
1452,0.1168625096741052
1453,0.1168625096741052
1454,0.1168625096741052
1455,0.1168625096741052
1456,0.1168625096741052
1457,0.1168625096741052
1458,0.1168625096741052
1459,0.1168625096741052
1460,0.1168625096741052
1461,0.1168625096741052
1462,0.1168625096741052
1463,0.1168625096741052
1464,0.1168625096741052
1465,0.1168625096741052
1466,0.1168625096741052
1467,0.1168625096741052
1468,0.1168625096741052
1469,0.1168625096741052
1470,0.1168625096741052
1471,0.1168625096741052
1472,0.1168625096741052
1473,0.1168625096741052
1474,0.1168625096741052
1475,0.1168625096741052
1476,0.1168625096741052
1477,0.1168625096741052
1478,0.1168625096741052
1479,0.1168625096741052
1480,0.1168625096741052
1481,0.1168625096741052
1482,0.1168625096741052
1483,0.1168625096741052
1484,0.1168625096741052
1485,0.1168625096741052
1486,0.1168625096741052
1487,0.1168625096741052
1488,0.1168625096741052
1489,0.1168625096741052
1490,0.1168625096741052
1491,0.1168625096741052
1492,0.1168625096741052
1493,0.1168625096741052
1494,0.1168625096741052
1495,0.1168625096741052
1496,0.1168625096741052
1497,0.1168625096741052
1498,0.1168625096741052
1499,0.1168625096741052
1500,0.1168625096741052
1501,0.1168625096741052
1502,0.1168625096741052
1503,0.1168625096741052
1504,0.1168625096741052
1505,0.1168625096741052
1506,0.1168625096741052
1507,0.1168625096741052
1508,0.1168625096741052
1509,0.1168625096741052
1510,0.1168625096741052
1511,0.1168625096741052
1512,0.1168625096741052
1513,0.1168625096741052
1514,0.1168625096741052
1515,0.1168625096741052
1516,0.1168625096741052
1517,0.1168625096741052
1518,0.1168625096741052
1519,0.1168625096741052
1520,0.1168625096741052
1521,0.1168625096741052
1522,0.1168625096741052
1523,0.1168625096741052
1524,0.1168625096741052
1525,0.1168625096741052
1526,0.1168625096741052
1527,0.1168625096741052
1528,0.1168625096741052
1529,0.1168625096741052
1530,0.1168625096741052
1531,0.1168625096741052
1532,0.1168625096741052
1533,0.1168625096741052
1534,0.1168625096741052
1535,0.1168625096741052
1536,0.1168625096741052
1537,0.1168625096741052
1538,0.1168625096741052
1539,0.1168625096741052
1540,0.1168625096741052
1541,0.1168625096741052
1542,0.1168625096741052
1543,0.1168625096741052
1544,0.1168625096741052
1545,0.1168625096741052
1546,0.1168625096741052
1547,0.1168625096741052
1548,0.1168625096741052
1549,0.1168625096741052
1550,0.1168625096741052
1551,0.1168625096741052
1552,0.1168625096741052
1553,0.1168625096741052
1554,0.1168625096741052
1555,0.1168625096741052
1556,0.1168625096741052
1557,0.1168625096741052
1558,0.1168625096741052
1559,0.1168625096741052
1560,0.1168625096741052
1561,0.1168625096741052
1562,0.1168625096741052
1563,0.1168625096741052
1564,0.1168625096741052
1565,0.1168625096741052
1566,0.1168625096741052
1567,0.1168625096741052
1568,0.1168625096741052
1569,0.1168625096741052
1570,0.1168625096741052
1571,0.1168625096741052
1572,0.1168625096741052
1573,0.1168625096741052
1574,0.1168625096741052
1575,0.1168625096741052
1576,0.1168625096741052
1577,0.1168625096741052
1578,0.1168625096741052
1579,0.1168625096741052
1580,0.1168625096741052
1581,0.1168625096741052
1582,0.1168625096741052
1583,0.1168625096741052
1584,0.1168625096741052
1585,0.1168625096741052
1586,0.1168625096741052
1587,0.1168625096741052
1588,0.1168625096741052
1589,0.1168625096741052
1590,0.1168625096741052
1591,0.1168625096741052
1592,0.1168625096741052
1593,0.1168625096741052
1594,0.1168625096741052
1595,0.1168625096741052
1596,0.1168625096741052
1597,0.1168625096741052
1598,0.1168625096741052
1599,0.1168625096741052
1600,0.1168625096741052
1601,0.1168625096741052
1602,0.1168625096741052
1603,0.1168625096741052
1604,0.1168625096741052
1605,0.1168625096741052
1606,0.1168625096741052
1607,0.1168625096741052
1608,0.1168625096741052
1609,0.1168625096741052
1610,0.1168625096741052
1611,0.1168625096741052
1612,0.1168625096741052
1613,0.1168625096741052
1614,0.1168625096741052
1615,0.1168625096741052
1616,0.1168625096741052
1617,0.1168625096741052
1618,0.1168625096741052
1619,0.1168625096741052
1620,0.1168625096741052
1621,0.1168625096741052
1622,0.1168625096741052
1623,0.1168625096741052
1624,0.1168625096741052
1625,0.1168625096741052
1626,0.1168625096741052
1627,0.1168625096741052
1628,0.1168625096741052
1629,0.1168625096741052
1630,0.1168625096741052
1631,0.1168625096741052
1632,0.1168625096741052
1633,0.1168625096741052
1634,0.1168625096741052
1635,0.1168625096741052
1636,0.1168625096741052
1637,0.1168625096741052
1638,0.1168625096741052
1639,0.1168625096741052
1640,0.1168625096741052
1641,0.1168625096741052
1642,0.1168625096741052
1643,0.1168625096741052
1644,0.1168625096741052
1645,0.1168625096741052
1646,0.1168625096741052
1647,0.1168625096741052
1648,0.1168625096741052
1649,0.1168625096741052
1650,0.1168625096741052
1651,0.1168625096741052
1652,0.1168625096741052
1653,0.1168625096741052
1654,0.1168625096741052
1655,0.1168625096741052
1656,0.1168625096741052
1657,0.1168625096741052
1658,0.1168625096741052
1659,0.1168625096741052
1660,0.1168625096741052
1661,0.1168625096741052
1662,0.1168625096741052
1663,0.1168625096741052
1664,0.1168625096741052
1665,0.1168625096741052
1666,0.1168625096741052
1667,0.1168625096741052
1668,0.1168625096741052
1669,0.1168625096741052
1670,0.1168625096741052
1671,0.1168625096741052
1672,0.1168625096741052
1673,0.1168625096741052
1674,0.1168625096741052
1675,0.1168625096741052
1676,0.1168625096741052
1677,0.1168625096741052
1678,0.1168625096741052
1679,0.1168625096741052
1680,0.1168625096741052
1681,0.1168625096741052
1682,0.1168625096741052
1683,0.1168625096741052
1684,0.1168625096741052
1685,0.1168625096741052
1686,0.1168625096741052
1687,0.1168625096741052
1688,0.1168625096741052
1689,0.1168625096741052
1690,0.1168625096741052
1691,0.1168625096741052
1692,0.1168625096741052
1693,0.1168625096741052
1694,0.1168625096741052
1695,0.1168625096741052
1696,0.1168625096741052
1697,0.1168625096741052
1698,0.1168625096741052
1699,0.1168625096741052
1700,0.1168625096741052
1701,0.1168625096741052
1702,0.1168625096741052
1703,0.1168625096741052
1704,0.1168625096741052
1705,0.1168625096741052
1706,0.1168625096741052
1707,0.1168625096741052
1708,0.1168625096741052
1709,0.1168625096741052
1710,0.1168625096741052
1711,0.1168625096741052
1712,0.1168625096741052
1713,0.1168625096741052
1714,0.1168625096741052
1715,0.1168625096741052
1716,0.1168625096741052
1717,0.1168625096741052
1718,0.1168625096741052
1719,0.1168625096741052
1720,0.1168625096741052
1721,0.1168625096741052
1722,0.1168625096741052
1723,0.1168625096741052
1724,0.1168625096741052
1725,0.1168625096741052
1726,0.1168625096741052
1727,0.1168625096741052
1728,0.1168625096741052
1729,0.1168625096741052
1730,0.1168625096741052
1731,0.1168625096741052
1732,0.1168625096741052
1733,0.1168625096741052
1734,0.1168625096741052
1735,0.1168625096741052
1736,0.1168625096741052
1737,0.1168625096741052
1738,0.1168625096741052
1739,0.1168625096741052
1740,0.1168625096741052
1741,0.1168625096741052
1742,0.1168625096741052
1743,0.1168625096741052
1744,0.1168625096741052
1745,0.1168625096741052
1746,0.1168625096741052
1747,0.1168625096741052
1748,0.1168625096741052
1749,0.1168625096741052
1750,0.1168625096741052
1751,0.1168625096741052
1752,0.1168625096741052
1753,0.1168625096741052
1754,0.1168625096741052
1755,0.1168625096741052
1756,0.1168625096741052
1757,0.1168625096741052
1758,0.1168625096741052
1759,0.1168625096741052
1760,0.1168625096741052
1761,0.1168625096741052
1762,0.1168625096741052
1763,0.1168625096741052
1764,0.1168625096741052
1765,0.1168625096741052
1766,0.1168625096741052
1767,0.1168625096741052
1768,0.1168625096741052
1769,0.1168625096741052
1770,0.1168625096741052
1771,0.1168625096741052
1772,0.1168625096741052
1773,0.1168625096741052
1774,0.1168625096741052
1775,0.1168625096741052
1776,0.1168625096741052
1777,0.1168625096741052
1778,0.1168625096741052
1779,0.1168625096741052
1780,0.1168625096741052
1781,0.1168625096741052
1782,0.1168625096741052
1783,0.1168625096741052
1784,0.1168625096741052
1785,0.1168625096741052
1786,0.1168625096741052
1787,0.1168625096741052
1788,0.1168625096741052
1789,0.1168625096741052
1790,0.1168625096741052
1791,0.1168625096741052
1792,0.1168625096741052
1793,0.1168625096741052
1794,0.1168625096741052
1795,0.1168625096741052
1796,0.1168625096741052
1797,0.1168625096741052
1798,0.1168625096741052
1799,0.1168625096741052
1800,0.1168625096741052
1801,0.1168625096741052
1802,0.1168625096741052
1803,0.1168625096741052
1804,0.1168625096741052
1805,0.1168625096741052
1806,0.1168625096741052
1807,0.1168625096741052
1808,0.1168625096741052
1809,0.1168625096741052
1810,0.1168625096741052
1811,0.1168625096741052
1812,0.1168625096741052
1813,0.1168625096741052
1814,0.1168625096741052
1815,0.1168625096741052
1816,0.1168625096741052
1817,0.1168625096741052
1818,0.1168625096741052
1819,0.1168625096741052
1820,0.1168625096741052
1821,0.1168625096741052
1822,0.1168625096741052
1823,0.1168625096741052
1824,0.1168625096741052
1825,0.1168625096741052
1826,0.1168625096741052
1827,0.1168625096741052
1828,0.1168625096741052
1829,0.1168625096741052
1830,0.1168625096741052
1831,0.1168625096741052
1832,0.1168625096741052
1833,0.1168625096741052
1834,0.1168625096741052
1835,0.1168625096741052
1836,0.1168625096741052
1837,0.1168625096741052
1838,0.1168625096741052
1839,0.1168625096741052
1840,0.1168625096741052
1841,0.1168625096741052
1842,0.1168625096741052
1843,0.1168625096741052
1844,0.1168625096741052
1845,0.1168625096741052
1846,0.1168625096741052
1847,0.1168625096741052
1848,0.1168625096741052
1849,0.1168625096741052
1850,0.1168625096741052
1851,0.1168625096741052
1852,0.1168625096741052
1853,0.1168625096741052
1854,0.1168625096741052
1855,0.1168625096741052
1856,0.1168625096741052
1857,0.1168625096741052
1858,0.1168625096741052
1859,0.1168625096741052
1860,0.1168625096741052
1861,0.1168625096741052
1862,0.1168625096741052
1863,0.1168625096741052
1864,0.1168625096741052
1865,0.1168625096741052
1866,0.1168625096741052
1867,0.1168625096741052
1868,0.1168625096741052
1869,0.1168625096741052
1870,0.1168625096741052
1871,0.1168625096741052
1872,0.1168625096741052
1873,0.1168625096741052
1874,0.1168625096741052
1875,0.1168625096741052
1876,0.1168625096741052
1877,0.1168625096741052
1878,0.1168625096741052
1879,0.1168625096741052
1880,0.1168625096741052
1881,0.1168625096741052
1882,0.1168625096741052
1883,0.1168625096741052
1884,0.1168625096741052
1885,0.1168625096741052
1886,0.1168625096741052
1887,0.1168625096741052
1888,0.1168625096741052
1889,0.1168625096741052
1890,0.1168625096741052
1891,0.1168625096741052
1892,0.1168625096741052
1893,0.1168625096741052
1894,0.1168625096741052
1895,0.1168625096741052
1896,0.1168625096741052
1897,0.1168625096741052
1898,0.1168625096741052
1899,0.1168625096741052
1900,0.1168625096741052
1901,0.1168625096741052
1902,0.1168625096741052
1903,0.1168625096741052
1904,0.1168625096741052
1905,0.1168625096741052
1906,0.1168625096741052
1907,0.1168625096741052
1908,0.1168625096741052
1909,0.1168625096741052
1910,0.1168625096741052
1911,0.1168625096741052
1912,0.1168625096741052
1913,0.1168625096741052
1914,0.1168625096741052
1915,0.1168625096741052
1916,0.1168625096741052
1917,0.1168625096741052
1918,0.1168625096741052
1919,0.1168625096741052
1920,0.1168625096741052
1921,0.1168625096741052
1922,0.1168625096741052
1923,0.1168625096741052
1924,0.1168625096741052
1925,0.1168625096741052
1926,0.1168625096741052
1927,0.1168625096741052
1928,0.1168625096741052
1929,0.1168625096741052
1930,0.1168625096741052
1931,0.1168625096741052
1932,0.1168625096741052
1933,0.1168625096741052
1934,0.1168625096741052
1935,0.1168625096741052
1936,0.1168625096741052
1937,0.1168625096741052
1938,0.1168625096741052
1939,0.1168625096741052
1940,0.1168625096741052
1941,0.1168625096741052
1942,0.1168625096741052
1943,0.1168625096741052
1944,0.1168625096741052
1945,0.1168625096741052
1946,0.1168625096741052
1947,0.1168625096741052
1948,0.1168625096741052
1949,0.1168625096741052
1950,0.1168625096741052
1951,0.1168625096741052
1952,0.1168625096741052
1953,0.1168625096741052
1954,0.1168625096741052
1955,0.1168625096741052
1956,0.1168625096741052
1957,0.1168625096741052
1958,0.1168625096741052
1959,0.1168625096741052
1960,0.1168625096741052
1961,0.1168625096741052
1962,0.1168625096741052
1963,0.1168625096741052
1964,0.1168625096741052
1965,0.1168625096741052
1966,0.1168625096741052
1967,0.1168625096741052
1968,0.1168625096741052
1969,0.1168625096741052
1970,0.1168625096741052
1971,0.1168625096741052
1972,0.1168625096741052
1973,0.1168625096741052
1974,0.1168625096741052
1975,0.1168625096741052
1976,0.1168625096741052
1977,0.1168625096741052
1978,0.1168625096741052
1979,0.1168625096741052
1980,0.1168625096741052
1981,0.1168625096741052
1982,0.1168625096741052
1983,0.1168625096741052
1984,0.1168625096741052
1985,0.1168625096741052
1986,0.1168625096741052
1987,0.1168625096741052
1988,0.1168625096741052
1989,0.1168625096741052
1990,0.1168625096741052
1991,0.1168625096741052
1992,0.1168625096741052
1993,0.1168625096741052
1994,0.1168625096741052
1995,0.1168625096741052
1996,0.1168625096741052
1997,0.1168625096741052
1998,0.1168625096741052
1999,0.1168625096741052
