,value_per_image
0,0.4823529411764706
1,0.45
2,0.7176470588235294
3,-0.09705882352941177
4,0.6147058823529412
5,-0.23823529411764705
6,0.4147058823529412
7,0.005882352941176471
8,0.4147058823529412
9,-0.2505533020416188
10,0.6264705882352941
11,-0.3882352941176471
12,0.4705882352941176
13,0.6735294117647058
14,-0.30882352941176466
15,0.5088235294117647
16,0.07941176470588236
17,0.7852941176470588
18,-0.2
19,0.411764705882353
20,0.09705882352941177
21,0.5558823529411765
22,0.4588235294117647
23,-0.0411764705882353
24,0.2588235294117647
25,0.3647058823529412
26,0.4859722751254533
27,-0.4323529411764706
28,0.3970588235294118
29,0.3941176470588235
30,0.8117647058823528
31,-0.22941176470588234
32,0.7000000000000001
33,0.6294117647058822
34,-0.4647058823529412
35,-0.5617647058823529
36,-0.5088235294117647
37,-0.5352941176470588
38,0.15
39,-0.18529411764705886
40,0.8823529411764707
41,0.7823529411764706
42,0.3205882352941176
43,0.7823529411764706
44,0.02941176470588235
45,0.25
46,0.3264705882352941
47,-0.07058823529411765
48,0.6294117647058822
49,-0.014705882352941175
50,-0.3058823529411765
51,0.06764705882352941
52,0.2911764705882353
53,0.6911764705882353
54,-0.07058823529411765
55,0.08823529411764705
56,0.10882352941176472
57,0.5411764705882353
58,0.026470588235294117
59,0.3558823529411765
60,0.7117647058823531
61,0.5941176470588235
62,0.7411764705882353
63,0.2735294117647059
64,0.3264705882352941
65,0.6205882352941177
66,-0.06470588235294117
67,0.4047094546723664
68,-0.3029411764705882
69,-0.044117647058823525
70,0.5588235294117647
71,0.6941176470588235
72,0.28823529411764703
73,0.15882352941176472
74,-0.22352941176470587
75,0.48823529411764705
76,0.0823529411764706
77,-0.1411764705882353
78,0.12058823529411765
79,-0.0823529411764706
80,0.6294117647058822
81,0.3411764705882353
82,0.8147058823529412
83,-0.4617647058823529
84,0.2676470588235294
85,0.6882352941176471
86,0.29705882352941176
87,-0.18235294117647055
88,0.31764705882352945
89,0.15882352941176472
90,0.4529411764705882
91,0.18235294117647055
92,0.3382352941176471
93,0.2823529411764706
94,0.21176470588235294
95,0.3029411764705882
96,-0.011764705882352941
97,0.5147058823529412
98,0.06470588235294117
99,0.7029411764705883
100,0.4911764705882353
101,0.07941176470588236
102,0.3
103,0.5058823529411764
104,0.6176470588235293
105,0.2411764705882353
106,0.6941176470588235
107,0.06176470588235294
108,0.6147058823529412
109,-0.052941176470588235
110,-0.026470588235294117
111,0.4088235294117647
112,0.1176470588235294
113,0.18823529411764706
114,0.5
115,-0.19705882352941176
116,0.06176470588235294
117,-0.3382352941176471
118,0.07352941176470587
119,0.3294117647058824
120,0.29705882352941176
121,0.2823529411764706
122,0.17352941176470588
123,-0.2264705882352941
124,0.3941176470588235
125,0.7911764705882354
126,0.3705882352941177
127,0.15588235294117647
128,-0.11470588235294114
129,0.023529411764705882
130,0.4352941176470588
131,0.6588235294117648
132,-0.15882352941176472
133,-0.005882352941176471
134,0.4441176470588235
135,0.0588235294117647
136,0.25588235294117645
137,0.10882352941176472
138,0.7470588235294118
139,0.3588235294117647
140,0.3617647058823529
141,0.1264705882352941
142,0.5588235294117647
143,0.4176470588235294
144,0.09705882352941177
145,0.65
146,-0.005882352941176471
147,0.6205882352941177
148,0.7058823529411764
149,0.3882352941176471
150,0.1398087207049993
151,0.65
152,-0.09117647058823528
153,0.5911764705882353
154,0.23823529411764705
155,-0.2029411764705882
156,0.5235294117647059
157,0.3
158,-0.18823529411764706
159,0.30882352941176466
160,0.1352941176470588
161,0.06176470588235294
162,-0.25588235294117645
163,0.15
164,-0.3970588235294118
165,0.05
166,0.4235294117647059
167,0.2617647058823529
168,-0.02941176470588235
169,0.5911764705882353
170,-0.2794117647058824
171,-0.2147058823529412
172,0.7970588235294117
173,0.44117647058823534
174,0.611764705882353
175,0.35000000000000003
176,0.2470588235294117
177,0.6352941176470589
178,0.3882352941176471
179,0.6823529411764706
180,0.10882352941176472
181,-0.3617647058823529
182,0.5205882352941177
183,0.5764705882352941
184,0.40294117647058825
185,0.12352941176470587
186,-0.21764705882352944
187,0.6588235294117648
188,0.3852941176470588
189,0.75
190,0.5441176470588236
191,0.3411764705882353
192,0.4264705882352941
193,0.05
194,0.026470588235294117
195,0.4264705882352941
196,0.5764705882352941
197,-0.08823529411764705
198,-0.10882352941176472
199,-0.011764705882352941
200,0.5735294117647058
201,-0.4058823529411764
202,0.6411764705882352
203,-0.3852941176470588
204,0.40294117647058825
205,0.40294117647058825
206,0.4058823529411764
207,0.7323529411764707
208,0.22352941176470587
209,0.0823529411764706
210,0.5029411764705883
211,0.22941176470588234
212,0.18823529411764706
213,0.3235294117647059
214,-0.2529411764705882
215,0.7235294117647059
216,0.12058823529411765
217,0.17058823529411765
218,0.5588235294117647
219,-0.07941176470588236
220,0.1323529411764706
221,-0.45
222,0.6441176470588235
223,-0.4911764705882353
224,0.4
225,-0.017647058823529408
226,-0.2617647058823529
227,0.4705882352941176
228,-0.032352941176470584
229,0.2529411764705882
230,0.3
231,0.5941176470588235
232,0.3
233,0.3735294117647059
234,-0.16764705882352945
235,0.7264705882352941
236,0.2676470588235294
237,0.14411764705882352
238,-0.17058823529411765
239,0.1
240,-0.21764705882352944
241,0.2617647058823529
242,0.02058823529411765
243,0.10588235294117647
244,0.4058823529411764
245,0.611764705882353
246,0.2323529411764706
247,0.21764705882352944
248,0.7941176470588236
249,0.4294117647058823
250,0.4382352941176471
251,0.6029411764705882
252,0.6529411764705881
253,0.08823529411764705
254,0.3117647058823529
255,0.8794117647058824
256,0.4911764705882353
257,0.2676470588235294
258,0.8058823529411765
259,0.411764705882353
260,0.611764705882353
261,0.4794117647058824
262,-0.22941176470588234
263,0.5882352941176471
264,0.4617647058823529
265,-0.2735294117647059
266,0.08823529411764705
267,0.6205882352941177
268,0.023529411764705882
269,-0.5735294117647058
270,0.6970588235294117
271,0.6911764705882353
272,0.7147058823529412
273,0.5
274,0.4176470588235294
275,0.4205882352941176
276,0.17058823529411765
277,0.0823529411764706
278,-0.2529411764705882
279,-0.45
280,0.5294117647058824
281,0.1764705882352941
282,0.4617647058823529
283,0.5941176470588235
284,-0.10588235294117647
285,0.3617647058823529
286,0.4823529411764706
287,0.4264705882352941
288,-0.21764705882352944
289,-0.1411764705882353
290,0.22058823529411767
291,-0.18823529411764706
292,0.5352941176470588
293,-0.3617647058823529
294,0.19117647058823528
295,-0.4382352941176471
296,-0.4764705882352941
297,0.3647058823529412
298,0.7235294117647059
299,0.5352941176470588
300,0.17058823529411765
301,0.2529411764705882
302,0.6029411764705882
303,-0.3794117647058824
304,-0.11176470588235292
305,0.2647058823529412
306,0.4852941176470588
307,-0.1764705882352941
308,0.30757918555099845
309,0.7441176470588236
310,0.8117647058823528
311,0.4088235294117647
312,0.4529411764705882
313,-0.16176470588235295
314,0.06764705882352941
315,0.75
316,0.22352941176470587
317,0.3323529411764706
318,0.2088235294117647
319,0.5794117647058823
320,0.3941176470588235
321,-0.6441176470588235
322,0.4352941176470588
323,0.15
324,-0.06176470588235294
325,0.1176470588235294
326,-0.18235294117647055
327,0.5529411764705882
328,-0.02941176470588235
329,0.7617647058823529
330,0.6147058823529412
331,-0.2676470588235294
332,0.3941176470588235
333,-0.3382352941176471
334,0.21764705882352944
335,0.5235294117647059
336,0.28823529411764703
337,0.3588235294117647
338,0.4911764705882353
339,-0.44117647058823534
340,-0.3411764705882353
341,0.2088235294117647
342,0.18823529411764706
343,-0.10882352941176472
344,0.12058823529411765
345,0.6911764705882353
346,0.3764705882352941
347,0.19117647058823528
348,-0.3205882352941176
349,0.25588235294117645
350,0.1352941176470588
351,0.004447886940183653
352,-0.4871230163511028
353,-0.1264705882352941
354,0.3264705882352941
355,0.6029411764705882
356,0.011764705882352941
357,0.7058823529411764
358,0.4794117647058824
359,0.8147058823529412
360,0.22058823529411767
361,0.7235294117647059
362,-0.02941176470588235
363,0.1352941176470588
364,0.4911764705882353
365,0.08823529411764705
366,-0.21764705882352944
367,0.07647058823529412
368,0.0029411764705882357
369,0.34411764705882353
370,0.09411764705882353
371,0.06764705882352941
372,0.09705882352941177
373,0.2088235294117647
374,0.6764705882352942
375,0.4970588235294117
376,0.2617647058823529
377,0.38235294117647056
378,0.6294117647058822
379,-0.3382352941176471
380,0.5264705882352941
381,0.026470588235294117
382,0.7264705882352941
383,0.6911764705882353
384,0.3911764705882353
385,0.5588235294117647
386,0.4
387,0.16764705882352945
388,0.8764705882352942
389,0.3323529411764706
390,0.05588235294117647
391,0.0823529411764706
392,0.27058823529411763
393,0.4558823529411765
394,0.6205882352941177
395,0.8117647058823528
396,0.18823529411764706
397,-0.12352941176470587
398,0.2441176470588235
399,0.5029411764705883
400,-0.2676470588235294
401,-0.032352941176470584
402,-0.4
403,-0.0029411764705882357
404,-0.005882352941176471
405,0.6235294117647059
406,0.7970588235294117
407,0.5235294117647059
408,-0.03823529411764706
409,0.6529411764705881
410,0.7470588235294118
411,0.5588235294117647
412,0.19705882352941176
413,-0.2411764705882353
414,-0.5911764705882353
415,0.4852941176470588
416,0.8382352941176471
417,0.3411764705882353
418,0.3617647058823529
419,0.3058823529411765
420,0.6147058823529412
421,0.4529411764705882
422,-0.07058823529411765
423,0.5941176470588235
424,0.3735294117647059
425,0.6323529411764706
426,0.27058823529411763
427,0.4235294117647059
428,0.5147058823529412
429,0.3529411764705882
430,0.011764705882352941
431,0.27058823529411763
432,0.5205882352941177
433,0.4352941176470588
434,0.12352941176470587
435,0.5705882352941177
436,0.3882352941176471
437,0.5147058823529412
438,0.5088235294117647
439,0.03823529411764706
440,0.14705882352941174
441,0.7794117647058825
442,0.4735294117647058
443,0.8058823529411765
444,0.19705882352941176
445,0.65
446,0.3617647058823529
447,0.8058823529411765
448,0.032352941176470584
449,0.044117647058823525
450,-0.09411764705882353
451,0.02058823529411765
452,0.3735294117647059
453,0.3470588235294117
454,-0.08823529411764705
455,0.5411764705882353
456,0.2617647058823529
457,0.6441176470588235
458,0.15294117647058825
459,0.2588235294117647
460,0.4970588235294117
461,0.3029411764705882
462,-0.02941176470588235
463,0.6470588235294118
464,0.5911764705882353
465,0.5676470588235295
466,0.7000000000000001
467,0.6970588235294117
468,0.7631048263737155
469,0.7588235294117647
470,-0.6852941176470588
471,-0.7058823529411764
472,0.8323529411764706
473,-0.2264705882352941
474,0.035294117647058816
475,0.07941176470588236
476,0.2323529411764706
477,0.5970588235294118
478,0.035294117647058816
479,0.5235294117647059
480,0.11176470588235292
481,0.0
482,0.6176470588235293
483,-0.2352941176470588
484,0.7941176470588236
485,0.6029411764705882
486,-0.3411764705882353
487,0.22352941176470587
488,0.6235294117647059
489,-0.2852941176470589
490,0.5323529411764706
491,-0.023529411764705882
492,-0.55
493,0.17058823529411765
494,0.9176470588235294
495,0.16176470588235295
496,0.0029411764705882357
497,0.5
498,0.047058823529411764
499,0.5735294117647058
500,0.34411764705882353
501,-0.047058823529411764
502,0.6441176470588235
503,-0.2058823529411765
504,0.4558823529411765
505,0.6323529411764706
506,0.16764705882352945
507,-0.06470588235294117
508,0.5029411764705883
509,0.7411764705882353
510,0.2264705882352941
511,0.6882352941176471
512,0.5764705882352941
513,0.3147058823529411
514,0.7647058823529411
515,0.7764705882352941
516,0.2411764705882353
517,-0.19411764705882356
518,-0.15
519,0.5941176470588235
520,-0.12352941176470587
521,0.3411764705882353
522,0.11470588235294114
523,0.4529411764705882
524,-0.23823529411764705
525,0.2617647058823529
526,0.411764705882353
527,0.4147058823529412
528,0.33529411764705885
529,-0.035294117647058816
530,0.1411764705882353
531,0.22941176470588234
532,0.5705882352941177
533,-0.1264705882352941
534,0.6264705882352941
535,0.1323529411764706
536,0.7029411764705883
537,0.25588235294117645
538,0.5794117647058823
539,0.5441176470588236
540,0.14411764705882352
541,0.31764705882352945
542,0.7235294117647059
543,0.8617647058823529
544,0.2323529411764706
545,0.7470588235294118
546,0.11470588235294114
547,0.2735294117647059
548,-0.05
549,0.5411764705882353
550,-0.7558823529411764
551,0.22352941176470587
552,0.6147058823529412
553,-0.2147058823529412
554,0.3647058823529412
555,0.7000000000000001
556,0.17058823529411765
557,0.052941176470588235
558,0.45
559,0.6647058823529411
560,0.5117647058823529
561,0.5235294117647059
562,0.4823529411764706
563,0.7176470588235294
564,0.3941176470588235
565,0.4588235294117647
566,0.4676470588235294
567,-0.05
568,0.888235294117647
569,0.40294117647058825
570,0.411764705882353
571,0.2764705882352941
572,0.3294117647058824
573,0.36764705882352944
574,0.6294117647058822
575,-0.28823529411764703
576,-0.2911764705882353
577,0.7029411764705883
578,0.75
579,0.4911764705882353
580,-0.005882352941176471
581,0.2852941176470589
582,-0.08823529411764705
583,0.18235294117647055
584,0.16764705882352945
585,0.3558823529411765
586,0.8294117647058824
587,0.28823529411764703
588,0.7794117647058825
589,-0.6441176470588235
590,0.19411764705882356
591,0.6411764705882352
592,-0.2
593,-0.052941176470588235
594,0.2264705882352941
595,0.3147058823529411
596,-0.07352941176470587
597,0.2441176470588235
598,0.8705882352941177
599,0.035294117647058816
600,0.19705882352941176
601,0.3411764705882353
602,0.5176470588235293
603,0.032352941176470584
604,0.6441176470588235
605,-0.3323529411764706
606,0.4205882352941176
607,0.5588235294117647
608,0.31764705882352945
609,0.2323529411764706
610,0.5441176470588236
611,-0.2647058823529412
612,0.3911764705882353
613,0.4705882352941176
614,0.2058823529411765
615,0.3588235294117647
616,-0.4738779796527344
617,0.5411764705882353
618,0.6882352941176471
619,0.6352941176470589
620,0.3911764705882353
621,0.7794117647058825
622,0.5529411764705882
623,0.5621782243085235
624,0.8529411764705882
625,0.36764705882352944
626,0.18823529411764706
627,0.1
628,-0.06176470588235294
629,0.75
630,0.11176470588235292
631,0.5352941176470588
632,0.7000000000000001
633,0.8558823529411764
634,-0.19705882352941176
635,-0.11176470588235292
636,0.08823529411764705
637,-0.3794117647058824
638,0.2352941176470588
639,-0.2911764705882353
640,0.36764705882352944
641,0.17941176470588235
642,0.411764705882353
643,0.6911764705882353
644,0.6352941176470589
645,0.45
646,0.4088235294117647
647,-0.026470588235294117
648,0.7117647058823531
649,0.22352941176470587
650,-0.17058823529411765
651,-0.3
652,0.823529411764706
653,0.3970588235294118
654,0.1
655,-0.09117647058823528
656,0.7529411764705882
657,0.5088235294117647
658,0.3794117647058824
659,0.22058823529411767
660,0.611764705882353
661,0.8352941176470589
662,0.5117647058823529
663,0.2058823529411765
664,-0.026470588235294117
665,-0.11176470588235292
666,0.3970588235294118
667,-0.035294117647058816
668,0.2
669,0.3911764705882353
670,0.4147058823529412
671,0.6382352941176471
672,-0.052941176470588235
673,0.823529411764706
674,0.38235294117647056
675,0.7058823529411764
676,0.18529411764705886
677,0.2352941176470588
678,0.0
679,-0.12941176470588234
680,-0.15894044038042027
681,-0.13823529411764704
682,0.09705882352941177
683,-0.2264705882352941
684,0.4382352941176471
685,0.5352941176470588
686,0.5911764705882353
687,0.5617647058823529
688,-0.4088235294117647
689,0.4323529411764706
690,0.4352941176470588
691,0.7411764705882353
692,0.7176470588235294
693,-0.19117647058823528
694,-0.3470588235294117
695,-0.02941176470588235
696,0.2823529411764706
697,0.44117647058823534
698,0.11176470588235292
699,0.2470588235294117
700,0.4205882352941176
701,0.3029411764705882
702,0.05
703,0.5147058823529412
704,0.5882352941176471
705,0.03823529411764706
706,-0.10882352941176472
707,0.06470588235294117
708,0.2147058823529412
709,0.5058823529411764
710,-0.3882352941176471
711,-0.2617647058823529
712,0.3235294117647059
713,-0.35000000000000003
714,0.5029411764705883
715,0.25
716,-0.047058823529411764
717,0.0411764705882353
718,-0.4911764705882353
719,0.05588235294117647
720,0.5205882352941177
721,0.4735294117647058
722,0.22058823529411767
723,-0.15
724,0.2735294117647059
725,-0.3294117647058824
726,-0.3147058823529411
727,0.5117647058823529
728,-0.005882352941176471
729,0.09117647058823528
730,0.28823529411764703
731,0.4470588235294117
732,0.6911764705882353
733,0.014705882352941175
734,0.3323529411764706
735,-0.38235294117647056
736,-0.10588235294117647
737,0.08823529411764705
738,0.2735294117647059
739,0.2323529411764706
740,0.4088235294117647
741,0.0
742,0.3970588235294118
743,0.15294117647058825
744,-0.2852941176470589
745,0.33529411764705885
746,0.15
747,0.3147058823529411
748,-0.09860193986563108
749,0.6823529411764706
750,0.30882352941176466
751,0.5529411764705882
752,-0.14411764705882352
753,0.5470588235294118
754,-0.34411764705882353
755,-0.0823529411764706
756,0.29705882352941176
757,-0.09117647058823528
758,0.2676470588235294
759,-0.6852941176470588
760,0.13823529411764704
761,0.3705882352941177
762,-0.7647058823529411
763,-0.33529411764705885
764,0.5577632120757341
765,0.3647058823529412
766,0.4176470588235294
767,0.7264705882352941
768,0.5970588235294118
769,0.09411764705882353
770,-0.08823529411764705
771,-0.032352941176470584
772,0.7176470588235294
773,0.38235294117647056
774,0.1647058823529412
775,0.15
776,0.4294117647058823
777,0.1264705882352941
778,0.4147058823529412
779,0.0588235294117647
780,0.6441176470588235
781,-0.0823529411764706
782,0.1264705882352941
783,0.10294117647058824
784,0.08823529411764705
785,0.36764705882352944
786,0.023529411764705882
787,0.2764705882352941
788,0.5588235294117647
789,0.19705882352941176
790,0.19411764705882356
791,-0.2
792,0.4794117647058824
793,0.5323529411764706
794,0.19705882352941176
795,0.8794117647058824
796,0.5
797,0.2852941176470589
798,-0.2617647058823529
799,-0.4264705882352941
800,0.3705882352941177
801,0.7558823529411764
802,0.4294117647058823
803,0.6205882352941177
804,0.38235294117647056
805,0.38235294117647056
806,0.14705882352941174
807,0.6058823529411764
808,-0.15
809,0.34411764705882353
810,0.4588235294117647
811,0.6764705882352942
812,0.2529411764705882
813,0.07058823529411765
814,0.2823529411764706
815,0.005882352941176471
816,0.3382352941176471
817,0.5058823529411764
818,0.6029411764705882
819,0.0411764705882353
820,0.1
821,0.2058823529411765
822,0.5176470588235293
823,0.7088235294117646
824,-0.10588235294117647
825,0.08529411764705883
826,-0.005882352941176471
827,0.30882352941176466
828,-0.07647058823529412
829,0.21764705882352944
830,0.5558823529411765
831,0.5235294117647059
832,-0.4764705882352941
833,0.3382352941176471
834,-0.12941176470588234
835,0.10882352941176472
836,-0.08823529411764705
837,0.1764705882352941
838,0.6323529411764706
839,0.13823529411764704
840,-0.5411764705882353
841,0.5352941176470588
842,0.5294117647058824
843,0.0411764705882353
844,0.05588235294117647
845,-0.06176470588235294
846,-0.05588235294117647
847,0.1264705882352941
848,0.5088235294117647
849,0.07352941176470587
850,0.5029411764705883
851,0.07941176470588236
852,-0.11470588235294114
853,0.5676470588235295
854,0.6647058823529411
855,0.12058823529411765
856,-0.0411764705882353
857,-0.10294117647058824
858,0.2852941176470589
859,-0.0411764705882353
860,-0.008823529411764706
861,0.4735294117647058
862,0.611764705882353
863,0.1176470588235294
864,-0.22352941176470587
865,0.07533308824133167
866,0.3588235294117647
867,0.18823529411764706
868,0.4735294117647058
869,0.5617647058823529
870,0.21176470588235294
871,0.4617647058823529
872,0.6852941176470588
873,-0.1264705882352941
874,0.29705882352941176
875,0.33529411764705885
876,0.4205882352941176
877,0.55
878,-0.06176470588235294
879,0.3205882352941176
880,-0.1
881,0.7352941176470589
882,0.4382352941176471
883,0.2088235294117647
884,0.6205882352941177
885,0.65
886,-0.1323529411764706
887,0.5735294117647058
888,0.3794117647058824
889,0.06764705882352941
890,-0.014705882352941175
891,0.4794117647058824
892,0.3794117647058824
893,-0.08823529411764705
894,0.44117647058823534
895,0.6
896,-0.25
897,0.09411764705882353
898,0.15588235294117647
899,0.2
900,0.2529411764705882
901,-0.0029411764705882357
902,-0.07058823529411765
903,-0.15294117647058825
904,-0.10882352941176472
905,0.18235294117647055
906,0.13823529411764704
907,0.2823529411764706
908,0.5882352941176471
909,0.3411764705882353
910,0.008823529411764706
911,-0.31764705882352945
912,-0.4852941176470588
913,0.7029411764705883
914,0.4852941176470588
915,0.19411764705882356
916,0.4205882352941176
917,0.4470588235294117
918,0.12941176470588234
919,-0.19411764705882356
920,0.7764705882352941
921,0.40294117647058825
922,0.3617647058823529
923,0.3323529411764706
924,-0.6235294117647059
925,0.8647058823529412
926,0.14411764705882352
927,-0.06176470588235294
928,-0.032352941176470584
929,0.1411764705882353
930,-0.18529411764705886
931,-0.026470588235294117
932,0.4911764705882353
933,0.05
934,-0.03823529411764706
935,0.4470588235294117
936,0.4705882352941176
937,0.5529411764705882
938,0.3
939,0.5235294117647059
940,-0.4058823529411764
941,0.3529411764705882
942,0.8323529411764706
943,0.6
944,-0.014705882352941175
945,-0.5411764705882353
946,0.0588235294117647
947,-0.09411764705882353
948,-0.18529411764705886
949,0.3558823529411765
950,-0.0411764705882353
951,0.1411764705882353
952,0.18235294117647055
953,-0.02058823529411765
954,0.08529411764705883
955,0.6764705882352942
956,-0.1323529411764706
957,0.12058823529411765
958,0.6823529411764706
959,0.07941176470588236
960,0.7647058823529411
961,0.3882352941176471
962,-0.15
963,-0.23823529411764705
964,0.3323529411764706
965,0.2411764705882353
966,-0.032352941176470584
967,0.18823529411764706
968,0.4
969,0.1176470588235294
970,-0.0411764705882353
971,0.5323529411764706
972,0.3529411764705882
973,-0.05
974,0.4264705882352941
975,0.023529411764705882
976,0.4617647058823529
977,0.36764705882352944
978,-0.2794117647058824
979,0.6382352941176471
980,-0.07058823529411765
981,0.3735294117647059
982,0.22352941176470587
983,-0.7999999999999999
984,-0.4058823529411764
985,0.6941176470588235
986,0.38235294117647056
987,0.2323529411764706
988,0.5058823529411764
989,-0.0823529411764706
990,0.3617647058823529
991,0.34411764705882353
992,0.4323529411764706
993,0.40294117647058825
994,0.2794117647058824
995,0.1176470588235294
996,0.4794117647058824
997,0.7999999999999999
998,0.4558823529411765
999,-0.06764705882352941
1000,0.45
1001,-0.06181017125905231
1002,0.12352941176470587
1003,0.4470588235294117
1004,0.16764705882352945
1005,0.4617647058823529
1006,0.5294117647058824
1007,0.0029411764705882357
1008,0.18823529411764706
1009,0.28823529411764703
1010,0.5617647058823529
1011,-0.2617647058823529
1012,0.4176470588235294
1013,0.4529411764705882
1014,0.4294117647058823
1015,0.5088235294117647
1016,0.2264705882352941
1017,0.023529411764705882
1018,0.8147058823529412
1019,0.06470588235294117
1020,0.1176470588235294
1021,0.35000000000000003
1022,0.5676470588235295
1023,0.4735294117647058
1024,0.5
1025,0.3970588235294118
1026,0.22941176470588234
1027,0.2029411764705882
1028,0.4382352941176471
1029,0.3617647058823529
1030,0.48823529411764705
1031,0.6323529411764706
1032,-0.09705882352941177
1033,0.06764705882352941
1034,0.6441176470588235
1035,0.22352941176470587
1036,-0.11470588235294114
1037,-0.2058823529411765
1038,-0.09117647058823528
1039,0.4323529411764706
1040,0.18823529411764706
1041,0.032352941176470584
1042,0.4852941176470588
1043,-0.6
1044,0.3529411764705882
1045,0.4823529411764706
1046,-0.3029411764705882
1047,0.5617647058823529
1048,0.06470588235294117
1049,0.6029411764705882
1050,0.29411764705882354
1051,0.2323529411764706
1052,-0.2411764705882353
1053,0.07058823529411765
1054,0.2588235294117647
1055,0.12058823529411765
1056,0.27058823529411763
1057,0.3382352941176471
1058,0.5029411764705883
1059,0.22058823529411767
1060,0.5647058823529412
1061,0.5029411764705883
1062,0.22941176470588234
1063,0.08529411764705883
1064,-0.2323529411764706
1065,-0.2529411764705882
1066,0.4794117647058824
1067,-0.22941176470588234
1068,0.5970588235294118
1069,-0.05588235294117647
1070,0.1764705882352941
1071,-0.21176470588235294
1072,0.6235294117647059
1073,0.5058823529411764
1074,0.4264705882352941
1075,-0.05588235294117647
1076,0.6029411764705882
1077,0.08823529411764705
1078,-0.008823529411764706
1079,0.5205882352941177
1080,-0.014705882352941175
1081,0.5235294117647059
1082,-0.14411764705882352
1083,0.7147058823529412
1084,0.5294117647058824
1085,0.3764705882352941
1086,0.7794117647058825
1087,0.2823529411764706
1088,-0.29411764705882354
1089,0.2823529411764706
1090,-0.6235294117647059
1091,-0.023529411764705882
1092,0.005882352941176471
1093,0.2264705882352941
1094,0.4058823529411764
1095,0.12941176470588234
1096,0.48823529411764705
1097,-0.12058823529411765
1098,0.4617647058823529
1099,0.22058823529411767
1100,-0.5735294117647058
1101,0.21176470588235294
1102,0.6617647058823529
1103,0.7999999999999999
1104,0.4911764705882353
1105,0.3235294117647059
1106,0.05588235294117647
1107,0.4941176470588235
1108,-0.008823529411764706
1109,-0.22352941176470587
1110,-0.2088235294117647
1111,0.4852941176470588
1112,0.34411764705882353
1113,-0.16176470588235295
1114,0.6882352941176471
1115,0.3529411764705882
1116,0.5764705882352941
1117,0.09117647058823528
1118,-0.2852941176470589
1119,0.8264705882352942
1120,0.6058823529411764
1121,0.1323529411764706
1122,0.5617647058823529
1123,0.5794117647058823
1124,-0.09117647058823528
1125,0.07647058823529412
1126,-0.10882352941176472
1127,0.33529411764705885
1128,0.6852941176470588
1129,0.10294117647058824
1130,-0.7382352941176471
1131,0.12941176470588234
1132,0.7235294117647059
1133,0.25588235294117645
1134,0.6823529411764706
1135,0.5617647058823529
1136,-0.07941176470588236
1137,0.30882352941176466
1138,-0.3529411764705882
1139,0.3323529411764706
1140,-0.2441176470588235
1141,0.4147058823529412
1142,0.07941176470588236
1143,0.19705882352941176
1144,-0.6823529411764706
1145,0.3970588235294118
1146,-0.3294117647058824
1147,-0.3294117647058824
1148,-0.06764705882352941
1149,0.047058823529411764
1150,0.4382352941176471
1151,0.7588235294117647
1152,0.4176470588235294
1153,0.4235294117647059
1154,-0.0029411764705882357
1155,0.4205882352941176
1156,0.4823529411764706
1157,-0.2470588235294117
1158,0.2529411764705882
1159,0.5735294117647058
1160,0.7852941176470588
1161,-0.3558823529411765
1162,0.7794117647058825
1163,-0.15
1164,0.25
1165,0.4088235294117647
1166,-0.1411764705882353
1167,0.2911764705882353
1168,0.4676470588235294
1169,0.1647058823529412
1170,0.4911764705882353
1171,0.6735294117647058
1172,0.2764705882352941
1173,0.13823529411764704
1174,-0.035294117647058816
1175,0.6088235294117647
1176,0.7676470588235293
1177,0.6558823529411765
1178,0.2676470588235294
1179,0.7205882352941175
1180,0.5617647058823529
1181,0.4588235294117647
1182,0.3735294117647059
1183,0.55
1184,-0.22941176470588234
1185,-0.3117647058823529
1186,-0.3911764705882353
1187,0.4558823529411765
1188,-0.3058823529411765
1189,0.4264705882352941
1190,0.45
1191,0.5882352941176471
1192,0.4
1193,0.3705882352941177
1194,0.7558823529411764
1195,0.047058823529411764
1196,0.15588235294117647
1197,0.5264705882352941
1198,-0.2058823529411765
1199,0.1323529411764706
1200,-0.032352941176470584
1201,-0.03823529411764706
1202,0.2764705882352941
1203,-0.02941176470588235
1204,-0.29411764705882354
1205,0.3647058823529412
1206,0.6941176470588235
1207,0.19411764705882356
1208,-0.0588235294117647
1209,0.07352941176470587
1210,-0.5617647058823529
1211,0.4970588235294117
1212,-0.08823529411764705
1213,0.5764705882352941
1214,0.5558823529411765
1215,0.6588235294117648
1216,-0.25
1217,0.11176470588235292
1218,0.4676470588235294
1219,-0.1411764705882353
1220,-0.19411764705882356
1221,0.2088235294117647
1222,0.11176470588235292
1223,0.4794117647058824
1224,0.6382352941176471
1225,0.8058823529411765
1226,-0.1764705882352941
1227,0.6882352941176471
1228,0.2352941176470588
1229,0.0411764705882353
1230,-0.18235294117647055
1231,0.12352941176470587
1232,0.2735294117647059
1233,-0.02058823529411765
1234,-0.1323529411764706
1235,0.4382352941176471
1236,0.2411764705882353
1237,0.6235294117647059
1238,0.17941176470588235
1239,0.2323529411764706
1240,-0.10588235294117647
1241,0.4
1242,0.4970588235294117
1243,0.5794117647058823
1244,0.3588235294117647
1245,0.3561443201116824
1246,-0.017647058823529408
1247,-0.06176470588235294
1248,0.5205882352941177
1249,0.7617647058823529
1250,0.3029411764705882
1251,0.09117647058823528
1252,0.28823529411764703
1253,0.4323529411764706
1254,0.4
1255,0.15588235294117647
1256,0.4088235294117647
1257,0.3235294117647059
1258,0.4
1259,-0.2823529411764706
1260,-0.047058823529411764
1261,0.4970588235294117
1262,-0.11176470588235292
1263,-0.3411764705882353
1264,-0.4088235294117647
1265,0.4735294117647058
1266,0.1264705882352941
1267,0.33529411764705885
1268,0.052941176470588235
1269,0.2823529411764706
1270,0.023529411764705882
1271,-0.1764705882352941
1272,0.4147058823529412
1273,-0.538235294117647
1274,0.12058823529411765
1275,0.538235294117647
1276,0.6294117647058822
1277,0.5235294117647059
1278,0.48823529411764705
1279,0.36764705882352944
1280,0.4323529411764706
1281,0.5441176470588236
1282,0.17352941176470588
1283,0.2647058823529412
1284,0.3382352941176471
1285,0.3
1286,0.6029411764705882
1287,-0.3558823529411765
1288,0.3
1289,0.7764705882352941
1290,-0.3617647058823529
1291,0.11176470588235292
1292,0.6058823529411764
1293,0.4147058823529412
1294,0.0588235294117647
1295,0.2352941176470588
1296,0.6205882352941177
1297,0.4647058823529412
1298,0.22058823529411767
1299,0.2411764705882353
1300,0.026470588235294117
1301,0.6823529411764706
1302,-0.3029411764705882
1303,0.3705882352941177
1304,0.0029411764705882357
1305,0.005882352941176471
1306,0.0588235294117647
1307,0.12941176470588234
1308,0.7588235294117647
1309,0.02941176470588235
1310,-0.31764705882352945
1311,-0.6088235294117647
1312,0.5794117647058823
1313,-0.7588235294117647
1314,0.538235294117647
1315,0.2
1316,0.08823529411764705
1317,0.18529411764705886
1318,0.4294117647058823
1319,0.17941176470588235
1320,0.4235294117647059
1321,0.2676470588235294
1322,-0.6029411764705882
1323,-0.5029411764705883
1324,0.3147058823529411
1325,-0.2029411764705882
1326,0.17352941176470588
1327,-0.4558823529411765
1328,-0.5029411764705883
1329,0.21764705882352944
1330,0.7411764705882353
1331,0.5852941176470587
1332,0.12352941176470587
1333,0.30882352941176466
1334,0.3147058823529411
1335,-0.3558823529411765
1336,0.3558823529411765
1337,0.18235294117647055
1338,0.3
1339,0.3617647058823529
1340,0.3764705882352941
1341,0.16764705882352945
1342,0.3705882352941177
1343,0.6352941176470589
1344,0.19411764705882356
1345,0.5852941176470587
1346,0.1411764705882353
1347,0.5970588235294118
1348,0.5294117647058824
1349,-0.5617647058823529
1350,0.2029411764705882
1351,0.3647058823529412
1352,0.07647058823529412
1353,0.6323529411764706
1354,0.33529411764705885
1355,0.5794117647058823
1356,-0.2647058823529412
1357,-0.5970588235294118
1358,0.5441176470588236
1359,-0.10882352941176472
1360,0.7970588235294117
1361,0.1176470588235294
1362,0.2088235294117647
1363,0.3617647058823529
1364,0.55
1365,-0.19411764705882356
1366,0.3117647058823529
1367,-0.3323529411764706
1368,0.3294117647058824
1369,0.5470588235294118
1370,0.13823529411764704
1371,-0.5911764705882353
1372,-0.023529411764705882
1373,0.3617647058823529
1374,0.35000000000000003
1375,0.17941176470588235
1376,0.6323529411764706
1377,0.4147058823529412
1378,0.18823529411764706
1379,0.2764705882352941
1380,0.4823529411764706
1381,0.5676470588235295
1382,0.4764705882352941
1383,0.16764705882352945
1384,0.22058823529411767
1385,0.3970588235294118
1386,0.4617647058823529
1387,0.5823529411764706
1388,0.11176470588235292
1389,0.2411764705882353
1390,0.34411764705882353
1391,0.65
1392,-0.09117647058823528
1393,0.6617647058823529
1394,-0.5735294117647058
1395,0.5529411764705882
1396,0.611764705882353
1397,0.3882352941176471
1398,0.16764705882352945
1399,0.08823529411764705
1400,0.3911764705882353
1401,-0.0029411764705882357
1402,0.17058823529411765
1403,-0.16764705882352945
1404,-0.052941176470588235
1405,0.2323529411764706
1406,0.5235294117647059
1407,0.4352941176470588
1408,0.3735294117647059
1409,-0.08823529411764705
1410,-0.2617647058823529
1411,0.18823529411764706
1412,0.3411764705882353
1413,0.16764705882352945
1414,0.014705882352941175
1415,0.28823529411764703
1416,0.5558823529411765
1417,0.026470588235294117
1418,0.6852941176470588
1419,0.4852941176470588
1420,-0.6382352941176471
1421,0.3382352941176471
1422,0.02058823529411765
1423,0.411764705882353
1424,0.4617647058823529
1425,0.2823529411764706
1426,-0.22352941176470587
1427,-0.02058823529411765
1428,-0.3294117647058824
1429,-0.4705882352941176
1430,0.2647058823529412
1431,0.5117647058823529
1432,-0.014705882352941175
1433,0.44117647058823534
1434,0.23823529411764705
1435,0.5323529411764706
1436,-0.0823529411764706
1437,0.3647058823529412
1438,0.4617647058823529
1439,0.7999999999999999
1440,0.6676470588235294
1441,0.1
1442,0.15
1443,0.6058823529411764
1444,0.33529411764705885
1445,0.5411764705882353
1446,-0.3941176470588235
1447,-0.023529411764705882
1448,0.4941176470588235
1449,0.2676470588235294
1450,0.5735294117647058
1451,0.6617647058823529
1452,0.4147058823529412
1453,-0.5235294117647059
1454,0.888235294117647
1455,0.4794117647058824
1456,0.3705882352941177
1457,-0.2264705882352941
1458,0.7352941176470589
1459,0.17058823529411765
1460,-0.5617647058823529
1461,0.0
1462,0.5205882352941177
1463,0.4235294117647059
1464,0.4529411764705882
1465,0.3029411764705882
1466,0.4764705882352941
1467,0.09117647058823528
1468,-0.12058823529411765
1469,0.3058823529411765
1470,0.4647058823529412
1471,-0.22058823529411767
1472,-0.0823529411764706
1473,0.4647058823529412
1474,-0.07352941176470587
1475,0.6911764705882353
1476,0.2794117647058824
1477,-0.18823529411764706
1478,0.2323529411764706
1479,0.7676470588235293
1480,0.3
1481,0.22941176470588234
1482,0.3735294117647059
1483,-0.4382352941176471
1484,0.7147058823529412
1485,0.2735294117647059
1486,0.2617647058823529
1487,0.21764705882352944
1488,0.1264705882352941
1489,0.7147058823529412
1490,0.2852941176470589
1491,-0.4264705882352941
1492,-0.017647058823529408
1493,0.19117647058823528
1494,0.75
1495,0.4764705882352941
1496,-0.3411764705882353
1497,0.4588235294117647
1498,0.08823529411764705
1499,0.3029411764705882
1500,-0.27058823529411763
1501,0.08529411764705883
1502,-0.4735294117647058
1503,-0.2
1504,-0.1764705882352941
1505,0.03823529411764706
1506,0.06764705882352941
1507,0.7235294117647059
1508,0.2676470588235294
1509,0.2735294117647059
1510,0.3558823529411765
1511,0.7382352941176471
1512,0.07352941176470587
1513,0.12941176470588234
1514,-0.28823529411764703
1515,0.31764705882352945
1516,0.8176470588235294
1517,0.18235294117647055
1518,-0.12941176470588234
1519,0.6470588235294118
1520,0.3470588235294117
1521,-0.09411764705882353
1522,0.6588235294117648
1523,-0.4735294117647058
1524,0.7735294117647058
1525,0.2323529411764706
1526,0.2058823529411765
1527,0.4088235294117647
1528,0.29705882352941176
1529,0.8735294117647058
1530,0.22058823529411767
1531,0.35000000000000003
1532,-0.19411764705882356
1533,0.5264705882352941
1534,0.2676470588235294
1535,0.3852941176470588
1536,0.8352941176470589
1537,0.85
1538,0.14411764705882352
1539,0.2529411764705882
1540,0.2029411764705882
1541,-0.005882352941176471
1542,-0.15882352941176472
1543,0.11470588235294114
1544,0.4558823529411765
1545,-0.4352941176470588
1546,0.5088235294117647
1547,0.03823529411764706
1548,0.16176470588235295
1549,-0.10294117647058824
1550,0.2911764705882353
1551,-0.09117647058823528
1552,0.7029411764705883
1553,-0.035294117647058816
1554,0.7058823529411764
1555,0.06764705882352941
1556,0.5941176470588235
1557,-0.15294117647058825
1558,0.6058823529411764
1559,0.38235294117647056
1560,0.4558823529411765
1561,-0.2029411764705882
1562,0.5852941176470587
1563,0.4264705882352941
1564,0.7794117647058825
1565,0.19117647058823528
1566,0.18823529411764706
1567,-0.5411764705882353
1568,0.052941176470588235
1569,-0.7823529411764706
1570,-0.11470588235294114
1571,0.1264705882352941
1572,0.008823529411764706
1573,0.19411764705882356
1574,-0.7617647058823529
1575,-0.15588235294117647
1576,-0.10294117647058824
1577,0.3264705882352941
1578,0.5058823529411764
1579,0.75
1580,-0.032352941176470584
1581,0.047058823529411764
1582,0.5441176470588236
1583,0.4617647058823529
1584,-0.10294117647058824
1585,-0.3264705882352941
1586,0.2029411764705882
1587,-0.25588235294117645
1588,-0.10588235294117647
1589,0.6441176470588235
1590,0.35000000000000003
1591,0.6588235294117648
1592,0.7617647058823529
1593,0.5911764705882353
1594,0.3970588235294118
1595,0.7470588235294118
1596,0.3705882352941177
1597,-0.09117647058823528
1598,0.5852941176470587
1599,-0.023529411764705882
1600,0.06176470588235294
1601,0.6029411764705882
1602,0.3941176470588235
1603,0.011764705882352941
1604,0.6029411764705882
1605,-0.2264705882352941
1606,-0.05
1607,0.6764705882352942
1608,0.6882352941176471
1609,0.4705882352941176
1610,0.5411764705882353
1611,0.08823529411764705
1612,0.2617647058823529
1613,-0.10882352941176472
1614,0.12058823529411765
1615,0.17352941176470588
1616,0.44117647058823534
1617,0.6882352941176471
1618,-0.18235294117647055
1619,0.7294117647058823
1620,-0.052941176470588235
1621,0.5029411764705883
1622,-0.2058823529411765
1623,-0.047058823529411764
1624,-0.4088235294117647
1625,0.4823529411764706
1626,0.2588235294117647
1627,0.7235294117647059
1628,-0.07647058823529412
1629,-0.2470588235294117
1630,-0.06470588235294117
1631,-0.3647058823529412
1632,0.035294117647058816
1633,-0.25588235294117645
1634,0.7794117647058825
1635,0.3882352941176471
1636,0.2441176470588235
1637,-0.55
1638,0.5647058823529412
1639,0.7647058823529411
1640,0.6205882352941177
1641,-0.10588235294117647
1642,0.3205882352941176
1643,-0.2852941176470589
1644,0.3911764705882353
1645,0.28823529411764703
1646,0.5470588235294118
1647,0.411764705882353
1648,-0.3764705882352941
1649,0.7264705882352941
1650,0.11470588235294114
1651,-0.22352941176470587
1652,0.411764705882353
1653,0.7676470588235293
1654,0.6705882352941177
1655,0.16176470588235295
1656,0.08823529411764705
1657,0.3323529411764706
1658,0.3617647058823529
1659,-0.7147058823529412
1660,0.4088235294117647
1661,-0.2794117647058824
1662,0.07647058823529412
1663,0.25
1664,-0.0029411764705882357
1665,-0.18529411764705886
1666,0.4294117647058823
1667,-0.02058823529411765
1668,0.044117647058823525
1669,0.1
1670,0.2911764705882353
1671,0.5647058823529412
1672,0.3264705882352941
1673,-0.10588235294117647
1674,-0.1647058823529412
1675,-0.2323529411764706
1676,0.4647058823529412
1677,0.7117647058823531
1678,0.6441176470588235
1679,0.22058823529411767
1680,-0.02941176470588235
1681,-0.2647058823529412
1682,0.3882352941176471
1683,0.7705882352941176
1684,0.7470588235294118
1685,-0.06176470588235294
1686,0.411764705882353
1687,0.22058823529411767
1688,0.4617647058823529
1689,0.3264705882352941
1690,-0.10882352941176472
1691,0.5058823529411764
1692,0.21176470588235294
1693,-0.4470588235294117
1694,-0.36764705882352944
1695,0.5529411764705882
1696,-0.011764705882352941
1697,0.7705882352941176
1698,0.22352941176470587
1699,0.4323529411764706
1700,0.1352941176470588
1701,0.22941176470588234
1702,-0.07058823529411765
1703,0.3617647058823529
1704,0.04712818071300195
1705,0.6
1706,0.6176470588235293
1707,-0.13823529411764704
1708,0.4235294117647059
1709,0.25588235294117645
1710,0.4205882352941176
1711,0.09411764705882353
1712,0.5441176470588236
1713,0.6088235294117647
1714,-0.2470588235294117
1715,-0.12058823529411765
1716,0.13823529411764704
1717,0.2676470588235294
1718,0.2529411764705882
1719,0.6823529411764706
1720,0.17058823529411765
1721,0.07941176470588236
1722,0.3411764705882353
1723,-0.1411764705882353
1724,-0.16764705882352945
1725,-0.12352941176470587
1726,0.2470588235294117
1727,0.12058823529411765
1728,0.6941176470588235
1729,0.7264705882352941
1730,0.7911764705882354
1731,0.2852941176470589
1732,0.1323529411764706
1733,-0.004415012232789452
1734,0.6323529411764706
1735,0.14411764705882352
1736,0.06470588235294117
1737,0.1411764705882353
1738,0.044117647058823525
1739,0.2029411764705882
1740,-0.032352941176470584
1741,-0.07647058823529412
1742,0.3
1743,0.6823529411764706
1744,0.14705882352941174
1745,0.2529411764705882
1746,0.36764705882352944
1747,0.3029411764705882
1748,0.25
1749,-0.047058823529411764
1750,-0.11176470588235292
1751,0.5268581264462079
1752,0.3470588235294117
1753,0.18823529411764706
1754,-0.2029411764705882
1755,0.4647058823529412
1756,0.3294117647058824
1757,0.07352941176470587
1758,-0.2029411764705882
1759,0.10882352941176472
1760,0.25
1761,0.19117647058823528
1762,0.538235294117647
1763,0.25588235294117645
1764,0.6558823529411765
1765,0.6294117647058822
1766,0.4294117647058823
1767,0.7794117647058825
1768,0.2529411764705882
1769,0.4294117647058823
1770,0.0
1771,-0.2823529411764706
1772,0.5147058823529412
1773,0.7176470588235294
1774,0.22058823529411767
1775,-0.4441176470588235
1776,0.1764705882352941
1777,0.005882352941176471
1778,-0.6382352941176471
1779,-0.17352941176470588
1780,0.34411764705882353
1781,0.1264705882352941
1782,0.7323529411764707
1783,0.3029411764705882
1784,0.2735294117647059
1785,0.48823529411764705
1786,0.5411764705882353
1787,0.4852941176470588
1788,0.2
1789,0.4764705882352941
1790,0.5029411764705883
1791,0.7558823529411764
1792,0.5970588235294118
1793,0.2852941176470589
1794,0.5411764705882353
1795,0.3558823529411765
1796,0.07058823529411765
1797,0.5670109242033048
1798,0.6147058823529412
1799,0.4529411764705882
1800,0.15882352941176472
1801,0.6558823529411765
1802,0.9294117647058824
1803,0.29705882352941176
1804,-0.21764705882352944
1805,-0.2617647058823529
1806,0.3294117647058824
1807,0.017647058823529408
1808,0.7294117647058823
1809,0.22058823529411767
1810,0.4470588235294117
1811,-0.08529411764705883
1812,0.4205882352941176
1813,0.3323529411764706
1814,0.6323529411764706
1815,0.6617647058823529
1816,0.4
1817,-0.18235294117647055
1818,0.6558823529411765
1819,0.3588235294117647
1820,0.07058823529411765
1821,-0.08823529411764705
1822,0.5088235294117647
1823,0.2147058823529412
1824,0.55
1825,-0.6852941176470588
1826,0.2588235294117647
1827,-0.35000000000000003
1828,0.6441176470588235
1829,0.6058823529411764
1830,0.3941176470588235
1831,0.21764705882352944
1832,0.31764705882352945
1833,-0.22941176470588234
1834,0.5911764705882353
1835,0.8147058823529412
1836,0.28823529411764703
1837,0.28823529411764703
1838,0.14411764705882352
1839,0.7352941176470589
1840,-0.36764705882352944
1841,0.5764705882352941
1842,-0.02941176470588235
1843,-0.2529411764705882
1844,-0.06764705882352941
1845,0.2411764705882353
1846,0.6647058823529411
1847,0.7647058823529411
1848,0.4735294117647058
1849,0.4676470588235294
1850,0.12352941176470587
1851,-0.11176470588235292
1852,0.09705882352941177
1853,0.3558823529411765
1854,-0.1176470588235294
1855,0.15882352941176472
1856,0.8617647058823529
1857,-0.044117647058823525
1858,0.1
1859,0.1323529411764706
1860,-0.1
1861,0.7705882352941176
1862,-0.15
1863,0.06764705882352941
1864,-0.07352941176470587
1865,0.4470588235294117
1866,0.7382352941176471
1867,-0.005882352941176471
1868,0.5764705882352941
1869,0.27373075843294603
1870,0.4588235294117647
1871,0.6441176470588235
1872,0.6205882352941177
1873,-0.5617647058823529
1874,0.3882352941176471
1875,0.1486387451705782
1876,0.008823529411764706
1877,-0.3911764705882353
1878,-0.047058823529411764
1879,0.6382352941176471
1880,0.6147058823529412
1881,-0.18529411764705886
1882,0.411764705882353
1883,0.07352941176470587
1884,0.19411764705882356
1885,0.16176470588235295
1886,0.411764705882353
1887,0.19117647058823528
1888,0.22941176470588234
1889,0.5088235294117647
1890,-0.1176470588235294
1891,0.33529411764705885
1892,-0.06764705882352941
1893,0.3647058823529412
1894,-0.017647058823529408
1895,-0.11470588235294114
1896,0.5029411764705883
1897,0.48823529411764705
1898,0.3764705882352941
1899,-0.17058823529411765
1900,-0.08529411764705883
1901,-0.3470588235294117
1902,0.5911764705882353
1903,-0.38235294117647056
1904,-0.09117647058823528
1905,0.3058823529411765
1906,0.21764705882352944
1907,0.6588235294117648
1908,0.22352941176470587
1909,0.2411764705882353
1910,0.23823529411764705
1911,0.15588235294117647
1912,-0.007358353721315752
1913,-0.33529411764705885
1914,0.3911764705882353
1915,-0.27058823529411763
1916,-0.2441176470588235
1917,0.5852941176470587
1918,0.6529411764705881
1919,0.07918643699067845
1920,0.1
1921,0.22941176470588234
1922,0.21176470588235294
1923,-0.1264705882352941
1924,-0.5294117647058824
1925,0.44117647058823534
1926,-0.03823529411764706
1927,-0.014705882352941175
1928,0.023529411764705882
1929,-0.3970588235294118
1930,-0.0823529411764706
1931,-0.1411764705882353
1932,-0.09117647058823528
1933,-0.011764705882352941
1934,0.4588235294117647
1935,-0.18823529411764706
1936,0.35000000000000003
1937,0.7147058823529412
1938,0.2029411764705882
1939,-0.026470588235294117
1940,0.8647058823529412
1941,-0.19411764705882356
1942,0.02058823529411765
1943,0.4088235294117647
1944,0.1352941176470588
1945,-0.2
1946,-0.052941176470588235
1947,0.34411764705882353
1948,-0.0029411764705882357
1949,-0.5647058823529412
1950,-0.2058823529411765
1951,0.3852941176470588
1952,-0.4294117647058823
1953,0.5205882352941177
1954,-0.12941176470588234
1955,-0.17071380633452546
1956,0.15882352941176472
1957,0.1352941176470588
1958,-0.05
1959,0.0029411764705882357
1960,0.5058823529411764
1961,-0.15
1962,0.4323529411764706
1963,0.3735294117647059
1964,0.02058823529411765
1965,-0.09705882352941177
1966,-0.14705882352941174
1967,0.1647058823529412
1968,0.6
1969,-0.11470588235294114
1970,-0.07352941176470587
1971,-0.10882352941176472
1972,0.005882352941176471
1973,0.2588235294117647
1974,0.23988233131489356
1975,0.40294117647058825
1976,-0.12941176470588234
1977,0.3357882875801389
1978,0.3647058823529412
1979,0.2794117647058824
1980,0.2441176470588235
1981,0.4176470588235294
1982,0.5558823529411765
1983,0.3764705882352941
1984,0.0411764705882353
1985,0.12352941176470587
1986,0.5294117647058824
1987,-0.0411764705882353
1988,0.4852941176470588
1989,-0.4058823529411764
1990,-0.4794117647058824
1991,0.35000000000000003
1992,0.6970588235294117
1993,-0.3117647058823529
1994,0.5647058823529412
1995,0.10882352941176472
1996,0.6823529411764706
1997,0.1647058823529412
1998,0.09705882352941177
1999,0.2676470588235294
