,value_per_image
0,0.13896448327590855
1,0.1957753299313449
2,0.15852142452008694
3,0.1968513801031406
4,0.13563025190402908
5,0.19332696855876824
6,0.24750365996771104
7,0.18508708829086928
8,0.2843565689357137
9,0.15370419977791233
10,0.2508776846719645
11,0.12619918941571073
12,0.2296419704828024
13,0.2299249103416179
14,0.11673119611607648
15,0.14269208040081732
16,0.14106684188308286
17,0.22012859287947814
18,0.2025165509666585
19,0.1838509138313972
20,0.15530080953058809
21,0.3272880518986926
22,0.22887735069973125
23,0.1567230797756715
24,0.3066223817944551
25,0.19478679789662245
26,0.07706592856703179
27,0.22871885082478124
28,0.17306437992771972
29,0.16242845280278542
30,0.2343254773512005
31,0.368653268868231
32,0.2534167831595418
33,0.2603636983732953
34,0.19167181952003606
35,0.11580682444297173
36,0.17051547618139368
37,0.2597326413896637
38,0.13652938980490611
39,0.2084888583738693
40,0.2658760632471829
41,0.18611513965540613
42,0.14818339694086413
43,0.15956357746252406
44,0.1165879985670848
45,0.1170339568043716
46,0.21920890029794904
47,0.1562349299180956
48,0.06742110516798097
49,0.1181045430353996
50,0.07508203694151251
51,0.15772143374084874
52,0.09571543618270613
53,0.08466303933059237
54,0.030564241437236794
55,0.09124623501640423
56,0.10087161163002356
57,0.1340925819332631
58,0.08537889168683419
59,0.3375865275741337
60,0.0927272268731776
61,0.04008927800791853
62,0.11411377262109622
63,0.11203756268070507
64,0.3041891655637511
65,0.14978636363225364
66,0.14198600519472868
67,0.1307792313225723
68,0.14387481006413674
69,0.1554442269622667
70,0.12079459618196375
71,0.21471706641117752
72,0.2279665930681577
73,0.11798797307675228
74,0.08415357288193512
75,0.20941143944989304
76,0.13345214014212473
77,0.06533002627980945
78,0.18251053038739498
79,0.16536784215599035
80,0.2839108762240996
81,0.15828143203521122
82,0.21132867951736667
83,0.30108808026026224
84,0.17579054965754184
85,0.2415401336082997
86,0.2480461097484434
87,0.15297415119558222
88,0.19763942293326756
89,0.2037488900225884
90,0.2643552318820348
91,0.16777128906475172
92,0.15635218223798628
93,0.1925740171637268
94,0.1781413046371078
95,0.2700815036716011
96,0.14967631784338614
97,0.08651176777576224
98,0.20014455047932825
99,0.39993697360988056
100,0.08488352043337953
101,0.2298345439691652
102,0.2590637738075673
103,0.1940610201353526
104,0.2513351149229975
105,0.2145330879794788
106,0.3083484321557177
107,0.22111822496147335
108,0.1276586010299574
109,0.12839572121287698
110,0.19257071314281
111,0.17069321361998105
112,0.09755411090638744
113,0.10634255460402987
114,0.19009799576399586
115,0.1323966731255382
116,0.06519962392931365
117,0.1169557592768788
118,0.0688417067270266
119,0.1660849250456781
120,0.09952671865017053
121,0.07050409716974156
122,0.0936128781207826
123,0.13160372419694066
124,0.03876069931736889
125,0.09499137937891196
126,0.0538422252224531
127,0.11132709637735784
128,0.2334377652276693
129,0.08910882003084293
130,0.15604205633403068
131,0.0975087885317913
132,0.2606202599403371
133,0.11563396339114425
134,0.13701097557792016
135,0.1360969885417073
136,0.14102136511712982
137,0.1930410578094165
138,0.12976754244814595
139,0.08500912839838523
140,0.2597911289771501
141,0.1128847324635634
142,0.2551896091775602
143,0.15080709399757833
144,0.2333995307695483
145,0.21764299597018294
146,0.08324093724432821
147,0.15722498322296585
148,0.2868987568215027
149,0.1424960988469169
150,0.17884301501180527
151,0.15690370676171495
152,0.3072017287395388
153,0.10055486982328184
154,0.28223195056432104
155,0.2504793555414236
156,0.21853891302089368
157,0.2125445438457728
158,0.2494399583495568
159,0.12546067021480226
160,0.27120722394675323
161,0.15964224252375234
162,0.2480102876569279
163,0.17222586729947245
164,0.14573103811508115
165,0.14640170765239788
166,0.12222224533258755
167,0.12422828395562273
168,0.19105523611560504
169,0.2310501947760067
170,0.1066425913721348
171,0.3124360833535532
172,0.1904725003807996
173,0.2134064830838974
174,0.17279807816497625
175,0.2502943342376444
176,0.06059404943113932
177,0.1207467665509563
178,0.17130222936265566
179,0.12077739596351054
180,0.1491757830026492
181,0.16475839256655178
182,0.1949354823575288
183,0.09762666205719436
184,0.12119921438246113
185,0.06813379208676948
186,0.09942873114466737
187,0.07717178819425713
188,0.2794615512685945
189,0.19185739333786972
190,0.044552674777005724
191,0.13417922646223707
192,0.06149044383545281
193,0.08510105076928348
194,0.087428937442119
195,0.0721826506786219
196,0.09185911737603687
197,0.12970542704568944
198,0.03731494063352477
199,0.11079462795708124
200,0.10215303744641342
201,0.08618138349273043
202,0.12291103149579245
203,0.07056066516728292
204,0.07293168460984545
205,0.1378632043105919
206,0.06734470435505764
207,0.1650200506435934
208,0.1063263810544946
209,0.2909355825792845
210,0.3274983289663556
211,0.18960858745951906
212,0.18967814831972568
213,0.32201322785696823
214,0.15056464584122586
215,0.2100741643185452
216,0.2167735198956337
217,0.17370289747453027
218,0.22828291670534484
219,0.2911812292211068
220,0.3111406640708578
221,0.1300423573013339
222,0.2802923280623946
223,0.1585333090627175
224,0.06484770320664346
225,0.11509175459262808
226,0.11261990810751135
227,0.07861033400343688
228,0.05721921049200325
229,0.10029461305061843
230,0.11569279305346734
231,0.08920187872995812
232,0.1018910181773826
233,0.060202112158330184
234,0.1179087755589406
235,0.11162553239848692
236,0.08474173949562815
237,0.10268307011729974
238,0.18509826596014586
239,0.09667241251748074
240,0.0744886495505309
241,0.06367994671217042
242,0.1607980977742476
243,0.0601638466627984
244,0.05127214156499375
245,0.09770545272433333
246,0.1454460200027113
247,0.06328583801921296
248,0.24405488079548565
249,0.12755994380495408
250,0.08290757328571814
251,0.06927465677086114
252,0.15254612375212842
253,0.10484024178134996
254,0.11310672287320275
255,0.1723397035918525
256,0.2379411154793373
257,0.1066850768650318
258,0.1896536116301902
259,0.07731250967625693
260,0.21180153373986524
261,0.1256065749125402
262,0.15257515312094028
263,0.1465298211753839
264,0.2404618219496299
265,0.15576694407271532
266,0.08850188335168523
267,0.24608366886833444
268,0.24848695848910998
269,0.2373835788083209
270,0.06770652087627213
271,0.0819413460308696
272,0.1567895197854202
273,0.3070204389595768
274,0.08507848691239059
275,0.10262592339084173
276,0.11563657974577278
277,0.07554358708029305
278,0.11888562775340815
279,0.1837591876694336
280,0.10552893361993712
281,0.13931141966366434
282,0.16398588186096513
283,0.18976343773506454
284,0.10641552444664652
285,0.16667978339158065
286,0.2260963499678593
287,0.0879070950258068
288,0.1228550522703967
289,0.13489446444873135
290,0.14138082039765812
291,0.13056632918329422
292,0.2168384172609662
293,0.2711987924553264
294,0.10434589782160628
295,0.20037533942748692
296,0.199581588289153
297,0.0828796995008884
298,0.11862130435063604
299,0.3993765688436454
300,0.0821369311089365
301,0.08844794138267782
302,0.15103811912208154
303,0.09908248488799408
304,0.3247741982088045
305,0.17377402292705066
306,0.11921264281450072
307,0.08167052669545778
308,0.2815503307657845
309,0.1293043952116852
310,0.19387248426746775
311,0.14879203293253854
312,0.07634986877993294
313,0.1575300760513401
314,0.13151521411224046
315,0.24247864109480236
316,0.1414671066999635
317,0.14914534738288746
318,0.2208410467929264
319,0.2509885978442816
320,0.2159798292707464
321,0.16640570543589042
322,0.14287089480270476
323,0.15344359556316792
324,0.2450760276613355
325,0.12912431742196726
326,0.09759827993930936
327,0.07950250029082348
328,0.104178677312665
329,0.18639582212305847
330,0.07921537927710548
331,0.1421681648215491
332,0.1134767614364722
333,0.08363728312551247
334,0.06514967695047362
335,0.2413161881671777
336,0.15040437640078155
337,0.21525313233153276
338,0.2059266633313752
339,0.13575599266155744
340,0.11599087875767786
341,0.27355633480567865
342,0.2596908345593744
343,0.13245966657822064
344,0.19392175082328836
345,0.1452105900060963
346,0.08871674458146771
347,0.1729946318371821
348,0.21777232326599424
349,0.15213641440268913
350,0.2698121873400457
351,0.12216602568404132
352,0.10452641761387307
353,0.3050784014308339
354,0.04307638384043358
355,0.08019154908024786
356,0.30259461781013186
357,0.09061566158405962
358,0.13161409570484325
359,0.09596545115918477
360,0.2729540986218893
361,0.2210629618056627
362,0.10492180920842492
363,0.184326526031298
364,0.2536979284383115
365,0.09969654306367473
366,0.10032828047682203
367,0.1081811295980645
368,0.17663307672213166
369,0.12811635758700687
370,0.1887725035385974
371,0.11755687996426938
372,0.2612649434457803
373,0.1934202618626534
374,0.1406208018551894
375,0.19342884124959733
376,0.16823035273088496
377,0.12652797854617742
378,0.1741485385056674
379,0.237876302790816
380,0.26218396300923746
381,0.12955077684706068
382,0.1528232019063304
383,0.17497330765247246
384,0.16635294868915934
385,0.1386496296369849
386,0.14494443515550404
387,0.16545841964572308
388,0.19806896604226693
389,0.23819503512827336
390,0.11780629741120395
391,0.12164045488245125
392,0.2061066156592662
393,0.11275453339971722
394,0.1475735147272449
395,0.1285270910093826
396,0.18345325112352612
397,0.18602681136257446
398,0.16500064495154093
399,0.14630696593649606
400,0.11747391147741534
401,0.08787607298491504
402,0.06539612359983357
403,0.13613173362646458
404,0.2373448067753397
405,0.23833061703360536
406,0.18141114644133965
407,0.2939263324936206
408,0.1063026979789854
409,0.16584709481773482
410,0.15609397702215164
411,0.14293178749447255
412,0.15945889898078344
413,0.2532546474079874
414,0.17047293518824486
415,0.11100403601588232
416,0.150665369656916
417,0.1978839929622321
418,0.07214951703430214
419,0.10226861333612072
420,0.07709588005395966
421,0.14909276264276003
422,0.08597942176227619
423,0.1774765556306123
424,0.037109987133210766
425,0.1229419310025146
426,0.09717554994854502
427,0.0821333520927728
428,0.19348946348689489
429,0.17508421292655113
430,0.09256221425036612
431,0.10915894828119213
432,0.2564459735836723
433,0.1458794790584536
434,0.08005333067102569
435,0.20638872871019207
436,0.2369181166684616
437,0.14529739275717315
438,0.2549902719859757
439,0.19230560746247852
440,0.19247970546034954
441,0.09436162502991967
442,0.09754363242427433
443,0.2863403765422177
444,0.2655177279377988
445,0.23579804900670026
446,0.1064474199330343
447,0.09891498095721173
448,0.1713040822526074
449,0.13913686061981334
450,0.18033363235720898
451,0.07879433321657728
452,0.20038895358503486
453,0.1909348063554846
454,0.156682742022491
455,0.0848818903121792
456,0.0774580190241467
457,0.18196557645538128
458,0.20670861998971687
459,0.14277632725177591
460,0.11757276581522992
461,0.1695996118574266
462,0.09331576280041637
463,0.16495512801408924
464,0.07108943658153531
465,0.16702989878639266
466,0.1514520540513163
467,0.18923843971756701
468,0.06809608548105207
469,0.21012303608879904
470,0.1094705016773595
471,0.1918162443124008
472,0.1018278918939996
473,0.14113933777919074
474,0.16836155008137565
475,0.13141828054283095
476,0.06515358783590762
477,0.2409972487058575
478,0.050228365890197135
479,0.11865055859178784
480,0.0991449499998704
481,0.2604697794459924
482,0.1697845667232898
483,0.20018074945725464
484,0.17142499609466688
485,0.09390649387627976
486,0.09729269958181186
487,0.0760025112555418
488,0.10233394204838824
489,0.1789202808358089
490,0.09597596945756633
491,0.08632933056396512
492,0.08647150553820186
493,0.13095540633873384
494,0.10021350780843062
495,0.2206966703341949
496,0.17432633888479435
497,0.15207347366352644
498,0.13786411266244378
499,0.13164870147873453
500,0.13718302326942144
501,0.1858998254617187
502,0.21366427352832312
503,0.1741694947928603
504,0.12094606768145348
505,0.18244257154206436
506,0.466538223467489
507,0.17671654951584745
508,0.1714662767756304
509,0.14772006775867974
510,0.18357527547516614
511,0.21990020996147155
512,0.32944106543125506
513,0.08204487006743919
514,0.2120634222078641
515,0.2101782148150554
516,0.15850693486897624
517,0.10337249783697493
518,0.1088411266690791
519,0.09450043385592416
520,0.1808846750532229
521,0.2736282388367935
522,0.18953661517691672
523,0.1148319311878132
524,0.1226933154395541
525,0.12117788144670845
526,0.12348879654296137
527,0.2876211435744063
528,0.0785078060093199
529,0.12584770133928552
530,0.10710369805858702
531,0.12346189045179855
532,0.16240912170927782
533,0.21073476512223835
534,0.16671014709270718
535,0.15940993118548968
536,0.21607089015592665
537,0.2574024223213908
538,0.18754303996762373
539,0.1775323140014018
540,0.1690769687710113
541,0.10595499375432213
542,0.13906494694095414
543,0.13842622699466994
544,0.08397892590816973
545,0.16159942807894254
546,0.11425886608872356
547,0.14556916358569036
548,0.16938436081505698
549,0.08432456307833157
550,0.1826326227060635
551,0.1807184014567108
552,0.20106625250399904
553,0.17627816132586135
554,0.4161259821583894
555,0.3752856451964328
556,0.14801893562609167
557,0.19550719542779885
558,0.19871371794320603
559,0.15977914322858933
560,0.2786324558937633
561,0.1412509952351562
562,0.21776279799279308
563,0.15767150038265454
564,0.17114731351526985
565,0.10061430762145472
566,0.16897081557307034
567,0.109181716296939
568,0.2688704617384049
569,0.16459438328060272
570,0.30464439245608416
571,0.10818632421961373
572,0.2112910479884516
573,0.24767130671781115
574,0.17961912375550146
575,0.2532386835870029
576,0.16077625242614915
577,0.07451909753535592
578,0.2321155502610703
579,0.11911074211328786
580,0.06792817874941261
581,0.0939241065100936
582,0.22701855793343595
583,0.11832226612315452
584,0.2640394745850248
585,0.09161712140099584
586,0.10528402750731414
587,0.017742211142579963
588,0.2462613383652403
589,0.2821757996806355
590,0.1438029048128134
591,0.13844130658627904
592,0.14678906716507004
593,0.11856514136003925
594,0.07742973568641577
595,0.20511017999092854
596,0.2224975566494813
597,0.12345314045264807
598,0.3619143017434224
599,0.27267187766056056
600,0.17477100525928088
601,0.07281012526053028
602,0.1777591548075556
603,0.2508147181236738
604,0.19019317133064428
605,0.03526820268023212
606,0.09787684822408488
607,0.17735337466410833
608,0.11334146935076846
609,0.12443590495601654
610,0.17476146192104627
611,0.10680763274764382
612,0.090135438366129
613,0.13418314947654528
614,0.18077979640859146
615,0.07985016320053742
616,0.06357196712595076
617,0.11824814547488452
618,0.10287644421745573
619,0.09732452909663124
620,0.18507973093049215
621,0.16510062811433096
622,0.18837805508353844
623,0.10110369762469563
624,0.21666860731397625
625,0.3032763697795548
626,0.19116426004139467
627,0.22734114357807605
628,0.3108198602257985
629,0.2165201035203
630,0.11931389111250006
631,0.1600247627786572
632,0.12239273158531758
633,0.2556515121471752
634,0.2965920217054547
635,0.04107643566926383
636,0.1964892187445106
637,0.1155816522099808
638,0.10837925341997467
639,0.1686910315353174
640,0.14451727994142266
641,0.2936274389791673
642,0.11019860860538942
643,0.12765870469895574
644,0.09530685650397316
645,0.06987555715897174
646,0.19911091231968686
647,0.07838278873603144
648,0.10199408775998993
649,0.17960159661142885
650,0.07925964339140289
651,0.10231061137608287
652,0.14588122073002568
653,0.11833225588914015
654,0.1313344586435929
655,0.19502738312595952
656,0.07303622208912011
657,0.2731766870915845
658,0.1240568955437513
659,0.10254275004480808
660,0.14223859850839599
661,0.20399915178046224
662,0.1127249322246907
663,0.3557038548498925
664,0.08432657015049212
665,0.07450849960360552
666,0.17245871545231356
667,0.1858023060099143
668,0.16430810989143466
669,0.17146570552026216
670,0.17279957315898145
671,0.0874990086416278
672,0.28538462731677144
673,0.14364884537062247
674,0.2477540378982643
675,0.2798710301658965
676,0.13577140943816546
677,0.13716288850181813
678,0.18113648744526667
679,0.14183225659085275
680,0.10638529285004683
681,0.21357358781114674
682,0.08504861101165441
683,0.19690702072647528
684,0.1994910202437848
685,0.1994652032330079
686,0.14533910365695746
687,0.1728747552340254
688,0.17610434714168885
689,0.08516953372093883
690,0.058653248752486724
691,0.07635216039699515
692,0.10020268023731513
693,0.18348409537444416
694,0.24006909025966325
695,0.04658599398273817
696,0.16102734513673286
697,0.1880780284935167
698,0.1799578429590699
699,0.19346414244838545
700,0.10337217643281348
701,0.03106943331011879
702,0.19251437774880692
703,0.22001312963725975
704,0.1442017825728993
705,0.20957255989209092
706,0.18444944256986195
707,0.19338185448387066
708,0.19503517435532972
709,0.1970423963457245
710,0.12847265572464645
711,0.1060775982425742
712,0.17010231821054606
713,0.16190996295337082
714,0.16358968956324166
715,0.11665414233734756
716,0.22801173746309025
717,0.10257888276398597
718,0.17184565646275254
719,0.2294737041440193
720,0.15815560462737396
721,0.060881730939092875
722,0.20313287872518693
723,0.1352682380711215
724,0.2982995494139581
725,0.14187369350839182
726,0.15369371027902348
727,0.22058019914132676
728,0.13113891989486104
729,0.0637639327669307
730,0.2101724322393335
731,0.1137475755079122
732,0.09081867376622617
733,0.27002069555017955
734,0.11792071107559175
735,0.08056452088548995
736,0.07467203755841582
737,0.12458697824823922
738,0.16865717079433806
739,0.09324295689780177
740,0.1023449108544763
741,0.29607630607129803
742,0.07430439348618366
743,0.07238819982618623
744,0.13720427381720762
745,0.11690416903164848
746,0.17534410478720774
747,0.10212630672772316
748,0.19914796519773947
749,0.05968539407186847
750,0.13109576957165325
751,0.1149178248859037
752,0.11976014636267078
753,0.2303019901229678
754,0.09772693975587897
755,0.18488857550772075
756,0.08279913235508947
757,0.12273180915684224
758,0.21107213247153667
759,0.25829569498344906
760,0.11131840948308372
761,0.06940140361877226
762,0.12798684820752218
763,0.1865244725132696
764,0.16344158072750412
765,0.14647043681669886
766,0.19312552957336954
767,0.09230815643484433
768,0.1194413037883642
769,0.18995726005025446
770,0.2849939452696151
771,0.11036460626140994
772,0.22953200199765106
773,0.1350260960832434
774,0.13209155708059073
775,0.1481793487322025
776,0.2052660118586536
777,0.12788658393510402
778,0.2482775610367347
779,0.11536410334072665
780,0.17983500175126074
781,0.2553519282789445
782,0.2309451618358413
783,0.06086346278649867
784,0.09340429608851193
785,0.16982379908318349
786,0.14136417519095773
787,0.048634279021771074
788,0.12339751166758868
789,0.1874483477539388
790,0.14791644960318506
791,0.12459305451491474
792,0.15839569347127025
793,0.17642636672537354
794,0.10840010512993536
795,0.10945002251920616
796,0.16036148375751444
797,0.252262700006452
798,0.09971810585185896
799,0.04999553321833846
800,0.17698671827398674
801,0.1690945866744062
802,0.15734411458718867
803,0.08349116190931785
804,0.20382029431962476
805,0.20706290879910735
806,0.144232166055511
807,0.07904401412083087
808,0.25047552028595793
809,0.17237033615490632
810,0.2071825430285484
811,0.14738336531441626
812,0.10102590147153588
813,0.17191023531383806
814,0.2264169860235805
815,0.3470752126607685
816,0.17540969543194598
817,0.34093843356342196
818,0.09649394677660443
819,0.11375995595893335
820,0.11967806939689797
821,0.27175996011209824
822,0.08515731555420787
823,0.0675256680878404
824,0.34296133178153754
825,0.047159991969877885
826,0.14370102223668055
827,0.13118766417759545
828,0.16828429272881648
829,0.1423539503117291
830,0.0592543165851577
831,0.10147281423727528
832,0.12705645057642276
833,0.13027883559744727
834,0.11782146452274582
835,0.07792472371883248
836,0.15988772689527836
837,0.16108212913331285
838,0.1924447446925328
839,0.15788435506260734
840,0.10398798548360254
841,0.13234932793781215
842,0.08428454803110097
843,0.05412371452434957
844,0.15620755183078053
845,0.14892029684808145
846,0.08561854006859927
847,0.2628838429000627
848,0.15400661508066393
849,0.2591444517095335
850,0.12960987398868504
851,0.2451776104007989
852,0.1038249969096046
853,0.20054746597030906
854,0.09682112179856972
855,0.30014828596012033
856,0.22967160147309085
857,0.21813900863387184
858,0.2496927665287546
859,0.21459729917656875
860,0.08178661002033455
861,0.1649690460555278
862,0.09744299643544732
863,0.12506287038816427
864,0.1312211219874783
865,0.15374534026716347
866,0.21663278944543227
867,0.1100093599001308
868,0.20692558124860908
869,0.1844428870270802
870,0.06751543032015983
871,0.17931789914318386
872,0.20550009162305471
873,0.1809416799118472
874,0.35046287191759995
875,0.2036329885291632
876,0.1483306506981638
877,0.113109015995434
878,0.22119825487886885
879,0.14974597291460054
880,0.09929690538951047
881,0.15443099279560238
882,0.2761945948969691
883,0.18823018902643374
884,0.1256800357916196
885,0.10549726712286774
886,0.1249706369203094
887,0.1908691672668737
888,0.19202255792332468
889,0.05853804480169824
890,0.14916716645015649
891,0.1577185492947052
892,0.10923037692589684
893,0.07565900748464928
894,0.06456452141849958
895,0.2343398352181418
896,0.10446370814030027
897,0.1057379583940297
898,0.12092230476607102
899,0.1030379965745112
900,0.07379637447830703
901,0.22584446406583605
902,0.12444375924987973
903,0.14248605146995205
904,0.06380573777683513
905,0.2375177160851189
906,0.07657062484593555
907,0.22404072321782928
908,0.12000288376080655
909,0.0904229979868737
910,0.127741863146335
911,0.17491693576503242
912,0.3472593266548412
913,0.087308036380712
914,0.13641569035416348
915,0.10274134443821754
916,0.2971416414865089
917,0.1805748951133164
918,0.19404208556027272
919,0.1466924279680758
920,0.2173197965614274
921,0.1148943460461427
922,0.3554019023723658
923,0.0900751277590106
924,0.15024238193270986
925,0.2287514530101388
926,0.18670319924136652
927,0.20456008548134416
928,0.216168100172284
929,0.2576260143957201
930,0.07281060848796134
931,0.09690160983223438
932,0.19307261894248715
933,0.08319724329940613
934,0.11005388220833592
935,0.3037205494072204
936,0.07913277838133183
937,0.18317223838611
938,0.11118718479852284
939,0.05828725385244277
940,0.16263117339528502
941,0.1710405628652532
942,0.0886010727627797
943,0.19570319704988587
944,0.07889560650188014
945,0.1732819433555895
946,0.22268373711485315
947,0.10792383041163706
948,0.045818354558736826
949,0.12853499753209016
950,0.22514193321047107
951,0.12936595971869647
952,0.13089373246706024
953,0.19399405654812354
954,0.12343498060424117
955,0.21011961682121294
956,0.1471236513806435
957,0.13067146760627904
958,0.145357882945985
959,0.16647229976021094
960,0.07875638426162614
961,0.035339606605963116
962,0.18235733388461853
963,0.22090520057054072
964,0.15802262668471964
965,0.1070775065517004
966,0.145930113785746
967,0.2144098351031368
968,0.3197476507424159
969,0.040798562915160784
970,0.101597318462168
971,0.05550100558012956
972,0.13527999774064248
973,0.05926915403453616
974,0.06019833248998632
975,0.1668192159617366
976,0.09213646705411337
977,0.1961281580234408
978,0.13423127597792453
979,0.10248883433283026
980,0.07185309906092621
981,0.07270886799368201
982,0.09151997127931176
983,0.07502950191592854
984,0.2488444822830473
985,0.1758304063702076
986,0.11523185075540228
987,0.14771564490534952
988,0.13896596647231044
989,0.2080128076036664
990,0.17808346412842102
991,0.04750919232335798
992,0.175772527492047
993,0.2796474007139072
994,0.1338492276136131
995,0.1915362583112297
996,0.1300412594137157
997,0.09193613160233774
998,0.09109315976066358
999,0.2021411379586975
1000,0.13290636538959874
1001,0.22243707371370408
1002,0.1849127156468148
1003,0.1258799462546647
1004,0.09881902123482364
1005,0.09551498890167756
1006,0.18224125637077093
1007,0.1942197540906556
1008,0.16392663346866634
1009,0.1073321238574734
1010,0.22431348496391731
1011,0.0607928752364221
1012,0.06405627917592839
1013,0.12969089933732744
1014,0.2609439252127197
1015,0.16042507685500984
1016,0.2045691440908096
1017,0.23888492597633945
1018,0.3170535948030144
1019,0.151387525996551
1020,0.22974047419281585
1021,0.1602177279657751
1022,0.20574506921661234
1023,0.10844025561712696
1024,0.07021515806425759
1025,0.046091794083929834
1026,0.4093542537538836
1027,0.16932083574864248
1028,0.11850346829279038
1029,0.2084904387370235
1030,0.13805368513912716
1031,0.07501930642474942
1032,0.15719938231043654
1033,0.08088454145226823
1034,0.2006421281436224
1035,0.09318766704497583
1036,0.1393487457696895
1037,0.142560419644313
1038,0.11727675155378048
1039,0.2261200827488732
1040,0.2705391664335307
1041,0.15790756293675556
1042,0.12526083840977606
1043,0.0731767090579252
1044,0.11454284041735847
1045,0.16617930048431814
1046,0.24054665407674
1047,0.12113381421388696
1048,0.18726909128441924
1049,0.13005192470678467
1050,0.1648890756086652
1051,0.1507563300197512
1052,0.08688870833687141
1053,0.10534962186460854
1054,0.10072144182708087
1055,0.17418499046562158
1056,0.23588765063543926
1057,0.08127700336323777
1058,0.11693430839277966
1059,0.2483127663542967
1060,0.2015522300302485
1061,0.19270732813635408
1062,0.1321403772677396
1063,0.08479114183309977
1064,0.19215526686477172
1065,0.07854574739625855
1066,0.22848824668749546
1067,0.10783185443720704
1068,0.19645480552027567
1069,0.22008142288009006
1070,0.12596414567692907
1071,0.05904964551893701
1072,0.1544485977302598
1073,0.12450027658769708
1074,0.2208699576471068
1075,0.2707406102679153
1076,0.3990811666921271
1077,0.08486313389494546
1078,0.13094770858323984
1079,0.10290458992625673
1080,0.07466896720304997
1081,0.3753358534428359
1082,0.13981004279137896
1083,0.1722750314635037
1084,0.12060851543604305
1085,0.189917929186686
1086,0.2515934857585684
1087,0.1462081198161171
1088,0.2977276125588404
1089,0.08769009766901066
1090,0.32013416293228464
1091,0.2286987507316477
1092,0.13403176300841116
1093,0.16100150453514656
1094,0.2286726397984041
1095,0.1203752916600478
1096,0.1851606226106778
1097,0.20441525545983152
1098,0.18712590678608768
1099,0.04652408781105848
1100,0.11112924368115254
1101,0.28867183486831194
1102,0.2070992514677924
1103,0.3757501136958719
1104,0.1008487991967397
1105,0.1971515382866822
1106,0.10508296665306303
1107,0.0981512119645415
1108,0.27079254194055674
1109,0.10066729949367538
1110,0.13381687647721954
1111,0.0638095530922325
1112,0.09259438302326807
1113,0.11339826099770182
1114,0.17309893513998126
1115,0.0681353458760462
1116,0.0486011199986974
1117,0.16684128796832434
1118,0.16634384563851184
1119,0.17132504326490938
1120,0.2134444175232948
1121,0.15642741670895988
1122,0.16476063703017702
1123,0.1343512838070844
1124,0.18252356484823354
1125,0.21259774771329376
1126,0.19867911714325265
1127,0.2893190633501128
1128,0.08898567816522622
1129,0.08012133688183372
1130,0.13478781588683172
1131,0.21289618385091386
1132,0.23616814085557397
1133,0.11304338828664365
1134,0.2554791544647882
1135,0.27010320831831475
1136,0.044830768386247256
1137,0.14729424219678774
1138,0.1829518066104565
1139,0.14085747237165602
1140,0.5260779538845609
1141,0.109045121089446
1142,0.2517132226600608
1143,0.25984900846069564
1144,0.10650243729466004
1145,0.14802524025717148
1146,0.1797647305461871
1147,0.10732203956106616
1148,0.20450216795055448
1149,0.2060885056959353
1150,0.1301231587888635
1151,0.34799480764573154
1152,0.17403201584952782
1153,0.16110249784991934
1154,0.1183859948706206
1155,0.12926229092487565
1156,0.14001804049949532
1157,0.06104549849123723
1158,0.07236440704609529
1159,0.21408066065638304
1160,0.17036796522442152
1161,0.2053077349584011
1162,0.1952652865626328
1163,0.08306144243364068
1164,0.19463529090559675
1165,0.2501511334249657
1166,0.09498353353095948
1167,0.08541433998437405
1168,0.1899536566089224
1169,0.2470719931139416
1170,0.06336224196492275
1171,0.10708974846869852
1172,0.2001135297645099
1173,0.1393313924731882
1174,0.07722492846128012
1175,0.11986949960728142
1176,0.2012207685894774
1177,0.1723832389409162
1178,0.07282474351620842
1179,0.18635895157361573
1180,0.1607451384384868
1181,0.13595570560097014
1182,0.09982386240181244
1183,0.16718061007141408
1184,0.15030899951325422
1185,0.17882835782015982
1186,0.16941517354219196
1187,0.22018377184578009
1188,0.13042028773821238
1189,0.0776688510653915
1190,0.13664750776482334
1191,0.12220310955497775
1192,0.07873581680140339
1193,0.31976994787349605
1194,0.1782752815982887
1195,0.3660448444165526
1196,0.08897384708062027
1197,0.12266468788483922
1198,0.1441024771751348
1199,0.28783399589951963
1200,0.19316310758204128
1201,0.17181948126263186
1202,0.1185602373717446
1203,0.1373115434008806
1204,0.10644515424516507
1205,0.10298254571835427
1206,0.07355594834133539
1207,0.1190278135447548
1208,0.13505450392078902
1209,0.18284307151274615
1210,0.18983206306597347
1211,0.21323051364983955
1212,0.17115353785476503
1213,0.2860489462679586
1214,0.1817959503936762
1215,0.1453938030231171
1216,0.2462960278445037
1217,0.21666556477837395
1218,0.14712470898043475
1219,0.1146782928257708
1220,0.08123963778230775
1221,0.20370692923978395
1222,0.1310174228316577
1223,0.13084284873278232
1224,0.08521602913417636
1225,0.1922946797758905
1226,0.20537059460339735
1227,0.11750503394702436
1228,0.10252002432321633
1229,0.15850305760128633
1230,0.09865860241112363
1231,0.031134234061345863
1232,0.10928301892148838
1233,0.1213495043552764
1234,0.14727957874513148
1235,0.1740184433775857
1236,0.263656049656774
1237,0.13182203781495605
1238,0.11823045786688108
1239,0.0962625609801484
1240,0.13610518572848118
1241,0.14347103938670305
1242,0.12879084315221193
1243,0.12736211843247225
1244,0.42144430738079663
1245,0.08478225015123726
1246,0.12181996489753835
1247,0.04487727272838625
1248,0.20817070269281665
1249,0.09516633488458127
1250,0.21063896406414173
1251,0.13354548103105707
1252,0.12034173852773168
1253,0.28673360386035673
1254,0.0800908107133741
1255,0.1775184398180761
1256,0.2613007329359245
1257,0.21556625760123774
1258,0.19367502091396047
1259,0.3029564063049895
1260,0.1810316643432528
1261,0.18709661009466586
1262,0.19819855115643684
1263,0.07389630663836406
1264,0.10701719162701108
1265,0.28985686142045497
1266,0.13580244607916125
1267,0.1073877107672407
1268,0.2204035391998402
1269,0.1771090910705429
1270,0.3023094582279154
1271,0.2512993641966308
1272,0.14359621819948484
1273,0.3335598313966749
1274,0.26165216596811397
1275,0.2224862454725455
1276,0.22040678431193927
1277,0.20334614229784675
1278,0.1605211616030048
1279,0.16768893408418142
1280,0.3218165657401551
1281,0.2024873718711673
1282,0.06828765056932194
1283,0.20327730205366887
1284,0.1867606813666873
1285,0.06725681786046929
1286,0.14492263446421094
1287,0.09406733881181477
1288,0.1461458196115801
1289,0.14415976635342626
1290,0.19589224724513413
1291,0.20318494837106912
1292,0.21776409490532966
1293,0.1045402473614398
1294,0.15968089737471447
1295,0.40376702943331616
1296,0.16408954720977767
1297,0.08021458386007453
1298,0.27446689138455344
1299,0.0915630369160954
1300,0.1736025891582244
1301,0.1903818387235874
1302,0.2169231046203446
1303,0.13397373189654946
1304,0.07819163515870081
1305,0.05175736443482142
1306,0.18904974301372932
1307,0.20666739440326284
1308,0.258167156536923
1309,0.2147260263668839
1310,0.0938948990535247
1311,0.13681620097762345
1312,0.18789540639303728
1313,0.27772716939447245
1314,0.2911760532452436
1315,0.318767289909593
1316,0.28866870053090604
1317,0.05035085211763941
1318,0.2345561034618978
1319,0.1103363508639069
1320,0.23228563901562505
1321,0.12584617824536606
1322,0.2284802932715653
1323,0.10697604184984877
1324,0.08863390172973352
1325,0.1817401235026933
1326,0.06516632501107181
1327,0.18658221063193745
1328,0.1586478329273233
1329,0.19167696146195304
1330,0.17535003497386312
1331,0.03710123696471428
1332,0.2282395950132996
1333,0.15995252613790922
1334,0.1418323648802704
1335,0.15159708021812138
1336,0.14697213802792075
1337,0.12287380417704193
1338,0.0929798205804577
1339,0.08017318903917871
1340,0.10625402835840653
1341,0.13672329859597476
1342,0.18044431390923366
1343,0.1061637879684055
1344,0.16770229804216158
1345,0.13635112223267112
1346,0.1848975762125188
1347,0.19569032515807736
1348,0.11198236132666728
1349,0.17329799986869004
1350,0.16542689511031286
1351,0.10178430144371008
1352,0.08883676724746198
1353,0.1057144137571861
1354,0.22270880448896005
1355,0.05513525036028951
1356,0.07656360348464662
1357,0.055939620321319904
1358,0.08563825799729018
1359,0.07566347782399528
1360,0.18417465858599447
1361,0.05298817055503277
1362,0.12277233766076692
1363,0.11776367967315407
1364,0.13561960567796408
1365,0.051980440317248175
1366,0.16550580199854825
1367,0.2091259796828873
1368,0.06653001548484735
1369,0.3087340220953378
1370,0.06705697508769595
1371,0.2098641501280628
1372,0.11175360006644734
1373,0.25009212290877136
1374,0.1956820673515735
1375,0.11536349659553664
1376,0.04851464782461883
1377,0.2421595774731988
1378,0.21229935889716167
1379,0.1607810899319138
1380,0.20480098801728075
1381,0.222080276762411
1382,0.21524906204665098
1383,0.21118594257359294
1384,0.0898754976672473
1385,0.178830316301793
1386,0.17617788702909895
1387,0.0504626962099492
1388,0.17382900783408248
1389,0.20717060970575848
1390,0.1441116699646687
1391,0.20313668436974933
1392,0.14616030120053225
1393,0.1794164889833277
1394,0.3444072069066064
1395,0.08599662335617794
1396,0.20850560563332995
1397,0.14992371149871025
1398,0.23229622129183455
1399,0.1564906745411913
1400,0.1033213634976702
1401,0.37011238702186905
1402,0.2879565845615178
1403,0.2851192112120489
1404,0.12035722495218497
1405,0.12980771544571434
1406,0.18367382297882665
1407,0.1870341922587182
1408,0.13419226340696933
1409,0.1603191416575129
1410,0.14302677703271185
1411,0.1988707115155444
1412,0.18146460996941316
1413,0.4353258966947441
1414,0.18516840246762026
1415,0.09280893767038677
1416,0.1748833355341717
1417,0.0882348627345475
1418,0.14453191117923025
1419,0.13532043135520866
1420,0.13425590932082984
1421,0.09400193492161656
1422,0.09395780118384534
1423,0.1336253169701936
1424,0.10452394696281432
1425,0.07759128469753455
1426,0.16312103169128547
1427,0.07763355241074504
1428,0.2298493811250319
1429,0.22230124192021736
1430,0.19277413865704912
1431,0.12070472523538528
1432,0.12936420823688474
1433,0.08991911765873306
1434,0.14028602976474744
1435,0.19310286041709396
1436,0.192285527304312
1437,0.0945199739503196
1438,0.2914662649726931
1439,0.11854735135267805
1440,0.10703998331773444
1441,0.07476486026752663
1442,0.1798629808727112
1443,0.3465620048897508
1444,0.2382167751716116
1445,0.2795928832404099
1446,0.11343365874072647
1447,0.11153041745435288
1448,0.14036230690062984
1449,0.2545360239103189
1450,0.12156122408517338
1451,0.15314207497248095
1452,0.18791183325266567
1453,0.19420759205464908
1454,0.1462413703409804
1455,0.0995490356960892
1456,0.258578237997282
1457,0.3673524290853705
1458,0.21404122033017625
1459,0.12109433695855915
1460,0.06344178280474204
1461,0.11098516389243362
1462,0.1639467444249231
1463,0.19194091427458207
1464,0.10579615799772897
1465,0.15061475873797125
1466,0.05601146242823229
1467,0.20249246681550914
1468,0.10653408899556534
1469,0.22435221124071208
1470,0.154402200353772
1471,0.18663831350180649
1472,0.21857466118630134
1473,0.12505567800651232
1474,0.2555483237492644
1475,0.1565961172987358
1476,0.20969202962012706
1477,0.21989505067964726
1478,0.28446638112151235
1479,0.13585570091148236
1480,0.1661427241973947
1481,0.181247008531114
1482,0.2543452914822459
1483,0.14120913715379171
1484,0.14258876052308722
1485,0.1324644558828284
1486,0.2322764340578815
1487,0.17769627484421674
1488,0.07395961814178195
1489,0.11849414593906199
1490,0.13001370491285186
1491,0.16878787454398755
1492,0.17966763020403995
1493,0.10613932660340547
1494,0.1860214753074021
1495,0.0522653144479749
1496,0.28606283003539423
1497,0.2188790769647838
1498,0.13366037117593355
1499,0.055802778112387104
1500,0.241113821615256
1501,0.21391251184306528
1502,0.231386687918722
1503,0.14699251796076218
1504,0.1889356226222083
1505,0.1343112208106451
1506,0.04724818313019576
1507,0.11737740812638472
1508,0.13717389167460778
1509,0.11219312468872128
1510,0.06165408334542676
1511,0.13890507854736125
1512,0.13539612333829415
1513,0.07957959621464589
1514,0.06713122463513066
1515,0.1346154950565265
1516,0.21474679393719515
1517,0.1355013846078975
1518,0.03633912841248706
1519,0.12093007683272468
1520,0.3121941437727752
1521,0.0987198729551778
1522,0.2456673995112285
1523,0.16282510569258934
1524,0.08515520959360036
1525,0.2363798133715237
1526,0.17640222209127246
1527,0.1163525880396173
1528,0.2516618705394542
1529,0.12649811762951252
1530,0.13596729424612744
1531,0.18301786682593207
1532,0.27530744664239165
1533,0.12181722329321774
1534,0.14407821492529402
1535,0.14417214846251114
1536,0.13477173714433702
1537,0.15551372519963788
1538,0.2628812188175835
1539,0.27767285083240384
1540,0.11410679712981192
1541,0.15996863826186375
1542,0.2205853156207996
1543,0.1286991549000695
1544,0.23465282574386684
1545,0.17513074948029075
1546,0.16558477467493293
1547,0.16718792360098148
1548,0.19654843149734008
1549,0.2566919367235782
1550,0.1383110915491082
1551,0.19446924537177465
1552,0.21126598507718725
1553,0.12040632107366513
1554,0.17279520644820653
1555,0.09536611041600183
1556,0.15003627229272248
1557,0.13742070826199682
1558,0.2699853728950685
1559,0.2258280633328705
1560,0.15455541330795194
1561,0.2220278129486568
1562,0.3534769965303241
1563,0.1454180030942234
1564,0.231759250337576
1565,0.2280003298910664
1566,0.12864465906672085
1567,0.1707859640127725
1568,0.17522230672465092
1569,0.09210617547909432
1570,0.165804008474794
1571,0.1246907131635394
1572,0.3583507471081843
1573,0.22469188460684505
1574,0.06110252758802586
1575,0.17785977204634465
1576,0.2714852875610923
1577,0.1436263032677401
1578,0.20658251745304373
1579,0.27666921055292043
1580,0.16431144342949328
1581,0.23947425624568125
1582,0.1753354846121488
1583,0.1977565539742302
1584,0.19962398085792105
1585,0.13608355339963116
1586,0.11726725731216055
1587,0.20479039574512392
1588,0.1336377964368311
1589,0.22284405711306512
1590,0.07712502796583233
1591,0.07993018458005023
1592,0.4257765684822985
1593,0.13701319556857985
1594,0.23774461728206814
1595,0.13755740242857448
1596,0.32626818054966555
1597,0.2455694157308041
1598,0.09278802149592644
1599,0.08359997187646799
1600,0.16589466835035174
1601,0.07711185999922332
1602,0.08746028397530753
1603,0.11053932495156253
1604,0.11452305753723598
1605,0.1964688449680641
1606,0.20326346072217685
1607,0.12237100900682304
1608,0.1165842778095458
1609,0.25175308045945416
1610,0.18058471896863215
1611,0.06345210746524234
1612,0.09615460696229862
1613,0.19402758185073246
1614,0.09127330633259208
1615,0.15250115893534938
1616,0.12679883350748614
1617,0.1486599097209656
1618,0.22383416397697772
1619,0.28291437456874724
1620,0.05441219168036015
1621,0.1744330069150978
1622,0.21426350395729868
1623,0.12714346612200966
1624,0.21138550080465024
1625,0.09088865218174934
1626,0.11585327183944262
1627,0.2642242266503414
1628,0.1295916162687727
1629,0.05041177472459002
1630,0.0856165173904565
1631,0.09390284231044077
1632,0.2008095292599201
1633,0.20812450436946367
1634,0.06686744194204032
1635,0.1465457913370707
1636,0.05869077701809752
1637,0.07811324493368395
1638,0.10294597721802977
1639,0.04259578396261306
1640,0.1554839148585861
1641,0.12104351026547767
1642,0.15169312190640774
1643,0.10781182916708487
1644,0.2760464676901498
1645,0.20546659556248348
1646,0.16335627565915736
1647,0.1451526966952318
1648,0.12891605023177904
1649,0.1116133241460368
1650,0.0988079561338603
1651,0.11517935895431745
1652,0.13135010445835202
1653,0.25999743220703325
1654,0.14383140855774787
1655,0.18406303717451453
1656,0.0675117291620174
1657,0.14456741017106514
1658,0.0977834487222898
1659,0.10915691587309738
1660,0.09098396461072476
1661,0.2086940593850772
1662,0.060367851354280064
1663,0.11268279152682957
1664,0.2660736391053002
1665,0.16550135211947706
1666,0.1264670498146002
1667,0.12676996003031002
1668,0.24941294808550005
1669,0.2148632839715866
1670,0.08257480660164873
1671,0.0405441944957947
1672,0.13861958992186713
1673,0.2479152607858225
1674,0.10282605669707592
1675,0.16856963323707708
1676,0.2428326348624271
1677,0.20736290108858185
1678,0.18607150520119525
1679,0.19117423370026201
1680,0.16602933824875352
1681,0.13963887538378644
1682,0.2310175095485224
1683,0.039358760708089004
1684,0.1502716358715856
1685,0.06955402900280183
1686,0.2161515534995068
1687,0.17284046850076634
1688,0.09077706632229796
1689,0.17039396618539193
1690,0.044052993250297566
1691,0.1059227550741948
1692,0.08866275323712476
1693,0.15182607823950808
1694,0.11461605818265184
1695,0.0937419225787838
1696,0.1250407947951042
1697,0.1504578079678499
1698,0.13720601182021416
1699,0.1999276077816071
1700,0.20768215288309336
1701,0.27722821496504096
1702,0.09551078325414056
1703,0.1011174391564672
1704,0.17021833485129684
1705,0.11359602972210728
1706,0.2305483661546805
1707,0.2070009643359083
1708,0.20271148326053315
1709,0.08627629108835627
1710,0.15401832187359027
1711,0.11174923386404824
1712,0.17321586234606234
1713,0.1281708793810151
1714,0.18153986193083005
1715,0.14761113138523754
1716,0.16999769921035549
1717,0.1338568561053716
1718,0.1225493769665282
1719,0.09232215352174136
1720,0.26640956206548866
1721,0.2174077721799044
1722,0.11467310815957148
1723,0.09787912018501184
1724,0.1258980432558649
1725,0.1367129068711743
1726,0.16585013194503725
1727,0.11911128892870393
1728,0.1448374261468582
1729,0.17063180115619214
1730,0.144502556482647
1731,0.2014315053331916
1732,0.0861660196776681
1733,0.193786146445222
1734,0.13413028548300318
1735,0.13159154505712292
1736,0.19042828768431846
1737,0.1419837276509652
1738,0.1138752193615722
1739,0.06944043510993977
1740,0.07634643413702348
1741,0.1923510654668684
1742,0.13786453190359793
1743,0.1441504257757871
1744,0.14031472225327907
1745,0.1393671159529572
1746,0.12280982418088313
1747,0.2331838182734423
1748,0.14390842964109207
1749,0.12859133315843366
1750,0.20946255990185952
1751,0.20233674408193186
1752,0.205325771515096
1753,0.10052085224555424
1754,0.10844634019113386
1755,0.13078911511106547
1756,0.14684330817081065
1757,0.0683864036513608
1758,0.0615746723816276
1759,0.12957663627536994
1760,0.17646637148794228
1761,0.15838980993196058
1762,0.13005541289236025
1763,0.3262065476477609
1764,0.27468905500069296
1765,0.16488452220733885
1766,0.20606622375240466
1767,0.17874169235285498
1768,0.2072524345100268
1769,0.18890570518950295
1770,0.11218331898145174
1771,0.2035539548794297
1772,0.28979349165778906
1773,0.22072543405604905
1774,0.20922833627750895
1775,0.21918403183799454
1776,0.1041576410678261
1777,0.17648807672406155
1778,0.2183719732945884
1779,0.17212887351253475
1780,0.12720445888550874
1781,0.2161772785559906
1782,0.2926421090351206
1783,0.11937128612383655
1784,0.09134953689409928
1785,0.16015129945508133
1786,0.15119084994934606
1787,0.3015480354077682
1788,0.0665322744353272
1789,0.1916922186311514
1790,0.19208564768535302
1791,0.16299831193296285
1792,0.0896142450447142
1793,0.10909516563182267
1794,0.1477383634595667
1795,0.13346322457749654
1796,0.11260325120887
1797,0.12514926922289674
1798,0.21380557789352556
1799,0.09079643909321973
1800,0.2270686323041936
1801,0.2529441033359613
1802,0.1551910584902591
1803,0.1538560013238032
1804,0.1104856522360406
1805,0.15725167770287068
1806,0.09134609114828107
1807,0.30037174097701386
1808,0.22670814729107625
1809,0.1347506204887356
1810,0.1841787180499491
1811,0.13271244817912464
1812,0.3381969328085615
1813,0.21115776747532367
1814,0.2364343889285516
1815,0.16183861235338326
1816,0.09198845274206306
1817,0.2282547613980001
1818,0.12195035722617632
1819,0.09615272466163492
1820,0.17253619424848118
1821,0.2131956926350968
1822,0.09686688051393537
1823,0.20736445814338025
1824,0.2512915412080581
1825,0.16762067096516106
1826,0.13943821662345965
1827,0.3186695513448969
1828,0.14414900147338294
1829,0.1955088605622165
1830,0.2396012016041873
1831,0.29819803977388243
1832,0.10984877141795006
1833,0.17821608819129872
1834,0.12138034294605222
1835,0.20473104705662215
1836,0.09769790262136606
1837,0.20097445062815075
1838,0.15488131097066768
1839,0.27429734236992803
1840,0.07753954244935415
1841,0.14770317581402653
1842,0.16370851273951806
1843,0.13542737904633956
1844,0.1724872294668322
1845,0.13461870027319947
1846,0.17484914509067934
1847,0.3310484320051953
1848,0.1602516228262395
1849,0.1460221736411078
1850,0.10416486849277368
1851,0.0945804178138584
1852,0.14066496077065574
1853,0.13406286672095974
1854,0.1667166375953043
1855,0.15566803857500552
1856,0.1248613438654215
1857,0.1626753651845524
1858,0.16615127133704385
1859,0.29589824521749564
1860,0.15870203858980245
1861,0.13438282170446111
1862,0.11966967334074405
1863,0.23219642432289905
1864,0.13704865334808966
1865,0.05400247625352613
1866,0.23926621781512114
1867,0.11241895912057603
1868,0.08649111973467234
1869,0.14651942671850549
1870,0.07960615396172646
1871,0.10953124976265068
1872,0.17173755559700865
1873,0.18102054142911367
1874,0.2302480200640649
1875,0.21060354177275867
1876,0.17216011692705074
1877,0.2389275273162645
1878,0.37438519936890335
1879,0.2232920526500549
1880,0.14535289270142676
1881,0.2190309899340919
1882,0.11661820868266408
1883,0.17510406800519854
1884,0.20187577653094796
1885,0.2266936017706704
1886,0.31350936941436475
1887,0.193764375488286
1888,0.12820714644791112
1889,0.15106576458075224
1890,0.1711585425321253
1891,0.29390087494906914
1892,0.3399738304066764
1893,0.17461756518496194
1894,0.18015093523316372
1895,0.1096813104360973
1896,0.19362442821995385
1897,0.036820543718332883
1898,0.22219387519522826
1899,0.0363706387714799
1900,0.13392730235045494
1901,0.06397107959770147
1902,0.11955609497152105
1903,0.18749797404583216
1904,0.16907586395449187
1905,0.2648507745072622
1906,0.11051311221302204
1907,0.0799647385747034
1908,0.11825144742548463
1909,0.249412260141661
1910,0.08283610237604076
1911,0.2434790916204901
1912,0.1455747413537206
1913,0.22240947905054206
1914,0.18833089504345424
1915,0.09182232007304167
1916,0.07746890043090185
1917,0.1683504289962069
1918,0.2361653246688774
1919,0.08501508292961678
1920,0.10119400438309632
1921,0.05629290771345874
1922,0.2026259564567721
1923,0.06819372952420366
1924,0.2801338075688362
1925,0.07864955261754407
1926,0.07416739828964995
1927,0.11135854035568493
1928,0.07969837768081521
1929,0.07034680266263645
1930,0.10364372949909616
1931,0.12496128536034808
1932,0.1047590135575724
1933,0.04706234802193418
1934,0.0906316047811126
1935,0.14934443479512285
1936,0.11038095130661678
1937,0.17119745631932098
1938,0.17026835900707438
1939,0.16217816049157266
1940,0.30904436242103595
1941,0.0864918330413644
1942,0.14335838632874573
1943,0.13807687165150245
1944,0.09630882105596532
1945,0.1502428087520143
1946,0.1713980004332184
1947,0.3620174353680428
1948,0.1201679616896414
1949,0.1081599509633543
1950,0.21052526047793926
1951,0.1375739884964272
1952,0.059468365550533975
1953,0.19239005535217815
1954,0.050228073298424346
1955,0.08687380944735648
1956,0.07682565135405689
1957,0.046878583140766435
1958,0.15401686239302714
1959,0.07243215742288761
1960,0.09417006512003732
1961,0.04192232524816536
1962,0.04099206609708192
1963,0.09513418442538624
1964,0.07799588562484916
1965,0.08029870361696077
1966,0.3650320093456729
1967,0.06265467998694861
1968,0.15052443584195785
1969,0.1294747945956486
1970,0.12655755531766136
1971,0.21355197858211905
1972,0.11464736949683375
1973,0.18248208496446466
1974,0.13027386004539912
1975,0.08092680458332907
1976,0.21342435009886696
1977,0.10187811741083873
1978,0.2593643837830449
1979,0.15448623167115413
1980,0.20010104774571966
1981,0.09995420291047696
1982,0.13421201592722254
1983,0.3213178240330159
1984,0.2316140688786579
1985,0.32714458491572196
1986,0.20844345223936986
1987,0.1438150392460449
1988,0.14135629658084953
1989,0.07678718077732148
1990,0.10992545054450288
1991,0.1679348009802449
1992,0.29488423974019456
1993,0.19415893708156926
1994,0.2828113320932177
1995,0.1769322478340039
1996,0.13270042939968246
1997,0.13631678267449332
1998,0.14187034252999647
1999,0.2190484757876266
