,value_per_image
0,0.15940251722775722
1,0.09496742446180018
2,0.07460918670083423
3,0.18366100389343648
4,0.14225273705174518
5,0.12391829200328025
6,0.0654688778701471
7,0.15995349680236035
8,0.013074474599618566
9,0.07391725051128926
10,0.17810267114210113
11,0.025986827988768814
12,0.12394989207744618
13,0.09795250408228053
14,0.034910196326353934
15,0.13001699279417447
16,0.1153070126061654
17,0.1163553764844584
18,0.10495556539907573
19,0.00025302231215622653
20,0.12988782272825206
21,0.04305580039145026
22,0.16144580631266978
23,0.12651687531696912
24,0.1363156438115972
25,0.15716208658321815
26,0.060148910440179476
27,0.1168148861465042
28,0.2030080150313573
29,0.03048997700594318
30,0.0918667930001358
31,0.05374015980600984
32,0.05617819246950849
33,0.055929098699475134
34,0.045223613842659084
35,0.1013873413995936
36,0.06350526141718414
37,0.1313694086348551
38,0.06962851078666404
39,0.07380982764412677
40,0.013658125513427715
41,0.020464257888879324
42,0.1384386851402153
43,0.06355208219920003
44,0.15909468975517632
45,0.004415418552762447
46,0.10829465517354166
47,0.07981429648405966
48,0.07293424846035318
49,0.04206085737436882
50,0.08815580501697955
51,0.13620925756017072
52,0.029477376039104292
53,0.04587561285655837
54,0.1685216812043061
55,0.21073711016609573
56,0.019392305565052725
57,0.07497602813194014
58,0.07833006335380505
59,0.04025476671458853
60,0.05408702917078075
61,0.06379646834058172
62,0.08137984258527292
63,0.2057826043572097
64,0.07364208663798844
65,0.173890040974762
66,0.14392348218603965
67,0.10195056644825098
68,0.055082119725855486
69,0.0674769033533297
70,0.02933925985780461
71,0.1097235572379576
72,0.008919911628018133
73,0.1724340364530547
74,0.0443620998259818
75,0.06747668151443904
76,0.048289330633356005
77,0.016137624935390803
78,0.06992037585234863
79,0.006026561851808065
80,0.1410977865065311
81,0.177922411293799
82,0.09207648235296137
83,0.08290259532538277
84,0.10266091466414608
85,0.023528619335110475
86,0.027188425303801937
87,0.029731409985061286
88,0.13732869113678026
89,0.2370689467648074
90,0.012495769034458412
91,0.06382038748340897
92,0.1256602217973436
93,0.025337674425454714
94,0.02487384238338493
95,0.12129406356519044
96,0.05564480056067385
97,0.0070530007462902685
98,0.0680609451547351
99,0.08180231649678625
100,0.028782202431338614
101,0.23690242020594235
102,0.08628182106983799
103,0.04698241928330637
104,0.0003903452353474679
105,0.020229025471271436
106,0.2226328240087417
107,0.12834101637196865
108,0.0833323112564447
109,0.11272614946502255
110,0.05228200360810282
111,0.035156597006910685
112,0.008769704741510832
113,0.031831579581015595
114,0.07036631599787528
115,0.07148171187971712
116,0.06496346059838498
117,0.037772612553955816
118,0.1151393839317321
119,0.08158109733851293
120,0.0737691377920467
121,0.1089550207373292
122,0.009075486507952604
123,0.08817489805306515
124,0.16242857388407356
125,0.08751127790209752
126,0.18868582404841774
127,0.003522321974109907
128,0.10196861519119824
129,0.031614321112486035
130,0.04699842120811065
131,0.03327145753883001
132,0.11156412942026088
133,0.08591115993560433
134,0.06413089923653245
135,0.005378445180782747
136,0.033286063210461445
137,0.07614183773795168
138,0.062001511159484275
139,0.12525344408158284
140,0.08971320540866744
141,0.12172396210599568
142,0.06917608841324903
143,0.048557412580065434
144,0.043769433311007334
145,0.0596497989361446
146,0.033609829769536505
147,0.1025539417445287
148,0.0189520402360279
149,0.0042767050477228495
150,0.027394694283000797
151,0.03854408035772956
152,0.03075384977847642
153,0.05045608717222915
154,0.13952771317331825
155,0.060189011882125686
156,0.047997830893712734
157,0.10602618612466197
158,0.07046285453565204
159,0.17699075557274654
160,0.016123514895865436
161,0.027248136902982268
162,0.027258330469645858
163,0.09485728224353003
164,0.09110521519513433
165,0.1596027899960648
166,0.07118006024193463
167,0.07809828306464553
168,0.01740384825320777
169,0.02380500540819996
170,0.09311862733813282
171,0.10042409542544943
172,0.0073033758424111955
173,0.07618600206356806
174,0.204614688799418
175,0.11106450462988077
176,0.07528000579024974
177,0.11890671871179945
178,0.03772350285398248
179,0.020819343339105064
180,0.11759855828880393
181,0.10065496193010552
182,0.2700794069886924
183,0.031023435219009125
184,0.16247019900859133
185,0.22415221439457367
186,0.06560749666491868
187,0.014976425965957853
188,0.13667540603725112
189,0.04631256992983784
190,0.21747398119805392
191,0.01725807014140517
192,0.04258976203042719
193,0.1550059655242367
194,0.10788004953085517
195,0.04051340060756617
196,0.06262283304310756
197,0.014718538271876103
198,0.02189046150270382
199,0.18417010741044595
200,0.0258416532559281
201,0.09279398497435856
202,0.007340414928352798
203,0.08091122793376751
204,0.0318899140960508
205,0.09361992338955363
206,0.029049643388529212
207,0.03980981867599001
208,0.09563415885211664
209,0.012035686330681557
210,0.12855858561002573
211,0.15358870142540534
212,0.2192528555825567
213,0.06478529302003365
214,0.19884111048052186
215,0.04417368430923097
216,0.0316446843825571
217,0.06579610208632046
218,0.045282798348787526
219,0.08447430849245996
220,0.18043197493176447
221,0.17185978220504625
222,0.02212506319120229
223,0.1253994821092837
224,0.17460555874943506
225,0.003714461553345745
226,0.05640295024045476
227,0.09963655395135512
228,0.1116813567745502
229,0.06181563796345205
230,0.0385946789425508
231,0.09488892686498053
232,0.13211053854631946
233,0.046802224899010834
234,0.08084139840575799
235,0.22999360919103956
236,0.1363803685291553
237,0.17580095521354208
238,0.013147334515625405
239,0.03304277395700439
240,0.054416069058249736
241,0.1232375304165926
242,0.058989604259360374
243,0.002724334131864424
244,0.006697058804630701
245,0.023737760341534037
246,0.07960314204048491
247,0.02150724974492049
248,0.07053832437767353
249,0.036225842782965215
250,0.056387727804078414
251,0.1208244061886722
252,0.207089217340274
253,0.12999579602363878
254,0.04725582804590637
255,0.03823988375022736
256,0.0805937377849167
257,0.13876388923021846
258,0.04123126123229015
259,0.1587569799781803
260,0.10765396079631827
261,0.11976027436092065
262,0.09359587062080724
263,0.05563276200311604
264,0.057124327166294835
265,0.0014331214078289849
266,0.10160726772428044
267,0.14109776162209114
268,0.002490104931671993
269,0.1827232752688293
270,0.03476330688804092
271,0.003353983810097997
272,0.16967131683644318
273,0.10434879834794443
274,0.027222301647723803
275,0.003670693864021614
276,0.2325936707901593
277,0.04725699248464516
278,0.028069819345717603
279,0.026629953151565584
280,0.03427797511997627
281,0.016690897301678137
282,0.10687672649003617
283,0.16044183179606544
284,0.1259690113099112
285,0.1871516839144115
286,0.007675289396287062
287,0.07303714610612902
288,0.04983365888646369
289,0.05238146202780356
290,0.1165818662051522
291,0.16948225445082324
292,0.15054522732022196
293,0.12396612276304768
294,0.041393186887064025
295,0.1753022392076648
296,0.06838176559694165
297,0.08514759268800498
298,0.0815325573694758
299,0.07963928616284573
300,0.01620591253045984
301,0.1296960010665172
302,0.04588916609731293
303,0.13068625849090232
304,0.08031574507903931
305,0.04267497872517375
306,0.06534200339956585
307,0.021228058427944476
308,0.05184252367245559
309,0.007583418374873498
310,0.17765561425467055
311,0.027202658530022173
312,0.0043476170243291435
313,0.13506314567155975
314,0.07240673219289001
315,0.03049664220652358
316,0.135211536823776
317,0.015619708156289906
318,0.18411107482120376
319,0.12041616955980175
320,0.05616952665367509
321,0.062083699441278124
322,0.14574139076944706
323,0.010160912555251771
324,0.11294244853888293
325,0.018991409692268892
326,0.08278428321008947
327,0.08019484091819536
328,0.15749047014283876
329,0.12883939164705124
330,0.047932647848433055
331,0.09777311210836724
332,0.1719154640795139
333,0.05170153236788927
334,0.024207436567313483
335,0.11817139370652555
336,0.010832522768713064
337,0.1792929548345923
338,0.12040124445353025
339,0.1299717557420064
340,0.02058925495721061
341,0.003624190717530587
342,0.1025912595714868
343,0.02624125095110424
344,0.08489652941506877
345,0.059615679789401424
346,0.15650942825826486
347,0.02266730534492119
348,0.15470017954082765
349,0.019459303224650157
350,0.027430764108644867
351,0.11294636947263464
352,0.0715738505239274
353,0.2526449128088742
354,0.03953948110574414
355,0.05722273803526722
356,0.014765217817958068
357,0.036034755047733666
358,0.005791751215259737
359,0.03923254821970082
360,0.03500853251935309
361,0.07146043133863142
362,0.008057604065552348
363,0.07704083317757925
364,0.18475359192519136
365,0.03029524317277525
366,0.07535954602742279
367,0.046277994177158784
368,0.2513116857038257
369,0.002531139402154028
370,0.10901863392217599
371,0.08730555251591363
372,0.11207750165216264
373,0.07419129897401996
374,0.03315919360143172
375,0.036961043151300915
376,0.12332491850432745
377,0.10603482183709306
378,0.03160393462006849
379,0.003516003886048228
380,0.08991389132377449
381,0.0954171265724663
382,0.041314827377346784
383,0.22118509616959814
384,0.24648318267861324
385,0.0632183877916195
386,0.12332740708237735
387,0.0837525811547187
388,0.01983217616091968
389,0.08589326956635414
390,0.021750081216361357
391,0.13748764335961333
392,0.1259833732638891
393,0.120933860340892
394,0.020724756320412333
395,0.00021306480615381623
396,0.0681297127824708
397,0.04262425839321047
398,0.12696449454544925
399,0.07139830386337798
400,0.02381179274088694
401,0.05302812890268172
402,0.03501580433691808
403,0.002939936536344145
404,0.36291136855657696
405,0.07348250714544899
406,0.029665077939151182
407,0.04111458806590526
408,0.08634290447924177
409,0.13514813037714146
410,0.11509996478671115
411,0.16934638605956162
412,0.013451490661355635
413,0.06945184122859263
414,0.08328751186919027
415,0.11757810489260047
416,0.06207701394447139
417,0.10810736315233398
418,0.11626713096959905
419,0.07367187832469113
420,0.16233619154333584
421,0.07369654978938574
422,0.05066625936576406
423,0.1119494094666616
424,0.06613908580454765
425,0.03977425881809811
426,0.02341184996228232
427,0.1299181200974029
428,0.2002750594571613
429,0.12751325172188466
430,0.272438745267995
431,0.3055702589928025
432,0.017518690599597004
433,0.17617762385088864
434,0.07391958001869936
435,0.24025160813670274
436,0.04881762548063772
437,0.19313391348797174
438,0.02507198444506069
439,0.02127048362094822
440,0.12966707695090898
441,0.190822058978704
442,0.01166247441476334
443,0.18213401773165425
444,0.00238474741403174
445,0.10051500424588644
446,0.029960781409151968
447,0.16335410703920142
448,0.11829580962472845
449,0.07114015432363156
450,0.10627258575075192
451,0.046035397510894784
452,0.16070846069560088
453,0.06328499447780694
454,0.03305777394449172
455,0.07939242650348638
456,0.017925837050923547
457,0.03753861504722356
458,0.06112021343793779
459,0.164809428514213
460,0.2227432930198837
461,0.14593033660108148
462,0.08080368368821338
463,0.06527231548524898
464,0.05187571520328636
465,0.0020944123384092463
466,0.07555649100244964
467,0.050307419628931566
468,0.05078857624913263
469,0.1442874350269375
470,0.09588747512245008
471,0.02986633981775176
472,0.0958644355142153
473,0.1201508329621417
474,0.051475612852912106
475,0.0460958207623012
476,0.07906576915244884
477,0.00209356283216627
478,0.015846678754856104
479,0.001812705045902764
480,0.07440343384397187
481,0.19492799909570466
482,0.12143946607563355
483,0.11854355706769942
484,0.00650502867775525
485,0.0144606867033999
486,0.1571154592694326
487,0.10423214924915276
488,0.2513997551905512
489,0.10928077463844292
490,0.10551108968254072
491,0.000183190972230224
492,0.2184658151911239
493,0.16647968139425642
494,0.009246660205398249
495,0.060210127898960665
496,0.035237382958143534
497,0.048580890276924436
498,0.08635009295381828
499,0.036858280478896964
500,0.07535635392091754
501,0.09607782436519588
502,0.2266840873865739
503,0.013605205296014836
504,0.011950666209032209
505,0.1263056453313553
506,0.2089222750631872
507,0.14049912708617066
508,0.051785904375122316
509,0.016996768425777582
510,0.045472437161391766
511,0.06473257985116028
512,0.01825738331140825
513,0.26167265001017165
514,0.06541475215699634
515,0.023081913292007112
516,0.03376723010119504
517,0.19834916128233648
518,0.31712566880823845
519,0.03515849723302483
520,0.00658113379236675
521,0.03706010507403271
522,0.01922174037171711
523,0.12952776108868228
524,0.12267435936070725
525,0.16485889884644644
526,0.0392573623655228
527,0.017570848721886675
528,0.06579039735748228
529,0.07428048724450187
530,0.1013258137269058
531,0.042096999930140086
532,0.015329316726527478
533,0.11238151398769924
534,0.11945632863281827
535,0.07442669964076899
536,0.03031607193220387
537,0.007407393237294469
538,0.09217030346372153
539,0.07361971135462582
540,0.019747744691823818
541,0.050516903929804735
542,0.22416297734768245
543,0.13591590640499454
544,0.05634295712178205
545,0.0745090511291944
546,0.042829898449810014
547,0.1998775806403731
548,0.008990877841009
549,0.020177529140890042
550,0.0967965852426854
551,0.026642425000356885
552,0.05533715007066743
553,0.10710375306631366
554,0.2839704174619444
555,0.05395740534125997
556,0.07790708465880468
557,0.025861679125753417
558,0.09217504357520848
559,0.003200989507276057
560,0.09610028272766324
561,0.05465952737383354
562,0.16073972853547105
563,0.05840180532628765
564,0.07757029785573016
565,0.0006736986409626093
566,0.0373085275870262
567,0.12979295481253852
568,0.050737283752940066
569,0.17660384667082574
570,0.1854080753788371
571,0.09194333700947192
572,0.0464977199980183
573,0.15485530760041602
574,0.07973416533792414
575,0.2208521978427028
576,0.007339331331030364
577,0.1028987811889807
578,0.10104768740069618
579,0.14635214822125914
580,0.1254411745770145
581,0.1629025238861113
582,0.03315750016307604
583,0.04212599393506113
584,0.06445590305060467
585,0.13564220280325767
586,0.06230919865821076
587,0.06992421269090994
588,0.11905899115233748
589,0.06584211323419817
590,0.09913803388678066
591,0.09086331392496468
592,0.07064005819258022
593,0.004555654029319786
594,0.139759250206031
595,0.0993462255903768
596,0.14594370261618062
597,0.03683750453465625
598,0.028708291106327787
599,0.042230069591495084
600,0.2760712182387408
601,0.03718304046598145
602,0.11289364742839267
603,0.002836951638489259
604,0.026780232615750337
605,0.118945288326057
606,0.053892701750849
607,0.13361622479215018
608,0.020913591545846183
609,0.08384344560281766
610,0.047111615639742734
611,0.014203213120176863
612,0.0036644871247067494
613,0.13877795101158086
614,0.026426678021241757
615,0.1218437844106827
616,0.011641938230237068
617,0.008411866853479355
618,0.11420253068940872
619,0.0817379667436397
620,0.07829553050285495
621,0.08403260315475332
622,0.2303752934865496
623,0.032684143608465915
624,0.007859291783434889
625,0.14528212069673827
626,0.05705233823206901
627,0.242385278649024
628,0.11814735585679012
629,0.09706893915448493
630,0.13019050172361787
631,0.013983683256333809
632,0.03678947656175822
633,0.06043726956287258
634,0.06850683250352299
635,0.1334330379310714
636,0.10780330340218787
637,0.08349126973193284
638,0.13101762111778933
639,0.08118130484664662
640,0.07038455860399688
641,0.018849287489095992
642,0.17555998173087858
643,0.0888854070736553
644,0.042006847755919716
645,0.08574909883569277
646,0.03773062885537539
647,0.06093190807641696
648,0.1004807533321624
649,0.03954084210753631
650,0.0653946917547898
651,0.03873387600634274
652,0.10940166743757966
653,0.06967851070514683
654,0.12564046443556942
655,0.0038877872481086727
656,0.14087793338287544
657,0.0021359425421109213
658,0.05812204660091756
659,0.09078242137400072
660,0.03724674119092383
661,0.043580034211555235
662,0.002959933626178993
663,0.1197422107523815
664,0.16666134940325444
665,0.004124784660769636
666,0.0816522237015886
667,0.01633189893000474
668,0.08682166589016638
669,0.09250428920686793
670,0.21336165533406776
671,0.017602208303632506
672,0.005839060434597988
673,0.05853978165606034
674,0.017005718244271925
675,0.19441409948133112
676,0.05851782615026097
677,0.06673677807448716
678,0.08906096920145451
679,0.052045002086084466
680,0.010084667598501549
681,0.21038845925113586
682,0.14348035971354572
683,0.010816989346201487
684,0.10908038872375944
685,0.1826677937490336
686,0.002998236194890912
687,0.07158757424454296
688,0.13185631825157926
689,0.03147979353622647
690,0.06941717612225418
691,0.04457913701576376
692,0.07828640950662888
693,0.1220342118130222
694,0.009236341579576424
695,0.10102496896307084
696,0.10186707285330462
697,0.061166521850886994
698,0.262417345777313
699,0.04621564653111629
700,0.10111267881423344
701,0.023763388588962576
702,0.0410439696855101
703,0.021523985663847604
704,0.0017111054301297713
705,0.004909178102028372
706,0.193630060393558
707,0.08592208428654934
708,0.05152864790663768
709,0.07189584517431145
710,0.0905803525761538
711,0.041338213509894216
712,0.018368708739530018
713,0.016141064009980846
714,0.08154476694781845
715,0.2178451610810488
716,0.10656447023433296
717,0.031293508095107905
718,0.02798954059526032
719,0.11222585588257318
720,0.03935963543325307
721,0.09996467723587137
722,0.06010925779897215
723,0.08798982431029727
724,0.11762179801690675
725,0.039231924704678914
726,0.15272858388195493
727,0.09472956828440683
728,0.06344704634626737
729,0.02628507031980716
730,0.036582073015611866
731,0.07002089711776394
732,0.006296748914439213
733,0.11194399097483183
734,0.18620881207278825
735,0.1657256238356565
736,0.14639803947693025
737,0.05998808071294093
738,0.15168516352827316
739,0.14264802683712238
740,0.029511276962764087
741,0.07374973876392789
742,0.17647445266397258
743,0.1680781123803142
744,0.03740280787304658
745,0.034676978182543165
746,0.19191256062914352
747,0.04948987924861256
748,0.03137207374849197
749,0.07237597610960034
750,0.014045166264139859
751,0.2613979831648129
752,0.09966106309063928
753,0.23385921902209586
754,0.0012563071411130526
755,0.19643306523163506
756,0.0749384637829334
757,0.0802818163270696
758,0.043538071624880034
759,0.07547976941095852
760,0.13805868859082415
761,0.037025640218814514
762,0.22253257664664025
763,0.08453941284659937
764,0.13387414733577013
765,0.008281400724950492
766,0.0027846770354112435
767,0.13199378712100615
768,0.011778285604112712
769,0.14357884377463662
770,0.015165115847289684
771,0.010659984012707643
772,0.0017069974733068347
773,0.10356762079745466
774,0.06597354153864593
775,0.10694334772654916
776,0.08231244937317046
777,0.011857752974819651
778,0.21317339933433532
779,0.019867342095955216
780,0.06098345446982543
781,0.14043916793505334
782,0.1016492043861942
783,0.01481833090345981
784,0.011004680070075757
785,0.21995879858636228
786,0.11797445126397878
787,0.041753742450066265
788,0.2060669675576674
789,0.08228639400727475
790,0.1115406105458068
791,0.1839819948508762
792,0.1005000977936393
793,0.0356426461006993
794,0.11039580877224964
795,0.008852366692494913
796,0.05457205529235864
797,0.1096666211507511
798,0.17617713822783082
799,0.06625241527557704
800,0.03286370967661128
801,0.10048223822002264
802,0.07977432576627169
803,0.18381468486342328
804,0.1109990525336068
805,0.01439938846949079
806,0.04606621189250233
807,0.025797937248156225
808,0.07221728545478304
809,0.0668439303445026
810,0.17194787304687273
811,0.09123661324189204
812,0.040486648040551576
813,0.06350427258389603
814,0.05613100602936128
815,0.005223366502493385
816,0.0442001171881164
817,0.017597471544836218
818,0.18304704891692175
819,0.0563503122401557
820,0.01213300717182307
821,0.13236217587251936
822,0.044288224122378685
823,0.031123650087035108
824,0.049735034021399914
825,0.006897014099419646
826,0.0730786097406093
827,0.013033809748966537
828,0.21199827213059888
829,0.10378378706798952
830,0.007079883331323739
831,0.16129648432655547
832,0.056410578376341926
833,0.2869953656550635
834,0.014944187379876125
835,0.1513015068621336
836,0.09462040152322003
837,0.21625260361886445
838,0.08587710977440155
839,0.028739876980359506
840,0.09676308167550092
841,0.058405539949233184
842,0.15314117992065468
843,0.0825940757025995
844,0.10837108784375428
845,0.07102851620351182
846,0.0017437666541059876
847,0.041200276363613925
848,0.21693250803453132
849,0.03431354819444856
850,0.03135881156164822
851,0.01060274018640601
852,0.04002979049342684
853,0.16911763147295833
854,0.04799489495871214
855,0.0026593372288818548
856,0.02086809367160693
857,0.050867339470032566
858,0.05906551657910891
859,0.12222704970762413
860,0.19079928491886086
861,0.11253106124479302
862,0.0035318372638292674
863,0.028303091766437086
864,0.06251923311893601
865,0.1176424465115938
866,0.1530297543319178
867,0.040583614202236835
868,0.157947766747624
869,0.0003721680680704287
870,0.02505576072604052
871,0.026366571829097192
872,0.1949225116454173
873,0.11977074938594745
874,0.0964280009332993
875,0.03684138434408078
876,0.07913007993538883
877,0.044423869497766034
878,0.1455693541585242
879,0.055764789673955935
880,0.10139616889121696
881,0.011343668695203613
882,0.0498898685597873
883,0.12737652778827832
884,0.17905360976885454
885,0.26618952060317924
886,0.03789714335592708
887,0.01799166705270354
888,0.028962803474182917
889,0.05415804102383185
890,0.11224499814766267
891,0.02353700865443893
892,0.06336737812411843
893,0.06856740379729474
894,0.16860611445635768
895,0.029459555156329236
896,0.029169564563811336
897,0.21448591629278269
898,0.12325917664694115
899,0.12456477146427138
900,0.009288717107737484
901,0.005001775799552001
902,0.01830117980699179
903,0.028550332991461407
904,0.03464175993921867
905,0.07195972890650405
906,0.10896995083451458
907,0.013960906046656585
908,0.1871868868160257
909,0.07285764490470789
910,0.0570261394029196
911,0.15116863537788672
912,0.05348970502124877
913,0.10613411250938606
914,0.13226192665146866
915,0.05790099265078675
916,0.03636919343070332
917,0.21197829901154994
918,0.055370636454010684
919,0.047547328019749036
920,0.1708006938107022
921,0.009680840453511872
922,0.0481908218092041
923,0.2105896327971254
924,0.18692864021627087
925,0.1757017100430588
926,0.1770325491058296
927,0.003394953550514564
928,0.060125446445414774
929,0.17341283750834488
930,0.1715590960824325
931,0.07027204988303927
932,0.11324484041409286
933,0.007930762988115743
934,0.07977385009500365
935,0.23826877456857706
936,0.13042549686768787
937,0.10580079594633747
938,0.07753796752119997
939,0.1630910488563207
940,0.0723460629523307
941,0.034503160377706496
942,0.2223918422303533
943,0.08968698715588799
944,0.06802260268087308
945,0.1252354520523794
946,0.047042286169056
947,0.037554936308659866
948,0.18192860908565656
949,0.041149753282010836
950,0.0420328390405449
951,0.006554268439648575
952,0.03917617132468288
953,0.11354574725753255
954,0.10165179744267364
955,0.12856566265238106
956,0.1601561348536356
957,0.005753708935021239
958,0.023638506110516957
959,0.0798152810391017
960,0.09691965979313973
961,0.11758348663302233
962,0.09525245446711494
963,0.0641752846136301
964,0.0006630651750627135
965,0.1290971180645263
966,0.022862915484106596
967,0.006911050275220812
968,0.09018673633299264
969,0.09204986637099838
970,0.09734626809185776
971,0.05949985360873197
972,0.13474045083222566
973,0.04512410098389734
974,0.11282144561170583
975,0.021477874000954262
976,0.04399670769726255
977,0.08794516953379661
978,0.11520593148137395
979,0.11988233639871995
980,0.14608956145869315
981,0.07395438011939523
982,0.045152482880177786
983,0.009275319838163938
984,0.11819816705474162
985,0.062327915952647875
986,0.17676274976549572
987,0.0631795316701854
988,0.04476176822792461
989,0.0021232724604135986
990,0.027324134324797973
991,0.08775069223022956
992,0.07347728580470657
993,0.11871562530928495
994,0.1931770713991208
995,0.005102445205688496
996,0.03293861623684833
997,0.07965144667353065
998,0.12490150946179278
999,0.16956711207843894
1000,0.13554395793970844
1001,0.015328231893773275
1002,0.2568726349006941
1003,0.09192776164800452
1004,0.15500507894532073
1005,0.08708891167651839
1006,0.19843687395983914
1007,0.0636269890907297
1008,0.07463925291721436
1009,0.009484689329619695
1010,0.0903540631237038
1011,0.10850402992596897
1012,0.02642655156668448
1013,0.021492766753192914
1014,0.0932751499859029
1015,0.08284602520978447
1016,0.047860803643617486
1017,0.017162360848788947
1018,0.04713169196594235
1019,0.04707344481073903
1020,0.020495185136539272
1021,0.11704498321688493
1022,0.13412471102850174
1023,0.11861887579652015
1024,0.08727567124688651
1025,0.01920549193136605
1026,0.10193276624466817
1027,0.004957154336553324
1028,0.0633163248437617
1029,0.0587328650501277
1030,0.02408016591638654
1031,0.1575112826047512
1032,0.0661571239826916
1033,0.08307479511020441
1034,0.31416206386952955
1035,0.030471622114382008
1036,0.16275949344800747
1037,0.14110216936140366
1038,0.03607969348020136
1039,0.05096205057411535
1040,0.10989519997676282
1041,0.15053736045846933
1042,0.0663885018678931
1043,0.02368178865400972
1044,0.2351929143153245
1045,0.20339346117223064
1046,0.1376728463713559
1047,0.04402148966361477
1048,0.10447060368109584
1049,0.031419250022516144
1050,0.13919957385076828
1051,0.11922590055118125
1052,0.03721612691001329
1053,0.18598232316082747
1054,0.06247570431411253
1055,0.07802843499890118
1056,0.031595192538372015
1057,0.024616628367242512
1058,0.09796453575548414
1059,0.03747784062405789
1060,0.06878338742168577
1061,0.09094080414486333
1062,0.00540556464838179
1063,0.04141044963452304
1064,0.15815756636235592
1065,0.14978294906475348
1066,0.16182145656064365
1067,0.0010112818199947225
1068,0.06928574897054067
1069,0.033780212178584415
1070,0.24373181480618325
1071,0.09237418905226724
1072,0.1242776090663373
1073,0.05362960112741556
1074,0.176238651138761
1075,0.060321186099613365
1076,0.11387102585106244
1077,0.03394591269162417
1078,0.03892389765970832
1079,0.07468642728023937
1080,0.2332594492130092
1081,0.035432746113573936
1082,0.026743528130219987
1083,0.05718581835313982
1084,0.17208317593228675
1085,0.025287537912621408
1086,0.014068654220155921
1087,0.03431663943081144
1088,0.19559411077401487
1089,0.028830038936806864
1090,0.033449363338046795
1091,0.13925057478804653
1092,0.11882105859578095
1093,0.16668913931085838
1094,0.05160932246890708
1095,0.06312222402347499
1096,0.10115968992183567
1097,0.05342139081878071
1098,0.005171500732973886
1099,0.054013099699541225
1100,0.11295374058565187
1101,0.0536787025373943
1102,0.04711726544777788
1103,0.2150834492431984
1104,0.058901070502129615
1105,0.04740344551427393
1106,0.019044629874737484
1107,0.06900902870264748
1108,0.07629219524540977
1109,0.08078653996660094
1110,0.07252958572790003
1111,0.06707005644665992
1112,0.16679749066931707
1113,0.05992242795204745
1114,0.0007441208653852956
1115,0.051121404444249605
1116,0.036954411457065545
1117,0.11606752432483068
1118,0.06470897003337969
1119,0.025663450528855304
1120,0.0724333925133409
1121,0.059973376883513264
1122,0.03501286136136335
1123,0.031424436271109496
1124,0.1015687890602904
1125,0.1025548042359054
1126,0.06322115163018555
1127,0.02595821738176576
1128,0.05072097786374162
1129,0.05478054085194856
1130,0.15393996699633955
1131,0.13342834077246168
1132,0.13456287427058816
1133,0.0015855348270650204
1134,0.1182274660925022
1135,0.03799654768379211
1136,0.12422615298662346
1137,0.057537428232933424
1138,0.23471991426385735
1139,0.06538256686351297
1140,0.056642302185660375
1141,0.25315919141056903
1142,0.011681644713093551
1143,0.16197943019673694
1144,0.27204623832107816
1145,0.012044679342481593
1146,0.01670419857457811
1147,0.04988136318710645
1148,0.10470216809962883
1149,0.10319919105326923
1150,0.07261657074785531
1151,0.08160980104562532
1152,0.05458642935557871
1153,0.042238252517080084
1154,0.11346117717770456
1155,0.19195716969321255
1156,0.20912498464513254
1157,0.13032651541643414
1158,0.2091809968717853
1159,0.14028967510400034
1160,0.09623961439175274
1161,0.1336057353771141
1162,0.03141829947750737
1163,0.07526332483374007
1164,0.10542180250293233
1165,0.12103932312054083
1166,0.12890829838896178
1167,0.00765016718619492
1168,0.18759468329988865
1169,0.010737899912236816
1170,0.014821523223542068
1171,0.1087723027429117
1172,0.15057468677067515
1173,0.04719086297364822
1174,0.007610595089955346
1175,0.11767185075459607
1176,0.18104654670258846
1177,0.1011997348535361
1178,0.02990682275813475
1179,0.1016508085882515
1180,0.038664603839086376
1181,0.10158738925669436
1182,0.12462743248373533
1183,0.07659268566267982
1184,0.07680306239011309
1185,0.06487264061569227
1186,0.061493449593808126
1187,0.13326089547992045
1188,0.1151379402292994
1189,0.15152999196639738
1190,0.07130163173653456
1191,0.1723630326697243
1192,0.09464630293743136
1193,0.031134359368314657
1194,0.01069660912460221
1195,0.16467351097674396
1196,0.1932106337364004
1197,0.20658926867911195
1198,0.04990410660538908
1199,0.06620043739808354
1200,0.09558517217735413
1201,0.006248718864658757
1202,0.03962774851873225
1203,0.029358200378241155
1204,0.060139314600056774
1205,0.06444264956173185
1206,0.02682723952093372
1207,0.01933409529765103
1208,0.03239239406570205
1209,0.05779733992382347
1210,0.11568877562008345
1211,0.037473002521441576
1212,0.010892258561022692
1213,0.09610892996314
1214,0.1158090655249295
1215,0.08957376147935449
1216,0.05266961243580032
1217,0.029079345987036955
1218,0.0002885319668324404
1219,0.17282599950782132
1220,0.028047990353500026
1221,0.114347397002465
1222,0.004946465199225109
1223,0.05860266801342068
1224,0.15217897743385025
1225,0.1271157074609235
1226,0.2305902244842345
1227,0.2263843747501904
1228,0.18274180570258852
1229,0.10827070990039997
1230,0.09843869039957744
1231,0.05359661980515276
1232,0.07787377104086103
1233,0.016439517206246174
1234,0.11454407287338272
1235,0.2341378864630845
1236,0.04030763503803315
1237,0.09115290728644808
1238,0.003349469919554055
1239,0.061355272148313066
1240,0.0018673681193856308
1241,0.016290930842401512
1242,0.027067811838609825
1243,0.02059472612453404
1244,0.00713039234529013
1245,0.05838206142282513
1246,0.08005669992142894
1247,0.06125875310187597
1248,0.05115787004525439
1249,0.022279599817271484
1250,0.15149463114548534
1251,0.07711339060680371
1252,0.004169855400347329
1253,0.046748211412331236
1254,0.032907230148746226
1255,0.17147844478520274
1256,0.03013426604930271
1257,0.03902660339914957
1258,0.02292266403201156
1259,0.0020039977706845574
1260,0.2573548610627702
1261,0.013203116774218142
1262,0.15629919104287712
1263,0.057272871075377214
1264,0.1076300296067408
1265,0.0056613145682749685
1266,0.028643877074847782
1267,0.06727280843919903
1268,0.14821774978395627
1269,0.13385015263669184
1270,0.04733793698455053
1271,0.08330467855482003
1272,0.007575650665772101
1273,0.07538652039330768
1274,0.21897315084225535
1275,0.01787600722868089
1276,0.08478012669027866
1277,0.02094788586441144
1278,0.1441630135145279
1279,0.032347123725437486
1280,0.005356334451647692
1281,0.01823589337288377
1282,0.07136547389483658
1283,0.05659237321610025
1284,0.2092179493351772
1285,0.1690194417168439
1286,0.10727414176975836
1287,0.03547231538290573
1288,0.04332999584006872
1289,0.06328518288162596
1290,0.16577864779375806
1291,0.03261634264406528
1292,0.017222601426811462
1293,0.10271377767225576
1294,0.1676201569337878
1295,0.02928506326930135
1296,0.07346646471731927
1297,0.08006710342014399
1298,0.13793237456458413
1299,0.12346822681617582
1300,0.09536586525305447
1301,0.18397751738979268
1302,0.11650765294474065
1303,0.14023980633276115
1304,0.09617343893513478
1305,0.06957678726800125
1306,0.06116831142405474
1307,0.0702870060747121
1308,0.02785939643914144
1309,0.09177033016917233
1310,0.004757682271387978
1311,0.08199834900803114
1312,0.07543746231423236
1313,0.2121858178766444
1314,0.06789845556537928
1315,0.023258295358818144
1316,0.06746205810146369
1317,0.1204519245438015
1318,0.15127232781856614
1319,0.2444641536525731
1320,0.008657235842114348
1321,0.06439709421128922
1322,0.30087053672723124
1323,0.08411932930834952
1324,0.06972265960687381
1325,0.133858554045889
1326,0.03937445129157763
1327,0.15921830815157814
1328,0.041725062235845344
1329,0.0063718847388286315
1330,0.08712190520238854
1331,0.08395628330762743
1332,0.03730308081206592
1333,0.03057701715760925
1334,0.017064593356120573
1335,0.17101714788499894
1336,0.13294909629011978
1337,0.06921478112695499
1338,0.02310329400522934
1339,0.15489056068656312
1340,0.05248483888452418
1341,0.14035008011161848
1342,0.05401617229830099
1343,0.0735763713887164
1344,0.099906176716689
1345,0.16071295654166715
1346,0.005385159487445412
1347,0.04605498602445472
1348,0.20655462031894847
1349,0.08034730302097512
1350,0.08545203810503131
1351,0.04725788081302998
1352,0.018727324353694005
1353,0.09344761911133573
1354,0.08703299172066964
1355,0.11474136614741308
1356,0.1658061901084805
1357,0.08163460076244637
1358,0.13131763640518432
1359,0.08752470947016533
1360,0.1069362041217514
1361,0.04406307636080546
1362,0.047959820715178715
1363,0.06828284365303232
1364,0.004848712954978364
1365,0.07341445349145398
1366,4.891269191013153e-07
1367,0.04586094360536504
1368,0.0006629848469095526
1369,0.026321142938852488
1370,0.13707961987956982
1371,0.07945898246735042
1372,0.0573601504416731
1373,0.09999454968654528
1374,0.005249988683118426
1375,0.08787429201202061
1376,0.14146094724091995
1377,0.058481949686304976
1378,0.10106765946390316
1379,0.1213708175202401
1380,0.047379123696959936
1381,0.030008280076910063
1382,0.06323407922222334
1383,0.0969500892105344
1384,0.08049421171337609
1385,0.10710470959187857
1386,0.14879923819681412
1387,0.0559667885055803
1388,0.030748025458569538
1389,0.1640173079372571
1390,0.09809326446087988
1391,0.058554834275060384
1392,0.014502459944396863
1393,0.004373950953021221
1394,0.04155378846203212
1395,0.12457814011823405
1396,0.008217408585418324
1397,0.0270198336847538
1398,0.13989259489583658
1399,0.09553189907302473
1400,0.188178718704295
1401,0.028561413068035262
1402,0.05422244983650669
1403,0.039680267298604535
1404,0.007094586030884199
1405,0.009785835422679657
1406,0.018586488582246943
1407,0.1839757079357076
1408,0.04787359472120506
1409,0.04193761793324145
1410,0.09774887897520612
1411,0.19185211843705025
1412,0.2153458435558928
1413,0.028082691925843985
1414,0.09241440955310017
1415,0.021299548321161075
1416,0.07229634779589933
1417,0.0973367276169974
1418,0.07867525920383196
1419,0.015418395746769209
1420,0.2577114730213276
1421,0.012042531528916524
1422,0.06212747424527264
1423,0.04786381190380777
1424,0.08815126287005821
1425,0.13926409976601306
1426,0.08997637369381961
1427,0.0593066376142942
1428,0.02956552254786407
1429,0.0824606446667668
1430,0.03465531638647701
1431,0.09819602506006143
1432,0.14791800739142955
1433,0.13056388177040662
1434,0.07781735196982924
1435,0.0959319561561911
1436,0.1468333940755468
1437,0.04229784616004848
1438,0.009884988175313844
1439,0.09696808703028928
1440,0.12780748554260998
1441,0.07773887577570658
1442,0.1651094778879062
1443,0.1172520482805442
1444,0.13644908232194902
1445,0.19484825772953496
1446,0.043873949176272985
1447,0.022906184801441028
1448,0.03970397285012158
1449,0.012897011019235613
1450,0.053633753823757006
1451,0.00043016373838338797
1452,0.09053886827878496
1453,0.017876144446854886
1454,0.0532953440550006
1455,0.10271742297458077
1456,0.07811253927588406
1457,0.08470941321245788
1458,0.09927738500883193
1459,0.03996859548098537
1460,0.01716827627333541
1461,0.0946134196833492
1462,0.02438868512940496
1463,0.0058515223974005956
1464,0.051960116078360236
1465,0.09793243728891148
1466,0.2548543479168499
1467,0.2127005217841399
1468,0.01480289881946259
1469,0.15952176994849798
1470,0.000671996807253555
1471,0.0649888127376993
1472,0.14012474326328322
1473,0.13138647700706646
1474,0.0733938700082277
1475,0.020241009390778983
1476,0.12920337534211754
1477,0.13024060748559982
1478,0.11319371712207575
1479,0.04039881102729597
1480,0.09101359503773514
1481,0.1378322950707993
1482,0.04677549143147869
1483,0.1544977990324369
1484,0.05055149899525088
1485,0.008772265206800526
1486,0.030557848899814662
1487,0.11155481796226856
1488,0.09859120470506047
1489,0.15089927316411778
1490,0.036249659632295095
1491,0.10195524429768564
1492,0.13636806335423735
1493,0.01829136708803488
1494,0.08224407909818618
1495,0.10949626747175148
1496,0.01824419054341664
1497,0.001511231005808639
1498,0.008686532332647925
1499,0.2030906060659638
1500,0.07430380349362932
1501,0.05123545595069677
1502,0.03923293548495028
1503,0.09001442583260398
1504,0.0793407626874071
1505,0.02677565702566094
1506,0.18556646750756406
1507,0.09226328332627663
1508,0.0036516095914178076
1509,0.005861848617392693
1510,0.1802402083399492
1511,0.08434640527552087
1512,0.1191857960799458
1513,0.17390408849041225
1514,0.13237256627252236
1515,0.024849612100118164
1516,0.05446798769860644
1517,0.12471268920184235
1518,0.0862883396005027
1519,0.0076724559887695045
1520,0.042843598876281364
1521,0.1156033305727586
1522,0.08486446161179786
1523,0.024127106833329814
1524,0.08638404422440041
1525,0.08038688447654478
1526,0.21519323012075495
1527,0.10660231775879307
1528,0.1180191092722666
1529,0.10123486085344134
1530,0.14385751815359954
1531,0.11523509705906185
1532,0.2200682823953203
1533,0.06056277701234316
1534,0.09555930222124756
1535,0.180465827041543
1536,0.06735174903364186
1537,0.02368103785458011
1538,0.2445769045459878
1539,0.04974470400644348
1540,0.02254877274583524
1541,0.06385613117130227
1542,0.016441652876214203
1543,0.07822383268853016
1544,0.022222963090549552
1545,0.10934954621920848
1546,0.010908035369026231
1547,0.09879244389843164
1548,0.03602217694970083
1549,0.16125863120628356
1550,0.007685801462695206
1551,0.032278104568604735
1552,0.029069229128337024
1553,0.0402857699558815
1554,0.09766792191597276
1555,0.06856077210197231
1556,0.08465082279155306
1557,0.007994925316552944
1558,0.1284323590106458
1559,0.011533476604895737
1560,0.050179304777438594
1561,0.024946936824666584
1562,0.26582973576465085
1563,0.13036311303995154
1564,0.03760943224970039
1565,0.09058497983027926
1566,0.005425421742336175
1567,0.00429653136793688
1568,0.021675849722922042
1569,0.21101453317437946
1570,0.15745828600377884
1571,0.1413378052571862
1572,0.11786771779689655
1573,0.0645091902003238
1574,0.07476993593392113
1575,0.03440297085510513
1576,0.03719926602190875
1577,0.012619623232482807
1578,0.04358375800585742
1579,0.035802050626578506
1580,0.15726214859174426
1581,0.03373952581983239
1582,0.06130246581591555
1583,0.24588524781849302
1584,0.02981398192696948
1585,0.05624871009025744
1586,0.05151479391371065
1587,0.050958152543121735
1588,0.08657094534290176
1589,0.14251491084699947
1590,0.11662244929454132
1591,0.013328606089471864
1592,0.0064401873087311795
1593,0.2382990478633153
1594,0.09095203002706924
1595,0.05975185502924429
1596,0.051309814433394836
1597,0.07499261363259332
1598,0.02232979973286247
1599,0.03445994391344244
1600,0.04617473696504607
1601,0.13298220583107095
1602,0.0343047633756772
1603,0.017449705838911103
1604,0.044808630529250215
1605,0.12153364314005136
1606,0.01904189423054213
1607,0.18518203064688898
1608,0.03937559389438988
1609,0.025929540574304792
1610,0.12457912830949892
1611,0.013748208039378628
1612,0.1517042285763414
1613,0.060570448702975996
1614,0.08156971518207115
1615,0.13893010403322847
1616,0.06616257458672646
1617,0.0900829765458688
1618,0.02542049523555644
1619,0.06670560845156508
1620,0.02125602819066633
1621,0.008320173818918844
1622,0.0936341967719879
1623,0.12369261751916835
1624,0.18434842085890848
1625,0.07916518090665348
1626,0.0751182172100342
1627,0.05987243857489679
1628,0.022833741866473148
1629,0.10092991444747673
1630,0.09022898393470012
1631,0.0033806771033694305
1632,0.057998186597704025
1633,0.04705643715388862
1634,0.01702114122660988
1635,0.07027450276489661
1636,0.09444885676084376
1637,0.08124469514656481
1638,0.1776035288190083
1639,0.10755494053623472
1640,0.11623933884200167
1641,0.0942932952486848
1642,0.004959755910728985
1643,0.07677792521272682
1644,0.07420987141487631
1645,0.1063378977375624
1646,0.21958506707912545
1647,0.2120730127818158
1648,0.028709682946756732
1649,0.1339138412077118
1650,0.07037360576960512
1651,0.09314736698961837
1652,0.11028151954880096
1653,0.056735770127745826
1654,0.0478844706320248
1655,0.2059364557363477
1656,0.028770134178076043
1657,0.11423852993673342
1658,0.03196779810139772
1659,0.005068942661113221
1660,0.02301736679351099
1661,0.09837164683057754
1662,0.09632442769738417
1663,0.11168563122883826
1664,0.035936320898188816
1665,0.07052798029435299
1666,0.06905541975361343
1667,0.017195515178090724
1668,0.08192865723105693
1669,0.068029089823994
1670,0.09064350409027963
1671,0.06941448199473299
1672,0.10995842837091252
1673,0.01590941438185396
1674,0.051102749984570636
1675,0.02043087042938933
1676,0.049494532490995065
1677,0.14038929700230612
1678,0.03996182048595121
1679,0.026154543652361813
1680,0.11192304215696017
1681,0.04434202910491571
1682,0.0744915020081925
1683,0.09345363221802447
1684,0.039036833522268166
1685,0.14250953255930673
1686,0.07199227264236525
1687,0.027207291415824092
1688,0.1333744579405616
1689,0.03388935748477785
1690,0.05380842421413352
1691,0.03247152048948384
1692,0.1499705684275105
1693,0.007066110404822946
1694,0.2515407276740008
1695,0.0494952323470262
1696,0.029857565837256694
1697,0.06623060231288885
1698,0.1385212241986889
1699,0.18792895509199065
1700,0.1263041848763197
1701,0.12502000888114742
1702,0.11656302789343942
1703,0.02087211225146281
1704,0.02721701611276758
1705,0.05590938494757247
1706,0.1152187326315826
1707,0.20029934393694265
1708,0.057723736258975936
1709,0.13473777489425198
1710,0.008912471783611228
1711,0.01478512616648348
1712,0.0584811929976976
1713,0.07423006461742462
1714,0.04871749253051562
1715,0.11210278821456243
1716,0.01872462246484005
1717,0.07469357618449197
1718,0.004872566715419101
1719,0.07256097712638229
1720,0.04633590953713115
1721,0.049923545769848365
1722,0.10035102739424333
1723,0.08773388385759318
1724,0.11491459225447664
1725,0.10274033046786687
1726,0.019982784454185918
1727,0.0146444820231915
1728,0.011690743640198795
1729,0.057491757253053825
1730,0.022988940429395505
1731,0.004346512469148084
1732,0.05911137606201279
1733,0.001158852393424465
1734,0.019069110537314776
1735,0.15156869209592316
1736,0.011167531649045704
1737,0.02817309296138702
1738,0.06457194914570356
1739,0.0550896653041311
1740,0.008992881356169687
1741,0.09690948638934777
1742,0.10425983367632803
1743,0.2345559198712346
1744,0.046342611160385135
1745,0.018014927927385144
1746,0.08432401262113519
1747,0.14861939784625186
1748,0.15736546317195638
1749,0.1123483449202642
1750,0.08131336411934544
1751,0.11288928917718655
1752,0.03904929851076384
1753,0.014865797313748728
1754,0.09416596018299077
1755,0.011978168897613665
1756,0.01773262989750169
1757,0.07876386238063074
1758,0.019710364426422555
1759,0.00047474828658683113
1760,0.051241297262353054
1761,0.049221252074626735
1762,0.18183605799682284
1763,0.05325960776224714
1764,0.24382219378043196
1765,0.030478315753086082
1766,0.047284936121010035
1767,0.19028783658561169
1768,0.057678900709499076
1769,0.2152069705654596
1770,0.01791164986158196
1771,0.028975262257198986
1772,0.050869821454571085
1773,0.04019827503088323
1774,0.09912454317117243
1775,0.18357721485911654
1776,0.046307440186267326
1777,0.16018417070693328
1778,0.17962594993605288
1779,0.07270321566825225
1780,0.16193021832491358
1781,0.06695839107200767
1782,0.1328007165123806
1783,0.187222030792882
1784,0.0492404895755468
1785,0.023860058532235832
1786,0.12317266697335318
1787,0.05292312377855151
1788,0.015533812573411925
1789,0.01667495305286701
1790,0.02810983402395523
1791,0.007176865188549745
1792,0.04091914763193947
1793,0.14320063961243995
1794,0.008459721421275906
1795,0.001603236884443291
1796,0.06478772726161447
1797,0.20133525047031706
1798,0.15899695846665174
1799,0.0013284177295469631
1800,0.20982558115546526
1801,0.11731963687847533
1802,0.04754131262413447
1803,0.04455691559291791
1804,0.07186717731721963
1805,0.06312282676446028
1806,0.041995540912026036
1807,0.1755419442873658
1808,0.1079492050503251
1809,0.0570191085171434
1810,0.02015120299303454
1811,0.1112730307993112
1812,0.11368506978954099
1813,0.13005675763587313
1814,0.11026060954612356
1815,0.19362509025362226
1816,0.02644343163524096
1817,0.17761576068816345
1818,0.16982923043984688
1819,0.16967617113427005
1820,0.035826733727894015
1821,0.11287477230166396
1822,0.20514466703894174
1823,0.11470449678694973
1824,0.11394862511155783
1825,0.053498367525936695
1826,0.0037246852380663953
1827,0.062128614946339235
1828,0.0410185533555497
1829,0.03030604362749745
1830,0.12910499775107429
1831,0.2308187377751073
1832,0.12503445783582115
1833,0.07324937430417902
1834,0.06877986793419935
1835,0.1916767080106636
1836,0.1040629387536854
1837,0.10207248033546537
1838,0.1270770677318639
1839,0.12862157331009152
1840,0.07917636251778634
1841,0.13066057709805906
1842,0.16880223179515472
1843,0.14926405298360007
1844,0.1117336459655736
1845,0.002005292680984091
1846,0.07341576780158501
1847,0.008100398340166544
1848,0.07460058648347913
1849,0.1993367285644004
1850,0.0961734805642272
1851,0.13599340942845228
1852,0.1300413278965208
1853,0.07847693129462896
1854,0.07855149442254948
1855,0.030685225634554957
1856,0.04666290853970172
1857,0.05567939341784457
1858,0.0769922564827405
1859,0.041288828288030405
1860,0.2321425860031549
1861,0.024727934482960387
1862,0.04543970453515976
1863,0.06414155016967032
1864,0.1258366965021294
1865,0.032635627517528805
1866,0.14752155004899953
1867,0.1138910030137342
1868,0.06287966696649441
1869,0.00478187741704085
1870,0.10921718309646587
1871,0.009788098390363618
1872,0.02036605710598572
1873,0.025892436491361703
1874,0.060175953064042234
1875,0.0319173181177803
1876,0.007061358006096495
1877,0.018710534750056552
1878,0.1615713286428202
1879,0.07047180786532009
1880,0.0802565156530454
1881,0.02704875131138544
1882,0.012471378071967977
1883,0.2341617099837545
1884,0.16662724843775356
1885,0.008848101933020117
1886,0.11909205975197093
1887,0.04627948078580825
1888,0.033209262502527315
1889,0.13874035179597285
1890,0.011756423044315177
1891,0.0874192901370776
1892,0.07899766040642707
1893,0.0017441567078475455
1894,0.07945122650213751
1895,0.026276606928860028
1896,0.10511950598718857
1897,0.20426083716616544
1898,0.16640178385684626
1899,0.04021011302697134
1900,0.0055022382616675535
1901,0.05950956220323814
1902,0.11880535572017525
1903,0.10414515462086522
1904,0.11924507439781412
1905,0.08240381999305699
1906,0.20649727062901133
1907,0.07780319642242467
1908,0.1883803118623393
1909,0.11393915043294307
1910,0.0137702879678036
1911,0.007293357317238208
1912,0.08670368155692011
1913,0.07627135301235716
1914,0.1777026084841548
1915,0.07329900121810742
1916,0.06360322224599779
1917,0.2123700966162151
1918,0.0686844425758645
1919,0.22094845147332
1920,0.09628792471438814
1921,0.2896273774456753
1922,0.08256633721362698
1923,0.054621700278499885
1924,0.1205379601990451
1925,0.024209275047634902
1926,0.15382502160664238
1927,0.12224864779926935
1928,0.1233207464620778
1929,0.034698597934805085
1930,0.04126984761718127
1931,0.15302627533532956
1932,0.04864904887006717
1933,0.042604231059765685
1934,0.01396601074626953
1935,0.01179987660711555
1936,0.0445346262940594
1937,0.11915883274704768
1938,0.1971709818741379
1939,0.1210079184767165
1940,0.06324203169556722
1941,0.02322653713129052
1942,0.12246052977885255
1943,0.025312787741620824
1944,0.12230861123448485
1945,0.04006126178968159
1946,0.04211228918372688
1947,0.0977019402982841
1948,0.022155418156425456
1949,0.097680682115313
1950,0.0595424916397817
1951,0.016380882168914243
1952,0.058117718888849326
1953,0.04762435613352838
1954,0.15519212248911496
1955,0.011780278703948877
1956,0.043844918652749365
1957,0.015196547859942388
1958,0.021968653983648903
1959,0.16593681039557662
1960,0.05614231793944627
1961,0.06106313938555519
1962,0.1268169900739552
1963,0.08313799577469108
1964,0.15289965000636432
1965,0.045429182791021136
1966,0.17499580656407526
1967,0.08691692607180583
1968,0.11344485746593125
1969,0.05013070085808175
1970,0.2295265834923167
1971,0.11889498022895195
1972,0.043805593573924564
1973,0.019042114131138533
1974,0.05187880806101574
1975,0.0757964965570583
1976,0.0964436652441257
1977,0.14183411671370688
1978,0.041897468174817
1979,0.026575310454426727
1980,0.18467083093989214
1981,0.018272721101892524
1982,0.02374823316923606
1983,0.0180659076430608
1984,0.006585313641489296
1985,0.007450663176216113
1986,0.048297977856915135
1987,0.030986564173933695
1988,0.004613850033694382
1989,0.006539639894931754
1990,0.06253706790969782
1991,0.07006868196643899
1992,0.1281854184452562
1993,0.016710360035753002
1994,0.005665579867497247
1995,0.15443662681777678
1996,0.0799144208772784
1997,0.05168357406527434
1998,0.15040487613964446
1999,0.4266745333548931
