,value_per_image
0,-6.1573111063733705
1,-53.88337023177064
2,-14.94357751971188
3,-60.180924064553665
4,-27.098407825054892
5,-43.51886116042442
6,-13.248542000425232
7,-35.90710914908425
8,-30.176683054321416
9,-18.732273973918623
10,-65.74689319690539
11,-68.86485381622333
12,-4.7736048840488365
13,-0.09032272517606543
14,-5.823927092530255
15,-1.5241424910968817
16,-61.02794294930459
17,-44.947815792398615
18,-29.641189364125125
19,-5.6246036507654935
20,-49.50552824651095
21,-0.08783686584217776
22,-16.097956785697534
23,-1.3444418536725244
24,-24.530631401025403
25,-50.772207936658674
26,-63.0151086805854
27,-0.008460215212380717
28,-37.399847211635915
29,-54.44752567233286
30,-21.67213423233261
31,-3.615517932225373
32,-0.7700551074414648
33,-40.031165753663686
34,-15.881961454178963
35,-0.10540192843927798
36,-3.2548093933255586
37,-23.93955789351412
38,-112.00758505934209
39,-19.678825332108378
40,-32.10197633357698
41,-54.42254468120416
42,-8.436646602354983
43,-0.5725061628363619
44,-40.77170950245478
45,-2.161652137263445
46,-0.29723172233002515
47,-40.100501467692084
48,-57.6530657916328
49,-46.728368021067126
50,-6.394059112637024
51,-3.7400870679216496
52,-59.02031911431186
53,-62.977290527905595
54,-52.79152299559064
55,-0.4369412756290628
56,-1.9728965072572464
57,-46.84377170754641
58,-19.03745778417681
59,-4.0534617079247255
60,-39.115004083716485
61,-58.04071965233945
62,-70.80381063928235
63,-62.214932893960395
64,-1.5431205508933594
65,-52.20302819961216
66,-47.682432858922766
67,-49.71107291950574
68,-10.009439063106129
69,-4.6044649531722825
70,-24.2741306950702
71,-65.82027815105994
72,-17.078215582231692
73,-15.269221634196583
74,-37.72521539452691
75,-37.50818259646098
76,-19.643448035639267
77,-51.99609692384274
78,-80.95773520798411
79,-54.90595638467494
80,-8.679206551941945
81,-16.236279517955154
82,-36.589278610031215
83,-60.54017357844083
84,-6.686056559822077
85,-7.115890904208754
86,-23.979063345495888
87,-40.401752427613246
88,-26.15408186537411
89,-36.02463635729873
90,-5.824183789853009
91,-89.54980999363082
92,-20.677808226786055
93,-68.74741448682653
94,-71.08493167357207
95,-12.36727815283382
96,-34.720839336819736
97,-10.044305553068227
98,-0.2965717811748618
99,-1.1565123330267397
100,-0.2437414641065061
101,-22.958767862492266
102,-2.5026535735044035
103,-52.50431972803449
104,-0.38245657624565865
105,-3.758665021039178
106,-5.540336252347515
107,-3.1141993584615193
108,-40.14259257353501
109,-55.060765059814
110,-21.109365535799952
111,-38.47784682498468
112,-2.6285182600453254
113,-49.695560740017754
114,-20.78311370118172
115,-11.972946759437036
116,-10.162148999852434
117,-9.21184576000158
118,-55.687739156791395
119,-8.460899051453453
120,-66.30144121794655
121,-6.370229744654882
122,-46.03097960400737
123,-0.6874683008718421
124,-8.952281569129923
125,-46.48159973126212
126,-75.5607789829105
127,-0.049404551655015894
128,-0.6407448062673211
129,-1.9644208457448258
130,-70.85671231365723
131,-56.515950297707604
132,-29.56723157049322
133,-36.280312339901684
134,-16.177493888404683
135,-91.40284785112453
136,-23.92550329766391
137,-6.972610432188958
138,-48.90663154387903
139,-49.91893201156836
140,-24.296135060298568
141,-5.094315121344149
142,-45.80948714539363
143,-0.2329459204320301
144,-70.22068126016893
145,-4.5759161257774394
146,-89.14600454274841
147,-45.19080972560897
148,-14.104990228766837
149,-63.08308470127304
150,-47.42526616999908
151,-60.92272209587077
152,-0.4386379676998331
153,-16.18512599323185
154,-48.007628501657976
155,-18.020897373912703
156,-53.174848300135636
157,-3.6728696010613726
158,-55.871860012932544
159,-53.73098033811493
160,-17.344519018728406
161,-36.34765232517918
162,-1.3203971943585202
163,-11.445259014531473
164,-0.10406398209488543
165,-58.36731612013108
166,-50.20379260258005
167,-99.379356077181
168,-1.0371029310044833
169,-2.3809472528109836
170,-42.599285484538996
171,-13.064608493133845
172,-67.60665436630407
173,-2.4704864622461855
174,-43.37561868751072
175,-13.755601093611403
176,-0.4332691869416294
177,-20.612688472345326
178,-53.673670063224954
179,-36.433752704784865
180,-72.11904820822383
181,-38.79576735346109
182,-13.65265482444579
183,-85.45416721241924
184,-14.046163753362634
185,-11.962041870124871
186,-53.26580026170518
187,-42.23016698817264
188,-22.973574797970322
189,-0.6377412272850052
190,-11.18802379318069
191,-0.8857146467053099
192,-24.08490082213737
193,-17.586930287541463
194,-33.86994951799241
195,-18.550359590526554
196,-23.161707505156073
197,-41.053917032562566
198,-13.838569401447558
199,-0.253154253650564
200,-5.493491354960383
201,-0.3095695173169588
202,-25.004514051300248
203,-36.9616735062277
204,-21.747174798944194
205,-30.685686331244142
206,-24.04010049031058
207,-20.320164409003382
208,-0.7425776256036443
209,-60.1396742317811
210,-0.1768827366104233
211,-33.46189293559324
212,-117.22143226928893
213,-28.438949783609132
214,-8.334865529058675
215,-84.54278272436022
216,-0.3042122194226451
217,-20.53183786038528
218,-71.66218454862087
219,-0.020437121769852906
220,-39.99790241233609
221,-12.651155325463606
222,-55.878520939597365
223,-51.62349977081067
224,-0.19506761284861796
225,-140.8848923688929
226,-20.050665213220782
227,-43.372551044169654
228,-0.6146764363292618
229,-53.75905289105458
230,-0.15612155055714538
231,-4.798164692820137
232,-59.876863360804954
233,-66.99228830140783
234,-2.133758349842992
235,-26.037365441390648
236,-90.1336522666196
237,-13.600701877505344
238,-22.521043936839988
239,-67.44767890857133
240,-23.69348542973105
241,-2.8578878387234
242,-2.79887912938284
243,-0.9581290824462485
244,-5.23030077434305
245,-65.84246450758837
246,-23.20864081130094
247,-12.183813499246753
248,-72.45719546220789
249,-14.496496964951803
250,-73.44609324709745
251,-27.079650619177926
252,-54.43294611390979
253,-36.513816121661755
254,-93.21017649805799
255,-38.63929771847688
256,-9.193164290140999
257,-5.521797691122629
258,-38.889819702306795
259,-7.792220874564009
260,-0.9163028321477213
261,-0.02438486004069773
262,-11.637129504038626
263,-1.6676474617255792
264,-3.1944934299899614
265,-63.653731577032204
266,-46.5587680284807
267,-22.319746511462085
268,-1.2686150352354488
269,-3.826907391378654
270,-42.71931954060267
271,-2.3873863653125937
272,-60.48647468321724
273,-2.7456638164549076
274,-5.387838479618949
275,-21.32277759705812
276,-0.9619797919069129
277,-45.759148511016974
278,-70.53248462630582
279,-11.378999371401733
280,-60.13530494654333
281,-0.5204983519943198
282,-52.8246181309108
283,-60.16505654494665
284,-30.187149590037393
285,-5.573273278929491
286,-40.68716874327737
287,-56.43709920984952
288,-7.890785612667969
289,-0.004327305657938041
290,-0.1546237982670391
291,-2.1985694094350947
292,-11.206235547394044
293,-1.3040556894084148
294,-59.02512303524645
295,-0.012331767024988949
296,-22.215455272293184
297,-1.2639901966540492
298,-22.431053954754987
299,-37.58153245910171
300,-26.010816983684172
301,-51.79643313093416
302,-0.8286004299120577
303,-4.671626126112187
304,-0.0926941544021247
305,-71.12638161377618
306,-13.105658311250412
307,-25.78405736768636
308,-99.63013494803454
309,-58.750786816788604
310,-8.23378076513859
311,-0.1596361569008593
312,-39.086927825352376
313,-0.23083933762211473
314,-0.9106903122140722
315,-0.10832775551986629
316,-10.1664687609873
317,-53.963747750483435
318,-0.7112339950499518
319,-3.0408821907076344
320,-37.374291382909746
321,-8.029386027828878
322,-51.18359592699858
323,-24.061933059471635
324,-1.021188340267372
325,-67.07417923726462
326,-42.63214350253463
327,-19.956059826658567
328,-46.6594791706483
329,-79.54509598710865
330,-77.72076143644087
331,-57.2901608654729
332,-21.54672665491671
333,-10.53945998854023
334,-17.057512361343115
335,-39.82905337887428
336,-22.225894653652343
337,-14.239861343341431
338,-22.676977856858475
339,-14.690880645015795
340,-4.9880725418333896
341,-36.83825959263925
342,-2.1392563161257385
343,-33.54729119124386
344,-3.5783902374096215
345,-0.4107553019130137
346,-21.95151159662896
347,-20.78829072504209
348,-24.658560722658876
349,-36.7479492472994
350,-3.263441487586533
351,-100.54574525472708
352,-21.476402194418824
353,-13.858150562547962
354,-58.173211108120086
355,-55.799231283664994
356,-63.25617265135952
357,-67.43496133775625
358,-170.72055358742364
359,-4.282875672641239
360,-0.5718323014643829
361,-69.28940283893485
362,-0.3741404439351754
363,-1.2166392021063075
364,-34.03428183728829
365,-53.08784511134263
366,-40.50815299741976
367,-14.60421784191567
368,-7.461108409584995
369,-50.418821383437226
370,-26.602143207878086
371,-57.581807257901545
372,-0.655600924823375
373,-25.896223854654636
374,-64.53857793961106
375,-64.13814262412416
376,-4.9448316917259945
377,-10.57648180344404
378,-44.76159458836949
379,-28.91508651681943
380,-12.182443510831149
381,-4.218495471658645
382,-5.712432484910892
383,-10.714879672110783
384,-26.770193580067712
385,-57.708545085042715
386,-38.85854380115052
387,-79.45330243266471
388,-6.7156086063440625
389,-0.03155297160560622
390,-68.37230882295395
391,-1.2943284250626306
392,-0.014617713604252458
393,-44.85514472297598
394,-57.570946355865544
395,-32.96639966234657
396,-27.903807973909352
397,-47.55168184027866
398,-15.79385540164094
399,-25.094354003358603
400,-80.00921189256226
401,-2.3774249635025626
402,-17.01005681992683
403,-40.02891143645661
404,-8.091480162445805
405,-11.699937235784773
406,-42.73019444555666
407,-30.74190094115329
408,-80.24851068559656
409,-9.046323023497235
410,-41.72685188945229
411,-50.93468463111503
412,-15.34354535461057
413,-0.017064953713997966
414,-0.19894898793245375
415,-2.747253098922613
416,-9.80850054477196
417,-0.6419251138647724
418,-66.735180299028
419,-43.95202961894222
420,-20.41103597091933
421,-20.656747213613016
422,-32.70143390476642
423,-44.800451204453566
424,-22.91023407432874
425,-30.29873794979852
426,-42.098964100653774
427,-25.397246186508994
428,-26.70809821820876
429,-0.6974606152980414
430,-25.471050342261833
431,-11.015661987214116
432,-40.32013452612131
433,-20.606441099009317
434,-55.73194384806129
435,-72.28569623783915
436,-74.4909026914213
437,-74.3001268432763
438,-41.029049095792914
439,-10.66527239313018
440,-55.00194074986939
441,-17.087479422632693
442,-48.52353123324792
443,-48.6291923356404
444,-14.68964047677673
445,-15.25686762684154
446,-55.846745782248945
447,-8.093858364279157
448,-22.8939008181405
449,-20.183506188514002
450,-93.85768496194578
451,-6.264265695153881
452,-40.858538776561545
453,-63.128225519642
454,-25.63719392918574
455,-0.18547645266082213
456,-1.0340150782067212
457,-4.768955581839009
458,-21.264649803452585
459,-19.152040393719673
460,-3.430890561009761
461,-34.76526171772457
462,-41.219238712212245
463,-3.0802644880668595
464,-36.68849744181989
465,-32.48025351947501
466,-48.5346090067178
467,-37.657428481871264
468,-44.461825903516456
469,-29.647858435479407
470,-59.660040173075686
471,-52.34044569936935
472,-74.96795236987964
473,-0.13308952264560503
474,-0.377546724759668
475,-13.630983771981846
476,-37.39078027274991
477,-96.08006966105881
478,-56.72028907513959
479,-36.15411130381108
480,-48.570010086236834
481,-5.2805626091449085
482,-6.670653282517037
483,-5.2767190415524965
484,-4.363975945801798
485,-29.919129629313716
486,-28.43128771416559
487,-4.711304475830275
488,-18.515755822924802
489,-0.06324728482536557
490,-28.57825300762306
491,-43.66266367797175
492,-26.30376342535601
493,-0.2134957433818272
494,-55.25152393711039
495,-17.842888847204392
496,-49.916033170756236
497,-56.507868744090956
498,-18.399233167819602
499,-39.13051364523239
500,-12.9431859433098
501,-28.25559350012918
502,-13.189326560239351
503,-21.911980938377383
504,-0.454614602578431
505,-45.088311204159254
506,-0.014238208652251672
507,-39.26635139139938
508,-16.005184307246445
509,-38.11932319180329
510,-20.4578191413666
511,-17.11916555566225
512,-18.25202483284795
513,-68.00787205057713
514,-17.247592794150478
515,-41.28169534170138
516,-58.71450040199323
517,-53.63113155637615
518,-74.75887208896833
519,-4.838098496722523
520,-33.533765353977344
521,-7.396797506779251
522,-5.226767320811177
523,-99.62227080421872
524,-17.020378028785984
525,-50.73598886981972
526,-26.710305223372984
527,-48.66331391866652
528,-29.397037908625663
529,-0.1647041158103093
530,-58.05131229547624
531,-9.859402719087484
532,-29.862061028337337
533,-50.751487339396135
534,-67.93041546770087
535,-42.31593495037305
536,-32.917641997366445
537,-50.6501981686298
538,-17.221924717328875
539,-56.00545920353579
540,-17.831375712688896
541,-7.838361545476346
542,-60.39688949851609
543,-0.270949919042323
544,-54.97191068767802
545,-38.78581705642864
546,-46.61793569175643
547,-9.883525012178438
548,-59.66284244028782
549,-42.50469473967587
550,-74.99056422975627
551,-0.010455182576947664
552,-44.286159267052426
553,-54.270588547161196
554,-37.939692959385695
555,-6.6743975190554465
556,-0.3520158228294896
557,-0.5078320188786165
558,-12.278189735603519
559,-0.2819625929337235
560,-10.116636998378226
561,-45.98158424625558
562,-45.87203170567588
563,-69.83240194121072
564,-21.933490889238783
565,-55.58014492174118
566,-32.2798720546789
567,-26.01075970283091
568,-1.194513596403084
569,-3.050511206219918
570,-1.0261665747248117
571,-57.09242250947045
572,-0.32555428864851876
573,-47.44080317118498
574,-37.133148478378644
575,-35.46386782796989
576,-41.336454632396
577,-68.05874190174268
578,-37.58043264895238
579,-29.50605404352325
580,-21.907195272455283
581,-10.042345737241249
582,-38.40866727861953
583,-36.56675567101297
584,-10.855201815133114
585,-1.2658957111676017
586,-29.78803633767032
587,-14.96206737942947
588,-4.5953518209032165
589,-60.16619553137144
590,-82.48354283245862
591,-62.31595820849258
592,-11.85504262772622
593,-0.25174835938923934
594,-53.444330606465144
595,-6.566158745765279
596,-83.36894590611746
597,-14.102772893535075
598,-0.0049724373738038175
599,-0.05801591789304439
600,-65.14833503174486
601,-27.739749496487775
602,-65.02118867640817
603,-0.21035414739544134
604,-0.9757236474587216
605,-0.5802897353225944
606,-11.20472783072887
607,-49.806135763647035
608,-70.45532467422157
609,-36.9030241539214
610,-61.915934162321264
611,-26.32310481881632
612,-0.1963659037311416
613,-19.026341880038217
614,-59.54446770024646
615,-193.50504355452722
616,-85.75286804068233
617,-63.851429039229714
618,-9.314054457689394
619,-7.409969956220266
620,-5.35065606896282
621,-9.87186771876435
622,-36.23335922741899
623,-33.13538084492586
624,-25.22904519368105
625,-18.923544336725172
626,-17.322191637918877
627,-49.142926382765154
628,-15.929657450377817
629,-19.708637131313566
630,-25.204489346328387
631,-41.17518084534947
632,-4.916518107003867
633,-39.082873079387355
634,-31.474644480470488
635,-56.11201030547818
636,-63.069174859426994
637,-2.2756473851022747
638,-5.185321888096951
639,-37.4627205386023
640,-73.8539227553756
641,-0.020479827696362918
642,-46.31000614846721
643,-6.2380667036518025
644,-15.83163242885712
645,-68.30412944300693
646,-4.623540743374178
647,-41.41818448965205
648,-63.18485048431262
649,-31.02695817462609
650,-22.20170264969056
651,-2.187691536826563
652,-58.29264597223849
653,-1.0123088416470818
654,-7.087212265443668
655,-0.13298330415769577
656,-104.20599368752926
657,-6.54979939434719
658,-6.8239281285655125
659,-58.096845646125345
660,-47.74673180394156
661,-29.3947526762081
662,-3.872394601855561
663,-0.015560631618313892
664,-0.5189894325767455
665,-55.95640585413639
666,-0.028700461083303708
667,-50.628256870365476
668,-11.339919927668234
669,-39.33232579082059
670,-1.3901256454410031
671,-35.85867960287737
672,-34.72551929232077
673,-61.99650450280751
674,-12.55299663974057
675,-38.260624002233044
676,-4.348131299462693
677,-61.48574643237407
678,-3.667807197777165
679,-52.79537738782892
680,-109.81075798551319
681,-18.81515130860498
682,-26.500373933275114
683,-1.506158396921819
684,-0.44217303358527715
685,-6.996744051739142
686,-42.7892379875193
687,-1.6444681100560956
688,-3.388271532196086
689,-69.95949790906161
690,-3.519560980244819
691,-86.71298411178577
692,-10.30476656975361
693,-61.00112138331252
694,-40.330021170194186
695,-96.65955464280069
696,-1.1017221803675454
697,-17.540757264399872
698,-40.046083419967886
699,-0.8762190829097118
700,-0.06168036076712724
701,-2.0986301469940827
702,-61.00661783396936
703,-1.3843605112394357
704,-20.11862710322748
705,-39.63244673144072
706,-29.559740621690253
707,-4.635611799375511
708,-27.950532418093644
709,-42.61570752315939
710,-0.13809683876752388
711,-8.437639793945525
712,-59.26974634671933
713,-83.2031112483819
714,-58.09126551126053
715,-30.157762146213145
716,-49.14128733167445
717,-42.352594676380704
718,-1.1132758849153106
719,-6.830131927985349
720,-46.64015049255295
721,-32.45812714350541
722,-15.218236267437547
723,-0.3286868130436744
724,-0.9687894577691623
725,-13.518776367963795
726,-25.15784592437467
727,-67.70463853796127
728,-25.338974970113327
729,-1.4624406843631732
730,-2.6882037297314127
731,-68.09151159020348
732,-21.555445506586068
733,-29.537715234586358
734,-26.382061567128403
735,-29.671419116013567
736,-2.1539875068683614
737,-52.386347867936365
738,-44.394674332514455
739,-20.031814932576275
740,-0.2567638292093761
741,-0.03181397415102083
742,-49.98407323949573
743,-33.04775599107854
744,-26.153933636995134
745,-118.47577339541203
746,-7.009807992961214
747,-72.49160084458481
748,-84.85174377914052
749,-1.6302389982242858
750,-1.6903724563671858
751,-5.415112367758411
752,-37.46386684709523
753,-31.47274398340096
754,-17.991228664812525
755,-44.84176787985871
756,-13.619070117553065
757,-5.618805463152967
758,-0.004490793144036331
759,-6.879297037008769
760,-20.248553767603504
761,-1.5081102131447892
762,-56.151878381606366
763,-0.6314030528316152
764,-87.4695284285408
765,-8.523401084256221
766,-8.968075707564424
767,-30.751442301165298
768,-40.1366966149244
769,-0.38617702822361366
770,-0.6591477828842471
771,-50.856984104133744
772,-19.25847481781102
773,-72.24408155034362
774,-11.970166198804236
775,-80.69505791470453
776,-48.97619100820816
777,-6.072350784757873
778,-41.64443505217787
779,-21.91817778467174
780,-17.47157038086345
781,-20.88626731009208
782,-9.165646277079759
783,-5.550652653623729
784,-77.37660575538757
785,-20.789417634417077
786,-41.863068917999044
787,-26.26000922146295
788,-0.8382152053904477
789,-38.73881400517325
790,-38.69508023120056
791,-29.299714465691068
792,-31.29389697341594
793,-22.57789199460376
794,-49.249694302143084
795,-37.28211529263871
796,-23.86561058494044
797,-3.3248647228247137
798,-58.94784850329597
799,-28.97414688563731
800,-1.9208841451492162
801,-32.30632433473926
802,-75.77240974434244
803,-43.91736711904741
804,-13.94934517372937
805,-1.1095969950370907
806,-23.471568765458073
807,-15.342779296420332
808,-7.495830519654589
809,-29.18384989525657
810,-0.4295238141748996
811,-51.82956550371076
812,-18.069736125749017
813,-18.101548850449035
814,-34.685750182825814
815,-0.1525311940415719
816,-0.6119775303304777
817,-23.581588477545665
818,-63.00806993718027
819,-37.500797407553364
820,-79.09551986005681
821,-0.12539242991942956
822,-25.006638136392667
823,-33.83017063780497
824,-40.608811229212655
825,-43.6579947351031
826,-17.322869194930945
827,-19.150387906224637
828,-2.457328805103316
829,-25.84450998208922
830,-31.971166085321784
831,-9.043731106772611
832,-7.03353981897817
833,-8.602220167129417
834,-0.552651203573987
835,-14.679569663766273
836,-0.22383494549831084
837,-73.09169390032866
838,-5.865081725954326
839,-2.7583516628073994
840,-50.84764377377814
841,-48.44112348130466
842,-22.605599761812528
843,-36.36201417166694
844,-19.617051459805225
845,-74.44550410028171
846,-16.652925958186486
847,-25.8635649600036
848,-2.749184884778515
849,-2.132247259572523
850,-38.12941097511214
851,-0.018224516901682364
852,-5.560158818692798
853,-57.59703077386769
854,-28.06196244262742
855,-3.377040159830358
856,-10.514677548689832
857,-0.6402907636420423
858,-67.77041817834834
859,-1.4693181252860086
860,-24.670539734281192
861,-71.78567685848932
862,-63.79505636212616
863,-0.4312854803465598
864,-1.6564900770007966
865,-39.486509275318895
866,-31.430547754865984
867,-6.9335573696189385
868,-71.93266583846298
869,-51.79624673342906
870,-2.6230520158387662
871,-44.029166617291054
872,-66.84739226970851
873,-14.074044995246368
874,-0.002092484058605848
875,-10.091472253669053
876,-8.315761997072968
877,-1.93173153384123
878,-34.872541272099966
879,-0.3200499753670556
880,-45.08277698460108
881,-47.896107160640895
882,-10.033943147529499
883,-21.288600563132036
884,-23.080847104662393
885,-20.60861051039592
886,-2.315482581703691
887,-53.08147519376189
888,-41.993417106737866
889,-25.420233526208904
890,-5.225310564282154
891,-39.21045838331338
892,-0.1526901734614512
893,-86.40615473354407
894,-8.15911408134707
895,-2.4934602224073483
896,-0.3401933060831652
897,-40.304500952293836
898,-0.15155617498055562
899,-17.513993202634083
900,-51.613423002157106
901,-53.22615395797766
902,-19.462889292348336
903,-0.7323754767564488
904,-56.766848703919095
905,-65.15530376636161
906,-15.133706388442079
907,-29.428313459269702
908,-0.4848605295438233
909,-5.9504671122977015
910,-4.461820963405273
911,-0.6918218164719292
912,-0.1154229580079118
913,-4.165522167887282
914,-38.34500364081714
915,-59.57101468517635
916,-9.164507353503723
917,-1.1144925346527979
918,-51.098103367517524
919,-32.741128549304904
920,-48.396310974504075
921,-76.72174738399917
922,-60.65243421030664
923,-61.49631054111943
924,-81.2621386609826
925,-12.336545728854247
926,-23.518619365911945
927,-12.359699575711602
928,-44.71311934613004
929,-2.116175587878388
930,-19.806266928116884
931,-23.665489961715707
932,-52.61770458017418
933,-26.381919401591965
934,-31.208686328458384
935,-2.7555628168487374
936,-14.813060158363498
937,-33.415113123666615
938,-42.958736343508235
939,-23.00883909642107
940,-2.5712913901224965
941,-1.3261322105054205
942,-6.854717460798838
943,-57.463298063996376
944,-23.20516310185303
945,-0.9035060549349225
946,-0.23079198894242836
947,-16.454283708649427
948,-81.43182265548057
949,-54.6543119933267
950,-0.03748583108290404
951,-0.9059523960031584
952,-0.08723961580835748
953,-74.51931665290704
954,-16.68426624529063
955,-14.109103437639135
956,-10.885803625876349
957,-20.115143948425384
958,-31.370504478249273
959,-34.34673379540584
960,-65.54117515303261
961,-42.19324461601111
962,-11.019630248637213
963,-0.6860135870810149
964,-24.574957739900356
965,-3.1077809981455857
966,-32.78350446538559
967,-0.10381958063726415
968,-0.1204396064786124
969,-49.7577516458764
970,-1.5753446004000935
971,-101.75981777874767
972,-70.6788095371594
973,-46.01128975283163
974,-0.5045565071814053
975,-45.40051131117022
976,-0.5111804897605907
977,-0.028656771834562278
978,-74.70410226817967
979,-35.12455157048359
980,-60.449885997695674
981,-32.41023532306491
982,-48.84178591674117
983,-8.914417775653419
984,-5.242366341965408
985,-6.59868908736752
986,-47.77453276359665
987,-34.65580025288705
988,-16.485383011284284
989,-67.48905412852764
990,-15.443097422031315
991,-80.96023997822704
992,-9.243599867055309
993,-19.021640673737608
994,-25.36606164026398
995,-24.50961119253475
996,-1.7783315416936603
997,-48.62005410366214
998,-9.55192687036714
999,-78.02387280637049
1000,-5.462656603089442
1001,-72.52089254270572
1002,-37.894442508451675
1003,-0.3991104263768648
1004,-0.3677980140419095
1005,-8.868857317051152
1006,-8.146183747971918
1007,-69.2563963911598
1008,-55.7314301742249
1009,-41.52687722395058
1010,-41.260131009807424
1011,-61.88794499669439
1012,-20.763415815250482
1013,-59.258679449651936
1014,-14.720650186010062
1015,-20.155699614600053
1016,-29.08913070221024
1017,-1.955349072495892
1018,-42.75337651015407
1019,-3.5572380659232294
1020,-6.066086055544474
1021,-17.601571468199836
1022,-28.0908316152927
1023,-26.768647419128904
1024,-76.00864756556257
1025,-27.294593725542654
1026,-8.539046212919061
1027,-0.7749127660208615
1028,-53.44034461851773
1029,-18.523872492660303
1030,-42.67384683331224
1031,-61.57788094105126
1032,-33.312660114044775
1033,-58.430671966062675
1034,-31.90896478561308
1035,-32.21259669083423
1036,-1.927973154684537
1037,-16.69707624916714
1038,-43.50433174815407
1039,-17.634691951156128
1040,-1.3417764174707543
1041,-75.90170316309627
1042,-24.053753356743982
1043,-53.32770527450066
1044,-22.855599017662826
1045,-64.84197184465853
1046,-5.286633504098063
1047,-52.628176634581905
1048,-0.30935459081592853
1049,-65.76675544124373
1050,-2.1842037527314275
1051,-3.342340176077414
1052,-59.26458456832188
1053,-54.70425464033906
1054,-20.483870292843392
1055,-1.3263288562302478
1056,-0.12665445144375553
1057,-10.067391116799339
1058,-0.015954451293664462
1059,-50.5821667119578
1060,-54.01978080751769
1061,-43.73482412993985
1062,-0.36964385108490205
1063,-44.30090162529348
1064,-5.93184474989539
1065,-88.12717134098057
1066,-47.58361545900743
1067,-52.85301321248812
1068,-21.28605731265452
1069,-1.0104991348380281
1070,-50.62241619254928
1071,-22.572001074142463
1072,-25.407773100107534
1073,-66.73046754632378
1074,-56.234131110886665
1075,-10.165390334850372
1076,-0.03628699623618559
1077,-31.388170310294413
1078,-45.33197150479964
1079,-5.763963004944799
1080,-47.49833031612445
1081,-15.072061199557254
1082,-11.636924571401545
1083,-2.2162135576006357
1084,-0.9208847849245103
1085,-8.718295780417975
1086,-55.91872223634505
1087,-1.7887344048078262
1088,-13.553967821688275
1089,-42.056175033342015
1090,-18.77701133047958
1091,-52.27816902122405
1092,-58.76586542917721
1093,-9.075007492241639
1094,-30.36761139052942
1095,-33.53719037033443
1096,-19.54216691786769
1097,-3.926510249435978
1098,-12.029114375926838
1099,-49.34036633670621
1100,-21.428856970094785
1101,-10.603628864713755
1102,-10.183948054888901
1103,-50.62863500905951
1104,-0.08441366418810503
1105,-48.911739473900525
1106,-40.77978698057554
1107,-28.53753133033667
1108,-32.66466468833761
1109,-17.273310922994824
1110,-37.041671438972
1111,-12.50847024131508
1112,-7.10473184552302
1113,-2.7751498031520896
1114,-15.11685688299849
1115,-38.12121357298747
1116,-48.56444992431568
1117,-17.841106787515315
1118,-0.13356505081191017
1119,-33.38246589086423
1120,-8.483687897314724
1121,-0.20523927064778036
1122,-21.028267260568278
1123,-12.525769358413527
1124,-57.62878189445496
1125,-79.75201101115204
1126,-22.860388338027406
1127,-10.184669235099921
1128,-27.30188417594249
1129,-0.46339194496574265
1130,-12.560657024514512
1131,-44.4475195456871
1132,-13.491350900760153
1133,-52.79437466576201
1134,-11.200710245572866
1135,-67.02733251930385
1136,-1.7732231110064731
1137,-6.488874905102421
1138,-9.275737499908416
1139,-7.728572597132825
1140,-1.877261181162794
1141,-21.036766254952852
1142,-60.274650537001435
1143,-46.46266007743543
1144,-69.95593725185972
1145,-34.70317203285413
1146,-47.69051401017941
1147,-57.76763026040294
1148,-22.668224328008364
1149,-1.0938400776695119
1150,-21.273775374082334
1151,-21.67167454916907
1152,-36.418290397609326
1153,-1.5624210530374967
1154,-60.654176333937926
1155,-40.42269541804214
1156,-2.2750752370457903
1157,-69.92100699861962
1158,-1.7931220540776849
1159,-0.6665357751207921
1160,-0.28991115598174133
1161,-0.06077387802929479
1162,-32.557142819592855
1163,-23.230524661356867
1164,-1.600831638847012
1165,-9.217889178556312
1166,-74.11981170330546
1167,-43.11961945001018
1168,-29.44285683880196
1169,-0.6171345587945325
1170,-54.27346133704691
1171,-2.089111300289062
1172,-42.24797599856902
1173,-0.5708078730003763
1174,-38.631993267876865
1175,-8.850781657334295
1176,-11.591446047705631
1177,-51.27805501436298
1178,-38.81143598510971
1179,-2.640287358086198
1180,-10.194009754903163
1181,-27.222639636020567
1182,-5.486488121873663
1183,-20.083645402887008
1184,-37.3404596163843
1185,-65.90832374838647
1186,-39.730388680894976
1187,-29.396825532108778
1188,-48.01534604691551
1189,-20.25121289756396
1190,-0.5508665711156482
1191,-12.669284406169709
1192,-34.52128345993697
1193,-14.708929505111882
1194,-41.69046789400272
1195,-0.023362534705938742
1196,-76.27311334230535
1197,-0.07286252832597029
1198,-46.71206751297086
1199,-1.4619167284490686
1200,-8.967321621166775
1201,-0.017810598092182772
1202,-13.224425798725292
1203,-3.61484207993999
1204,-45.16500189200451
1205,-41.2728264507773
1206,-54.344326808160986
1207,-24.820792440390505
1208,-83.76546339719914
1209,-29.16499651746176
1210,-1.7632637791102752
1211,-27.088537041125164
1212,-80.44986493949546
1213,-11.020001101969683
1214,-22.728242401316606
1215,-36.11227191468153
1216,-0.03402601051840293
1217,-0.550455850057233
1218,-38.939174730577435
1219,-25.852717450427008
1220,-16.76701082731597
1221,-35.60512460151517
1222,-62.884937428042576
1223,-15.72338680209316
1224,-92.5751270793844
1225,-17.836226805095066
1226,-0.6247945097429692
1227,-12.965975431365763
1228,-29.85617713112415
1229,-0.7661768897305592
1230,-15.851551278929719
1231,-63.232634889063775
1232,-9.399631657734062
1233,-9.31495285321489
1234,-52.686418251415944
1235,-39.47023728420265
1236,-10.252213456040863
1237,-24.739421339644515
1238,-15.668522071940401
1239,-60.100749297856964
1240,-37.43428217456784
1241,-33.14402235981066
1242,-0.39635212608845904
1243,-40.972278139474525
1244,-32.509274055599235
1245,-47.97924656614509
1246,-12.57976917705082
1247,-70.83652600453206
1248,-61.84665475658434
1249,-53.701847639051266
1250,-7.215641206296539
1251,-0.041868485099712416
1252,-57.59046806171813
1253,-19.11138438933608
1254,-78.08483230115428
1255,-16.830158409678916
1256,-51.69898623210611
1257,-30.66348411081708
1258,-54.16717870134835
1259,-46.57873016100348
1260,-75.52215389383491
1261,-1.4194823252536253
1262,-0.2920397838260911
1263,-64.2006669484108
1264,-11.371980629663994
1265,-18.023450637940243
1266,-76.21412666843389
1267,-11.987456280681101
1268,-0.005604642266497706
1269,-57.415744154088316
1270,-11.245699782077281
1271,-7.432515340145983
1272,-50.00623572713903
1273,-1.1058992419857532
1274,-73.03789178450393
1275,-6.830328256164137
1276,-7.936326576387728
1277,-38.117218465032195
1278,-33.05123578537132
1279,-0.08170399883238133
1280,-1.1257499428660473
1281,-0.6395304509434965
1282,-16.3412482943786
1283,-5.643028313483228
1284,-4.395497424440691
1285,-2.272733643354968
1286,-8.59745315005
1287,-2.0859896332694916
1288,-2.9078112078423146
1289,-67.5322452927212
1290,-38.811994839855856
1291,-16.31494527639188
1292,-38.038941569853705
1293,-24.24660893345208
1294,-40.574740005673675
1295,-30.81483915651461
1296,-62.64261446609453
1297,-5.651573161067063
1298,-1.6446371279356526
1299,-77.85079980602268
1300,-4.219918959745883
1301,-0.016541253797390354
1302,-7.335855532404821
1303,-13.171369004448536
1304,-38.37046706012916
1305,-40.60573734412901
1306,-59.45731418970607
1307,-13.638794836455418
1308,-47.402966578742706
1309,-7.596178428414078
1310,-14.08120517041425
1311,-28.72711827063904
1312,-94.52363114454783
1313,-0.39471546308482175
1314,-14.046452732305625
1315,-27.97439262873013
1316,-24.462432580235372
1317,-20.25256643892294
1318,-0.09950545241713371
1319,-5.299124630140753
1320,-38.2298147767342
1321,-15.705836266182018
1322,-0.32552217654460947
1323,-9.380804719228763
1324,-49.4638019985905
1325,-35.72145373232388
1326,-15.636559330538148
1327,-54.300280524756275
1328,-74.50510615413441
1329,-24.716260023815266
1330,-2.3095107789474696
1331,-88.08399650685624
1332,-43.59818832759356
1333,-17.011462996611954
1334,-25.568217574051687
1335,-16.43528364531403
1336,-44.184999069392944
1337,-0.17856940673436839
1338,-12.041856810922027
1339,-0.5356125781396059
1340,-73.26571832769696
1341,-12.061244271932082
1342,-65.78751930177695
1343,-16.285869877848654
1344,-9.858819668130309
1345,-58.751386088641084
1346,-14.298669785479433
1347,-39.76926803376898
1348,-46.080760567143784
1349,-42.15849274193624
1350,-42.728525985454326
1351,-28.50325518479076
1352,-82.77072380431491
1353,-61.438853502466614
1354,-4.603597913097456
1355,-92.32286335012805
1356,-0.06996235706522214
1357,-10.759696946244617
1358,-3.7258499939182457
1359,-67.4947870297492
1360,-26.398464054150338
1361,-47.642883358406834
1362,-61.003589619380364
1363,-7.404534029549723
1364,-38.16076255543001
1365,-42.63752838696382
1366,-0.6060173555620167
1367,-2.081036269775268
1368,-83.04892770628794
1369,-0.9618234164136084
1370,-43.74289069079168
1371,-0.37484892569773365
1372,-81.63895244339074
1373,-0.008030672486029289
1374,-9.330522044063756
1375,-14.377326063221972
1376,-28.444134866054355
1377,-44.04177828617685
1378,-22.292058874867507
1379,-15.220323493389742
1380,-17.43067191991304
1381,-27.152891629958773
1382,-1.5868603215722032
1383,-32.17181969692376
1384,-8.115231360025064
1385,-32.697048402527486
1386,-30.733651454371284
1387,-14.838469314563554
1388,-4.929945549198237
1389,-0.1481910170146108
1390,-51.00902531146244
1391,-29.375518636596098
1392,-35.70294258702711
1393,-45.0737815373588
1394,-23.861532852286473
1395,-16.463322216320314
1396,-31.038206968617658
1397,-0.048141146678062796
1398,-56.68656872103148
1399,-7.787049139552664
1400,-39.8757139938632
1401,-49.547950184194406
1402,-0.019187840257188782
1403,-47.764817949606595
1404,-0.7047832315729465
1405,-45.6183538734624
1406,-24.286224299623083
1407,-64.9903665013187
1408,-47.178666879628025
1409,-1.2258154925429494
1410,-47.98809844505831
1411,-0.04047905966967846
1412,-1.245053833829843
1413,-0.008699560040781762
1414,-6.894958882032597
1415,-1.0299686064093194
1416,-5.463759261572612
1417,-48.81993941931751
1418,-10.461977040847941
1419,-28.278584275441062
1420,-10.521394118870376
1421,-25.651884036024967
1422,-7.759119870035647
1423,-47.89535824099244
1424,-42.2442174738095
1425,-17.86098795322107
1426,-18.709786993684247
1427,-12.647339999510223
1428,-50.25122825904691
1429,-56.247761650290784
1430,-5.62021576744155
1431,-16.30075224693403
1432,-3.95809415847134
1433,-0.27333226411531086
1434,-22.823395133033046
1435,-1.7409837489831261
1436,-39.210259740433685
1437,-36.90284785783974
1438,-22.720785309459984
1439,-23.65435026873024
1440,-0.7129895290163404
1441,-12.728925082046771
1442,-32.27028365219121
1443,-0.1902814220666187
1444,-36.74185729853525
1445,-5.252274776115144
1446,-31.16553191262392
1447,-1.6410839645104716
1448,-52.607421331225396
1449,-37.73350310139631
1450,-7.090547509720636
1451,-27.988034078779037
1452,-9.074593778480448
1453,-91.51587864339058
1454,-37.161270518126
1455,-60.61728955662511
1456,-20.238196292142902
1457,-0.5580084127596479
1458,-15.083030651935587
1459,-0.585933989978912
1460,-29.65611689938396
1461,-53.42083572984848
1462,-61.83292868060926
1463,-4.007262175372972
1464,-49.68141673977218
1465,-15.124764364768453
1466,-6.149888187349461
1467,-61.46254028369913
1468,-17.10056136917592
1469,-23.043757573768506
1470,-55.252361448040986
1471,-6.25045746757587
1472,-1.5160489349131012
1473,-55.55257049262565
1474,-24.625718224049706
1475,-52.34994494447821
1476,-0.4063383490720298
1477,-0.006266219474546031
1478,-34.02825237785789
1479,-29.643251673213854
1480,-6.6977071867750055
1481,-34.36796347565172
1482,-2.7326683527773525
1483,-9.494049865327952
1484,-37.85160304088771
1485,-39.21435836472028
1486,-4.044574766427104
1487,-2.0798796489827964
1488,-40.93520534977187
1489,-20.11509401620424
1490,-17.356296688183647
1491,-20.78969546526605
1492,-1.5293794969188639
1493,-54.96169678841807
1494,-15.12944260052597
1495,-43.71135635148917
1496,-0.09947849427499023
1497,-0.2650904993047334
1498,-54.93810745677911
1499,-3.8694838542544403
1500,-46.74977380903648
1501,-27.17174404384923
1502,-109.4581630923949
1503,-2.3958308322908124
1504,-12.666621808808038
1505,-1.0785239876277046
1506,-29.683892663750157
1507,-22.56347168062919
1508,-7.4894088660021225
1509,-7.593885450806738
1510,-20.168781692052562
1511,-5.809348436455366
1512,-0.9199742691889696
1513,-12.059171863977099
1514,-0.007989691550521982
1515,-21.337187672434993
1516,-52.653858359784635
1517,-16.561482152161105
1518,-22.15356812560276
1519,-41.72962041278379
1520,-2.136635975964006
1521,-85.93893537997155
1522,-0.45738733382633256
1523,-6.163009851584775
1524,-79.02175596856955
1525,-55.60710656645438
1526,-36.08962857432084
1527,-4.7896440038020955
1528,-0.8221286627472182
1529,-7.382489587017062
1530,-1.3209423463992707
1531,-20.993514275197413
1532,-3.0378517130739056
1533,-64.57174249546733
1534,-18.168483652406394
1535,-9.43205584704873
1536,-33.23506984941584
1537,-50.03342671704377
1538,-25.573276815140957
1539,-38.81126866388313
1540,-8.10569368956196
1541,-20.395101986228838
1542,-48.723173883598065
1543,-12.72220548606856
1544,-0.22829326612441037
1545,-26.56355550652478
1546,-2.0227224936414707
1547,-38.544807225176214
1548,-17.05131705705753
1549,-3.468458704333898
1550,-44.87627262952935
1551,-8.934494908495253
1552,-7.3408810159533004
1553,-51.60811292107783
1554,-9.710481728525338
1555,-15.907403439054761
1556,-0.5220567566466343
1557,-11.366851893248523
1558,-1.0724126604063713
1559,-50.252380195445596
1560,-42.1261045302941
1561,-69.11983074440491
1562,-0.32258419682329986
1563,-41.13815198012162
1564,-14.454603854406741
1565,-0.41354724480441973
1566,-26.658408284876714
1567,-48.12156106168186
1568,-46.569566493155506
1569,-35.769383414968615
1570,-77.05534974681586
1571,-35.9647629972751
1572,-0.6974998421897567
1573,-6.0217109386748575
1574,-20.2077233380478
1575,-13.390426298490041
1576,-0.06504096941625903
1577,-38.765657856846644
1578,-40.680601006693905
1579,-11.07020374687458
1580,-52.78678289090021
1581,-45.95556729060155
1582,-62.17076777482862
1583,-0.2844368220826219
1584,-30.85591008182402
1585,-48.23400286008837
1586,-3.6755753499596295
1587,-2.849478239455493
1588,-17.71912508618334
1589,-64.92757779563243
1590,-29.220958107635397
1591,-39.976945259972126
1592,-6.80459544029145
1593,-5.811056432871827
1594,-32.58719613502399
1595,-9.841537811994668
1596,-3.7737325345260615
1597,-3.9500260491779784
1598,-84.14581287788042
1599,-22.214488174622467
1600,-84.30322131757157
1601,-53.11353196852559
1602,-32.48225620574135
1603,-9.469106484805778
1604,-0.04329119676879145
1605,-27.742931345653034
1606,-0.026803965386946516
1607,-62.880299649959284
1608,-0.03438083820840632
1609,-40.17475679835303
1610,-66.88908373449306
1611,-10.48957655391132
1612,-31.596621094479755
1613,-7.263938342753212
1614,-43.05225167065785
1615,-6.117711177270394
1616,-65.0584661334069
1617,-12.011662483438386
1618,-19.961165648448514
1619,-53.40283117626677
1620,-60.732812601763726
1621,-5.353503036277871
1622,-13.30011139169801
1623,-15.82592370556813
1624,-7.1684626355722685
1625,-100.50445185623994
1626,-56.82103435770932
1627,-29.77383615591316
1628,-0.33831728795848903
1629,-82.67105389549397
1630,-8.511161647196843
1631,-24.925402330223733
1632,-6.223923282028339
1633,-0.611564543662098
1634,-3.7479403921694967
1635,-54.34940510595334
1636,-6.827057988470187
1637,-10.447655040457903
1638,-9.589079298605839
1639,-47.65120878885091
1640,-4.932286285682048
1641,-20.92543660872701
1642,-50.671059478592724
1643,-22.068947190852782
1644,-17.897867747426062
1645,-1.9106719275098953
1646,-21.276731308262924
1647,-0.4500114947608438
1648,-33.64307911252945
1649,-52.19433836143361
1650,-59.30328247653233
1651,-49.56810592953116
1652,-5.449414580421603
1653,-51.49423863636912
1654,-23.112439535788326
1655,-12.891769469923247
1656,-0.08084035788105837
1657,-59.44499059642237
1658,-50.487359814857385
1659,-58.545365130283244
1660,-9.69359084405005
1661,-8.111318819579537
1662,-40.96353044699954
1663,-18.857748093221744
1664,-1.4100732934698499
1665,-10.304280612397179
1666,-64.0653961078533
1667,-4.8293924824974965
1668,-0.026318777762213585
1669,-14.236054072196566
1670,-14.657653471513186
1671,-68.41582451429815
1672,-10.64284187870652
1673,-3.457915271654201
1674,-10.742560973747459
1675,-3.4179541907878956
1676,-0.3728125286523891
1677,-35.86385136701233
1678,-18.562827525535404
1679,-67.46772962564263
1680,-62.61101021040207
1681,-9.951071106712334
1682,-68.95311768153078
1683,-62.59818360614008
1684,-1.0255502459979198
1685,-111.8978468850255
1686,-53.730298119112945
1687,-53.98162228880801
1688,-49.11391871490918
1689,-0.7478137990697178
1690,-78.13608731207023
1691,-35.17662524892694
1692,-43.9273315327373
1693,-10.093333649943816
1694,-44.6334176112598
1695,-46.10860058175558
1696,-5.5131192895860295
1697,-19.06997782536928
1698,-1.0615112809750826
1699,-27.602448520762607
1700,-38.4015383324096
1701,-0.007958939965436063
1702,-83.45577166997828
1703,-67.79862366542858
1704,-53.04380585351424
1705,-41.29342271510177
1706,-30.474982124584812
1707,-27.306138778807508
1708,-45.307299626878375
1709,-44.37489212400396
1710,-86.31554092625083
1711,-11.588141103740782
1712,-26.372786744911195
1713,-8.482669328403148
1714,-4.605742021849437
1715,-96.14626675541513
1716,-14.63776476836938
1717,-51.34482075124555
1718,-19.793391459121892
1719,-94.71523885048373
1720,-17.220052511328277
1721,-26.459843442939018
1722,-80.56028925901046
1723,-71.16313591558173
1724,-42.96544818106577
1725,-37.0419735325122
1726,-22.058176304781227
1727,-55.00320184812881
1728,-62.33766993634026
1729,-35.36923332515289
1730,-23.787776659857627
1731,-92.87321533947238
1732,-28.73835843519339
1733,-58.356624073681814
1734,-12.984347624918883
1735,-0.9621070485100063
1736,-11.196608535130508
1737,-23.684986449206917
1738,-1.3791412645214223
1739,-2.590958360220611
1740,-41.06037273084485
1741,-35.172204970706844
1742,-42.56121600840652
1743,-51.23441212934267
1744,-59.5041034713704
1745,-51.71949136178455
1746,-1.3505229993108312
1747,-52.29303676260679
1748,-33.45179877863757
1749,-51.57489649564093
1750,-94.31400658694987
1751,-64.85150724830964
1752,-42.36864732994218
1753,-0.1837898042698498
1754,-63.7685923518078
1755,-44.00602660236159
1756,-16.194593759826546
1757,-5.476584391485403
1758,-27.700815358525517
1759,-30.415363037573115
1760,-24.588409240295505
1761,-55.82391367764865
1762,-32.417004855094206
1763,-0.7787468225724297
1764,-73.27076553070731
1765,-30.55110832103037
1766,-24.38399861002779
1767,-22.824538620880276
1768,-40.88367755649779
1769,-78.51312503526606
1770,-11.104025337008352
1771,-0.20837503866641782
1772,-24.87079944341383
1773,-2.0857900178402815
1774,-0.16344463136010745
1775,-4.016085646561805
1776,-20.474379175884003
1777,-25.185473811021723
1778,-69.58827719793044
1779,-33.28954618087937
1780,-16.997841015473682
1781,-18.47098116865709
1782,-41.50610632414464
1783,-35.553082128567894
1784,-1.8570688204572434
1785,-1.5644411154207774
1786,-28.14437805576584
1787,-50.2827684397821
1788,-62.4379043210065
1789,-30.19514842358161
1790,-9.413952359676976
1791,-56.55435470276001
1792,-1.1119811135504278
1793,-65.05725095782554
1794,-20.62729758669684
1795,-27.01760126544345
1796,-71.25714892384894
1797,-78.17036933018971
1798,-46.531588251227845
1799,-29.54758159322182
1800,-28.38173533183408
1801,-34.19311928112438
1802,-0.08410892567940209
1803,-35.66837640105813
1804,-29.873371672243593
1805,-1.4445829720512506
1806,-28.098643882764463
1807,-4.576049998453527
1808,-11.02092112437822
1809,-65.0789405716514
1810,-5.197575330206746
1811,-29.976917274949187
1812,-0.16507432049820636
1813,-2.688035352622137
1814,-33.32534339298519
1815,-18.574423759579076
1816,-58.76840863774464
1817,-60.117764394812184
1818,-30.328924680442256
1819,-6.222640517442414
1820,-39.011625785227466
1821,-2.1571473118674263
1822,-1.8716350713340262
1823,-68.59475025375514
1824,-47.11023320133299
1825,-65.5472573847419
1826,-3.9670220224635386
1827,-7.032562069925916
1828,-24.376583433775977
1829,-35.06615455231929
1830,-0.87729261068705
1831,-31.124817257128598
1832,-36.84038893974284
1833,-56.05835381001877
1834,-20.896871505236497
1835,-16.672095384564273
1836,-16.64211047124354
1837,-25.820572989882976
1838,-1.2734911023289897
1839,-19.747793028493106
1840,-28.57131466488704
1841,-31.720182374735487
1842,-17.678213190514725
1843,-81.16661317141552
1844,-14.568759716310524
1845,-26.66343159814125
1846,-10.839907832676545
1847,-5.201790032924237
1848,-37.90542950788762
1849,-71.44388338494173
1850,-56.18776565046028
1851,-23.961182423438004
1852,-60.81494321329683
1853,-22.624014077475294
1854,-24.345017168550612
1855,-54.88927382128645
1856,-20.51239944748636
1857,-0.300324967582128
1858,-46.447051575464684
1859,-32.01839697723517
1860,-70.42956895435054
1861,-31.415822196719716
1862,-83.0586899008631
1863,-11.218734584696165
1864,-26.462314693956728
1865,-24.524198555467592
1866,-2.1932164616591763
1867,-1.297415053269816
1868,-28.04662110445838
1869,-36.436913803976495
1870,-71.08542749013024
1871,-0.017250960357159784
1872,-76.24977309591986
1873,-6.8442596605818835
1874,-30.95169671429403
1875,-64.7915856575928
1876,-7.371005123030045
1877,-1.6413371152539753
1878,-28.00922411352508
1879,-40.56957213231334
1880,-60.4331453947234
1881,-61.92401242649066
1882,-25.850632350873845
1883,-16.947461720512365
1884,-9.38353225166766
1885,-6.075944890880294
1886,-0.44920980646293174
1887,-7.686204530703435
1888,-1.7655498980966513
1889,-0.01572905948899006
1890,-17.195320392027497
1891,-19.085963845262086
1892,-7.923703590461628
1893,-56.57688868744816
1894,-15.727932694158653
1895,-62.45844836703918
1896,-27.2807281337748
1897,-53.12280677157986
1898,-2.4724786622991815
1899,-25.193672945347316
1900,-45.232382447079544
1901,-15.885996211858156
1902,-25.02977809427864
1903,-54.32111652738786
1904,-36.531570553665404
1905,-0.4532323495964192
1906,-47.29184319533306
1907,-62.367441748187275
1908,-65.0294465384377
1909,-10.084965939187782
1910,-46.82236401180171
1911,-0.11154730912267041
1912,-43.993882498274616
1913,-54.38090614383668
1914,-38.29495619959161
1915,-81.92038318816935
1916,-16.70667840727083
1917,-20.79380971293591
1918,-62.26748979589013
1919,-43.82316784374416
1920,-6.874074515963002
1921,-92.93381658746512
1922,-12.449661753183122
1923,-6.071537036275572
1924,-8.977432910331117
1925,-16.33802864689519
1926,-41.28039226084741
1927,-27.082668835122604
1928,-0.3642185853789215
1929,-73.26429792245108
1930,-44.526863815109664
1931,-17.396365827084082
1932,-15.541608148234445
1933,-33.74844889777091
1934,-1.5089125780291397
1935,-3.277148467470397
1936,-72.9286175379566
1937,-47.6068025203852
1938,-9.982153333039037
1939,-58.73736833438875
1940,-0.09734296577357782
1941,-0.22415431915487716
1942,-6.645524147648757
1943,-65.55779268504057
1944,-34.6402971158127
1945,-33.58114697914061
1946,-0.09592913508276979
1947,-0.49204696311048224
1948,-85.01060817191538
1949,-91.04652002146759
1950,-40.89871646673754
1951,-22.104434547668234
1952,-33.02938458753124
1953,-0.03729912345761477
1954,-13.341691168415764
1955,-60.17802254526022
1956,-24.38436078684026
1957,-57.74941890652099
1958,-65.79974563699216
1959,-40.14980754159478
1960,-1.4050539044110337
1961,-73.10069437889615
1962,-22.655290489616164
1963,-1.6013033967492447
1964,-6.774363951584064
1965,-40.76451954926961
1966,-55.09335485752672
1967,-18.93962127518455
1968,-62.32871207206745
1969,-37.16273431305308
1970,-8.620576358327526
1971,-43.05998003885907
1972,-0.22664210710332
1973,-111.91777871290105
1974,-121.66517031908734
1975,-65.24892871512554
1976,-7.933040387722031
1977,-61.463824336045946
1978,-3.409056137943537
1979,-35.349319850813686
1980,-81.2655522810237
1981,-0.37285121041350067
1982,-46.44044827736798
1983,-38.99530058381606
1984,-57.669834103237235
1985,-16.037047787305482
1986,-1.9255599228836218
1987,-25.905627978933126
1988,-37.110807281917005
1989,-0.473130654241686
1990,-15.30070590710966
1991,-55.03111167853058
1992,-6.723911654004098
1993,-30.667313082769848
1994,-48.9326949521128
1995,-7.952419559244845
1996,-15.219201749700005
1997,-0.20682826133088383
1998,-31.806605076163052
1999,-6.113369292470452
