,value_per_image
0,-0.05907093925005875
1,-0.03144885811370324
2,-0.05264658137879179
3,-0.05980037254551261
4,-0.03448892615526261
5,-0.01865823960594176
6,-0.04723056310566719
7,-0.0516287540072395
8,-0.031677206610173994
9,-0.04521413120940542
10,-0.0483922886803576
11,-0.035496086659037
12,-0.02765778260757132
13,-0.043494207896973947
14,-0.048422577744021734
15,-0.04282405172828152
16,-0.06590864243437164
17,-0.07016903311882533
18,-0.05607001418395383
19,-0.04045791594632351
20,-0.05304289379603031
21,-0.03827316639242661
22,-0.04799102837768928
23,-0.03357934256431869
24,-0.05939255804486325
25,-0.04661454509236741
26,-0.044949085477332056
27,-0.038446194712308486
28,-0.06362783190371017
29,-0.04120245456346936
30,-0.04196619803851777
31,-0.07103891243672901
32,-0.0353691243142946
33,-0.06903215373808437
34,-0.05791851262434801
35,-0.027931845861188225
36,-0.04544243220105194
37,-0.06513260403167398
38,-0.059164939645509486
39,-0.04692124451299768
40,-0.0275963995247287
41,-0.06386961130216835
42,-0.062198790508811726
43,-0.041866302954026366
44,-0.03345806340426842
45,-0.02612990819499918
46,-0.027385891856767968
47,-0.04129926648942479
48,-0.03702185328293283
49,-0.07554887757105963
50,-0.05530817265854047
51,-0.024933665705173483
52,-0.05204542633794768
53,-0.053532804139689937
54,-0.03326346519181177
55,-0.025763607994857014
56,-0.0363603098095395
57,-0.04765771081627325
58,-0.06221417940123111
59,-0.03966343077084626
60,-0.03478937983215406
61,-0.028520117090847293
62,-0.05928355883135964
63,-0.060942931334298824
64,-0.07766344845539858
65,-0.03604339932390185
66,-0.06181952606160052
67,-0.057725751059017866
68,-0.04010186947323626
69,-0.09252716594957774
70,-0.030836217961162694
71,-0.04813941182375095
72,-0.043105262649649416
73,-0.037592886388861914
74,-0.0396891264848698
75,-0.03438192748621178
76,-0.04215132062400853
77,-0.025272334565473363
78,-0.06179029039887642
79,-0.04663935401418018
80,-0.039930197681761065
81,-0.03650980363708066
82,-0.06324655438699789
83,-0.06883041439249024
84,-0.056452558907766875
85,-0.062682159332627
86,-0.039984068531688025
87,-0.04056490329610589
88,-0.08422482942880667
89,-0.03898794901825151
90,-0.04643309837182978
91,-0.037215086757725314
92,-0.05063761199284657
93,-0.04247893522836777
94,-0.0557176329500809
95,-0.02969418731634464
96,-0.06249161287437985
97,-0.02017010346269492
98,-0.028510770548763213
99,-0.05931999666674787
100,-0.03536533770055378
101,-0.03348490975664368
102,-0.04693731003238797
103,-0.04433280210000673
104,-0.029757778245310274
105,-0.032677180451325914
106,-0.06558829554646027
107,-0.0661389071564515
108,-0.03608429442301925
109,-0.03270103055573715
110,-0.051870402664395715
111,-0.03909369323213418
112,-0.04716690042270349
113,-0.0236058472100008
114,-0.08730184832349819
115,-0.029433767336080118
116,-0.03434285807119755
117,-0.03802817494350662
118,-0.02982105410065277
119,-0.04781142274791282
120,-0.045734026801460284
121,-0.025871136895151185
122,-0.04070619277065575
123,-0.019446489093597343
124,-0.04562625505806457
125,-0.05559473817108453
126,-0.0462243669438893
127,-0.04060411368984358
128,-0.04061121148622622
129,-0.02925063215425535
130,-0.07969944440983097
131,-0.09236709968574386
132,-0.04738805897319033
133,-0.028542921006118875
134,-0.07504063251109687
135,-0.03867110963363389
136,-0.04687790391656132
137,-0.07023526553195263
138,-0.06928909938169232
139,-0.04494925434801066
140,-0.04708417707767372
141,-0.03200046856736682
142,-0.047289093436104636
143,-0.038815096967352636
144,-0.04851198936890618
145,-0.03723049866956938
146,-0.04584480637219043
147,-0.07549066418702685
148,-0.04994509325081218
149,-0.05148878832210565
150,-0.0935693900829362
151,-0.03986610984224963
152,-0.030428528248336112
153,-0.054998389165424384
154,-0.060552189941235735
155,-0.06177182377371759
156,-0.03984977803312295
157,-0.05480314614985896
158,-0.03319075277800915
159,-0.03549316524832951
160,-0.06359285215123968
161,-0.03174218944662882
162,-0.032550266287437304
163,-0.031374425897562105
164,-0.013041505003586057
165,-0.0624168070293209
166,-0.036008435400796436
167,-0.02764765048103259
168,-0.03859214167789186
169,-0.04902130869490694
170,-0.06650310311554056
171,-0.06470031104876213
172,-0.025525086759469483
173,-0.04391413218497588
174,-0.04686187762253825
175,-0.056301199491380675
176,-0.03864265293263512
177,-0.047116132246792966
178,-0.060055717106079376
179,-0.07586917685376253
180,-0.045649633831850736
181,-0.04487714058200155
182,-0.03382958198992718
183,-0.045597011350724234
184,-0.05158496087947202
185,-0.04994292516734071
186,-0.07887474966846655
187,-0.055249840052850496
188,-0.0579709609832046
189,-0.03566970876140454
190,-0.027894046185536682
191,-0.0305135394050699
192,-0.03817862881466066
193,-0.0371983243715893
194,-0.05193504538893341
195,-0.05299062468504871
196,-0.02405472802957594
197,-0.06611617903880093
198,-0.03493284313150812
199,-0.028354964018949238
200,-0.1022729032303196
201,-0.01941430816232621
202,-0.03777455440989865
203,-0.0665658532448464
204,-0.04635860710693336
205,-0.0567336113512793
206,-0.025855818254361163
207,-0.06156238868907321
208,-0.02836983699590685
209,-0.06443508147524897
210,-0.07403778841498812
211,-0.0357353318024087
212,-0.04653235499836135
213,-0.060775500421036716
214,-0.03526906922328422
215,-0.04811008326381595
216,-0.017459101427551152
217,-0.06374958581250627
218,-0.040575998563269385
219,-0.020324497893884377
220,-0.054643348444440715
221,-0.030778226711471394
222,-0.04991853139863642
223,-0.0477759675935313
224,-0.026920689101940787
225,-0.06535464451741292
226,-0.039878817035069215
227,-0.04481477113150845
228,-0.017208963547578476
229,-0.032436534833014244
230,-0.03280208185279919
231,-0.05143393991629077
232,-0.042976647086059035
233,-0.06622932889772018
234,-0.04127534633291589
235,-0.04487056008636929
236,-0.03392081724890638
237,-0.033244297479964734
238,-0.04097479408279565
239,-0.0557513878890055
240,-0.03142614698020685
241,-0.04432968835969285
242,-0.04629126936444146
243,-0.02740306392553004
244,-0.023040617831800288
245,-0.060149367966225276
246,-0.04803662276883496
247,-0.02194709189890524
248,-0.09273694700445907
249,-0.015234365321765498
250,-0.017961214382131236
251,-0.03554130380334773
252,-0.03371492783207032
253,-0.07978494865194538
254,-0.02861530842018625
255,-0.05408067142527717
256,-0.0651038830412352
257,-0.028225428840819838
258,-0.07906638244518653
259,-0.04435334011472492
260,-0.044101788768134566
261,-0.034408343262358886
262,-0.029037570686226994
263,-0.0623637915321902
264,-0.05332666206349114
265,-0.06524362265548253
266,-0.04796828989160011
267,-0.05046112239501657
268,-0.05455531650537426
269,-0.055544022207130936
270,-0.04074832307718937
271,-0.03557301508097168
272,-0.031137007257925058
273,-0.04704923199855149
274,-0.029254481089248087
275,-0.059791429285966535
276,-0.0566528884500236
277,-0.03677812688446255
278,-0.031920184330438334
279,-0.038644843472963215
280,-0.03793637346150201
281,-0.0387543540985353
282,-0.07747941140767081
283,-0.060050855467405725
284,-0.03358216775968955
285,-0.08653855915903175
286,-0.12330308681627633
287,-0.03339740115438298
288,-0.04331836323157513
289,-0.023188119828912838
290,-0.040254130782171584
291,-0.03951104369571765
292,-0.052852495375146656
293,-0.053613194689015216
294,-0.03863169830614364
295,-0.019666400423525368
296,-0.03823733700679581
297,-0.04663591080845944
298,-0.04599290299047348
299,-0.08042212664985134
300,-0.03891251209592437
301,-0.05485237700862902
302,-0.032621461923981264
303,-0.054384558938221764
304,-0.032908533127253684
305,-0.054814014115282465
306,-0.0417581756859496
307,-0.026702878910821272
308,-0.06975008186501498
309,-0.06047587619414677
310,-0.050567652791019616
311,-0.022083390669438496
312,-0.02385059960419065
313,-0.028414159047607426
314,-0.029863442178587312
315,-0.045880765464710434
316,-0.03271009711661211
317,-0.0714843797884582
318,-0.05513655024888636
319,-0.03066082392835575
320,-0.06717183958355448
321,-0.049523286992993486
322,-0.07027936798627894
323,-0.03881358177937667
324,-0.03530069720080939
325,-0.0366747513959864
326,-0.028982925249022923
327,-0.0529894284346506
328,-0.05319171170414396
329,-0.04013860856435863
330,-0.05789187972925242
331,-0.03702291457610663
332,-0.03841919512953275
333,-0.02127093182055415
334,-0.04143244026568256
335,-0.03504159794830348
336,-0.06182810743927626
337,-0.05323470569897175
338,-0.04350143575458917
339,-0.022455123811198345
340,-0.06291513135911846
341,-0.08558655138663511
342,-0.04669775922161738
343,-0.030383979061502763
344,-0.03401192977611038
345,-0.033883849681068966
346,-0.032789414617829325
347,-0.03596849031622065
348,-0.03702628698495452
349,-0.02549635389961457
350,-0.03625896328959037
351,-0.07414980225151765
352,-0.035962288555793316
353,-0.03765058123364033
354,-0.03501762028989302
355,-0.06696560982094515
356,-0.04352983934411099
357,-0.06445173550420777
358,-0.05648488519743415
359,-0.027670286120228437
360,-0.0312512220685223
361,-0.09447580764692874
362,-0.019847375640721573
363,-0.03949489487159062
364,-0.04692801262275445
365,-0.05735310289175484
366,-0.05451460806274711
367,-0.04075189168624111
368,-0.02319934679986228
369,-0.04880875571477393
370,-0.0489307962738482
371,-0.03815027545571263
372,-0.02819159115052493
373,-0.07124416607554443
374,-0.04870442416783548
375,-0.04066619194572961
376,-0.04681148903471925
377,-0.050911906357352266
378,-0.04628910216818695
379,-0.039528441109224315
380,-0.04127824407571405
381,-0.029829205571339657
382,-0.031016938425825487
383,-0.03761758361821715
384,-0.043996114719776006
385,-0.049494379379083485
386,-0.09115801044439342
387,-0.04770912476224735
388,-0.046815156439388925
389,-0.057780581005882
390,-0.05491001210413436
391,-0.03699591465637882
392,-0.03361596586410388
393,-0.04837965500033487
394,-0.11556182724077432
395,-0.030247273274732093
396,-0.09465907532053944
397,-0.05942571002986274
398,-0.0274203079934604
399,-0.05801963244730045
400,-0.022817733187474626
401,-0.018709893112520942
402,-0.022572806011266083
403,-0.03354844131182057
404,-0.09727443236700764
405,-0.029696599415239788
406,-0.04097624628206746
407,-0.051462751357402185
408,-0.031516822335813564
409,-0.0756544480079547
410,-0.051115198563213934
411,-0.03638845168164433
412,-0.03489747333520542
413,-0.037938724820808616
414,-0.033320377108081466
415,-0.03621110470065488
416,-0.07405253806077984
417,-0.09158111988782254
418,-0.03877045118314262
419,-0.04704538708588848
420,-0.04245362423111233
421,-0.029643465096554994
422,-0.05610377586545351
423,-0.053702386761823685
424,-0.03464506988965579
425,-0.0545652223429459
426,-0.04625238751571028
427,-0.05885584816583753
428,-0.03730878029739343
429,-0.04515475261948987
430,-0.04017753237063825
431,-0.05673762111835865
432,-0.058528778475973764
433,-0.03316158712959233
434,-0.025502513932662774
435,-0.07983351587640168
436,-0.05841217870427269
437,-0.031164778622860632
438,-0.04598586386905408
439,-0.03844045799866117
440,-0.03796923904121456
441,-0.041937655930677525
442,-0.03921626105557168
443,-0.07081375632507901
444,-0.03770207645437036
445,-0.03655363093497024
446,-0.04549898836499329
447,-0.0257287171364654
448,-0.05089787811111305
449,-0.03416340279911912
450,-0.04654056918968463
451,-0.020480801727455877
452,-0.03462818550756132
453,-0.03130383293933282
454,-0.03664512408231253
455,-0.042537553237072125
456,-0.023398150806450118
457,-0.047629267743304636
458,-0.042240817817382835
459,-0.07185232476599539
460,-0.023335670010790854
461,-0.044698501753973184
462,-0.05334439683918758
463,-0.025996218178561983
464,-0.05223278644224768
465,-0.03828622158566071
466,-0.060399574899340114
467,-0.0401648110031666
468,-0.03320866382360066
469,-0.05775208599755224
470,-0.04088463242996092
471,-0.10060679561425134
472,-0.04364441602085257
473,-0.03851432730561899
474,-0.02062482561108304
475,-0.026383864567386908
476,-0.023517411972523355
477,-0.0544125897083517
478,-0.02633890985787864
479,-0.04730689814547803
480,-0.05271334361850755
481,-0.059289545114482325
482,-0.05886353092580994
483,-0.03501736318513449
484,-0.053472269567819086
485,-0.05251509126523028
486,-0.028570524497052836
487,-0.024724111114427082
488,-0.03668116069914335
489,-0.02710044519084972
490,-0.03853415683523228
491,-0.04060451730916111
492,-0.035746313314097944
493,-0.015962948097639366
494,-0.0402601431830943
495,-0.05189833767331602
496,-0.04500747227394958
497,-0.03976549018020453
498,-0.031698272831777605
499,-0.0556395497259216
500,-0.03715416674320969
501,-0.030336180938302093
502,-0.05190840283438095
503,-0.0409853574758658
504,-0.021411848704974264
505,-0.05673973708911191
506,-0.03961318023463537
507,-0.033919689085725666
508,-0.0317988711901507
509,-0.029041843443299964
510,-0.05048381762742904
511,-0.040314522553301854
512,-0.042641049088693525
513,-0.021341488853539474
514,-0.03301491413634601
515,-0.0623883550911258
516,-0.04397672945152639
517,-0.05017898569423236
518,-0.027349098796488117
519,-0.032057872566624165
520,-0.04703943685975924
521,-0.030034731734651494
522,-0.04103228620709248
523,-0.06535303744917477
524,-0.031347767662759166
525,-0.04149245356183528
526,-0.049197790325161785
527,-0.06415243949898022
528,-0.04172245326747751
529,-0.012428293010068077
530,-0.048371806231479283
531,-0.029300447443809295
532,-0.0994798580137922
533,-0.04147966185863944
534,-0.059210416600193126
535,-0.06019091806619381
536,-0.021547023992361882
537,-0.04187785708950351
538,-0.03044578813857262
539,-0.06395660367169016
540,-0.031080911500578092
541,-0.06756365940094496
542,-0.04484122722504391
543,-0.0174271402003321
544,-0.03451256979995778
545,-0.025650132080476014
546,-0.034103111988814515
547,-0.04233515822569648
548,-0.03353269676983249
549,-0.05189695398814674
550,-0.07369707840578449
551,-0.02352734787525575
552,-0.03561910315459305
553,-0.1070421818517177
554,-0.051773970363104736
555,-0.11155490665633444
556,-0.05737869877220673
557,-0.020202479031903663
558,-0.03825278992054874
559,-0.017989085330496736
560,-0.08945462786912492
561,-0.0501603935163447
562,-0.07084919317470466
563,-0.0677208295340959
564,-0.03700909187776198
565,-0.035156938096744215
566,-0.0315567707707316
567,-0.07600417974003698
568,-0.08806031635189457
569,-0.07431877443675264
570,-0.048060519511253855
571,-0.06129917356490178
572,-0.055410793633814966
573,-0.0480079720384052
574,-0.04857500106030893
575,-0.06419954552962186
576,-0.04823579357965973
577,-0.03963855721462302
578,-0.0498375840432958
579,-0.05847687176701912
580,-0.045536461687744965
581,-0.04114927744183698
582,-0.06917781759282379
583,-0.035703993816221365
584,-0.05366324514951298
585,-0.05164487300390835
586,-0.03729008533497837
587,-0.0349380762793406
588,-0.06735703810693007
589,-0.0675689465797382
590,-0.05235668045542817
591,-0.05187864791396609
592,-0.03683215152909137
593,-0.02821945088533507
594,-0.03249937491357864
595,-0.024974267407032874
596,-0.050094001770990326
597,-0.037622971884843474
598,-0.04124906042720362
599,-0.07891077345588601
600,-0.035176240154608907
601,-0.06655892203055007
602,-0.05250822962900518
603,-0.05931280797743915
604,-0.08046686118022547
605,-0.015389953559722353
606,-0.08382721900851288
607,-0.043185612172114786
608,-0.04305160264176002
609,-0.033319068712150936
610,-0.05323321345950503
611,-0.045116401610849295
612,-0.02851269582813389
613,-0.04456781756893973
614,-0.061479249014975985
615,-0.0398218599573099
616,-0.05365729952699806
617,-0.03295288860854894
618,-0.05247414457399776
619,-0.02920267444645106
620,-0.05151117248407616
621,-0.06845196857212067
622,-0.046291512394712735
623,-0.038232860324176936
624,-0.06205532656353663
625,-0.06460145741399552
626,-0.043578351062213125
627,-0.0656459919047286
628,-0.0411171793670766
629,-0.07652522669720523
630,-0.047935322264008665
631,-0.03407875493611471
632,-0.04095343185675536
633,-0.06512055510607706
634,-0.06407713528873123
635,-0.020541437166722062
636,-0.0637385201417666
637,-0.03425415862920362
638,-0.043264839704718505
639,-0.0297494809934702
640,-0.056709151645608726
641,-0.017038197288729233
642,-0.053636520506648036
643,-0.049982659218888316
644,-0.050426473815963255
645,-0.025513183874043718
646,-0.03753633066120755
647,-0.027838042830038424
648,-0.04816895488104287
649,-0.04442290573510206
650,-0.0498742618100227
651,-0.03509673217911534
652,-0.07394564028158503
653,-0.046757963085268514
654,-0.036394727294044256
655,-0.029108248322990086
656,-0.03817878253889168
657,-0.0443021736414997
658,-0.07631315978979351
659,-0.05134590313326042
660,-0.03532184037334797
661,-0.038612200253148064
662,-0.03493344464148139
663,-0.03508975780520548
664,-0.03141195314752253
665,-0.03665855254335596
666,-0.0172329861327939
667,-0.04317828788933165
668,-0.01504247904737619
669,-0.05664809825346383
670,-0.032642022410440015
671,-0.028905274730032408
672,-0.05245421642268635
673,-0.0694334208952069
674,-0.056731258211845076
675,-0.06488746357611018
676,-0.04454532729970758
677,-0.0366094767665313
678,-0.04354067515772374
679,-0.03566804345394721
680,-0.04486743195317645
681,-0.05934997466893518
682,-0.029482247005956187
683,-0.029197669459409343
684,-0.03328517933924567
685,-0.04518903239513288
686,-0.04009314169451217
687,-0.04017973434107662
688,-0.053999712873290986
689,-0.023456699438624516
690,-0.06487875538574715
691,-0.03140662419617245
692,-0.029097729366265267
693,-0.11509270520433874
694,-0.0490221771569488
695,-0.01542622062227345
696,-0.07409588397046321
697,-0.05347371719469771
698,-0.04892693324557588
699,-0.0438050885136046
700,-0.033426051211031906
701,-0.022908554816291383
702,-0.0965528085644112
703,-0.04464135968717642
704,-0.04674394174988865
705,-0.02445196213110241
706,-0.03284975113960496
707,-0.0572280547829228
708,-0.04028263631768439
709,-0.052038517573769434
710,-0.015349353387544562
711,-0.02812801696408229
712,-0.051200030450153824
713,-0.05795518804556263
714,-0.0275578285722048
715,-0.024596090237989667
716,-0.09385149373575992
717,-0.044881291807075716
718,-0.03457936238802535
719,-0.023030300796360613
720,-0.05511883711133021
721,-0.04335994482420825
722,-0.043118218645832936
723,-0.046213956979566206
724,-0.06548420071380519
725,-0.035640066555709955
726,-0.04527635786282662
727,-0.0534907470681511
728,-0.03453992599713192
729,-0.032832112028830025
730,-0.039100487949213794
731,-0.0884652633919085
732,-0.027545622251335482
733,-0.031478667605134486
734,-0.030824947033329525
735,-0.03286744368745366
736,-0.029739534111590256
737,-0.04761113918104711
738,-0.05504404122710903
739,-0.0591341629580089
740,-0.015619319537644259
741,-0.04783948028682779
742,-0.04661501871518665
743,-0.033195748409812306
744,-0.058998782436140776
745,-0.01862954554458244
746,-0.04006280538735756
747,-0.03673271689579465
748,-0.05703785095641423
749,-0.021760408608454
750,-0.06292947136727653
751,-0.045473215279758734
752,-0.024313243075952805
753,-0.034701589197740516
754,-0.045707710719619
755,-0.052285361994208385
756,-0.04688866302326433
757,-0.042173757495548574
758,-0.023724162350221102
759,-0.03792042369890915
760,-0.044635666555648296
761,-0.03501244396841381
762,-0.024138929326895018
763,-0.039869111694187095
764,-0.056385872154060164
765,-0.06966518584869544
766,-0.04971424188070174
767,-0.03776025688927589
768,-0.054890012250295515
769,-0.08854636968755412
770,-0.024414337632533555
771,-0.029907069313818306
772,-0.036476406676104564
773,-0.04658081833970911
774,-0.057002311758258525
775,-0.0397869318008817
776,-0.05057575059428145
777,-0.06561676222297039
778,-0.034347966428554665
779,-0.031128774833659938
780,-0.029171668172269405
781,-0.04712830769747935
782,-0.0588106336031276
783,-0.014992621773297616
784,-0.040730855540748435
785,-0.045487248688493936
786,-0.04007735007627836
787,-0.023922211498326646
788,-0.039153794296984026
789,-0.05417214582440229
790,-0.058979574327894524
791,-0.04085988092661093
792,-0.04517098975194025
793,-0.03536659451164996
794,-0.025204380983752928
795,-0.03743839626668268
796,-0.035023462478108974
797,-0.028107877633246514
798,-0.0293047262196766
799,-0.07964049035793674
800,-0.06020332929353441
801,-0.04465490819658
802,-0.0722760282421176
803,-0.05789156034477831
804,-0.04442132443883779
805,-0.04575158680869737
806,-0.032690158112500985
807,-0.023252356271149504
808,-0.08360789882925777
809,-0.09444805812451358
810,-0.04309701478126421
811,-0.050755829046294866
812,-0.04520219438469246
813,-0.06884358648542485
814,-0.0544274469407134
815,-0.03777191152433857
816,-0.05522516972625734
817,-0.059506282120632976
818,-0.06528687793053832
819,-0.0566182496672503
820,-0.025870663678598464
821,-0.03815329054407514
822,-0.04174651058838133
823,-0.05114277750214282
824,-0.09188563104650403
825,-0.030523686502078245
826,-0.04510765721682168
827,-0.0535198310317004
828,-0.012435228340749557
829,-0.0764911043701519
830,-0.03582769737704894
831,-0.049572391872934815
832,-0.014782919925734885
833,-0.02146599677160435
834,-0.01705073549553924
835,-0.0494377909609109
836,-0.029362374153733505
837,-0.02866450263375664
838,-0.04929390444123198
839,-0.020508645810795985
840,-0.03966619735784785
841,-0.05076210292061877
842,-0.039068894498988524
843,-0.03345693348190646
844,-0.02537325034931865
845,-0.04469663998759763
846,-0.028634924128553087
847,-0.06671826012514333
848,-0.035265087250185304
849,-0.05796102569584589
850,-0.05742355090414815
851,-0.016363915464784096
852,-0.03208867291171362
853,-0.0994967190171211
854,-0.04934436536467286
855,-0.019538568053471792
856,-0.039896068519730085
857,-0.0296949397475497
858,-0.04967664060189168
859,-0.06523433253197627
860,-0.04025701407722507
861,-0.05717184591222195
862,-0.06005467988587721
863,-0.02356761621393912
864,-0.029564735975810264
865,-0.05634709178649424
866,-0.0322278045517384
867,-0.03744972089160888
868,-0.06293794931182277
869,-0.03863747239823852
870,-0.012168619231178766
871,-0.060134020171774175
872,-0.049092594249492125
873,-0.07467485489297339
874,-0.05606316118041362
875,-0.05006556922108725
876,-0.03780160213437035
877,-0.02478842893191869
878,-0.043981651077565014
879,-0.028180885741044014
880,-0.043152628867403495
881,-0.023803508065635987
882,-0.0685790658366658
883,-0.04541895338013815
884,-0.033508727483846486
885,-0.02263302532957805
886,-0.036803939446239116
887,-0.06797385415916912
888,-0.038320200218263656
889,-0.022140585385552088
890,-0.03720314569109639
891,-0.043192817228474935
892,-0.02283166872335076
893,-0.024357078403737638
894,-0.033509404803526606
895,-0.06520021325543437
896,-0.053017349292107815
897,-0.0722680469527672
898,-0.01783511173774093
899,-0.02841787570333028
900,-0.03576500900068559
901,-0.07835875385837457
902,-0.06017183978393144
903,-0.050757640665167726
904,-0.043180698961070886
905,-0.10691506324335376
906,-0.02265717014085789
907,-0.046533676476916884
908,-0.0250190625564422
909,-0.04427042100301616
910,-0.08623680004720483
911,-0.030401256983725467
912,-0.022549875616060432
913,-0.03549689169937283
914,-0.06063841211016595
915,-0.07370921508221627
916,-0.0573505277827041
917,-0.052085652996810894
918,-0.07694259075404339
919,-0.039831654233135234
920,-0.03999047923769024
921,-0.030397944845031014
922,-0.07765808339460455
923,-0.022153520926769584
924,-0.03358795676835412
925,-0.06553899172452775
926,-0.022321801311475608
927,-0.05284363069182202
928,-0.0418167993238376
929,-0.055404361525381474
930,-0.07320930349206639
931,-0.03241133693221221
932,-0.06908287573537712
933,-0.05542495316383115
934,-0.05013236269218792
935,-0.06727417750868217
936,-0.054791688699141264
937,-0.031015481904247
938,-0.07218819664880016
939,-0.0418097220603456
940,-0.03853192005591498
941,-0.03516316957065692
942,-0.0380830972769952
943,-0.050964015139958296
944,-0.04354773170804773
945,-0.04753013169167395
946,-0.0227175030716002
947,-0.049672801680525784
948,-0.03380897050796953
949,-0.025118160149154682
950,-0.027863601451813897
951,-0.030626986389977857
952,-0.032534383616454866
953,-0.0629464127700228
954,-0.040498132907677335
955,-0.034672556178409315
956,-0.049680524573620766
957,-0.0334189948791202
958,-0.042148736469590664
959,-0.04732857754387336
960,-0.051252581300015414
961,-0.02481558347990889
962,-0.0982708155508114
963,-0.0540783182419306
964,-0.06718097654065566
965,-0.02917790795739995
966,-0.05137675554192002
967,-0.02389714099076133
968,-0.03990808534899308
969,-0.02558777683335664
970,-0.050139853142001915
971,-0.037699998858183016
972,-0.047146433023414216
973,-0.026903693741229102
974,-0.022886896556258248
975,-0.04629717034926425
976,-0.034494111069278514
977,-0.020924178487395532
978,-0.046461008281061485
979,-0.026507928169801624
980,-0.03628621925504588
981,-0.03595449017913753
982,-0.031949912550035126
983,-0.03470813546366296
984,-0.029149048092002663
985,-0.11299142666210248
986,-0.08867810133837868
987,-0.040862536357943936
988,-0.033839145036947245
989,-0.0323940590802336
990,-0.07216816356510168
991,-0.037673091524017904
992,-0.04392954433369247
993,-0.09209183311176944
994,-0.035583481010030484
995,-0.044813654043829816
996,-0.10538749160321048
997,-0.057967759295920886
998,-0.05768973346178161
999,-0.020242469887203126
1000,-0.04760997436190366
1001,-0.048895174376244924
1002,-0.03702054504316411
1003,-0.025750061750343528
1004,-0.012906464424382749
1005,-0.03808206218598695
1006,-0.0363689227146896
1007,-0.07441664356684967
1008,-0.043109234776504614
1009,-0.02505393311658565
1010,-0.05037201364739012
1011,-0.04490077759480678
1012,-0.020092594803953392
1013,-0.05233456249027912
1014,-0.053645020190103296
1015,-0.04016543545951712
1016,-0.0276372310533104
1017,-0.018422222628381342
1018,-0.0490636903664823
1019,-0.05490055429393735
1020,-0.06542210666023393
1021,-0.03962966047544377
1022,-0.06155880730269555
1023,-0.041994606667011936
1024,-0.039147442863145414
1025,-0.039760239309882386
1026,-0.05075412291795813
1027,-0.04428883846943002
1028,-0.04812887269981131
1029,-0.05099875931789312
1030,-0.06452616610188859
1031,-0.0664809727200871
1032,-0.048035002337812015
1033,-0.043045531670833616
1034,-0.0323755342260632
1035,-0.042490549145905984
1036,-0.0446142620201707
1037,-0.029830003230771562
1038,-0.05387835067481489
1039,-0.03408877863147436
1040,-0.07319030200913519
1041,-0.03702486432590192
1042,-0.04019543386361229
1043,-0.04456111911029163
1044,-0.044652883927022984
1045,-0.034064330133934666
1046,-0.03798943248641573
1047,-0.0282402320590525
1048,-0.04006009377928312
1049,-0.04192147822751354
1050,-0.05468593103917435
1051,-0.03399534690008814
1052,-0.028283143391191656
1053,-0.07363943786225792
1054,-0.0297189778103129
1055,-0.0585549711931712
1056,-0.04312684995523828
1057,-0.054423292859925296
1058,-0.028653292656990837
1059,-0.03750971194843057
1060,-0.05037395683788134
1061,-0.052925045271950674
1062,-0.028333454241785936
1063,-0.052676790474781264
1064,-0.041481507240718384
1065,-0.01637342543025009
1066,-0.06812275994194969
1067,-0.04764099399734153
1068,-0.05872787223159112
1069,-0.03704246665535566
1070,-0.05053236195986719
1071,-0.024934209179468068
1072,-0.0687776991215592
1073,-0.04030408920048058
1074,-0.053183510473859295
1075,-0.06388443771885426
1076,-0.06686305978248679
1077,-0.039553517063653024
1078,-0.05412011369130828
1079,-0.0350230538326685
1080,-0.040833666661011056
1081,-0.05796288625530545
1082,-0.03155855954691853
1083,-0.039155264187581085
1084,-0.0382676272408926
1085,-0.03926216227926065
1086,-0.1157738393099023
1087,-0.021289600384440468
1088,-0.0503642261579061
1089,-0.025389474290488462
1090,-0.07461170095837752
1091,-0.06492109613551025
1092,-0.07567446178067039
1093,-0.04000053926587531
1094,-0.07090977237870674
1095,-0.052200066835368895
1096,-0.026211553862770985
1097,-0.04209736839198598
1098,-0.033882295829417965
1099,-0.012725530985960059
1100,-0.035499106163627586
1101,-0.0418862532292789
1102,-0.03810555450407062
1103,-0.05965289612999172
1104,-0.01350890674291848
1105,-0.04979474759400228
1106,-0.02992989903879015
1107,-0.04050387688179267
1108,-0.03969395915223152
1109,-0.024025368401760058
1110,-0.06595674206202419
1111,-0.02420297459528837
1112,-0.037854460661479725
1113,-0.026490930653326437
1114,-0.05541118815318834
1115,-0.061783471033078324
1116,-0.03207801382926869
1117,-0.035434702787987785
1118,-0.04089161937416119
1119,-0.05682297712942287
1120,-0.04926659984848727
1121,-0.03506625803421366
1122,-0.0354373533062247
1123,-0.060216128037929986
1124,-0.0631196763983923
1125,-0.03641781827312186
1126,-0.04766437951064549
1127,-0.03119656755836305
1128,-0.049263106602965685
1129,-0.022330372149129887
1130,-0.04448939081297375
1131,-0.04877711568479063
1132,-0.03172811719280925
1133,-0.026330832777052955
1134,-0.0288578795350673
1135,-0.04049084401888635
1136,-0.016913399058128126
1137,-0.05314612161646042
1138,-0.03786851016285645
1139,-0.05106861162524205
1140,-0.05397646657013226
1141,-0.03149014460521197
1142,-0.060184209692020686
1143,-0.0373800078298142
1144,-0.03705843987224248
1145,-0.05182700429621534
1146,-0.04145139414248929
1147,-0.047735739300187305
1148,-0.032582900265080886
1149,-0.042811444288716125
1150,-0.03982570194832821
1151,-0.10469478661020988
1152,-0.041251689582806325
1153,-0.036450018993401716
1154,-0.03183343184651581
1155,-0.06972272668204346
1156,-0.05614946249442998
1157,-0.042076381325128816
1158,-0.02600481116521524
1159,-0.03747528585389905
1160,-0.06070392811203663
1161,-0.024852507701985417
1162,-0.050384103991968666
1163,-0.023256414888225708
1164,-0.03502959338310252
1165,-0.05953153005652076
1166,-0.02757673030616834
1167,-0.039782973850804364
1168,-0.0570976446588109
1169,-0.03363462646531023
1170,-0.039624263645050437
1171,-0.016364130283059032
1172,-0.049029915927167295
1173,-0.05465232921493004
1174,-0.03065086108690141
1175,-0.049418794377017385
1176,-0.04194015738697245
1177,-0.04992877207934672
1178,-0.02724574170776648
1179,-0.04292713225916421
1180,-0.045085419378940006
1181,-0.058288762561463085
1182,-0.048098376668665385
1183,-0.04081434783615368
1184,-0.04599100061744338
1185,-0.03999513784882831
1186,-0.032956626600417295
1187,-0.028202400364481475
1188,-0.022353745555133756
1189,-0.0345543111172449
1190,-0.03874336472860269
1191,-0.03512938465222334
1192,-0.015899711062294913
1193,-0.05771001751650311
1194,-0.056733371701493264
1195,-0.03946707987467553
1196,-0.05515804038298838
1197,-0.02780275261448746
1198,-0.06592961472529413
1199,-0.06287944219067229
1200,-0.05165012009824447
1201,-0.03072644070246344
1202,-0.0903028935926395
1203,-0.02438668029142817
1204,-0.05524066319673286
1205,-0.03168919179561976
1206,-0.03942469359405664
1207,-0.05501730149699875
1208,-0.028836158531610225
1209,-0.05308867567837858
1210,-0.03845944784553572
1211,-0.06735610699993398
1212,-0.051277111031400924
1213,-0.0412110815145726
1214,-0.05582696584021381
1215,-0.04501069020447003
1216,-0.026916948275757014
1217,-0.05285630915905844
1218,-0.07236251801913582
1219,-0.035148614492089905
1220,-0.022177835944005398
1221,-0.05053539322662096
1222,-0.04169024397403879
1223,-0.02115114766945246
1224,-0.049775454135910516
1225,-0.07073418857490674
1226,-0.04736063861052443
1227,-0.03414885159719565
1228,-0.04604643570290811
1229,-0.032193749749130834
1230,-0.03142511066675102
1231,-0.013657728781646488
1232,-0.025252598110541875
1233,-0.035762260700820045
1234,-0.037101918153059486
1235,-0.058512595863512235
1236,-0.05554069515783644
1237,-0.0650385008952229
1238,-0.03277794499754805
1239,-0.04292405878660078
1240,-0.04121916439172136
1241,-0.03941175166842652
1242,-0.02147168064735688
1243,-0.05756525187968795
1244,-0.10047092777680572
1245,-0.048348257038724515
1246,-0.0489377997980181
1247,-0.038818417434081
1248,-0.0568103934944549
1249,-0.042226049291739134
1250,-0.04494153345210116
1251,-0.029041477853203487
1252,-0.03932903863879848
1253,-0.06665640233047153
1254,-0.021479465166088736
1255,-0.03301014153084344
1256,-0.043482631046630506
1257,-0.055742147444631095
1258,-0.06283516856100192
1259,-0.1071917837468607
1260,-0.037636709022893865
1261,-0.051112701933817666
1262,-0.06046484913714574
1263,-0.03037364439364745
1264,-0.012630064210338262
1265,-0.0362592461574965
1266,-0.045200445546075683
1267,-0.04986952658576865
1268,-0.08520224407762403
1269,-0.060943878631721064
1270,-0.03732063338401166
1271,-0.048137990472691385
1272,-0.05649294293339045
1273,-0.05340465775284455
1274,-0.04140315148336991
1275,-0.03844374989687587
1276,-0.07953789917864687
1277,-0.030963790627915894
1278,-0.045329391376758406
1279,-0.050701240028788716
1280,-0.037723401647273384
1281,-0.02816062626183918
1282,-0.02638304674591143
1283,-0.024672304415073013
1284,-0.05532331742108538
1285,-0.026379801106763717
1286,-0.053413581903992105
1287,-0.020339513087634625
1288,-0.030589667503825142
1289,-0.0451361357493276
1290,-0.04325387100616236
1291,-0.03265533184117679
1292,-0.07621481620694645
1293,-0.05638251006242774
1294,-0.05455014524929499
1295,-0.05677608961200605
1296,-0.04651321847699011
1297,-0.0403471612121004
1298,-0.04552942862033866
1299,-0.040863491735904964
1300,-0.03991087580543875
1301,-0.019704984014988755
1302,-0.03634298040305232
1303,-0.037794146091198313
1304,-0.03460198462276291
1305,-0.02197210529954718
1306,-0.02853497662493404
1307,-0.04179827341590153
1308,-0.033557107218323536
1309,-0.050626367855490094
1310,-0.03156088301505508
1311,-0.027910479397761458
1312,-0.03840197093278501
1313,-0.03996009540041846
1314,-0.049950528709984
1315,-0.05923438600950419
1316,-0.08466255176742041
1317,-0.0366275012629085
1318,-0.05625298577052683
1319,-0.03806489371362404
1320,-0.059259568095450875
1321,-0.0651642412060228
1322,-0.031823304106190296
1323,-0.04879367863496084
1324,-0.03843418631996296
1325,-0.07073977193433495
1326,-0.03180843300657489
1327,-0.0740797694174016
1328,-0.03906564707125757
1329,-0.05254392272838733
1330,-0.04217866196696935
1331,-0.02668902548533015
1332,-0.03999706978606006
1333,-0.045748763261614506
1334,-0.03869081971339534
1335,-0.044374103066485496
1336,-0.06392082637940741
1337,-0.020718435778462174
1338,-0.04050950335293527
1339,-0.017773187235800313
1340,-0.02005840312156736
1341,-0.043651871418182164
1342,-0.044978188860098224
1343,-0.025229162559998356
1344,-0.06762169678768773
1345,-0.06925613563367244
1346,-0.05564395203815812
1347,-0.07029177343085319
1348,-0.05649830123419061
1349,-0.06294693438314848
1350,-0.07170047104038574
1351,-0.052002556379695315
1352,-0.06886267098049642
1353,-0.05139499834251606
1354,-0.056028094798173535
1355,-0.033017893412033275
1356,-0.03410806436422666
1357,-0.05383138203372275
1358,-0.0629852197765838
1359,-0.02484071065395766
1360,-0.05072848272855776
1361,-0.02567743319950464
1362,-0.048639428029505015
1363,-0.041311657649611394
1364,-0.0717123102663926
1365,-0.04626675260971079
1366,-0.05124240486667644
1367,-0.0687831294315046
1368,-0.03400426213088981
1369,-0.05092898158440099
1370,-0.03293829385782483
1371,-0.041423208651692654
1372,-0.03359857275068652
1373,-0.02411367142463196
1374,-0.046149908224819326
1375,-0.03247069652897881
1376,-0.02206608935088944
1377,-0.05632489794861858
1378,-0.0608298286490908
1379,-0.037220522232146135
1380,-0.04365027851020585
1381,-0.039716517794339684
1382,-0.040752005436772216
1383,-0.054599912080027145
1384,-0.04090541364408977
1385,-0.03542324398255549
1386,-0.12947410617369556
1387,-0.021229739132098958
1388,-0.06146971611376255
1389,-0.030412692811600577
1390,-0.04404768935574832
1391,-0.04135625322855721
1392,-0.031938399930991575
1393,-0.03147663036230404
1394,-0.04849611064922011
1395,-0.020307572722254558
1396,-0.04567919043177592
1397,-0.029768415907801757
1398,-0.04454998584499936
1399,-0.03332225199368384
1400,-0.05913240719574751
1401,-0.03893115982572072
1402,-0.026903791499168862
1403,-0.028366882237796574
1404,-0.029537554106617226
1405,-0.02244421047763779
1406,-0.04871042827511833
1407,-0.0274850492057506
1408,-0.035862118285143005
1409,-0.03868767302659765
1410,-0.03911827175757071
1411,-0.0373537021057095
1412,-0.030762074456978424
1413,-0.10047942395983253
1414,-0.04824201656522355
1415,-0.0366347939121897
1416,-0.039221522190065264
1417,-0.05065531957753429
1418,-0.031155579875944195
1419,-0.032024420884241664
1420,-0.03132558830676223
1421,-0.04279248209211334
1422,-0.02334050694886294
1423,-0.03031497649762945
1424,-0.01832230210860912
1425,-0.04666467397035054
1426,-0.0490506529351358
1427,-0.02973640069331729
1428,-0.0492481600778233
1429,-0.05003160719812896
1430,-0.04782537248763257
1431,-0.049200349082194894
1432,-0.026736491195161718
1433,-0.0296304595591888
1434,-0.03944636115180032
1435,-0.02103035955621414
1436,-0.02830769531922465
1437,-0.03943256160383666
1438,-0.056556026535322435
1439,-0.04925890263828714
1440,-0.030994855050072587
1441,-0.026026907981001702
1442,-0.06438368227642646
1443,-0.02482900914401781
1444,-0.08669081278879492
1445,-0.07013769119420696
1446,-0.04863970615104619
1447,-0.02824248943301796
1448,-0.04759126373879395
1449,-0.060495439398840674
1450,-0.025349884666445072
1451,-0.036311650554611455
1452,-0.035179974765258484
1453,-0.04262998292160634
1454,-0.06245257330116564
1455,-0.04789556871546262
1456,-0.052235868856319055
1457,-0.02847635264904515
1458,-0.05632428880789836
1459,-0.031003975090421125
1460,-0.02947390208115052
1461,-0.04839469637678427
1462,-0.041943104389065164
1463,-0.03763938414275155
1464,-0.03926108181696573
1465,-0.04005477415211471
1466,-0.023099774270909486
1467,-0.07685708600609045
1468,-0.0297764839226199
1469,-0.04986014061726755
1470,-0.02733303057939977
1471,-0.05340939736697694
1472,-0.04807999482805948
1473,-0.05545354013832195
1474,-0.028792308655129138
1475,-0.04739853335816281
1476,-0.02450734851136753
1477,-0.033457667911421116
1478,-0.07888130812748381
1479,-0.02943613899614635
1480,-0.016514896383435743
1481,-0.048528732100877235
1482,-0.0925798217475958
1483,-0.031079165654896507
1484,-0.04695692275218029
1485,-0.0492004028387112
1486,-0.03044244233007924
1487,-0.05392812037386115
1488,-0.03780001085720548
1489,-0.03909332231043288
1490,-0.06983505451033092
1491,-0.0528703575772834
1492,-0.02841481484143459
1493,-0.05422484611009104
1494,-0.046208423718282064
1495,-0.04360492586849361
1496,-0.02681991959497098
1497,-0.03079659782401788
1498,-0.0411352970406497
1499,-0.023045896673845028
1500,-0.05478434959616851
1501,-0.032579306514287164
1502,-0.07603867519892646
1503,-0.03213193921314488
1504,-0.06426484579229569
1505,-0.07841439499910764
1506,-0.03487580922914267
1507,-0.03633002944592225
1508,-0.026985630679749056
1509,-0.04840461723853248
1510,-0.03677518079784271
1511,-0.055002749933818915
1512,-0.02537886090258148
1513,-0.03403908591330247
1514,-0.03941383056125757
1515,-0.04148757475705082
1516,-0.0314486080384376
1517,-0.052254330819118185
1518,-0.02819342948393125
1519,-0.0768707912509223
1520,-0.08185019856387618
1521,-0.05119740513885192
1522,-0.02839233534157053
1523,-0.02870349202031375
1524,-0.04669676164698454
1525,-0.034352357879401316
1526,-0.06501522361592517
1527,-0.04240499088683529
1528,-0.02726153797161444
1529,-0.021277204457157573
1530,-0.03185139892511287
1531,-0.04721625909377555
1532,-0.023216932604216586
1533,-0.04059597353970869
1534,-0.04527817000695678
1535,-0.03899071203750031
1536,-0.0387354445589762
1537,-0.04621727739775105
1538,-0.0537771024244151
1539,-0.06543663630270548
1540,-0.04689147633512857
1541,-0.042600480513334565
1542,-0.05428177840030244
1543,-0.019699527528493
1544,-0.06194947916000475
1545,-0.0627479717541238
1546,-0.027272169249266842
1547,-0.05269621450248097
1548,-0.030512379230026136
1549,-0.0393619611686714
1550,-0.07251523511665538
1551,-0.025428994166080937
1552,-0.07562738302828613
1553,-0.044158241577755636
1554,-0.03837115295746383
1555,-0.07270208982323287
1556,-0.030799385062418718
1557,-0.04854326810125325
1558,-0.03293759732263096
1559,-0.049990516393501584
1560,-0.050773435322430935
1561,-0.052362715004627004
1562,-0.04015444123769076
1563,-0.03486569935247488
1564,-0.021805937257305383
1565,-0.06436972378885872
1566,-0.0546580836149004
1567,-0.048807011358511926
1568,-0.05802729720936841
1569,-0.043493725100187806
1570,-0.032917980483205496
1571,-0.02219027553559983
1572,-0.06159288639998756
1573,-0.04725955783950396
1574,-0.03320627700214268
1575,-0.05619434612893013
1576,-0.019194368590163585
1577,-0.061894674601978436
1578,-0.06450867050471444
1579,-0.03335760490497003
1580,-0.0938368354300622
1581,-0.04112038487706693
1582,-0.029264680230297387
1583,-0.025639845180481558
1584,-0.030755919766354868
1585,-0.04040389289312464
1586,-0.026571664287725127
1587,-0.032875748860159745
1588,-0.03994511794732143
1589,-0.0705624110925563
1590,-0.019470910965863685
1591,-0.024567068793793383
1592,-0.03816464987638416
1593,-0.05164733955448717
1594,-0.050005834420882564
1595,-0.0397199193149747
1596,-0.06683108411084097
1597,-0.04888351722379974
1598,-0.05495282435273309
1599,-0.039373302303171764
1600,-0.08481684458910864
1601,-0.03691549293500955
1602,-0.032739244293098456
1603,-0.04044170182900115
1604,-0.03303874652067261
1605,-0.05969516318626442
1606,-0.052067381237560925
1607,-0.0629165278152619
1608,-0.03400767156292656
1609,-0.05459441113092232
1610,-0.05973153464630467
1611,-0.016875043384365247
1612,-0.03710861670651298
1613,-0.06604336355517182
1614,-0.036423463965306234
1615,-0.03854478320389633
1616,-0.051215284484189785
1617,-0.02310225919921952
1618,-0.04178635819446897
1619,-0.06585792182645586
1620,-0.042322382727362585
1621,-0.02625103200259605
1622,-0.023081695970268715
1623,-0.027026922077808112
1624,-0.03942255665025593
1625,-0.030163989854657007
1626,-0.04441561562577608
1627,-0.048686325824223116
1628,-0.02842905785603303
1629,-0.024256524116162338
1630,-0.02226749554119397
1631,-0.024150176877265884
1632,-0.050885126533661805
1633,-0.07133105360251163
1634,-0.021068157651237738
1635,-0.04401493689923858
1636,-0.027199069150651862
1637,-0.03817969215748634
1638,-0.038692166973215536
1639,-0.02648548685523629
1640,-0.044613566294311034
1641,-0.02595157128392474
1642,-0.04572270825843689
1643,-0.030682176694048425
1644,-0.04629127510164461
1645,-0.06600716999683333
1646,-0.07008807002389891
1647,-0.0595742145732574
1648,-0.06879912854162973
1649,-0.04218093762154389
1650,-0.0378703875079487
1651,-0.031343325653219616
1652,-0.02718202488800509
1653,-0.0987296081036818
1654,-0.05923559601728603
1655,-0.031906906187765274
1656,-0.007966601418337837
1657,-0.06627080713251736
1658,-0.04167428510323197
1659,-0.039714305873604985
1660,-0.028595085543759207
1661,-0.04474996176795872
1662,-0.020380640060439933
1663,-0.04746865629453968
1664,-0.039686171323909364
1665,-0.05695284804701426
1666,-0.042516323617029735
1667,-0.031098332832211632
1668,-0.059323762950872334
1669,-0.04711486311188876
1670,-0.03205122980149413
1671,-0.029010937263965288
1672,-0.043981093648510716
1673,-0.06937066091814656
1674,-0.031933895436356344
1675,-0.026641685603161408
1676,-0.038046493932495686
1677,-0.04128191131023222
1678,-0.0744803332065834
1679,-0.04677390578344689
1680,-0.06859422263469303
1681,-0.0213529200612955
1682,-0.06936437703381343
1683,-0.034881026625203766
1684,-0.05088490753173226
1685,-0.025337276592242573
1686,-0.05284704862546432
1687,-0.04786010179848586
1688,-0.03972058322908471
1689,-0.02298198688262772
1690,-0.01425594734224859
1691,-0.058675088626888486
1692,-0.03305343870659857
1693,-0.02575119333776691
1694,-0.05026099382196847
1695,-0.035113798749238916
1696,-0.052606516867048335
1697,-0.03836658987227851
1698,-0.02079965668192034
1699,-0.044736566693532695
1700,-0.07600728213695195
1701,-0.02182736441077971
1702,-0.04378874940532276
1703,-0.03606155218166943
1704,-0.06198048522003015
1705,-0.03620937824977799
1706,-0.03189244236327399
1707,-0.06682904815967372
1708,-0.06073056478533119
1709,-0.0425196228888
1710,-0.06144944036530986
1711,-0.04770537770185725
1712,-0.042734228716050295
1713,-0.05159568423641453
1714,-0.035172019584641036
1715,-0.0578366918083691
1716,-0.053721888112647685
1717,-0.04531864966196126
1718,-0.03739401433533103
1719,-0.04652923512561237
1720,-0.04661258850590358
1721,-0.0737635991551655
1722,-0.06822095888603608
1723,-0.07602235533524701
1724,-0.02595674901488949
1725,-0.05466482037968503
1726,-0.04049834785490749
1727,-0.033046645826434906
1728,-0.05000514098281559
1729,-0.044292095880716836
1730,-0.07674781124921826
1731,-0.038418807838898165
1732,-0.025020933316321874
1733,-0.04881032448587665
1734,-0.032473191740855466
1735,-0.03237479675668474
1736,-0.033235021841719274
1737,-0.043121275468870034
1738,-0.028699368608338386
1739,-0.025825512248466825
1740,-0.039269671503953975
1741,-0.03980165335423498
1742,-0.05497593827590337
1743,-0.07200163384104112
1744,-0.06467910143706271
1745,-0.08748542345253799
1746,-0.02532937437987735
1747,-0.046987189668443605
1748,-0.038219373627811866
1749,-0.04114785962700261
1750,-0.050534204231863465
1751,-0.08204090095760792
1752,-0.043744568492111724
1753,-0.03711262867297317
1754,-0.03981119795231407
1755,-0.03128628797186165
1756,-0.041694345895701104
1757,-0.02904628971590137
1758,-0.03031426266631827
1759,-0.03428873954236185
1760,-0.03668968846105089
1761,-0.05126912124335116
1762,-0.04693791305887236
1763,-0.020693733781096103
1764,-0.04815148205533428
1765,-0.035561620936251606
1766,-0.04696674877157808
1767,-0.038390410351742524
1768,-0.07655380883230925
1769,-0.035731440049370365
1770,-0.014319798427749568
1771,-0.03510254938810304
1772,-0.052875790635328386
1773,-0.020967511179786968
1774,-0.03096355509608417
1775,-0.06481387440796799
1776,-0.047594837487091465
1777,-0.04902113588436301
1778,-0.036782674782857565
1779,-0.0399244729534007
1780,-0.051589066224152665
1781,-0.06193348749185311
1782,-0.06173848741015996
1783,-0.041208376118416434
1784,-0.04277504029180504
1785,-0.01815841779855961
1786,-0.04673651184010776
1787,-0.13232792363442658
1788,-0.01874602625311621
1789,-0.04410907740999166
1790,-0.05595053447432328
1791,-0.0777236995184005
1792,-0.02635554998356101
1793,-0.08427974606849238
1794,-0.050517400734213694
1795,-0.030294797167205626
1796,-0.021339013717112464
1797,-0.0416516365696109
1798,-0.058986962450969085
1799,-0.032560798662604695
1800,-0.03476060327373577
1801,-0.06473240841874306
1802,-0.03686059470877755
1803,-0.04438792003125862
1804,-0.02873477901902142
1805,-0.058322419166703166
1806,-0.02627474747522555
1807,-0.08317104085976232
1808,-0.02428151617344245
1809,-0.049887733306121736
1810,-0.020957430284760468
1811,-0.05687891943131348
1812,-0.03265390817390497
1813,-0.031154914247529593
1814,-0.03442796024092655
1815,-0.039864126852511665
1816,-0.05899227828398525
1817,-0.060383413643068685
1818,-0.03435765309908932
1819,-0.012979474898770136
1820,-0.057633584358507815
1821,-0.06326854554741636
1822,-0.05148019000275774
1823,-0.057047250774757065
1824,-0.06652661223461134
1825,-0.05231524543266312
1826,-0.04413436181918254
1827,-0.03230617096529033
1828,-0.030957002402259307
1829,-0.04666146899258422
1830,-0.032525394589667585
1831,-0.05557219840100812
1832,-0.036965181139084036
1833,-0.05190629873905188
1834,-0.03671436738399169
1835,-0.05760785622499784
1836,-0.033069214241645786
1837,-0.04024657964742225
1838,-0.06994558069909353
1839,-0.04287469463679838
1840,-0.027725507232328174
1841,-0.057617624615223566
1842,-0.03913741882787432
1843,-0.05442050158240985
1844,-0.04554556795061825
1845,-0.037404394635414465
1846,-0.07203261145370113
1847,-0.06314746045137372
1848,-0.058650979679713174
1849,-0.05398166545011455
1850,-0.02140024859896004
1851,-0.03328147735753482
1852,-0.031010009674275807
1853,-0.05400628541756872
1854,-0.0624908365802014
1855,-0.056384996913219076
1856,-0.03013901399229525
1857,-0.03250286678665368
1858,-0.03722424006717907
1859,-0.0925696476566545
1860,-0.048807166689353136
1861,-0.062147070409254726
1862,-0.027827075758533756
1863,-0.05278981079875041
1864,-0.035077765714514826
1865,-0.03338349006534323
1866,-0.03395742000177414
1867,-0.04490035193738123
1868,-0.032074648988430376
1869,-0.07075241446104516
1870,-0.05793052633010811
1871,-0.038182173013917575
1872,-0.06457727719200891
1873,-0.05612828882881025
1874,-0.06397918677002468
1875,-0.02618139461546177
1876,-0.04513415717646841
1877,-0.0461474306834033
1878,-0.06567702069589279
1879,-0.06717561230636136
1880,-0.02502178177759704
1881,-0.03969581238362563
1882,-0.0544578411445832
1883,-0.04535109342458881
1884,-0.06295937107910635
1885,-0.048173582675852616
1886,-0.036566569564849764
1887,-0.04700168495431643
1888,-0.039092854326808715
1889,-0.03967402883181839
1890,-0.044739242175938006
1891,-0.07755664110699456
1892,-0.04434978136212391
1893,-0.059540168577056386
1894,-0.05898952758740721
1895,-0.0342657153778352
1896,-0.05568950818941433
1897,-0.023998965081376555
1898,-0.04375794142181564
1899,-0.04119100656227848
1900,-0.031590942202631214
1901,-0.03943824963642973
1902,-0.03883077476445345
1903,-0.0537630269363132
1904,-0.04349585346345962
1905,-0.033378318330723675
1906,-0.04602674406257568
1907,-0.044246021940793585
1908,-0.024705371896985986
1909,-0.07644486358156913
1910,-0.04777034342249155
1911,-0.02829847387163328
1912,-0.0447996148747168
1913,-0.027345635284423686
1914,-0.055106665597570284
1915,-0.04258922551758624
1916,-0.05153690327302607
1917,-0.05142972348943322
1918,-0.07375666265051427
1919,-0.06412027159862442
1920,-0.04956247685966094
1921,-0.05001398417276781
1922,-0.07368232590891066
1923,-0.062481184031578124
1924,-0.04476331935921883
1925,-0.051112175927056025
1926,-0.040065618236105015
1927,-0.02477027655005057
1928,-0.01649104557887842
1929,-0.05474636395221074
1930,-0.044295125827710655
1931,-0.06971220231338557
1932,-0.043416766950439535
1933,-0.05524106778097156
1934,-0.06893190435761172
1935,-0.043777413199035005
1936,-0.0345761535317658
1937,-0.026808793458462286
1938,-0.031399890096703166
1939,-0.05056030774845012
1940,-0.01762751105522383
1941,-0.024282994307566703
1942,-0.0234922587263744
1943,-0.04034846595720532
1944,-0.028122081867863545
1945,-0.04909675533900225
1946,-0.0279696048509869
1947,-0.12474769575454085
1948,-0.04440434115067855
1949,-0.029625689898255283
1950,-0.042750299393080685
1951,-0.05457221904838962
1952,-0.035737047246784656
1953,-0.043706966038224576
1954,-0.03813764156683677
1955,-0.04854530077230485
1956,-0.04509688920438908
1957,-0.050056793276554684
1958,-0.04586398119391487
1959,-0.0615665502210928
1960,-0.05409533440744687
1961,-0.0285070293392235
1962,-0.020044609797436656
1963,-0.01968595581368333
1964,-0.044539718016029
1965,-0.04896418295017392
1966,-0.03692396487450983
1967,-0.03924185760290149
1968,-0.09722088873271996
1969,-0.046137908539382766
1970,-0.04830928538873351
1971,-0.049195823611705394
1972,-0.046330774179116296
1973,-0.07476167101569045
1974,-0.020950053147571347
1975,-0.053194086041343416
1976,-0.060990485763762176
1977,-0.056819266491573636
1978,-0.039618049014607463
1979,-0.03796829107851491
1980,-0.0508796377783116
1981,-0.03961134854166195
1982,-0.050274537746636885
1983,-0.08501067117925735
1984,-0.027655976235115468
1985,-0.03395924308185129
1986,-0.050553638879876885
1987,-0.031602931941017195
1988,-0.04823885272846997
1989,-0.02039218322602733
1990,-0.0373416266477372
1991,-0.05572842251408848
1992,-0.0917602666233654
1993,-0.061626476343685475
1994,-0.06348980685584228
1995,-0.031355937462334366
1996,-0.055948568096987485
1997,-0.03522796687454169
1998,-0.05255310667384768
1999,-0.029502143520969207
