,value_per_image
0,-0.04733333
1,-0.010186628
2,-0.038836304
3,-0.04008071
4,-0.015814709
5,-0.011981496999999999
6,-0.027181902999999997
7,-0.025015201
8,-0.021068975
9,-0.016869102
10,-0.017895646
11,-0.012798205
12,-0.015339962
13,-0.027539885
14,-0.020144824
15,-0.019326555
16,-0.03161183
17,-0.031272765
18,-0.03164148
19,-0.028163007
20,-0.02841331
21,-0.017669225
22,-0.0234825
23,-0.015923503999999998
24,-0.028131153
25,-0.028609706000000002
26,-0.024237663
27,-0.018224385
28,-0.042568337000000005
29,-0.025108232999999997
30,-0.022633478
31,-0.040567822999999996
32,-0.030080568
33,-0.03707397
34,-0.02195007
35,-0.012583101999999999
36,-0.02152003
37,-0.042243052
38,-0.031662117999999996
39,-0.014812778
40,-0.0141791
41,-0.020836022
42,-0.024573007999999997
43,-0.019880573999999998
44,-0.01648381
45,-0.013978118999999999
46,-0.019729758
47,-0.022701139
48,-0.016896704
49,-0.03477766
50,-0.03059334
51,-0.015829515
52,-0.023191657
53,-0.031260937
54,-0.0100201825
55,-0.009716854
56,-0.014861118999999999
57,-0.023454405
58,-0.02588037
59,-0.017220972
60,-0.012496798
61,-0.013025275
62,-0.019559378
63,-0.02899395
64,-0.040583894
65,-0.017419433
66,-0.036191877000000004
67,-0.019282041
68,-0.017356744
69,-0.032974582
70,-0.014287991000000002
71,-0.021784197999999998
72,-0.02005113
73,-0.011673136
74,-0.021756572999999998
75,-0.02290004
76,-0.030722068999999998
77,-0.012164036000000001
78,-0.029735645
79,-0.023605277999999997
80,-0.01813587
81,-0.020056473000000002
82,-0.045541577
83,-0.03490486
84,-0.0230793
85,-0.0267795
86,-0.021177359
87,-0.017501844
88,-0.05219974
89,-0.022188802999999997
90,-0.024706568999999998
91,-0.019828329
92,-0.027617311000000002
93,-0.022154677999999997
94,-0.031336766
95,-0.013540736999999999
96,-0.032765564
97,-0.011288176
98,-0.009481735500000001
99,-0.03437285
100,-0.019687336
101,-0.0153868245
102,-0.017077008
103,-0.018984998
104,-0.013774028
105,-0.017175274
106,-0.037885107
107,-0.046888615999999994
108,-0.018184928
109,-0.022846907000000003
110,-0.03467939
111,-0.016596518
112,-0.021728601
113,-0.010576226000000001
114,-0.03861581
115,-0.0148489345
116,-0.021809056
117,-0.017823419
118,-0.009972863
119,-0.020952867
120,-0.030641414
121,-0.012535748000000001
122,-0.018507952
123,-0.0072159586
124,-0.029285064
125,-0.020020645
126,-0.027620645
127,-0.02148005
128,-0.020310953
129,-0.016147213
130,-0.041896403
131,-0.03505401
132,-0.021134635
133,-0.01591514
134,-0.05173788
135,-0.01764453
136,-0.019729508
137,-0.023006923
138,-0.04342954
139,-0.023166687999999998
140,-0.022987177999999997
141,-0.014227888999999999
142,-0.032254692
143,-0.009483105
144,-0.02682917
145,-0.027610099
146,-0.01982968
147,-0.02787046
148,-0.025923505
149,-0.024313545
150,-0.05040227
151,-0.020295713
152,-0.014578538
153,-0.041198466
154,-0.044176847000000005
155,-0.016512468
156,-0.015337486000000001
157,-0.044183016
158,-0.010171942
159,-0.024028152
160,-0.035806216
161,-0.014801133999999999
162,-0.017001472
163,-0.011337924
164,-0.0063696103
165,-0.033604994
166,-0.019742325
167,-0.011007651
168,-0.011989253
169,-0.02762209
170,-0.049320857999999995
171,-0.055988148
172,-0.011998108
173,-0.029814762999999998
174,-0.027711492
175,-0.042978015
176,-0.026778492999999997
177,-0.022704735
178,-0.038407654
179,-0.05062927
180,-0.025434352
181,-0.016382298
182,-0.013140583
183,-0.027067937
184,-0.028661352
185,-0.028803078
186,-0.06255642
187,-0.023120847000000003
188,-0.036297172
189,-0.01641516
190,-0.014131155
191,-0.016882319
192,-0.014582503
193,-0.021397138
194,-0.020965418
195,-0.034020316
196,-0.009912971
197,-0.020338746
198,-0.019166267
199,-0.012386611
200,-0.057335015
201,-0.008181586
202,-0.016943656
203,-0.033879746
204,-0.035471562000000005
205,-0.03970175
206,-0.006508302
207,-0.054271784
208,-0.020466318
209,-0.026141752
210,-0.030076022999999997
211,-0.016621878
212,-0.021850986
213,-0.026362516000000003
214,-0.016697936
215,-0.02233852
216,-0.009871447
217,-0.026211185
218,-0.019658912
219,-0.008033056
220,-0.021706626
221,-0.01607824
222,-0.028834462
223,-0.01879617
224,-0.016505912
225,-0.019582333
226,-0.014090372
227,-0.026798625
228,-0.009151804
229,-0.01555677
230,-0.022546727000000003
231,-0.01767077
232,-0.024449962999999998
233,-0.032531813
234,-0.025513139
235,-0.023723823999999998
236,-0.01402019
237,-0.0148223955
238,-0.024297366
239,-0.03683115
240,-0.016069878
241,-0.022091836
242,-0.036684773999999996
243,-0.018063833999999997
244,-0.010777138
245,-0.03849836
246,-0.019466218
247,-0.009050049000000001
248,-0.036252625
249,-0.008385634
250,-0.010675555
251,-0.014075248500000002
252,-0.015736137
253,-0.043664362000000005
254,-0.011034905
255,-0.025487987
256,-0.026572905
257,-0.014740801000000001
258,-0.05523941
259,-0.02960791
260,-0.034621857
261,-0.013383675
262,-0.012126428
263,-0.020095586999999998
264,-0.028897327999999996
265,-0.018962913999999997
266,-0.029108226
267,-0.026331828999999998
268,-0.035838444
269,-0.03319035
270,-0.017935079
271,-0.017409788
272,-0.016316613
273,-0.03832631
274,-0.0181265
275,-0.032793425
276,-0.025084627999999998
277,-0.020800889
278,-0.0085643865
279,-0.02818659
280,-0.015775375
281,-0.016894853
282,-0.06909445
283,-0.017873777
284,-0.013890008
285,-0.04106184
286,-0.08676087
287,-0.01976174
288,-0.022218147
289,-0.009105164
290,-0.019524151
291,-0.018896509
292,-0.03749323
293,-0.018156099999999998
294,-0.021112567000000002
295,-0.008812814
296,-0.016046232
297,-0.036569644
298,-0.018724073
299,-0.054343882999999996
300,-0.0146107925
301,-0.02940713
302,-0.015473263000000001
303,-0.04266124
304,-0.018988853
305,-0.024926393999999998
306,-0.022794079
307,-0.011462361
308,-0.040455025
309,-0.04000765
310,-0.019806735
311,-0.016192315
312,-0.010978
313,-0.016349312
314,-0.017400175
315,-0.031332973
316,-0.010507243999999999
317,-0.062197942
318,-0.030400122999999998
319,-0.014297226000000001
320,-0.031035075
321,-0.033212658
322,-0.047159504000000005
323,-0.014403918
324,-0.016176398999999998
325,-0.015162741
326,-0.011551083
327,-0.030630143
328,-0.021859742999999997
329,-0.021597692999999998
330,-0.021050352999999997
331,-0.017245155
332,-0.016059326000000002
333,-0.007702011999999999
334,-0.016608438
335,-0.01686882
336,-0.02656469
337,-0.036781173
338,-0.021919234
339,-0.009375714
340,-0.043410387
341,-0.04567481599999999
342,-0.024924746
343,-0.014757355
344,-0.015289128
345,-0.01640673
346,-0.017757125
347,-0.016119263999999998
348,-0.014886606
349,-0.012528906000000001
350,-0.018028666999999998
351,-0.052087537999999996
352,-0.01811271
353,-0.013814411
354,-0.028210739
355,-0.02492735
356,-0.011100505
357,-0.027201304
358,-0.018324953
359,-0.013210299999999998
360,-0.01702592
361,-0.038108744
362,-0.011553256000000001
363,-0.017430203000000002
364,-0.030693007999999997
365,-0.03337267
366,-0.02529327
367,-0.020238567
368,-0.013428896999999999
369,-0.02313296
370,-0.023019042000000003
371,-0.016455516
372,-0.02849099
373,-0.042814057
374,-0.032382327999999995
375,-0.02259465
376,-0.027031645
377,-0.018251088000000002
378,-0.019508172
379,-0.012477041999999999
380,-0.030536857
381,-0.01837799
382,-0.017134184
383,-0.013177191999999999
384,-0.027073082999999998
385,-0.03135813
386,-0.056765072
387,-0.017078385
388,-0.015761057
389,-0.038239817999999995
390,-0.027267002000000002
391,-0.021609006
392,-0.016092032
393,-0.019637663
394,-0.07292143
395,-0.017074209
396,-0.0717893
397,-0.014250737
398,-0.013829951000000002
399,-0.033630244
400,-0.008604709
401,-0.010997452
402,-0.00917386
403,-0.015648915
404,-0.031830784
405,-0.013421064
406,-0.0186885
407,-0.030745232
408,-0.018332314
409,-0.043078654
410,-0.026010243
411,-0.020518357
412,-0.016346887
413,-0.02388399
414,-0.013640854499999999
415,-0.01611637
416,-0.05170646
417,-0.028723758
418,-0.019146817
419,-0.016634723
420,-0.023997106
421,-0.013607687
422,-0.034108452000000004
423,-0.01888455
424,-0.019772343
425,-0.028592095
426,-0.017545875
427,-0.03783229
428,-0.018241696
429,-0.022683022999999997
430,-0.022993721
431,-0.026289469
432,-0.03778872
433,-0.02042123
434,-0.011329642
435,-0.03299684
436,-0.027481963999999998
437,-0.02056061
438,-0.024617199
439,-0.013724241000000002
440,-0.02145064
441,-0.016176682
442,-0.014901329
443,-0.04362445
444,-0.026988512000000003
445,-0.018586237
446,-0.016775101
447,-0.010682897
448,-0.020199075
449,-0.01761436
450,-0.017575203
451,-0.013096958999999998
452,-0.020302821000000002
453,-0.017958915
454,-0.016157664
455,-0.023109248
456,-0.011893657
457,-0.026930619
458,-0.020544853000000002
459,-0.02004662
460,-0.010473256
461,-0.028626686000000002
462,-0.036168665
463,-0.009460318
464,-0.03084104
465,-0.012572812
466,-0.030387526
467,-0.020641154
468,-0.01573561
469,-0.037424512
470,-0.011725861
471,-0.02375786
472,-0.017722059
473,-0.021207869
474,-0.0067195269999999994
475,-0.008335206999999999
476,-0.013520704
477,-0.020082726999999998
478,-0.013927186000000001
479,-0.028048932999999998
480,-0.013011318000000001
481,-0.04707844
482,-0.036233182999999995
483,-0.013367997
484,-0.025212146
485,-0.027666102999999997
486,-0.012236017
487,-0.014191438999999998
488,-0.021723539
489,-0.011225008
490,-0.02435294
491,-0.016673105
492,-0.022202631
493,-0.006462959
494,-0.014862432
495,-0.03474915
496,-0.022865182
497,-0.016624873999999998
498,-0.017918937
499,-0.029150867999999996
500,-0.014895654
501,-0.012133565
502,-0.022961926
503,-0.026777847
504,-0.011166128
505,-0.0410294
506,-0.023627272
507,-0.019217798
508,-0.020681776000000002
509,-0.011712188
510,-0.024677021
511,-0.02229603
512,-0.036762834
513,-0.010108759
514,-0.016684687
515,-0.031749457
516,-0.033124637
517,-0.019136276
518,-0.009524284000000001
519,-0.012769936
520,-0.026554856
521,-0.020473348
522,-0.030455846
523,-0.04380677
524,-0.013924283999999999
525,-0.020583585
526,-0.03161425
527,-0.04153343
528,-0.017663131999999998
529,-0.005691000999999999
530,-0.026810782000000002
531,-0.008153453
532,-0.03936219999999999
533,-0.012956737
534,-0.025901492999999998
535,-0.02858522
536,-0.0066055823
537,-0.024799732
538,-0.018870221
539,-0.038062125
540,-0.020774916
541,-0.064517535
542,-0.028104682000000002
543,-0.010442188
544,-0.023410296
545,-0.014053013
546,-0.012744502
547,-0.043361254
548,-0.014078156999999999
549,-0.027986187000000003
550,-0.048860565
551,-0.016213937
552,-0.018202438999999997
553,-0.08617718
554,-0.02588893
555,-0.0651605
556,-0.021744432
557,-0.013727193
558,-0.017378781
559,-0.011130141000000001
560,-0.06924407
561,-0.026641674
562,-0.031309143
563,-0.04007996
564,-0.018979492
565,-0.01558017
566,-0.016271881999999998
567,-0.04485405
568,-0.040498745
569,-0.044086333
570,-0.02376472
571,-0.034184843
572,-0.025294455
573,-0.03313119999999999
574,-0.027186433
575,-0.02855
576,-0.022553265
577,-0.022570387
578,-0.037382446
579,-0.03340031
580,-0.027506027000000002
581,-0.022007473
582,-0.03608913
583,-0.018879438000000002
584,-0.037785217
585,-0.034362655
586,-0.017945066000000003
587,-0.0141874775
588,-0.049155000000000004
589,-0.030526336
590,-0.030961878999999998
591,-0.025753725
592,-0.01598438
593,-0.012535697
594,-0.014040799
595,-0.010621671000000001
596,-0.015926
597,-0.01503088
598,-0.035044625
599,-0.050984647
600,-0.013385645
601,-0.037273314
602,-0.02034515
603,-0.049465258
604,-0.06150134
605,-0.008721147
606,-0.04404867
607,-0.02346736
608,-0.016307237
609,-0.014672683999999998
610,-0.028387022999999997
611,-0.024648594
612,-0.019081376
613,-0.021238142999999998
614,-0.02606292
615,-0.016991766000000002
616,-0.020295741000000003
617,-0.017108183
618,-0.042280097
619,-0.015059379
620,-0.020341816999999998
621,-0.046692207
622,-0.020635925
623,-0.015865475
624,-0.043043092000000005
625,-0.045289382
626,-0.026703056
627,-0.032291267
628,-0.021611096
629,-0.04080306
630,-0.018083507
631,-0.014190885
632,-0.017503243
633,-0.039820928
634,-0.02867811
635,-0.009323054
636,-0.04220702
637,-0.016801601
638,-0.031009575
639,-0.011678848
640,-0.022455827999999997
641,-0.010103810999999999
642,-0.022888388
643,-0.01959751
644,-0.024811947999999997
645,-0.01168973
646,-0.014630087
647,-0.008981164
648,-0.026564457000000003
649,-0.023957936000000003
650,-0.035556097
651,-0.016062708999999998
652,-0.037665006
653,-0.026672704
654,-0.022579165
655,-0.01577937
656,-0.020838937
657,-0.04169278
658,-0.03690529
659,-0.027357984
660,-0.017550426
661,-0.025882437999999997
662,-0.016093728999999998
663,-0.01957522
664,-0.02032736
665,-0.019932976
666,-0.009159348000000001
667,-0.02036514
668,-0.009550187
669,-0.028174112
670,-0.018186213
671,-0.019048594
672,-0.04120535
673,-0.022506641
674,-0.02831778
675,-0.035511937
676,-0.017725939
677,-0.013298611
678,-0.021613623999999998
679,-0.014750025
680,-0.018783011999999998
681,-0.023221013999999998
682,-0.0121732885
683,-0.011046141
684,-0.02188373
685,-0.024062873999999998
686,-0.022146307
687,-0.021762037999999997
688,-0.024792043
689,-0.0074973819999999995
690,-0.04283167
691,-0.013318638
692,-0.017794251
693,-0.08507749
694,-0.024971677
695,-0.009088804
696,-0.04018491
697,-0.019561598
698,-0.023480162000000002
699,-0.030347118
700,-0.015519043
701,-0.012686508999999999
702,-0.05231305
703,-0.023517392999999998
704,-0.030944536
705,-0.008756376
706,-0.01454439
707,-0.02459473
708,-0.014450208999999999
709,-0.027049387
710,-0.0076470226
711,-0.016060125
712,-0.03247447
713,-0.035158943
714,-0.015258935
715,-0.010173895
716,-0.029742585
717,-0.01874809
718,-0.01603072
719,-0.011782513
720,-0.024169145
721,-0.021555482999999997
722,-0.020807328
723,-0.02246543
724,-0.06295694
725,-0.020490875
726,-0.020314317
727,-0.026028823
728,-0.017007818
729,-0.012252786000000002
730,-0.0142106125
731,-0.059381857999999996
732,-0.01259803
733,-0.013590902
734,-0.008861721
735,-0.018308222
736,-0.00706378
737,-0.020068621000000002
738,-0.040702276
739,-0.037655797000000005
740,-0.0068453215
741,-0.016554732
742,-0.029606487999999997
743,-0.0186158
744,-0.03198634
745,-0.008285454499999999
746,-0.02831312
747,-0.02323011
748,-0.030571401
749,-0.009672752
750,-0.045810937999999995
751,-0.022270408
752,-0.012944454
753,-0.021560153
754,-0.019742673
755,-0.020713238000000002
756,-0.017589562
757,-0.015567820500000001
758,-0.011031116
759,-0.027527945
760,-0.025971089
761,-0.018224534
762,-0.009143414
763,-0.016467278999999998
764,-0.03575387
765,-0.020198932
766,-0.019471122
767,-0.017033596
768,-0.041071706
769,-0.035128955
770,-0.010967943
771,-0.014658258
772,-0.018789109
773,-0.022187283
774,-0.034055002
775,-0.022395982999999998
776,-0.022075264
777,-0.038746797
778,-0.017851304
779,-0.016320484
780,-0.014295535
781,-0.038045026
782,-0.033193544
783,-0.0071501659999999995
784,-0.022421636
785,-0.029956972000000002
786,-0.014148669
787,-0.012404506000000001
788,-0.026176637000000003
789,-0.013606498
790,-0.02258764
791,-0.019148943999999998
792,-0.017735861000000002
793,-0.016505435
794,-0.015353573999999998
795,-0.022041695
796,-0.022794295
797,-0.014444645
798,-0.012517788
799,-0.021740093999999998
800,-0.034884777
801,-0.024491396000000002
802,-0.04321606
803,-0.022542138
804,-0.031474452
805,-0.032240517
806,-0.012830606999999999
807,-0.014106117
808,-0.044573944000000004
809,-0.046814963
810,-0.025767867000000003
811,-0.025127787000000002
812,-0.027105914
813,-0.03323112
814,-0.029273453999999997
815,-0.015161128000000001
816,-0.034392312
817,-0.034369013999999996
818,-0.02233395
819,-0.02452058
820,-0.008293258000000001
821,-0.023858044
822,-0.025456341
823,-0.022841949
824,-0.08125463
825,-0.014708263999999999
826,-0.02228938
827,-0.038858395
828,-0.005329805999999999
829,-0.03556387
830,-0.023887599
831,-0.019539207
832,-0.008345014
833,-0.009340886999999999
834,-0.0059401784
835,-0.031930346
836,-0.015299823999999998
837,-0.015458162
838,-0.028834004
839,-0.011257713
840,-0.016667865
841,-0.023799732
842,-0.017625853
843,-0.015595534
844,-0.012919093999999999
845,-0.018545087
846,-0.010553628999999998
847,-0.03217701
848,-0.016498461000000002
849,-0.03352893
850,-0.030742494
851,-0.009074302
852,-0.022340272999999997
853,-0.049432535
854,-0.030691335
855,-0.0077738264
856,-0.018995166
857,-0.01508163
858,-0.029456588
859,-0.02231634
860,-0.018262343
861,-0.022626333
862,-0.033536788
863,-0.01562869
864,-0.015266155
865,-0.020816423
866,-0.011620983500000001
867,-0.019825162
868,-0.027108543
869,-0.016466135
870,-0.0065374053
871,-0.030993482000000003
872,-0.02322408
873,-0.053738177000000005
874,-0.034524895
875,-0.018997163
876,-0.024185665
877,-0.010401941999999999
878,-0.024041839
879,-0.015725555
880,-0.035019036
881,-0.009583771
882,-0.029129902000000003
883,-0.019618753
884,-0.018003053999999998
885,-0.009490915
886,-0.016021779
887,-0.048594635
888,-0.017245803
889,-0.009490756999999999
890,-0.017806388
891,-0.020777738
892,-0.0155738825
893,-0.008930354
894,-0.013652808999999998
895,-0.03535595
896,-0.034298994
897,-0.05699668
898,-0.008056584
899,-0.01390207
900,-0.020498645
901,-0.03949685
902,-0.020606624
903,-0.020775953
904,-0.02673066
905,-0.06260092
906,-0.010871583999999998
907,-0.026362907
908,-0.009112293
909,-0.015798343
910,-0.056600112
911,-0.016988924
912,-0.012390257
913,-0.014715193
914,-0.032688424
915,-0.047082596
916,-0.026337616
917,-0.02301394
918,-0.039892774
919,-0.026543431
920,-0.019106397
921,-0.01323884
922,-0.06017196
923,-0.009305825
924,-0.016784027
925,-0.023384312
926,-0.00507365
927,-0.015155304
928,-0.021769496
929,-0.031265046
930,-0.044968985
931,-0.01828473
932,-0.044573285
933,-0.027928809
934,-0.024750315
935,-0.03710181
936,-0.037558317
937,-0.018875131
938,-0.05128196
939,-0.026894223
940,-0.022943214
941,-0.019718235
942,-0.023159726000000002
943,-0.02747414
944,-0.020333575
945,-0.018470673
946,-0.008047306
947,-0.0205745
948,-0.012057575
949,-0.013942386999999999
950,-0.013029252
951,-0.011010681999999999
952,-0.017478516
953,-0.017998513
954,-0.014074598999999998
955,-0.019450473
956,-0.022429638
957,-0.013437911
958,-0.017880997
959,-0.033994604
960,-0.029945455
961,-0.009661811999999999
962,-0.05745369999999999
963,-0.029846052
964,-0.029862685
965,-0.02179623
966,-0.023379378
967,-0.011203447
968,-0.021301884
969,-0.010094019000000001
970,-0.033006854
971,-0.021575242
972,-0.02247993
973,-0.012048353000000001
974,-0.010204191999999999
975,-0.026526643
976,-0.022003797999999998
977,-0.012162453500000002
978,-0.027001932000000003
979,-0.011498602
980,-0.014511376000000001
981,-0.014936892
982,-0.014327321
983,-0.009123704
984,-0.018568275
985,-0.110027425
986,-0.038557407
987,-0.025510307000000003
988,-0.011255993
989,-0.011898542
990,-0.02971123
991,-0.013535038999999999
992,-0.025485896
993,-0.07942508
994,-0.016082488
995,-0.024012743
996,-0.034612673999999996
997,-0.014692528
998,-0.025004447000000003
999,-0.011508049
1000,-0.03855397
1001,-0.021075387999999997
1002,-0.016970744
1003,-0.011517941
1004,-0.0062121847
1005,-0.02496986
1006,-0.021772022999999998
1007,-0.061040305
1008,-0.0142513085
1009,-0.010777272
1010,-0.020644773
1011,-0.021236707999999997
1012,-0.009479743
1013,-0.030057117
1014,-0.027116286
1015,-0.016974253999999998
1016,-0.018785272
1017,-0.009312148000000001
1018,-0.031084025
1019,-0.020457128
1020,-0.031707644
1021,-0.025175184
1022,-0.03105032
1023,-0.031467788
1024,-0.016059408
1025,-0.018072263999999998
1026,-0.01759215
1027,-0.012933202
1028,-0.021544611
1029,-0.025436242999999997
1030,-0.026738305
1031,-0.032396276
1032,-0.026810982999999997
1033,-0.017905775
1034,-0.014359896
1035,-0.023246177000000003
1036,-0.020804765
1037,-0.013007933000000001
1038,-0.019832153
1039,-0.016084569
1040,-0.04970646
1041,-0.017678406
1042,-0.017295392
1043,-0.017956771
1044,-0.018405138
1045,-0.018519498
1046,-0.02328523
1047,-0.014926966000000002
1048,-0.017900916
1049,-0.025447592
1050,-0.026477989
1051,-0.011565724
1052,-0.015898416000000002
1053,-0.024384115
1054,-0.016069999999999997
1055,-0.037040815
1056,-0.010833398000000001
1057,-0.028136216000000002
1058,-0.015541451000000001
1059,-0.022742642
1060,-0.021252532999999997
1061,-0.0194
1062,-0.014612686000000001
1063,-0.032654643
1064,-0.022654327000000002
1065,-0.0059363440000000005
1066,-0.03867705
1067,-0.023639241000000002
1068,-0.023361165
1069,-0.017929928
1070,-0.02330589
1071,-0.011536163
1072,-0.050235699999999994
1073,-0.018364398
1074,-0.02796136
1075,-0.03498146
1076,-0.03745727
1077,-0.019051787
1078,-0.022595575
1079,-0.02354993
1080,-0.01804288
1081,-0.047979955
1082,-0.011409127
1083,-0.019747762
1084,-0.023354447
1085,-0.018855607
1086,-0.09016996599999999
1087,-0.012121666000000001
1088,-0.013687899
1089,-0.013732481999999999
1090,-0.05204176
1091,-0.024548419
1092,-0.060867723
1093,-0.023039065
1094,-0.048631307
1095,-0.03187452
1096,-0.013472433
1097,-0.025113693
1098,-0.017036455
1099,-0.0071552377
1100,-0.018546388
1101,-0.020074948999999998
1102,-0.014796158
1103,-0.028493084
1104,-0.007665762
1105,-0.023327297
1106,-0.012474626
1107,-0.016349503999999997
1108,-0.012566378999999999
1109,-0.0070658713
1110,-0.023351705
1111,-0.007254225699999999
1112,-0.024685794
1113,-0.0105029475
1114,-0.028082537999999997
1115,-0.049060237
1116,-0.012705336999999999
1117,-0.019001916
1118,-0.016635321
1119,-0.025968502999999997
1120,-0.027824735
1121,-0.027535096000000002
1122,-0.019157533
1123,-0.029457037999999998
1124,-0.024380466
1125,-0.010755673
1126,-0.020239092
1127,-0.015309194
1128,-0.025585537999999998
1129,-0.010681971
1130,-0.022008067000000003
1131,-0.03116022
1132,-0.012922612
1133,-0.012108438000000001
1134,-0.01926595
1135,-0.015213085
1136,-0.0073874416
1137,-0.041616376000000004
1138,-0.029363252000000003
1139,-0.027047724
1140,-0.03330347
1141,-0.012643906000000002
1142,-0.028020173
1143,-0.016318591
1144,-0.014658849
1145,-0.0373465
1146,-0.020377772
1147,-0.03136847
1148,-0.012730552
1149,-0.019206031999999998
1150,-0.021624402999999997
1151,-0.057722672999999995
1152,-0.021400427000000003
1153,-0.028234744
1154,-0.020537648000000002
1155,-0.039611007999999996
1156,-0.027200615
1157,-0.015081376
1158,-0.014650046000000002
1159,-0.020405384
1160,-0.05094192
1161,-0.015300761000000001
1162,-0.035325274
1163,-0.01008963
1164,-0.018207947
1165,-0.040552784
1166,-0.02189207
1167,-0.013243082
1168,-0.017568225
1169,-0.024807375
1170,-0.015105436000000002
1171,-0.0062486967000000004
1172,-0.018445322
1173,-0.021432841
1174,-0.016569711
1175,-0.017882248
1176,-0.026061706
1177,-0.021537833
1178,-0.01841268
1179,-0.026300697
1180,-0.018780734
1181,-0.024101196000000002
1182,-0.024949066000000002
1183,-0.017100062
1184,-0.030589447999999998
1185,-0.023005437000000004
1186,-0.014362653000000001
1187,-0.01694905
1188,-0.010016463
1189,-0.015616266
1190,-0.021026589
1191,-0.020597009
1192,-0.00798764
1193,-0.025933681
1194,-0.03219933
1195,-0.018576285
1196,-0.03169595
1197,-0.016369753
1198,-0.035777885
1199,-0.037215013
1200,-0.021812106
1201,-0.01291571
1202,-0.055075083
1203,-0.012861238999999998
1204,-0.023616266
1205,-0.017301293
1206,-0.016276224
1207,-0.025650289
1208,-0.011072641999999999
1209,-0.034234744
1210,-0.018822912
1211,-0.038400855
1212,-0.032009702
1213,-0.017843802
1214,-0.02955031
1215,-0.031062352
1216,-0.01730268
1217,-0.030987589
1218,-0.04785786
1219,-0.014190777
1220,-0.0086866105
1221,-0.03182085
1222,-0.014208356
1223,-0.008394334
1224,-0.019089893
1225,-0.04065492
1226,-0.021174466
1227,-0.022011325
1228,-0.02516289
1229,-0.017376408
1230,-0.012964337
1231,-0.005570389300000001
1232,-0.014255176999999999
1233,-0.0137950275
1234,-0.026287615
1235,-0.04764668
1236,-0.02970271
1237,-0.03192159
1238,-0.016334064
1239,-0.013920014
1240,-0.01839453
1241,-0.019245459
1242,-0.010118987
1243,-0.038910158
1244,-0.037798844
1245,-0.027370038
1246,-0.025600556
1247,-0.028504971
1248,-0.026619036000000002
1249,-0.017226636
1250,-0.023877725
1251,-0.013997802
1252,-0.027474908
1253,-0.024552384
1254,-0.009471617
1255,-0.013078363999999999
1256,-0.028425084
1257,-0.030639404
1258,-0.038754694
1259,-0.039662655
1260,-0.015489018500000002
1261,-0.0357656
1262,-0.021077177000000002
1263,-0.019896837
1264,-0.005207873
1265,-0.017137168
1266,-0.01763661
1267,-0.02922949
1268,-0.049323097
1269,-0.025165053
1270,-0.029508125
1271,-0.034460682
1272,-0.032143027000000005
1273,-0.039762687000000005
1274,-0.021543668999999998
1275,-0.02415107
1276,-0.061034366
1277,-0.013769478
1278,-0.013761381999999999
1279,-0.025385507999999998
1280,-0.026868278
1281,-0.01428148
1282,-0.0094452705
1283,-0.0070953940000000005
1284,-0.023718588
1285,-0.01329745
1286,-0.034844
1287,-0.008607403000000001
1288,-0.012212757
1289,-0.02809504
1290,-0.020812413000000002
1291,-0.012117417
1292,-0.05666731
1293,-0.0414986
1294,-0.039108206
1295,-0.0514948
1296,-0.02680562
1297,-0.018096732
1298,-0.027749753999999998
1299,-0.013622028000000001
1300,-0.021466588999999998
1301,-0.011274023999999999
1302,-0.024779186
1303,-0.02717776
1304,-0.014260492
1305,-0.009364477
1306,-0.011929422
1307,-0.018833086000000002
1308,-0.014433007
1309,-0.024757905
1310,-0.019342467
1311,-0.011603526999999999
1312,-0.02271452
1313,-0.029814105
1314,-0.023612373
1315,-0.04994193
1316,-0.06111044400000001
1317,-0.011014181999999999
1318,-0.043004803
1319,-0.022698517999999997
1320,-0.027497787000000003
1321,-0.046307996
1322,-0.017110078
1323,-0.020990428
1324,-0.013404155
1325,-0.02391954
1326,-0.013560579
1327,-0.032708693
1328,-0.022572974
1329,-0.022274807
1330,-0.017999018000000002
1331,-0.010833828
1332,-0.018601261
1333,-0.019195912
1334,-0.017862046
1335,-0.023865735
1336,-0.037756067000000004
1337,-0.008942365
1338,-0.017653922
1339,-0.010598525
1340,-0.009588623000000001
1341,-0.019854065
1342,-0.020235855
1343,-0.011232138000000001
1344,-0.016914919
1345,-0.044311672
1346,-0.026105233
1347,-0.06288627
1348,-0.030941855
1349,-0.05239096
1350,-0.046387635
1351,-0.013459063
1352,-0.05786491
1353,-0.024112806
1354,-0.05009524
1355,-0.0116260005
1356,-0.019297328
1357,-0.041376386
1358,-0.047640875
1359,-0.0102581335
1360,-0.023702364
1361,-0.011740132
1362,-0.013458081499999998
1363,-0.019960742
1364,-0.043245997
1365,-0.029977066
1366,-0.024564488
1367,-0.03870173
1368,-0.019536756000000002
1369,-0.028149465
1370,-0.011657737
1371,-0.016224429
1372,-0.01598599
1373,-0.012204525
1374,-0.020647045
1375,-0.017027633
1376,-0.013558706
1377,-0.018712014
1378,-0.02399016
1379,-0.013489535
1380,-0.009991201
1381,-0.017862338999999998
1382,-0.016759146000000003
1383,-0.025641667000000003
1384,-0.017359728
1385,-0.01724866
1386,-0.051678207000000004
1387,-0.010899585
1388,-0.02569423
1389,-0.015645914
1390,-0.01593041
1391,-0.02659602
1392,-0.0173496
1393,-0.015443771
1394,-0.020213043
1395,-0.009180991999999999
1396,-0.010959847
1397,-0.024051365
1398,-0.024925917000000002
1399,-0.018647986000000002
1400,-0.022922624
1401,-0.018823838
1402,-0.020339978999999998
1403,-0.010979215
1404,-0.013474953999999999
1405,-0.011978483
1406,-0.039151516000000004
1407,-0.018479897
1408,-0.017338494
1409,-0.028877173
1410,-0.01833603
1411,-0.026649662999999997
1412,-0.014952453000000001
1413,-0.053729232
1414,-0.020123405
1415,-0.015989332
1416,-0.015610293999999999
1417,-0.0360976
1418,-0.014964433999999999
1419,-0.013202529
1420,-0.011959086
1421,-0.02393953
1422,-0.0135038765
1423,-0.013141108
1424,-0.008182158
1425,-0.023341484
1426,-0.018255373000000002
1427,-0.017191252
1428,-0.018622592
1429,-0.030298937
1430,-0.013383206000000002
1431,-0.023686862000000003
1432,-0.017573502
1433,-0.019583192
1434,-0.015157621999999999
1435,-0.011531423999999998
1436,-0.015203698
1437,-0.018080365
1438,-0.038643025
1439,-0.027225137000000003
1440,-0.02200053
1441,-0.0172783
1442,-0.03922886
1443,-0.012884873
1444,-0.041320562000000005
1445,-0.044096737999999996
1446,-0.018220691
1447,-0.018109772
1448,-0.027153543999999998
1449,-0.04171977
1450,-0.011728566999999999
1451,-0.021228262999999997
1452,-0.020214146000000002
1453,-0.012953188999999999
1454,-0.02913788
1455,-0.024038773
1456,-0.028326162999999998
1457,-0.014173044
1458,-0.026203364
1459,-0.016212013
1460,-0.018050639
1461,-0.014756211000000002
1462,-0.021437737999999998
1463,-0.016056783
1464,-0.017033553
1465,-0.020755762
1466,-0.012673593
1467,-0.042204887
1468,-0.012576213999999999
1469,-0.033019
1470,-0.010373858
1471,-0.01640918
1472,-0.024847481
1473,-0.029623216
1474,-0.011519595
1475,-0.021932386
1476,-0.006856569
1477,-0.01871564
1478,-0.033711817000000005
1479,-0.016687076999999998
1480,-0.008016213000000001
1481,-0.021794695
1482,-0.064776205
1483,-0.013090956
1484,-0.02123261
1485,-0.02865448
1486,-0.015501126
1487,-0.02768086
1488,-0.014306566000000001
1489,-0.021544365
1490,-0.03924542
1491,-0.036402732
1492,-0.017814398000000002
1493,-0.032517254
1494,-0.02806897
1495,-0.020434154
1496,-0.019987968999999998
1497,-0.018495008
1498,-0.023231823
1499,-0.011017516000000002
1500,-0.024923773
1501,-0.013628197
1502,-0.027410781000000002
1503,-0.013059068500000002
1504,-0.022661516
1505,-0.049933974000000006
1506,-0.028757467999999998
1507,-0.011275485
1508,-0.014646368
1509,-0.029390275
1510,-0.013286326000000001
1511,-0.021303961
1512,-0.011885647
1513,-0.016587855
1514,-0.009624377
1515,-0.013594028000000001
1516,-0.017748686
1517,-0.03783836
1518,-0.016792098000000002
1519,-0.049333043
1520,-0.035391755
1521,-0.03331265
1522,-0.014363171000000001
1523,-0.011508901
1524,-0.019896932
1525,-0.015351196999999999
1526,-0.04479209
1527,-0.016232029
1528,-0.011719047
1529,-0.013349168
1530,-0.014574395
1531,-0.03541261
1532,-0.013740357
1533,-0.020619273
1534,-0.023179342999999998
1535,-0.02107156
1536,-0.030681252000000003
1537,-0.014177708
1538,-0.028602122999999997
1539,-0.036677916
1540,-0.031316265
1541,-0.020284953
1542,-0.028320377999999997
1543,-0.009903223000000001
1544,-0.054132123
1545,-0.033763625
1546,-0.012845464
1547,-0.020429764
1548,-0.018043293000000002
1549,-0.01911292
1550,-0.049285308
1551,-0.011938327
1552,-0.04116562
1553,-0.033817022999999995
1554,-0.029749848
1555,-0.034189217
1556,-0.012517159
1557,-0.02626922
1558,-0.01778207
1559,-0.03735381
1560,-0.030492434
1561,-0.028079347999999997
1562,-0.020488641999999998
1563,-0.018378945
1564,-0.013964311
1565,-0.042319145
1566,-0.017778251000000002
1567,-0.019082252
1568,-0.025390942000000003
1569,-0.031644724
1570,-0.011472457
1571,-0.0080646565
1572,-0.049761664000000004
1573,-0.02162209
1574,-0.016685808
1575,-0.019989638
1576,-0.010494666000000001
1577,-0.043657865
1578,-0.032493494
1579,-0.01827556
1580,-0.024074519
1581,-0.026951813999999998
1582,-0.013854476999999999
1583,-0.015821187
1584,-0.016704304
1585,-0.018241791
1586,-0.012171211999999999
1587,-0.018856763999999998
1588,-0.023597486
1589,-0.0404856
1590,-0.009566119
1591,-0.010090566
1592,-0.010002849
1593,-0.029511017999999997
1594,-0.042237908
1595,-0.016093751
1596,-0.03977933
1597,-0.04684894
1598,-0.023043517000000003
1599,-0.02290679
1600,-0.03955812
1601,-0.016906876
1602,-0.023327268999999998
1603,-0.030225335
1604,-0.02190843
1605,-0.028220562
1606,-0.040475417
1607,-0.031328518
1608,-0.014577324499999999
1609,-0.024695598
1610,-0.03211715
1611,-0.0058030584
1612,-0.022515927
1613,-0.033051748
1614,-0.024031775
1615,-0.027114713999999998
1616,-0.022134034
1617,-0.010282767
1618,-0.031260386
1619,-0.02288367
1620,-0.021089577999999998
1621,-0.011579128999999999
1622,-0.014005331000000001
1623,-0.012923126000000002
1624,-0.020223489
1625,-0.013555764
1626,-0.02927902
1627,-0.019978733999999998
1628,-0.01178062
1629,-0.011820664
1630,-0.01178383
1631,-0.011423121000000001
1632,-0.022213012
1633,-0.035425599999999995
1634,-0.013499009
1635,-0.028864297999999997
1636,-0.012640169
1637,-0.02444191
1638,-0.01380304
1639,-0.015623915
1640,-0.029049827
1641,-0.018668246
1642,-0.017233325
1643,-0.012316038
1644,-0.03296895
1645,-0.04792601
1646,-0.045108925999999994
1647,-0.039742306
1648,-0.026646737
1649,-0.01931319
1650,-0.026049258
1651,-0.017751751
1652,-0.01957456
1653,-0.05233174
1654,-0.027793517
1655,-0.02333025
1656,-0.004495545
1657,-0.030507032000000003
1658,-0.023183756
1659,-0.01870732
1660,-0.013150301999999999
1661,-0.028162016
1662,-0.008210481
1663,-0.02183744
1664,-0.019859421999999998
1665,-0.02017076
1666,-0.025471881000000002
1667,-0.011817238
1668,-0.03591948
1669,-0.021145275
1670,-0.01696246
1671,-0.012213706999999999
1672,-0.02418894
1673,-0.032755625
1674,-0.01382035
1675,-0.01219189
1676,-0.028594002
1677,-0.017013356
1678,-0.04261954
1679,-0.014098531999999999
1680,-0.04817042
1681,-0.0104754595
1682,-0.036009006
1683,-0.017440846
1684,-0.02100251
1685,-0.014602573
1686,-0.031108726
1687,-0.01855505
1688,-0.023535386000000002
1689,-0.014638652
1690,-0.008627613000000001
1691,-0.037515793
1692,-0.019193549
1693,-0.01308463
1694,-0.021738471000000002
1695,-0.011095935
1696,-0.03601637
1697,-0.021941992
1698,-0.013931892
1699,-0.025929753
1700,-0.04408409
1701,-0.00925924
1702,-0.015658516
1703,-0.018671293000000002
1704,-0.028854584
1705,-0.02198956
1706,-0.010140061
1707,-0.040595282
1708,-0.04089673
1709,-0.015285731
1710,-0.03386498
1711,-0.02001693
1712,-0.027975304
1713,-0.02396681
1714,-0.021716642999999997
1715,-0.026211677000000003
1716,-0.03340425
1717,-0.020919275
1718,-0.012054361999999999
1719,-0.035534382
1720,-0.0220802
1721,-0.023756182
1722,-0.030333417
1723,-0.03571774
1724,-0.013728597
1725,-0.0268188
1726,-0.02400311
1727,-0.01179579
1728,-0.021114262
1729,-0.022658706
1730,-0.05946092
1731,-0.012123682
1732,-0.015976422
1733,-0.025149036
1734,-0.012256022
1735,-0.008204014
1736,-0.019643089
1737,-0.020926196
1738,-0.014752432
1739,-0.009817191999999999
1740,-0.013458083999999999
1741,-0.016095443
1742,-0.026419032000000002
1743,-0.036341257
1744,-0.04452337
1745,-0.052707765
1746,-0.009993599
1747,-0.019669197
1748,-0.015402203
1749,-0.021693997000000003
1750,-0.021218961
1751,-0.059943233
1752,-0.020121155
1753,-0.015503612
1754,-0.018969454
1755,-0.01307248
1756,-0.02052546
1757,-0.011465953999999999
1758,-0.015446033
1759,-0.01704895
1760,-0.01679927
1761,-0.02644936
1762,-0.02305628
1763,-0.00952769
1764,-0.024785647
1765,-0.014860121499999998
1766,-0.024962075
1767,-0.020505676
1768,-0.04040767
1769,-0.013851842
1770,-0.0032434678
1771,-0.020634731
1772,-0.023743855
1773,-0.016893793
1774,-0.019331936
1775,-0.026405288
1776,-0.027655400000000004
1777,-0.014081597
1778,-0.008894833000000001
1779,-0.020304225
1780,-0.028079562000000002
1781,-0.03947998
1782,-0.03499027
1783,-0.024637355
1784,-0.027306555
1785,-0.007676329
1786,-0.030119873999999998
1787,-0.112980045
1788,-0.008404650999999999
1789,-0.029558402
1790,-0.021168072000000003
1791,-0.043377705
1792,-0.015028203
1793,-0.048583675
1794,-0.029433507
1795,-0.014702206499999999
1796,-0.009739791999999999
1797,-0.019368554
1798,-0.02581124
1799,-0.011441838999999999
1800,-0.019756591
1801,-0.033270426
1802,-0.021077577000000004
1803,-0.024352192999999998
1804,-0.012559784
1805,-0.016798574
1806,-0.013313130500000001
1807,-0.040424105
1808,-0.012931508999999999
1809,-0.03148369
1810,-0.009158514
1811,-0.03498498
1812,-0.02288494
1813,-0.022873367999999998
1814,-0.012568608
1815,-0.02163438
1816,-0.025053019
1817,-0.04064839
1818,-0.015240888000000001
1819,-0.006648144
1820,-0.0317897
1821,-0.034813683
1822,-0.01696007
1823,-0.03603087
1824,-0.025794461
1825,-0.018804712
1826,-0.03301771
1827,-0.014199683999999999
1828,-0.015301762
1829,-0.03836573
1830,-0.019275866000000003
1831,-0.023721892
1832,-0.024278998
1833,-0.024454793
1834,-0.016401956000000002
1835,-0.028210897000000002
1836,-0.012971938999999998
1837,-0.016125826
1838,-0.017473945
1839,-0.02856116
1840,-0.015800799999999997
1841,-0.027908073999999998
1842,-0.017470906
1843,-0.017830996
1844,-0.033836905
1845,-0.021444643
1846,-0.01879011
1847,-0.052419737
1848,-0.029698363999999998
1849,-0.025035834
1850,-0.00851655
1851,-0.009811122
1852,-0.015071537
1853,-0.01919289
1854,-0.025958600000000002
1855,-0.029328726
1856,-0.014463908999999999
1857,-0.029871248
1858,-0.01717732
1859,-0.05501849599999999
1860,-0.03403532
1861,-0.040139217000000005
1862,-0.0091443565
1863,-0.03402308
1864,-0.022242796000000002
1865,-0.015664354
1866,-0.024585402000000003
1867,-0.02762631
1868,-0.0148882335
1869,-0.04844276
1870,-0.014825113999999999
1871,-0.012625928
1872,-0.03239097
1873,-0.025452826
1874,-0.05587219
1875,-0.013579962
1876,-0.018361047
1877,-0.024589889
1878,-0.03358339
1879,-0.02688204
1880,-0.013444715
1881,-0.02020431
1882,-0.04014829
1883,-0.028780371000000003
1884,-0.032208785
1885,-0.016710574
1886,-0.021005853999999997
1887,-0.022353426000000003
1888,-0.026910447999999997
1889,-0.019683711
1890,-0.028386565
1891,-0.041397836
1892,-0.032825276
1893,-0.024280272000000002
1894,-0.035531834
1895,-0.013727946999999999
1896,-0.023695003
1897,-0.010078283
1898,-0.025923232999999997
1899,-0.012200684
1900,-0.01614572
1901,-0.018746281
1902,-0.017983738
1903,-0.021301655
1904,-0.01267522
1905,-0.012567281999999999
1906,-0.024442956000000002
1907,-0.02296166
1908,-0.013577367
1909,-0.049279228
1910,-0.027179558
1911,-0.009736499999999999
1912,-0.021428427000000003
1913,-0.01267944
1914,-0.018606573
1915,-0.016035793
1916,-0.022136702999999997
1917,-0.02716838
1918,-0.04706832
1919,-0.03300828
1920,-0.026741562000000003
1921,-0.014241651000000001
1922,-0.057738673
1923,-0.044909465999999995
1924,-0.021557031
1925,-0.030626027000000004
1926,-0.017827978
1927,-0.012489101
1928,-0.008830336999999999
1929,-0.042129084000000004
1930,-0.02274542
1931,-0.02529355
1932,-0.02075171
1933,-0.023144435
1934,-0.047045257
1935,-0.020930693
1936,-0.014246823999999998
1937,-0.01366347
1938,-0.015212624
1939,-0.031688962
1940,-0.007891667
1941,-0.016817188
1942,-0.006387973000000001
1943,-0.013314881
1944,-0.015410226
1945,-0.035795062999999995
1946,-0.01266142
1947,-0.10117756
1948,-0.018139238000000002
1949,-0.016387173999999997
1950,-0.016596556000000002
1951,-0.035771713
1952,-0.01818457
1953,-0.027173827999999997
1954,-0.01685727
1955,-0.018771451
1956,-0.02818459
1957,-0.037565947
1958,-0.015299953500000001
1959,-0.030320212000000003
1960,-0.034745287
1961,-0.02076222
1962,-0.010002618000000001
1963,-0.0131222075
1964,-0.031590454
1965,-0.024854262999999998
1966,-0.0139201535
1967,-0.01966645
1968,-0.044066716
1969,-0.024756907999999998
1970,-0.028446883
1971,-0.01899709
1972,-0.013656883500000001
1973,-0.02523378
1974,-0.009289277
1975,-0.03268204
1976,-0.028005328
1977,-0.020961413
1978,-0.015793674
1979,-0.021426504
1980,-0.02110066
1981,-0.0189755
1982,-0.03068087
1983,-0.07386546599999999
1984,-0.010705351
1985,-0.01761755
1986,-0.024740366
1987,-0.01734451
1988,-0.030283077000000002
1989,-0.014054361000000001
1990,-0.014961457
1991,-0.04201659
1992,-0.05177924
1993,-0.037966017000000005
1994,-0.049601372000000005
1995,-0.014085779
1996,-0.028548208999999998
1997,-0.009676533000000001
1998,-0.034082957000000004
1999,-0.008597253000000001
