,value_per_image
0,4.774828220143219
1,17.915733991894903
2,20.254672801011335
3,10.42964341934208
4,11.669573850962365
5,30.51087324586458
6,18.778615276464834
7,10.445752712997818
8,5.791344210756933
9,16.65805439736282
10,9.495116269122358
11,16.327703354641482
12,18.831985195150775
13,9.285274676050141
14,14.101186335153407
15,9.716895289139167
16,11.562582123178327
17,3.3116037099484545
18,4.217460982591211
19,11.826023715196932
20,24.321790481627943
21,5.379110273754065
22,14.391629998606362
23,25.62136914812035
24,11.848224304286717
25,20.59606580049431
26,7.432646295103889
27,5.2427150007518435
28,22.483441700257348
29,24.38474877814184
30,11.271402218217613
31,14.0238586241155
32,11.97998508538458
33,8.936961911112364
34,11.034564097797176
35,14.438504631384305
36,12.524422795055333
37,1.9040005206904804
38,17.170114273968583
39,11.572027260477409
40,16.088472915842242
41,8.286495070179187
42,8.352147348343022
43,2.2454016128606327
44,10.436451279799426
45,14.081577558528405
46,16.75924393272825
47,13.221954341902615
48,-1.0386954167416396
49,8.709910028197204
50,14.303492825554791
51,6.4312727822056655
52,5.1899320120706385
53,4.8756693182918145
54,21.058868204421213
55,13.796178091930914
56,9.91202165366798
57,8.711167479801908
58,6.914514452859577
59,-3.159260052110344
60,21.015135391929608
61,6.003950673802787
62,3.2048481060887366
63,7.997293353741207
64,4.1045295239184005
65,12.069587206667954
66,19.22279415083823
67,15.50396959096165
68,15.750890011791423
69,19.08466456361555
70,32.10581130769569
71,7.725000218587774
72,11.68924980219791
73,28.386481931280613
74,3.427517713971044
75,3.9130236889142815
76,20.594624337203335
77,13.004419562856885
78,-1.296455220722774
79,12.618214631535325
80,18.88836032683672
81,16.55414643402683
82,6.130124938691729
83,12.182164535056682
84,1.2299660766927376
85,14.240921925814076
86,4.087044781443062
87,8.072706542993185
88,13.278393101604749
89,19.839568302666283
90,-4.622770762523536
91,17.11528108886255
92,7.829626786869416
93,9.570969290277569
94,-0.7857918688314166
95,7.187473300440958
96,24.55327672656141
97,7.376076469572651
98,5.210270153726045
99,6.296081706869837
100,22.171665374147384
101,6.419574014038605
102,17.87172595020934
103,10.689430071179475
104,10.182050528460175
105,8.429343201130331
106,3.581408453774725
107,6.768923580008381
108,9.268392094551025
109,12.197783037723989
110,10.341561709042754
111,8.551409052691717
112,16.990968977711415
113,37.54179853729141
114,3.7983416102740737
115,-0.9885790252763109
116,11.247498322177949
117,14.128757095016097
118,9.338431388043501
119,13.851297404313659
120,11.19613100014062
121,8.339660732642887
122,6.456150649985787
123,14.022259451583693
124,3.184556661864574
125,-0.86967798381084
126,10.419156080561875
127,5.76649121622592
128,17.79753265575965
129,3.0092133417883002
130,9.331042139232508
131,-0.34936098497359747
132,20.7032879265451
133,14.896812053850738
134,10.212400559022214
135,18.961834647180453
136,9.832089193918536
137,10.004398481722035
138,13.431161870976723
139,3.8075107373249306
140,3.5098136874305847
141,4.774085964767131
142,10.85417291391995
143,9.085557989514509
144,17.42630972776632
145,7.990208827666695
146,20.41734993308884
147,-1.24569292447659
148,12.880855001396212
149,3.0643802740361905
150,14.140546584392059
151,11.248432260681287
152,4.2506954037671765
153,3.5345806143554754
154,11.689121583832137
155,2.5343952244005927
156,7.644175166441538
157,-2.9400252665512103
158,4.413312203242812
159,21.61666364734406
160,0.7870691633020126
161,3.7291899648667837
162,6.533872966366548
163,10.243713125524915
164,6.704874751418054
165,12.077128975924674
166,1.9657703723939308
167,4.306499035716679
168,11.443229351775987
169,5.381394893369527
170,8.575173807335423
171,10.42110879922853
172,6.910393735645379
173,18.49230106005447
174,5.009073305646909
175,15.549100675859991
176,7.964155128312989
177,5.53156212450638
178,1.3604968796309813
179,7.062944097935815
180,19.864344501580113
181,12.613538662302828
182,5.93301796134675
183,7.90747731556467
184,12.288079880004878
185,5.380008866795754
186,6.53003678350599
187,3.78649035513971
188,-4.717700716237707
189,8.7649914164174
190,10.632942867172513
191,6.011925543318861
192,9.483792181306978
193,10.036738268740708
194,2.9137345542824784
195,14.599242541236872
196,2.6003342799305718
197,10.737735840956317
198,7.112847606347989
199,4.712999765683139
200,9.723481257009563
201,24.430722916024582
202,2.2249452746144196
203,1.5401466818135607
204,9.193219301388783
205,3.468738728187699
206,13.890271836858092
207,6.7833771426116956
208,6.798488949218692
209,-0.0320414784443976
210,-1.7313793358650857
211,14.085325429535352
212,7.298247560756633
213,6.640863840099841
214,0.07145874814408211
215,8.184297623680415
216,15.435586654133632
217,10.095077717846
218,-0.4321012360754062
219,-0.8236703868899612
220,18.72921827959946
221,3.5793982445627512
222,0.27091307840951817
223,18.023804100345945
224,8.570754690674015
225,17.581790535696797
226,25.35794009863523
227,1.043895205455503
228,16.034498506627937
229,6.154510269757583
230,5.4988224668136665
231,13.723382957954401
232,23.066478331541585
233,4.562552708996627
234,3.020018882299551
235,17.820784442514015
236,21.01222386866392
237,19.980632473297415
238,25.09456610806087
239,12.264777969236459
240,9.171260477905108
241,12.364968635834652
242,8.386824747840683
243,17.1365027795867
244,18.470057310203636
245,12.907216660485988
246,16.51580353997327
247,15.315134204950324
248,-6.997044955295344
249,41.75281064975462
250,16.6267951780155
251,2.839396752368964
252,9.890026129092156
253,1.7588822193449702
254,15.19999121729648
255,-5.73713423686784
256,9.425483126573102
257,20.279520775182274
258,1.9787071626455397
259,17.36465436882492
260,13.496258078378764
261,19.98538813936009
262,19.829274197342944
263,4.635435107430305
264,8.059300352928553
265,30.346073796706197
266,6.280064861972676
267,14.615632592636736
268,2.8515935624832935
269,9.473632746986127
270,-0.5934743053754029
271,14.315934065544564
272,8.920253427127715
273,11.967469262691175
274,10.611149450616264
275,14.038646536006672
276,6.374453635700444
277,20.724842249219396
278,15.416169539954943
279,15.93053080486794
280,12.40741039453609
281,22.73507219234509
282,4.827754993744972
283,2.832876167533095
284,11.354831279697922
285,4.595824621372535
286,8.743988261409518
287,5.606262072699351
288,21.954109356582975
289,1.6587657353869278
290,21.518750995110302
291,12.318302560385257
292,-4.389879017266551
293,17.69343788919394
294,2.8173614509287064
295,12.666338901728393
296,17.090656097548138
297,9.348743719611194
298,19.354601501761987
299,-4.876747217359692
300,17.273745099805737
301,15.654562052145918
302,8.796069399926848
303,20.32521990510775
304,12.461558260693343
305,7.42485463387922
306,5.405317527875062
307,22.243580666057735
308,16.34092524213188
309,0.19926639367784915
310,7.0104366857241445
311,7.997144944528195
312,19.35777415816736
313,18.169992199883204
314,15.576465827179442
315,24.036816850512952
316,13.052694276256124
317,19.104928153232496
318,9.880351088832874
319,15.547501761811029
320,13.613824628474946
321,6.897328334938324
322,11.40389729678515
323,0.8415149512186056
324,2.9240894221469533
325,16.97754693197873
326,1.484159850227331
327,7.683402292931261
328,-4.594825957696447
329,11.75403117533144
330,13.01024203281458
331,10.289391552376722
332,3.757622668035877
333,17.736094801918963
334,6.497920250491638
335,2.1313679646941104
336,3.969018696053427
337,3.1866309412994585
338,7.421194178486048
339,1.6330084370559772
340,3.5383833844245056
341,-0.792798607249451
342,7.842963831796638
343,8.988265444623941
344,9.931047189647892
345,5.694049189311936
346,8.737193602167189
347,16.61852528773168
348,9.289150886623839
349,5.175206623706229
350,13.366541081787192
351,12.479134351097349
352,24.94385834840069
353,10.436520899052988
354,14.213023852483536
355,20.547751829667792
356,-4.400334483133361
357,15.658581066450276
358,8.727445320749323
359,-2.418712319885441
360,14.972357619365475
361,-3.935008597868134
362,13.840581896832097
363,5.802147181027707
364,17.907352039725616
365,11.48252036719143
366,26.013300152793253
367,20.248125821700263
368,15.840826857492157
369,1.6597479880408872
370,22.82862930160052
371,16.73621792415421
372,10.834542523749771
373,15.492712441541084
374,20.58993525714615
375,12.792818874310647
376,16.54365303844151
377,14.216376138710679
378,6.978703007960001
379,20.67858638878385
380,10.080719733994252
381,7.557282779617049
382,10.745534544975524
383,4.003965657541001
384,9.023218207407139
385,13.184048390563007
386,9.503678330366185
387,0.6032986794072602
388,13.91664872444548
389,-0.34477275371774707
390,29.29935113269218
391,21.30167201220053
392,24.087049066647555
393,9.627714770174538
394,10.415048223399975
395,-1.551425003853881
396,7.939781572088788
397,18.97744510101986
398,11.20727276610386
399,5.226596933497303
400,21.17651522100788
401,15.37453961580847
402,2.2408564756208444
403,44.12138952242017
404,-0.03754236565002839
405,4.9733837098674165
406,8.200023191316442
407,2.101557842534742
408,11.411179578799258
409,28.201091826540132
410,2.734408303239441
411,16.548719050414874
412,11.761037464489654
413,10.683076440988572
414,12.47984596719796
415,5.6842123313188
416,10.584147370125626
417,0.621964831043589
418,14.273310319023494
419,1.2873381399303636
420,8.685507630215698
421,8.128064444183831
422,17.730213788513833
423,9.49927901366072
424,20.494128486173317
425,5.64134504729914
426,13.42940724874809
427,3.5349219786837196
428,15.55192063212387
429,6.086233830476742
430,7.990055461925743
431,-3.7363065763152754
432,0.9208984709623014
433,11.043444139410836
434,4.7307837739648715
435,4.035105201783733
436,3.004247730516497
437,26.760460543000395
438,0.3341433782126845
439,9.298574104699265
440,3.2204314604418873
441,11.367609151911003
442,4.369148754608797
443,2.6182282494303393
444,11.309861673145006
445,18.663466072031117
446,12.378893352161365
447,7.143104218418679
448,6.750456672799517
449,14.753439792875806
450,12.598798300908483
451,-2.107902388507059
452,18.268725149435436
453,26.47467795775767
454,24.27846014944327
455,3.483812019637024
456,27.39113265244342
457,-4.511918089079306
458,10.794866909052109
459,3.8420680473658284
460,14.900030936246248
461,-4.573289464027008
462,4.501649165332499
463,26.111541685276613
464,12.435185719101502
465,10.748087989841874
466,9.968647376218232
467,6.113153404402084
468,12.226161900019898
469,15.072278644262266
470,27.152103249616378
471,11.097998645816457
472,7.231113017859143
473,9.711451418520976
474,14.210910639063727
475,14.359793447292041
476,-2.6793716830864507
477,3.432067167417185
478,14.092080267270019
479,3.3574344242521126
480,7.815379261535219
481,-0.46338104171413963
482,6.922427371015231
483,20.34538685392125
484,22.31327755299524
485,10.581788983282497
486,14.543362232583782
487,15.919748999424911
488,10.409600293083887
489,5.7568205727510895
490,18.071036731048842
491,16.86635160237562
492,15.354525238015565
493,-1.3206644232840978
494,12.030900518753326
495,5.094674842082477
496,10.289053975741647
497,3.241278487577814
498,12.5077564257543
499,4.083932127562944
500,14.406753587989323
501,6.119063031968122
502,10.708523123003431
503,10.337561458268533
504,-0.07769908323139704
505,2.007272409199852
506,9.113662103342437
507,15.318395507781533
508,20.550879174700928
509,0.9701160028352732
510,22.073509220638247
511,4.366100346235857
512,7.139067171480818
513,4.310795107304182
514,14.432949514999425
515,21.782437203386035
516,-1.9593847540940768
517,19.208189797377507
518,24.61160754203345
519,13.251638668143054
520,5.94977505563325
521,11.74795548864562
522,4.037198355028643
523,15.873943217452661
524,17.11985697645469
525,8.315068449483634
526,11.911081631755811
527,-10.126151527811983
528,4.166404863873001
529,7.02301033100487
530,18.69239854982185
531,6.963390783318913
532,-0.6470937742042641
533,2.7356269642786186
534,3.441656059248407
535,30.89583216788201
536,17.067689057987963
537,15.544694717627772
538,4.988674347766543
539,10.947046621607411
540,-0.15946524674825482
541,2.1980786220301365
542,14.541346821708206
543,15.262534456571359
544,3.4527229742512024
545,20.22476585335088
546,10.424208544095425
547,1.915061708326494
548,1.0874005282091546
549,8.890554483774787
550,8.011256547117659
551,10.546263994339332
552,6.424698796534027
553,4.111533129597199
554,19.426489420295336
555,4.320592377091759
556,5.437821788275729
557,15.615631799383728
558,2.808968006628698
559,18.20587680421968
560,6.3758013782813086
561,11.350417323706528
562,8.242983896086576
563,9.275783476530497
564,29.000972938844242
565,2.4537680872444527
566,5.668757046514169
567,7.643995516679312
568,13.908436808452645
569,3.9474044932887207
570,16.97796746340334
571,-6.763094547676015
572,18.000341699741057
573,8.933465652077892
574,10.101375091423325
575,2.9682221296776983
576,16.188400164458933
577,13.115813756892663
578,3.3970131269738366
579,2.4658362189471297
580,10.165440400038126
581,13.137497076543863
582,6.215651647506852
583,7.334918358317715
584,7.1084750258212175
585,7.466646252314316
586,13.70364175032744
587,8.255345423041225
588,6.2870046861515885
589,-4.994967487355103
590,19.48387560928687
591,14.646791493735574
592,5.365795315736067
593,15.479879679112129
594,-0.047820025844224075
595,11.722851468675271
596,5.020265201821242
597,12.133064426738096
598,19.918639427172767
599,18.010582284775122
600,37.4671717663636
601,13.96539121267997
602,17.240875036648564
603,8.858095512085066
604,12.898140843016712
605,4.640924617354884
606,-8.158974146721402
607,15.751545941672866
608,10.457041844106337
609,21.52939567854918
610,3.1739666749194573
611,11.312833907481247
612,6.498164434532983
613,9.394947750071882
614,5.101562767176235
615,10.77278356608988
616,11.85127773322138
617,6.838177041834288
618,8.017632057804578
619,8.330087085951575
620,8.092185220041086
621,15.159363466028497
622,1.1927986802357038
623,17.39936380864837
624,7.632916813418206
625,32.475175117709774
626,-5.834198926187345
627,9.779367955461593
628,7.573239269897466
629,5.925326278265951
630,4.298425303358994
631,23.692021157549274
632,10.188854317674256
633,12.786279658047508
634,12.968937908408583
635,2.7038689921794625
636,23.235042219889912
637,14.550076947292734
638,5.925796964204912
639,15.646646850211468
640,12.29710359782503
641,17.015953413475877
642,8.865006225071667
643,31.582273554967706
644,17.254781695639462
645,10.309873137013337
646,9.327036126525622
647,26.362560739882746
648,11.252488573983744
649,2.409031822449399
650,27.83463126435694
651,11.814739720300055
652,13.650645504334577
653,9.51820115966265
654,14.342998444750219
655,14.922163650794728
656,12.997415086283118
657,1.3262477216941961
658,4.614438440190091
659,10.58760759543154
660,6.788838992329464
661,10.397186356816324
662,10.293378857568461
663,19.573544798035858
664,17.630741438069315
665,7.943536007429023
666,13.217315664073617
667,10.230915481344276
668,30.572276988248856
669,8.476757614135385
670,24.73207533268758
671,16.91769956114701
672,15.972549648926618
673,9.37921291246506
674,7.515171126575309
675,21.499517828901304
676,11.445015308308832
677,20.53793046378803
678,9.679760466018296
679,15.257701384719951
680,6.61836186444653
681,21.839301614718337
682,9.919005095273828
683,15.733879344876778
684,9.407737233984198
685,13.92807357401502
686,6.012707580024346
687,0.39021121786898666
688,11.076220371697596
689,5.210632969276926
690,1.391783671529182
691,24.748123122116798
692,10.548274738293914
693,11.917255655240906
694,3.7880591702973394
695,24.708994707670556
696,13.33488740755616
697,2.929161598052554
698,5.191007835805292
699,8.607425647431302
700,21.09897567494856
701,17.315785469883163
702,13.028617709158521
703,19.764126143659343
704,7.401828701717593
705,4.044360756836102
706,8.156739219904916
707,17.987679476783395
708,6.170516525824726
709,4.2118129086494855
710,22.524807114456415
711,21.2004586553111
712,8.567514102435407
713,17.165155003691588
714,15.185115405689075
715,11.473035943649679
716,9.776645550376847
717,3.7609606180163224
718,17.604638643362673
719,11.953367174161075
720,10.689921602156186
721,1.5281909963169744
722,9.059185888024903
723,6.582893802534011
724,11.68066239556812
725,4.857007231273804
726,8.733178048045861
727,8.733573117736983
728,-1.5802496274916613
729,26.57416361367561
730,4.6409994181448955
731,8.460024861729972
732,8.488261898876917
733,8.01224036729804
734,37.72434546200677
735,4.35617611482853
736,8.404198426440448
737,14.371463494542475
738,-2.799026462522329
739,1.0215444314196136
740,28.82217766408113
741,4.896262488279021
742,1.8649256916353198
743,17.27688244537234
744,6.666614800201532
745,7.870801541708336
746,15.007054899468688
747,26.761289367184126
748,6.244744711522129
749,14.362543029941433
750,12.463652772181861
751,27.849336661883825
752,11.960970301547091
753,9.157730075894595
754,4.204583647343799
755,9.747447498422343
756,14.931129435527543
757,13.134705211733792
758,5.118393375080843
759,15.471644511676363
760,0.516424478974675
761,12.856323172379225
762,38.0577186215048
763,0.21014608259905948
764,3.235330130038795
765,-3.265291909273208
766,0.9334085593794128
767,15.042403376298454
768,8.49146197914795
769,-0.06241778297476902
770,5.990046078597283
771,7.438718326120305
772,6.790305550153485
773,6.926639252536662
774,22.100983775707626
775,7.0608999970213056
776,16.12993485136258
777,13.982669215111445
778,10.334520657523644
779,11.776585211907422
780,1.5760812309682564
781,7.055399788978521
782,9.138754388747865
783,-0.9581033971305771
784,8.146588828206825
785,0.40709231615998664
786,9.426907433567061
787,18.627203179119647
788,6.89302291926453
789,0.11574015616784429
790,10.76692809300475
791,15.814519940179881
792,9.9216647776103
793,1.5716513130484655
794,21.9528116084205
795,20.860828720074615
796,6.536266658098601
797,6.861493350593554
798,22.422861668290228
799,4.1454880731388215
800,7.253475883644244
801,20.375940295171688
802,3.462292155163035
803,3.2927407996420923
804,0.3609096418733742
805,11.639436600328963
806,17.808938547374225
807,2.9867991028417977
808,12.336539025180121
809,15.549711154230803
810,16.830940306721054
811,6.668156214788528
812,2.334591538130058
813,7.615256726862518
814,2.052781542859326
815,3.2851364378927297
816,11.513998919346788
817,2.845398094145334
818,-0.8223172152174496
819,5.232879546655024
820,3.366031614125026
821,5.094149980639442
822,0.2649480360208524
823,7.773827146927821
824,11.648412667577825
825,21.45444948556947
826,7.538089024362527
827,6.609246284019476
828,35.79194754714601
829,35.71618769564519
830,5.598283461004662
831,5.251178239344975
832,21.768430560283708
833,35.950063703676
834,4.067896386832505
835,12.200186874996602
836,14.544273103047935
837,37.112823706569834
838,6.880995177676195
839,9.340950532590822
840,15.509756693451093
841,7.407652614360406
842,21.09107916014996
843,6.012197169363358
844,9.233170237323593
845,0.49597796798511173
846,20.6821230627516
847,9.625848727429837
848,19.221631537679286
849,20.9468744261224
850,11.442565656279946
851,12.258208249401427
852,15.081958742761653
853,4.458682874471169
854,6.115915648061953
855,23.173567923741505
856,7.579548471214855
857,4.505049794376316
858,8.632949630629568
859,9.957307781293231
860,8.249003398566098
861,12.840574611144211
862,12.4149571853454
863,20.855259583888994
864,9.961005334072858
865,11.43846480716445
866,-6.796354042328751
867,11.394274451640737
868,3.159872535376544
869,6.518366435168234
870,10.067348254197375
871,2.5604194497755883
872,18.647542890380564
873,1.346986168959339
874,3.8780002261780746
875,15.990497935910762
876,7.876801969270963
877,11.864018513960616
878,-5.588982435661345
879,27.950921881142946
880,14.277271020085902
881,12.12211587742734
882,-0.03763374432241421
883,18.77513722773528
884,1.3601413370687436
885,-1.8670404149518922
886,17.248747350559665
887,18.67389611000924
888,0.8575422843696765
889,15.656176500410288
890,6.024265888015104
891,4.234872127268705
892,14.859002139173633
893,10.493921079392152
894,15.639059827009248
895,4.894569264711282
896,7.47561616484195
897,18.30149451987701
898,14.148177788775655
899,7.5078755747599875
900,5.000063734260863
901,12.542084800130437
902,-7.174800663719552
903,9.372517155032487
904,20.525322826838536
905,-6.548900825106385
906,14.275790158289457
907,9.113597683377577
908,4.429005142967966
909,7.996376622417064
910,0.3489466442246335
911,9.837693211275836
912,12.125623932832424
913,11.511801351740758
914,5.526076615069844
915,10.589605418580403
916,11.774206821120103
917,-4.161042901065466
918,3.0050769672262203
919,18.296759048774714
920,18.804490118638956
921,10.700715905451595
922,9.979722013416655
923,3.5766568874218883
924,17.8929855931888
925,9.742508561091825
926,24.846677790278058
927,4.128630550762789
928,3.4249649008936616
929,4.757010610819978
930,12.813159763019154
931,9.874850477690712
932,21.521648116054827
933,14.664515484345921
934,9.569333018136362
935,16.62526719085131
936,14.947239943881419
937,15.490590181103618
938,24.994867763888823
939,11.545623062679173
940,20.498528722448633
941,8.195577074911725
942,7.240079888258599
943,12.873180907265128
944,8.228534515085235
945,14.309404968071386
946,34.307848540466516
947,14.909929181936386
948,16.30690531237049
949,14.136611685605365
950,15.276497273136588
951,17.90616165177316
952,14.996805239368438
953,7.356481069666626
954,28.413056603626675
955,10.690439370176831
956,-3.2644540667690594
957,11.64349741427569
958,3.5046419230874206
959,14.373848798036846
960,4.220497694469466
961,15.075960474864608
962,21.541085749143004
963,-2.509274658815672
964,5.6287798059242
965,4.148023251536049
966,5.615557756011534
967,17.830581457453295
968,7.629705838086305
969,5.405934442377719
970,2.705249280542997
971,14.41787414716407
972,7.700845186615659
973,4.0243388500743515
974,8.145195588876321
975,24.319405880782263
976,8.216252754817797
977,14.118397401327286
978,13.757707989702514
979,14.781394816005747
980,15.83677202493931
981,12.185077807291712
982,11.771526759598206
983,27.5751919985111
984,20.540166344426424
985,9.994216278095895
986,-2.7308641750405487
987,11.242075414573836
988,19.56205764183689
989,13.784014002016658
990,11.314803520654928
991,28.900998975616808
992,11.388162217494205
993,5.37676078361473
994,5.461657157980834
995,6.005187470371122
996,-3.6420359149209744
997,12.636050430504365
998,4.681273059377894
999,34.06442302060434
1000,-6.292834235932946
1001,9.671397322870208
1002,10.021702841657092
1003,8.850556939721473
1004,7.960872433029741
1005,2.904222934126643
1006,19.98217143198168
1007,26.47578960508398
1008,3.083460405562992
1009,18.900984763169774
1010,15.951328276914904
1011,21.11366750162062
1012,32.362786369257286
1013,12.020648408292088
1014,18.711810952942415
1015,14.09113422842454
1016,10.335434995361831
1017,32.26718796411754
1018,15.731004784042266
1019,3.508553540664998
1020,18.867977549811993
1021,3.6532907243883237
1022,-6.033734887786811
1023,7.282581252142908
1024,16.757008289034616
1025,21.82023891430621
1026,-4.1367206678847355
1027,6.0637895418541
1028,12.628446286356828
1029,21.973545070609813
1030,0.15849168332554908
1031,1.3913638954350422
1032,15.223966615429948
1033,9.768705616349342
1034,21.264202891361954
1035,0.8493638693803603
1036,7.35806083358816
1037,6.456617799527821
1038,18.892979499524852
1039,13.259761292600285
1040,8.407748176423034
1041,10.530483119277822
1042,11.826496339685212
1043,1.8436095602709455
1044,7.4712264247714195
1045,1.9266864128651622
1046,7.873885508879678
1047,5.770425848142197
1048,16.65773389226814
1049,6.873987683305191
1050,9.683590987321919
1051,17.30373837584979
1052,-1.770286703265104
1053,16.631644434617765
1054,11.90636436368744
1055,23.346091392022174
1056,5.868949635403866
1057,5.4973372357363735
1058,7.547995304831
1059,16.688897307648876
1060,9.112632425765097
1061,8.712483986162779
1062,16.537834615527057
1063,12.13471175497383
1064,14.308468100831602
1065,3.7855290436400906
1066,10.328585102647976
1067,12.37545510211298
1068,10.247138735866255
1069,13.845750150027273
1070,-5.510686247252308
1071,7.276451318070788
1072,14.827666748359373
1073,8.886213301008082
1074,1.259258356121974
1075,9.100064698341557
1076,3.2578438554738365
1077,11.835692621998891
1078,-0.7191601149026217
1079,22.95797981492017
1080,16.060693855577426
1081,14.84272778230671
1082,-1.8089228999729738
1083,-3.036830884248633
1084,8.376795054612451
1085,0.6713622965595852
1086,-0.0032298932680755927
1087,26.787142688406913
1088,29.872722608149832
1089,8.711399278919082
1090,7.823380383650657
1091,3.5237753027766168
1092,21.014787462681152
1093,5.5384550172617715
1094,0.5213093750988251
1095,11.637152420150498
1096,20.188616197663418
1097,4.7386276296712415
1098,12.681717604754871
1099,16.605706761150277
1100,13.821018117013825
1101,17.221761982306766
1102,5.567197397660509
1103,-0.5461928659764529
1104,14.345831236437482
1105,19.561195521907425
1106,22.120076538491496
1107,8.358503808009294
1108,17.39003074175633
1109,37.256062253383234
1110,8.236571962948824
1111,7.75124786713608
1112,13.853335258487975
1113,1.8997667926871984
1114,4.224788453823558
1115,14.266510766284906
1116,23.618965685778875
1117,13.44513283124675
1118,4.7102235338427105
1119,8.185834607657448
1120,5.587020654441704
1121,-2.2858711796153592
1122,7.072666880506641
1123,5.826467767182446
1124,28.08984700813034
1125,2.4474913593504866
1126,8.820438508184399
1127,6.408569418234118
1128,2.93557461722498
1129,31.786466477576603
1130,12.363699923473712
1131,6.436338826994196
1132,19.65350990623407
1133,21.931736296802775
1134,6.650334441594434
1135,20.32466866382264
1136,18.21326197084667
1137,1.4658728611367993
1138,8.445633324465538
1139,18.255292227535232
1140,3.9087709971279354
1141,-2.597932489523019
1142,5.711943222869764
1143,6.384881388589833
1144,34.12131573632345
1145,4.21722950892068
1146,0.12899632498702043
1147,11.28172507836221
1148,17.776239537847044
1149,8.270988382009355
1150,2.5950178298340836
1151,9.017147233790144
1152,20.715846833572428
1153,9.620685633540074
1154,14.23482228154596
1155,5.362924251081767
1156,3.733094029975649
1157,10.635738038261781
1158,17.084688355642932
1159,13.857543398839775
1160,15.473197511551819
1161,16.099744028103423
1162,20.082511369988108
1163,13.302728781154872
1164,9.85110992015754
1165,1.1541398679362547
1166,18.63095620177378
1167,21.699815736532603
1168,12.035722256380813
1169,19.282818133245815
1170,3.853676963068937
1171,10.593530634811987
1172,17.163801357732677
1173,12.78637994290055
1174,10.97903881738599
1175,3.008660947291315
1176,9.91080467166644
1177,18.520174530250138
1178,23.268710147597858
1179,2.718761990883886
1180,13.43585590613222
1181,14.393653356854681
1182,1.5144206929177935
1183,14.152657413337643
1184,12.600180931898342
1185,17.51683915700176
1186,7.209467896081304
1187,4.747577746913757
1188,4.611128643751477
1189,9.815958831410619
1190,10.87120092567677
1191,10.080381543198532
1192,16.46491151957264
1193,12.191599329053501
1194,11.872814019180511
1195,10.917112152123114
1196,10.331074856535837
1197,14.80928079624255
1198,-0.6404826763461177
1199,13.095733866954705
1200,31.75262632167144
1201,17.001544322905158
1202,4.863227656282743
1203,18.18010021888642
1204,3.9409249784115308
1205,22.92221078430678
1206,17.15312074094126
1207,10.648017838778726
1208,6.19269455122442
1209,12.545262046946684
1210,15.773678099577216
1211,13.308910909762899
1212,11.592947683342107
1213,12.918499638895842
1214,15.368663973065884
1215,17.416903500657476
1216,6.856652321618522
1217,18.542730264633196
1218,-0.048350611876244176
1219,10.620967674722856
1220,25.938992293418984
1221,9.910399064729399
1222,16.163486089443598
1223,17.71461321977912
1224,19.881304460377077
1225,18.563085480464512
1226,2.7002978288087536
1227,4.813147663739855
1228,2.503492432232623
1229,6.410004262729337
1230,18.089815561165057
1231,24.378773762216362
1232,11.881537564288486
1233,10.692618703870625
1234,15.085952964458421
1235,5.392062213239145
1236,8.359343782834378
1237,-0.25128224998888515
1238,13.311986874002203
1239,25.344347001582776
1240,-1.3298318321641192
1241,18.656513539543713
1242,-0.7864921234623811
1243,0.49317452123672684
1244,5.149320023967706
1245,8.964633265014509
1246,17.07023963795133
1247,19.653431962246504
1248,12.914382309337743
1249,8.45567690191577
1250,16.748008359921876
1251,14.22173243258929
1252,16.146148785046893
1253,9.671459267876209
1254,1.1793547423786004
1255,1.040183648531614
1256,3.481582286480673
1257,-2.1710115758657316
1258,10.509274621910052
1259,1.6520038701758641
1260,28.370845001702254
1261,6.959127752523828
1262,18.397406237261446
1263,19.955798742920035
1264,26.64594786918626
1265,0.35474979276984425
1266,11.254380278186805
1267,9.719449659111605
1268,10.914084763759437
1269,6.1189813989553965
1270,6.018363008021238
1271,3.049522794205749
1272,5.612716884340927
1273,5.244959510466538
1274,0.383645521801006
1275,5.3721329696379945
1276,13.117398552292178
1277,5.370971164473826
1278,2.724811115020788
1279,3.8362847642039717
1280,17.519192483145957
1281,6.572485194228893
1282,9.840592081185548
1283,5.560158699376155
1284,6.390827594000519
1285,13.239403420144528
1286,-0.6311582483298135
1287,23.019175056515458
1288,-3.327857665628636
1289,10.430161571463955
1290,10.198491566897765
1291,8.375340422791506
1292,7.118276344608876
1293,5.340869391567736
1294,8.167688407637492
1295,26.030115090243882
1296,0.4243998472945051
1297,11.062416869351404
1298,0.011272948752730645
1299,12.620470189118599
1300,7.632026165577892
1301,12.544926954176313
1302,21.0632829278022
1303,14.223962435325038
1304,13.106560212214337
1305,18.97389153193925
1306,21.103496000388876
1307,0.7366144634130052
1308,9.190385055171575
1309,-3.369663703915951
1310,7.504069821693774
1311,6.885908482607575
1312,2.5685939892910135
1313,-1.5704477498441898
1314,7.833774152913329
1315,16.619890065132168
1316,7.552864971924654
1317,8.578768538651719
1318,5.507924759184529
1319,1.6442707906060556
1320,-3.625331250697924
1321,13.484937874685135
1322,1.6488392971942738
1323,7.9203043500612385
1324,12.666065040114995
1325,0.715540104955856
1326,19.88023670417404
1327,0.32566793300349056
1328,21.52777230819592
1329,10.06055130198359
1330,29.255300331933242
1331,19.847831499390825
1332,26.05934334537809
1333,13.24539220886707
1334,2.448944347302243
1335,13.256826044407845
1336,10.714951940359965
1337,19.632104269675036
1338,11.477447795723053
1339,17.224451502927053
1340,12.120033333643384
1341,17.647789206875903
1342,2.2874290174325065
1343,1.1529756541187477
1344,10.183076557735854
1345,7.105286923252947
1346,4.891520417233079
1347,6.36297270904248
1348,21.97989241158209
1349,9.67871751601322
1350,9.81673482937503
1351,17.214159716668583
1352,18.46500131274745
1353,6.28702097141265
1354,6.891338850296968
1355,4.098773862082044
1356,9.30806993630014
1357,8.156064095043623
1358,10.420582894456102
1359,9.792872264413482
1360,-4.220402487748928
1361,26.636290387115068
1362,3.9726409406526133
1363,20.8183690575475
1364,9.1175111971482
1365,19.359357071418234
1366,13.938657647401389
1367,14.313330826623659
1368,12.21192861872659
1369,12.212299589081645
1370,15.126513349508414
1371,13.581161653451945
1372,2.5631010205575557
1373,7.616118969773915
1374,-4.867651809034042
1375,11.340122787679604
1376,3.5382345211851356
1377,14.72210440256174
1378,22.957508902145292
1379,16.277083203201208
1380,2.000821238958923
1381,2.7919830299621506
1382,15.253330809065886
1383,9.054215598635132
1384,17.02073974129241
1385,6.399755868703461
1386,6.690513194781578
1387,2.2238179661423634
1388,15.23669967724144
1389,13.426900116684697
1390,-4.698685817059763
1391,8.04594910413332
1392,18.290660235436196
1393,14.075050773587293
1394,7.993366894793194
1395,17.23368596617785
1396,12.316984361524554
1397,8.954404380583588
1398,15.96981656152872
1399,7.715909622922233
1400,2.1682830656453826
1401,11.762149008469551
1402,9.222081927898364
1403,31.013258582734135
1404,23.273243876580032
1405,15.367395267342468
1406,23.86404405345645
1407,9.63814307958915
1408,6.446879177076192
1409,15.002285371430016
1410,10.616648913070561
1411,4.210130625041026
1412,17.458383124983293
1413,4.797840845409069
1414,16.90405105107737
1415,2.510295882725044
1416,11.330241353374007
1417,14.013926654867351
1418,8.374755700351127
1419,1.8804503647477975
1420,11.108268477092023
1421,7.625573730989611
1422,6.054018308983036
1423,0.38271081663638545
1424,3.290693238136131
1425,1.2362839107098718
1426,5.380960506611628
1427,16.36554883185615
1428,15.770474364021558
1429,7.237841602988109
1430,10.316292036755504
1431,13.009478801575591
1432,7.672984165065069
1433,14.424212718115111
1434,24.571279451909167
1435,13.471808461583768
1436,26.246772561882928
1437,-2.6097870413842963
1438,13.273826660497289
1439,3.683921847179066
1440,9.961640219706824
1441,21.22180897796352
1442,13.61762662553121
1443,19.149166308777676
1444,0.8902590288842941
1445,5.653364156470099
1446,18.79777273166516
1447,5.2483097468252975
1448,5.774296900380962
1449,16.62480754998588
1450,11.222041747141647
1451,7.639850321273345
1452,13.012492585329538
1453,13.386870200171524
1454,10.548247997876185
1455,2.770532363341203
1456,7.617089633684745
1457,-8.497526086264351
1458,16.100327570930798
1459,-2.3996917827869013
1460,15.434670201545545
1461,10.36577563394273
1462,8.184071236577008
1463,-2.2086340068508017
1464,12.282502268434284
1465,11.627245253825786
1466,19.578492354881853
1467,14.391220615139229
1468,8.525689660569157
1469,8.259361071479503
1470,8.335415029942006
1471,6.800960012599792
1472,9.667456149553306
1473,7.477810520524768
1474,0.6201876169705745
1475,20.049941585344506
1476,1.5273707206339757
1477,5.2793984678396395
1478,6.987632526989958
1479,9.09233207417913
1480,13.075215586043301
1481,7.638331046863549
1482,4.733245603081208
1483,29.91968241026931
1484,13.57998759596151
1485,13.45211130320989
1486,13.611912719609872
1487,5.466221302650102
1488,4.568950717499976
1489,9.77392682932038
1490,0.26299635473312755
1491,10.552270087348328
1492,7.816176882108582
1493,8.295205751034725
1494,9.417938960458162
1495,5.342862181011194
1496,19.03564286475187
1497,1.7723379609116958
1498,4.829029298229293
1499,13.805838214383412
1500,2.070273523072904
1501,9.872880203186167
1502,1.2850327413224638
1503,25.138757436408888
1504,16.968314607762174
1505,16.53060579005647
1506,0.2025688903700552
1507,8.652054342846581
1508,-0.7975850269668515
1509,10.662359016316023
1510,2.418050488476264
1511,-0.2529417369942701
1512,8.497691605426741
1513,5.727616687897461
1514,16.06352431691615
1515,31.60997350823961
1516,3.250985215786564
1517,2.0476261499398767
1518,3.079282932602497
1519,5.195761373666541
1520,8.055794104002281
1521,-1.4916710120620027
1522,13.49768424117137
1523,25.087925019747942
1524,12.589817886807745
1525,11.083848498213099
1526,12.26991570905939
1527,21.58178529021842
1528,23.265625542105543
1529,16.112312718490855
1530,11.1233601412063
1531,13.265919770603272
1532,2.6248526790286912
1533,12.048789055309799
1534,2.948070658139575
1535,7.768160076715549
1536,8.466216663292288
1537,20.07763577444274
1538,22.97084533280001
1539,5.370151400959735
1540,21.54474540058859
1541,-2.9478607627632294
1542,12.32513664127487
1543,16.793998671938528
1544,6.039408795876581
1545,4.807337011098142
1546,6.9516946825733354
1547,10.407577793663584
1548,14.99171683499246
1549,17.49321159125875
1550,7.330877306465544
1551,-3.448916370137443
1552,17.472122496877695
1553,2.718019576793017
1554,18.68145930524746
1555,1.2386267544215448
1556,4.408353704609704
1557,2.323500498434956
1558,3.595759597339009
1559,2.6377425128768133
1560,5.541501951983108
1561,4.1214407977728875
1562,22.673615816415555
1563,11.515992353096669
1564,12.622126781627134
1565,17.155817804121135
1566,6.890402097402662
1567,11.549966111002025
1568,7.057830568044978
1569,25.268622207638774
1570,7.539038344276261
1571,19.040195673459227
1572,10.53832390106514
1573,17.41238170077638
1574,14.771986870246142
1575,8.368599219053753
1576,14.385589505189213
1577,3.0117432758827283
1578,2.044955511634678
1579,-0.03608090392614342
1580,3.216895540616322
1581,7.71890350270243
1582,-0.22972390762453176
1583,4.097195205861928
1584,8.069723106113402
1585,13.364828288479536
1586,15.449700677168051
1587,21.397615180451414
1588,23.072234189537543
1589,10.27561198154283
1590,16.549436088226376
1591,7.066193326151662
1592,4.841921438893881
1593,6.328979562840405
1594,3.0454114902534193
1595,9.594677244899376
1596,5.455647245159403
1597,-0.9271325492390046
1598,10.066099443172945
1599,6.614290629751235
1600,-2.683990143740106
1601,23.929021416459456
1602,0.6326330067924466
1603,9.96640773215712
1604,10.656768457711637
1605,8.279128997982893
1606,17.177708062391407
1607,22.549893849266535
1608,6.961816123074699
1609,3.1420160657735807
1610,9.826920516794202
1611,15.874391556268254
1612,9.406169271221595
1613,5.00228591541308
1614,13.50001144430353
1615,10.778985938964533
1616,3.6659208484994763
1617,16.399071590123494
1618,8.834627575940402
1619,17.483002767484795
1620,3.686857153015261
1621,4.710519106830454
1622,26.21367205961941
1623,18.217629414035905
1624,22.799768378722
1625,3.911106717383989
1626,11.120366164133893
1627,14.03883854833675
1628,9.799599468105857
1629,4.3155699780056045
1630,6.683888945787061
1631,16.018581477950416
1632,-0.13961984741673863
1633,10.158212713575615
1634,19.899272863019743
1635,5.237656747389464
1636,16.43206357553068
1637,13.119785856691225
1638,3.7712619978452913
1639,5.400154087752255
1640,16.271909115297525
1641,8.70964486931245
1642,17.037326770082927
1643,12.689427958328611
1644,10.443784115835813
1645,24.689657200693855
1646,-0.397569950282452
1647,-0.8989205347099811
1648,18.531570290683543
1649,9.253540542626668
1650,9.001667484892943
1651,21.160798976793203
1652,18.623739988534215
1653,13.813503164217204
1654,7.342254586493352
1655,5.904993100607789
1656,3.8662800562352393
1657,7.015473083826191
1658,13.558573203351735
1659,7.930910874983221
1660,16.246516503544797
1661,7.091760370013981
1662,6.952432149893209
1663,13.428979123319614
1664,16.01329445160708
1665,12.966135838666856
1666,13.366639783323764
1667,26.238715556926287
1668,4.897277202097523
1669,9.001533259230602
1670,12.879791414891042
1671,8.052661575914401
1672,5.427010748706091
1673,12.009743570732075
1674,2.3210701414748685
1675,10.272418997784982
1676,12.441555524710278
1677,6.648279697905329
1678,7.401550826763721
1679,3.620621925048923
1680,13.221526910660181
1681,24.45534428461445
1682,0.20269751314761558
1683,14.199756365465687
1684,1.4958508388357135
1685,9.561247170180675
1686,16.9412865805434
1687,27.05962281799064
1688,1.1732507216398238
1689,17.45889318523977
1690,1.4806849206449137
1691,2.944912102240239
1692,12.541305367056987
1693,18.770531949421738
1694,9.833079800060844
1695,-4.62073968128706
1696,7.7762078196357605
1697,11.17269146781952
1698,22.90365514870183
1699,8.808620862690688
1700,4.373053812645263
1701,7.445616469472083
1702,25.604948300319943
1703,17.373551771380043
1704,9.892910056396758
1705,0.978197324241744
1706,3.9644516293500986
1707,15.862323959732972
1708,12.477876996280735
1709,26.25564973766234
1710,-5.473950698872555
1711,0.4102287534635665
1712,5.151422872518306
1713,-5.071339881115168
1714,13.424355217310799
1715,14.948423608512174
1716,17.571376845375905
1717,17.962530118151825
1718,0.4034506826236377
1719,12.546725706512865
1720,12.209062248348287
1721,1.70847638089494
1722,13.889706813472873
1723,20.978646033155446
1724,11.496229766339713
1725,16.279970492753744
1726,11.779319203108788
1727,16.76750292752312
1728,-0.898346959352994
1729,20.680266675512925
1730,28.212915770263393
1731,2.4848813381286856
1732,3.458595616547695
1733,17.50447815141464
1734,19.424149406593354
1735,26.5563140919225
1736,20.256216889316573
1737,9.702791089659932
1738,7.504875021057867
1739,19.23405354084083
1740,8.916641878726965
1741,10.914644348911244
1742,15.700352555768339
1743,22.39438757609011
1744,-0.3679378048249006
1745,20.402023763271607
1746,-0.48066534480917156
1747,11.280845722020278
1748,9.135367737572281
1749,4.204271840517185
1750,7.394481961552197
1751,8.810812488304977
1752,6.80429655667444
1753,12.994052192600162
1754,8.603098824175271
1755,8.870226993486535
1756,11.582960605899038
1757,15.397241335248806
1758,13.712492179038147
1759,11.376130630840173
1760,2.4451118991757763
1761,19.985079870303988
1762,-2.6023984079543934
1763,15.600324257551227
1764,10.862981728308451
1765,2.601736776447143
1766,6.53377193883088
1767,11.391315313479014
1768,1.1164893289163262
1769,31.974119785257148
1770,7.463534378957418
1771,13.158025099228997
1772,9.955885567014167
1773,8.90092546879423
1774,19.23320494806565
1775,4.187499901407018
1776,4.6994384297070555
1777,20.506168919445244
1778,31.11357927932767
1779,13.215743162446607
1780,7.964222312694367
1781,13.895984070846122
1782,8.88406319497792
1783,5.772108129011418
1784,12.661853387788321
1785,30.982186147260784
1786,3.551887264982828
1787,-6.506358901941381
1788,18.22395599933545
1789,-1.993755654199676
1790,7.330758038362535
1791,14.441848624864152
1792,13.086146943936157
1793,10.798451544880416
1794,12.30558532153605
1795,8.550305517741872
1796,12.671215784672478
1797,14.316131555499503
1798,6.662267856707714
1799,10.784217446469118
1800,5.568029976833698
1801,15.941075231712963
1802,14.6776660322918
1803,12.256790046074123
1804,12.934028055652762
1805,9.608857859517514
1806,15.595582346068564
1807,4.081076316094054
1808,10.776192289802982
1809,11.390627428897444
1810,9.016409832560413
1811,11.061329142870354
1812,11.57837852222492
1813,14.186537768585989
1814,2.3645678076090975
1815,3.8271558091822224
1816,14.22978910052996
1817,15.40909614024223
1818,11.5146842426766
1819,27.163439258474263
1820,2.508305363524932
1821,9.552247074580654
1822,-3.7897873440674807
1823,5.456515804242173
1824,4.146752258800897
1825,16.095989709109332
1826,12.778914128670733
1827,17.332112077933868
1828,2.0655615137332752
1829,7.9354601924282715
1830,5.329443381865197
1831,24.329226721400023
1832,7.841433081127021
1833,17.69537166584882
1834,-4.64281314521363
1835,0.6206788917168741
1836,9.93752201234834
1837,15.754726107875406
1838,-2.9337150467055966
1839,19.279887093358166
1840,12.137831615461987
1841,1.2057451669482815
1842,16.20147065327476
1843,4.712087329361376
1844,9.676694410404954
1845,7.099309635896214
1846,12.196173726313644
1847,13.936954261480492
1848,8.17335277770604
1849,4.396588380207779
1850,2.8996120927829865
1851,9.490277458104117
1852,2.9849214668199493
1853,16.10616027432015
1854,13.484259811653587
1855,11.547446026431235
1856,1.7162007834648456
1857,8.941880315094567
1858,16.33645683187168
1859,8.740723474261353
1860,10.30868110466545
1861,2.5244074827481326
1862,36.00984001190352
1863,5.139411186890104
1864,9.983575256762446
1865,6.641275096139889
1866,4.501397279501516
1867,1.0972536064868639
1868,13.298846968081726
1869,10.730806749954834
1870,34.45442733025699
1871,2.923814193782552
1872,10.996589282359082
1873,15.343752232523157
1874,2.679121143608525
1875,-1.6541631711024796
1876,12.544377420822928
1877,16.030130121442504
1878,3.900966938079376
1879,6.545379425294133
1880,34.26197778590002
1881,21.70074465723568
1882,14.644860950763315
1883,7.6767416165914355
1884,6.237527978408852
1885,4.268436654497414
1886,11.519377923070559
1887,10.20807409077407
1888,8.009136124043287
1889,27.169886296043856
1890,0.4144465104173339
1891,6.608191417035073
1892,14.781248571124591
1893,6.891056115725545
1894,19.036991722985736
1895,18.5532547004165
1896,6.894177728771363
1897,16.638841317787747
1898,9.61865378806635
1899,18.465837539854803
1900,4.840328820285174
1901,19.846443770667936
1902,2.73042747311848
1903,15.796383871568503
1904,17.802707023789363
1905,20.616263751177478
1906,18.036975573902115
1907,14.108795307811077
1908,15.402865719029554
1909,6.341220131356788
1910,14.303547465077402
1911,9.023594252946053
1912,9.256325331383417
1913,6.099578857416949
1914,16.02927122469711
1915,13.357560325972381
1916,1.2582494126540908
1917,-5.426928868626848
1918,7.768362031347442
1919,24.907424342624783
1920,18.06579024971048
1921,-6.954271766682032
1922,-8.987802023293659
1923,3.6134837354081646
1924,-5.507368385703538
1925,15.084863874131779
1926,10.245773081684728
1927,7.447815737434441
1928,4.376762855153121
1929,3.932716461724912
1930,13.388489169524544
1931,11.107872423326798
1932,24.647721067394926
1933,13.7074534526103
1934,6.606738384870827
1935,3.891460191120923
1936,21.719348903061388
1937,10.951879925801824
1938,15.908122900009344
1939,7.290269398565344
1940,6.303775382054565
1941,4.545259219121733
1942,10.459739875751547
1943,12.595538443445761
1944,11.29757646525235
1945,-5.6338492800438855
1946,21.595129309046257
1947,14.5908195487736
1948,15.720249225788365
1949,19.032121855796568
1950,17.10463025918289
1951,5.164881852807508
1952,15.531628448931258
1953,3.5610273628878715
1954,6.203896193829775
1955,5.508190086134087
1956,13.491493120439719
1957,5.518034683858412
1958,28.1405164529864
1959,14.941504994787861
1960,5.923708108965727
1961,3.0755098272536983
1962,6.479381012777711
1963,10.171227761798567
1964,8.29010668341292
1965,17.447087608130794
1966,10.875906707887163
1967,16.656129544989206
1968,8.449327284745658
1969,9.184897790254967
1970,1.0591053784545155
1971,17.453391021537715
1972,14.3054615095877
1973,-2.757252512352551
1974,12.414896606242133
1975,11.911975786033365
1976,2.673515859481385
1977,26.18771594690668
1978,4.300325450546919
1979,5.8305516152689005
1980,16.938870177375115
1981,16.525057332658577
1982,4.925770882237254
1983,3.7845089249233403
1984,8.29246686916167
1985,4.73972793199576
1986,8.996636862994723
1987,11.442360343947584
1988,8.568162096543094
1989,2.3188394483607744
1990,27.510613947813837
1991,4.310673828052307
1992,5.743684023219526
1993,21.941907479232015
1994,-4.0453655236386945
1995,4.0511523883515705
1996,4.710916796920983
1997,8.50904005270849
1998,6.082250344641069
1999,13.631135454210503
