,value_per_image
0,16.804603456752307
1,19.315072201612953
2,27.033498376177587
3,2.0601625613673393
4,17.395240175870562
5,25.922521619547798
6,24.16951992557519
7,17.10448473694213
8,10.335984870029243
9,18.215947142429055
10,24.970780934834274
11,17.14368349756344
12,9.153692720675114
13,18.376173575692658
14,7.135202032666137
15,24.123827515748406
16,15.435713072343702
17,10.250569860415762
18,-0.874404895555597
19,25.958566801921393
20,19.378267889091855
21,-5.814282386370786
22,9.640862132624497
23,22.63752036350912
24,16.383812662867918
25,12.67698550150753
26,9.483130408877527
27,20.64799281712179
28,19.630186828193093
29,8.131609479011175
30,4.268407786013438
31,-13.023408613622241
32,15.378539095502468
33,26.626872955922874
34,8.090480012445385
35,14.629434487633716
36,20.813473115243944
37,13.78063971462487
38,1.9091224227996908
39,17.88675325451354
40,19.91854428647069
41,17.347743925307608
42,16.780800822777806
43,13.894342620221236
44,19.71825365924042
45,1.199367361107204
46,0.9600286853912748
47,-6.901815639636224
48,16.55678334659414
49,13.257898764059965
50,2.9538302545731008
51,2.52943253090462
52,12.207883978317309
53,13.26928705653288
54,12.017083741421045
55,5.01727367718434
56,18.89130611778797
57,4.512509514530311
58,19.942357250662447
59,-6.199928782858871
60,19.48799464921223
61,10.189943667349164
62,18.21229551857746
63,3.628604928802081
64,4.3868627185899856
65,6.362487604637287
66,11.239930570836618
67,16.485266439819288
68,5.157507623889607
69,17.357506120754614
70,32.13705124420445
71,7.0950165941487935
72,12.488593844655455
73,12.316678076764791
74,15.252156589746905
75,10.438366600066662
76,17.3372395014236
77,14.222651037659185
78,26.45633584344672
79,7.2644769927158945
80,12.225085280027725
81,11.383639816174277
82,12.193091489552286
83,23.28212085142159
84,5.619529628255799
85,-13.423682187030046
86,12.671439397437616
87,5.227285968307533
88,4.890116967180378
89,18.47832154595248
90,17.71526612795688
91,11.369624304033241
92,13.70608857182111
93,12.16095288392003
94,7.584472819422952
95,16.38221487715732
96,12.190195781844828
97,-0.8203472902753021
98,-5.977105017313176
99,9.918633510887762
100,9.504844601484535
101,2.8564467364025594
102,-9.466387159635286
103,20.354431962490192
104,19.199768152870273
105,25.289629013014544
106,24.06439428657974
107,23.377669330962462
108,23.18054214587287
109,15.89066859458404
110,17.437954383273006
111,6.135238331913795
112,10.700953172593453
113,22.4444204333936
114,-0.02118378061072347
115,10.443761249265169
116,8.942473555779925
117,5.833698201343292
118,15.805974236763996
119,5.658878088113442
120,12.519751823580114
121,9.805017638179201
122,18.334820442875525
123,10.567766755812029
124,-10.985861800118085
125,3.921779870704805
126,3.26210766683076
127,16.571116346715243
128,17.50076676783846
129,-0.17644901118805964
130,7.804229483990596
131,16.111052189954705
132,17.539964329861366
133,-4.656410075167618
134,17.389696691136134
135,22.638941099457867
136,17.142460511302232
137,-0.4481113958705561
138,-0.6471938685842953
139,11.173959595186448
140,24.907132955577616
141,26.013953115669544
142,17.821742861815636
143,-10.156369058396018
144,8.150927118121318
145,30.20439933314988
146,22.035052569708377
147,16.95089266260638
148,5.319783566468765
149,17.763170671611586
150,14.144396788495888
151,16.783724721828438
152,13.758368245278687
153,18.481052905361647
154,8.42683539200595
155,-6.261148810252916
156,6.261569796773519
157,-4.278715552487951
158,22.742973036654227
159,22.17258444729808
160,19.517599259884328
161,14.992786050704913
162,22.62740906004383
163,11.975620811407747
164,6.141675444868886
165,10.336032797680119
166,14.558860044779617
167,19.108046790489645
168,28.452887598322164
169,16.85216884777486
170,7.563531427514466
171,20.587997506673222
172,-2.530856982766482
173,7.097885748288331
174,14.635185266390089
175,16.265532192674335
176,-8.69853815232009
177,7.852886655288103
178,12.344197194412535
179,15.467453576339437
180,6.613787330232653
181,20.823918625141523
182,22.763915935935806
183,3.209687148665272
184,12.185238933126938
185,14.448295554510043
186,13.207853914648371
187,10.540376851219028
188,21.827337093127433
189,14.296705491045994
190,-2.8319907638934056
191,1.4129113316981496
192,19.064767538494014
193,5.941966424586997
194,3.5058407430676137
195,6.832618656595779
196,12.602602433761195
197,25.048085659372337
198,-0.8685557922304121
199,-5.268069469088978
200,10.026959613821
201,-2.1023541616369146
202,-7.484468820653672
203,15.955026095684353
204,27.461127809833346
205,17.5790505402921
206,10.16490953487248
207,10.242553311679288
208,19.14863891517183
209,7.910492766157473
210,-0.6667673214082598
211,18.211979923356267
212,11.300165125674658
213,23.967759991858056
214,15.112984962335009
215,9.877600387818736
216,23.14743343023954
217,23.42272896612733
218,11.363589264329363
219,12.966477536891377
220,22.95907543077667
221,-0.25790634182741234
222,16.158016683789782
223,22.756218781380124
224,15.72884087849033
225,23.638425927436924
226,20.836078046078903
227,4.454314488058272
228,0.047060799334276315
229,24.645840643221558
230,-0.5405529526970029
231,10.179935351668762
232,20.350084421175964
233,15.82597265886551
234,20.06830585677253
235,18.975327426866667
236,10.547847400951488
237,17.264995385582452
238,22.728262289578087
239,8.848730012130439
240,12.074768224193539
241,21.835984907021256
242,6.400647255229125
243,20.030417640966398
244,2.873140569171441
245,13.460100843450354
246,9.71323466884947
247,6.632186046960351
248,11.46963444181307
249,27.867771457629072
250,15.144176828604339
251,11.528300755035051
252,21.269890343304944
253,18.253267064953707
254,22.957028500249372
255,13.065276056846361
256,21.63286232366527
257,20.137796373282796
258,20.47782735027565
259,19.768196736829783
260,14.093581895019199
261,-8.066304481739255
262,8.298269523619197
263,15.10166722000041
264,11.870289309806086
265,16.857044245202136
266,-8.358840891500591
267,20.192179573351563
268,1.557033839487848
269,9.18112054771922
270,12.583891785082123
271,11.672151713695841
272,15.034060265667094
273,-0.12977394029146216
274,17.005167195343123
275,11.986802753912173
276,22.275232772638457
277,-9.22912704255576
278,21.297982796677974
279,5.786558335847842
280,11.067953887741476
281,6.371847947202145
282,16.13436529428213
283,23.751574324567013
284,15.476228721306768
285,15.164384577892408
286,19.692953254368152
287,22.690354116636808
288,17.539432378759578
289,-3.9299502837203892
290,-18.867533887677304
291,16.314325069626175
292,0.6918249985797498
293,14.408165279210221
294,-4.236210339734473
295,-7.838374864886893
296,11.655204899777729
297,-10.978786535773192
298,20.68790843017984
299,14.85504255937218
300,16.748222096659987
301,15.3389278169578
302,-0.8045648664293868
303,16.328962588549643
304,-7.387021834271441
305,11.28955585259322
306,8.479747864975272
307,3.957456818033427
308,11.678787338674823
309,6.913644608039229
310,11.786883985247679
311,21.867500817372505
312,20.174424917269203
313,15.777110282533243
314,5.844370042523571
315,9.08083479215216
316,6.238065819876497
317,22.334449291906317
318,3.404147658101639
319,22.88525704154502
320,22.779030895047594
321,6.98456095294888
322,12.394848215286244
323,13.270879331283306
324,2.7818309834664086
325,16.41945174888747
326,5.050688611384556
327,5.219272542627841
328,14.529574268464504
329,12.87171978816164
330,-6.528996811527941
331,9.32461509349285
332,23.381880671870427
333,22.845069070908163
334,1.7583894701778688
335,14.482470767114846
336,9.219587673795575
337,27.908264292413808
338,22.747531498287593
339,9.686589487755247
340,17.4671398974563
341,14.646571275333887
342,16.586751727040422
343,12.192110525855677
344,-3.2132779477870352
345,-8.701263574949577
346,4.144529155013144
347,25.681984099126023
348,8.93855503099139
349,12.029662108102137
350,16.085290360805573
351,11.785661165693835
352,12.930693198046773
353,19.70485954439397
354,15.184448669284698
355,11.817750673713194
356,0.08815436541745994
357,18.080010579092317
358,5.39088945099751
359,8.221529258013346
360,9.962562715037924
361,15.490334158755463
362,-6.182716015209641
363,2.8926386202273875
364,25.411808689156903
365,29.514052045364046
366,15.438879488898968
367,-3.569716076324129
368,27.245302602583802
369,16.98324785540847
370,24.810876832403707
371,0.9286054524296504
372,16.768892741012742
373,5.556637093697935
374,11.184916772138527
375,19.229962427883358
376,9.187051069875354
377,11.548791643869734
378,20.962900385245444
379,24.35915415088878
380,11.183934821474724
381,16.90190513434309
382,6.064141092045336
383,9.054953590298805
384,14.038629703695015
385,10.902657706030476
386,17.122366124105312
387,12.45426878836575
388,11.871103262270799
389,8.78862901674106
390,3.284523600424688
391,14.52612617980218
392,20.9435475890147
393,-1.7614089268236823
394,9.020824909622885
395,11.493801160761269
396,10.207152431399088
397,8.105252701600502
398,16.022450185718895
399,12.807734940875724
400,19.725252183275238
401,-10.737909101484489
402,-13.189194647351382
403,25.406374623664497
404,14.518640731901195
405,8.626199339128327
406,28.747863926719607
407,19.36747363652617
408,20.699998247326548
409,5.8124318693304104
410,19.251473575192147
411,13.126042413403201
412,3.7184015152423964
413,16.789264892588587
414,12.375702090827742
415,13.073908429276852
416,17.638809410645866
417,10.193101561362377
418,2.0874772445816507
419,19.230902237214547
420,11.110666411476766
421,-4.32986932429624
422,19.93127259918098
423,16.5338562409458
424,11.194590518605143
425,16.70665752022565
426,15.611291115154941
427,18.7684157354024
428,8.22292216501421
429,2.8543689738699918
430,1.1722115820961352
431,-1.997988062183091
432,11.199716261944479
433,10.849960874639994
434,18.43367926930491
435,16.00951485477836
436,15.282933741607394
437,16.839366931066422
438,9.99215753366376
439,1.6129963263693567
440,15.605646108659004
441,0.8219647212858716
442,6.674179028035536
443,6.29373068398317
444,9.908781729143373
445,28.924800880855727
446,23.219153490803734
447,-0.8596850464224626
448,22.11348564175732
449,15.238720805865096
450,5.887166693313528
451,3.863243202420095
452,25.660009441471193
453,23.962700181373414
454,12.658856802323784
455,6.315087799293952
456,16.851566628029254
457,12.334862581229462
458,14.732936851900927
459,14.083074892111942
460,10.671980355049048
461,10.929830380114
462,7.754070588138424
463,24.248314030279936
464,11.800016325911827
465,6.854161826117329
466,20.827226703348117
467,26.721238092130292
468,18.988514577117925
469,13.468241049964806
470,20.172766732493034
471,16.326911649052654
472,-0.15095764301403922
473,7.7847341724535
474,-4.037346823245289
475,13.718326230094421
476,9.866296708768491
477,12.740870339724221
478,4.440379084637377
479,25.47232216585635
480,18.18739977912231
481,13.792064554354251
482,14.686655040340641
483,23.368277162645324
484,12.321566879012021
485,13.243673700436624
486,-3.9868900858346104
487,9.035725913864006
488,26.671352867305455
489,10.423595725462844
490,11.552646365741793
491,17.4035883235436
492,14.321531997305161
493,23.900498287953457
494,13.390814009199746
495,10.575136384812795
496,20.67683227383268
497,3.780959262827284
498,3.721091527912486
499,15.982156120680457
500,15.309539103411948
501,-4.863874807294598
502,14.372625482635183
503,-3.5467718413048357
504,-0.3445771440441421
505,4.775577269201632
506,-2.3597125317461174
507,24.660055007891717
508,10.810961469211668
509,15.373587578892797
510,2.812919283148442
511,0.7167850451681328
512,-12.256216490672198
513,15.128247116092767
514,10.390867469917803
515,19.713690106764012
516,13.330290788455184
517,18.60743765111836
518,26.36010764133462
519,5.553130078264573
520,8.484828569762465
521,24.564934951988896
522,19.18712931222033
523,15.721205860439044
524,7.008658358037929
525,16.00750184832853
526,8.115664642936203
527,16.55359271496051
528,13.861454863581748
529,-6.176328875616589
530,20.123876963616627
531,21.158777930715853
532,5.804304228899376
533,9.338977178174467
534,14.27035894825917
535,8.332230600414139
536,-7.2305555429783945
537,15.253539443251853
538,22.847149193847567
539,11.945585988875887
540,18.55547016633746
541,14.845141016170908
542,18.652380358608703
543,8.12150922857202
544,7.75076926592638
545,21.07980514083739
546,13.27276413470171
547,-0.34641795839527884
548,16.296852743586506
549,7.196876369006559
550,15.079553053010283
551,3.0337037256953807
552,14.822147404530872
553,2.6126263400854843
554,27.203154033833897
555,10.20463194182899
556,5.119241641329198
557,16.03587926933298
558,11.547964651092741
559,17.61215769749436
560,11.248367568401566
561,23.259530099547536
562,6.8197653036223755
563,18.529807343292237
564,22.35958579717968
565,12.537993064371415
566,22.751113595793267
567,-5.656636263636987
568,9.185938637888787
569,15.301720170047545
570,19.378325789966887
571,5.839551580318774
572,8.84856053502423
573,15.413049596346568
574,23.073065342013336
575,13.306704821589884
576,17.70867627064533
577,19.121641645280782
578,14.667534179023143
579,11.590328894426985
580,-1.9638484705950678
581,15.775093322686446
582,17.1078338752858
583,15.070527296014868
584,24.472204585522636
585,22.77704155991542
586,22.84089503681472
587,-0.8119607690619882
588,16.060977935997602
589,13.963338656440358
590,3.663380032471356
591,19.18632490215099
592,16.511537328672592
593,-3.3259606600583473
594,17.520159439115837
595,7.449124579600053
596,3.607019533627593
597,8.54033555044773
598,20.33804998682338
599,8.30800874798849
600,28.65271802864434
601,13.493259965730756
602,8.665031183655474
603,6.471609277385316
604,14.629300896511388
605,-8.111519463609966
606,-0.09443235801848138
607,27.97424011986785
608,12.327210896199986
609,22.888106640260723
610,13.827305509822958
611,22.527877968938228
612,-0.46344785677902006
613,9.502504036499385
614,19.26007348283171
615,4.418524005872043
616,6.0586016865665995
617,13.783952609771962
618,9.102043928161272
619,10.79914832965585
620,16.6514117084009
621,10.599567329855146
622,9.689140024063189
623,16.677727643712753
624,12.940758280444046
625,28.608721276280423
626,8.67607424389776
627,5.754497180068205
628,7.519469342870294
629,7.28006987509813
630,9.580627997191915
631,18.230279070980636
632,2.2745436779390173
633,5.357740053624166
634,24.631513485083634
635,4.624222425012343
636,10.451304476730925
637,14.504804271372741
638,9.043899862266361
639,14.404917967986233
640,7.459436087554773
641,16.931611755431415
642,10.415299972183746
643,29.465658793430322
644,-1.9148083355369732
645,12.397669388541004
646,8.26732801867845
647,26.95683951434981
648,12.653103812799118
649,20.719621194138366
650,24.269103909926034
651,17.624281692239826
652,4.083544791157024
653,20.282904327001955
654,3.7298046436296484
655,2.896971883495569
656,2.573555355004947
657,9.66723277697873
658,19.318729214110192
659,19.386165978091732
660,-4.153588130262347
661,6.780879853139501
662,9.19013927654307
663,9.117561196201688
664,3.6539685951254826
665,3.5951392569463607
666,22.380966654946857
667,7.840391245280764
668,24.358604350028365
669,22.322703073399097
670,21.2005748043562
671,11.868500484983828
672,5.441351765393437
673,10.704567823716108
674,12.91153564734802
675,18.49368000251386
676,28.326657257665463
677,13.618206598861468
678,17.27490684139133
679,8.573314413725246
680,-9.583381340359756
681,23.61153366625213
682,14.957109363885749
683,2.3589140127500965
684,8.27143025312224
685,24.37591767711751
686,1.8148396763587982
687,20.228400546058985
688,0.5094070282121546
689,24.998794349289064
690,14.802598591820768
691,11.134481996802803
692,7.57239761711837
693,15.692906563936496
694,-8.406581410040772
695,23.765039847387833
696,15.978030501833919
697,10.193257644714803
698,11.311414853831138
699,15.651100390781435
700,10.586812314178012
701,3.5452623296153845
702,12.00335420390379
703,14.273823134544322
704,2.003860745419133
705,9.804781570555816
706,12.008311280873144
707,19.602192504129196
708,6.835812237800406
709,17.948840395469553
710,15.015260543052769
711,-12.771756611814382
712,10.336831309980942
713,9.519847414876242
714,17.31212972872481
715,20.32963192647211
716,6.520984766274588
717,18.136314371614755
718,11.84206650796055
719,6.180800279498594
720,23.683516614289037
721,18.799930865446825
722,15.005883343995569
723,-2.9843742922130385
724,12.488091712177166
725,7.639653105575289
726,3.898192874170344
727,20.916202627000747
728,16.306019252217343
729,18.543358615614128
730,12.67867140236642
731,3.2202608129056256
732,13.283028331533481
733,19.572789252320042
734,15.001889669213218
735,18.534429019544273
736,-1.1209312145586754
737,15.64759125428721
738,17.883283023849206
739,26.61851354943692
740,-2.7699550622227505
741,0.17002236088953587
742,18.195400250728362
743,15.02746159883477
744,9.825078179792289
745,23.304684975010765
746,-4.041755217956757
747,27.021022633172596
748,10.09402507143837
749,16.77590552767483
750,24.96538475520841
751,10.374400127360154
752,-11.196062629261945
753,19.73018758346219
754,4.352638789052274
755,24.421198972757722
756,6.165400277960374
757,24.733626730070192
758,-10.076400381760006
759,21.122864614145083
760,15.329184368274262
761,5.977521339649171
762,26.312776478549612
763,10.766981657473082
764,14.596267269315023
765,14.412932399557771
766,4.088672110238791
767,11.156735098782327
768,13.386881284774658
769,9.579136228041328
770,0.9509739010274189
771,12.95277374312472
772,20.482016321739266
773,9.298163701816538
774,27.29011138484864
775,14.296500246195599
776,13.145351107805867
777,7.793301377750439
778,2.5333934110411347
779,13.218032478711102
780,25.525007223132665
781,2.2453649681096826
782,17.102540446615006
783,-1.3010601500323993
784,6.922035501297204
785,22.259706032323084
786,7.980858418640176
787,21.420198405575345
788,13.238027493626765
789,14.81353384587021
790,20.205176860071997
791,10.993651330417574
792,20.400309995203887
793,4.50842682048511
794,11.626937821772925
795,7.45644245805517
796,13.653531833952247
797,20.009564255347765
798,16.615642749756212
799,-6.9464542253396475
800,-11.099524790301862
801,17.027186722689063
802,13.035853340262525
803,-0.713146132743665
804,4.475338566136456
805,19.868157073204383
806,-1.2156877987058745
807,11.067887453750744
808,20.787059223851518
809,23.4060821486368
810,-2.833670203636672
811,9.988471620375991
812,13.979373567319998
813,31.2511879416418
814,10.17842611555707
815,2.0865401004533224
816,10.164097875335644
817,5.500395960357916
818,17.832715088559528
819,7.171616049391143
820,6.826720716990062
821,8.618739107309734
822,14.323462481690786
823,12.632182431899494
824,-2.1610979280166966
825,17.588794724354404
826,14.423176201681569
827,21.75786412330565
828,29.547618947118146
829,-1.6377877249634476
830,11.092467065718703
831,20.351667370732653
832,15.062877107421752
833,20.701798814550312
834,7.394526350651875
835,-2.663457360587367
836,-5.6664506964063435
837,20.100994066299254
838,13.216623941919853
839,30.61947492808997
840,13.692597888056174
841,-3.6848675298309868
842,16.979335532439332
843,7.909846163470047
844,6.165677278261121
845,9.301811581738852
846,-7.312658797540586
847,16.66887512065346
848,16.184664257780735
849,19.72107848431469
850,17.23267561700677
851,5.1292760008982246
852,0.14976140212661906
853,15.519487201322784
854,12.437422369907218
855,28.6913549773961
856,10.368083655811473
857,5.857457986746813
858,19.78964471531108
859,5.206198014509846
860,-7.969686451123314
861,19.600393831504228
862,1.7416792925462823
863,3.2755656038954815
864,1.1574352411556856
865,13.020285208869991
866,20.1990251921999
867,5.978689553719943
868,13.059710644521225
869,22.74885282355814
870,12.72836694335807
871,13.734362304166357
872,16.541162639191505
873,5.74601002512988
874,4.970620908979777
875,-2.6429794157690263
876,20.429291263734505
877,15.845614387034606
878,15.313633336829627
879,11.93756944714513
880,-2.70910151230046
881,25.136867231722583
882,-0.7368563798392189
883,14.607858018439542
884,14.36814338253399
885,8.230284379272124
886,18.315776030917903
887,9.045464583405533
888,21.371943526186136
889,15.902471941055136
890,-4.90630790014919
891,24.4888899943459
892,-11.422065536960003
893,4.892221416460788
894,-9.065548452348288
895,7.784394072770288
896,-1.016121453932439
897,13.615995146438946
898,0.40331027550356696
899,4.273970017694863
900,12.549253315150072
901,5.137515912231825
902,5.059686317108486
903,4.299994354612119
904,7.929439948216686
905,10.50402399769516
906,21.436925831762995
907,20.15114001549082
908,7.715283677602731
909,11.314993146627122
910,4.986315282838702
911,20.78131285627559
912,6.031614755642902
913,10.346972208589646
914,19.384029659858044
915,25.14254723924166
916,14.749761774256243
917,10.713658588355575
918,22.95623850328921
919,22.657743677060772
920,15.506572337383519
921,-12.886169170082146
922,17.435522813043317
923,27.547884345976424
924,14.641215366564934
925,23.413001789111973
926,12.361683110673434
927,1.8647158115741167
928,4.1006654184288465
929,-4.94554748243434
930,17.893991600419106
931,18.824495493261484
932,16.46590264176303
933,11.269820756926414
934,20.25379586845683
935,-3.778848998942481
936,-2.290773005065457
937,6.897232604248414
938,15.558800101589885
939,8.524704115190861
940,21.599211170356586
941,-7.109905112677259
942,17.76440442661864
943,4.504290355887961
944,12.356854792882086
945,18.55076744053835
946,12.46625966679715
947,11.810774818944504
948,19.056973217118394
949,12.068458810069217
950,9.418726612838592
951,24.228761496995887
952,-3.8955578336835126
953,19.847251644468145
954,27.474438998849724
955,7.5925663954733515
956,5.282870248133955
957,14.759210062417313
958,11.221956990261418
959,16.047571871893826
960,13.48964176475377
961,21.35634361209991
962,10.363140051896378
963,15.044441395911102
964,23.580103242311502
965,5.429236482858021
966,6.590632925210277
967,14.544926613198653
968,-1.5756160894379752
969,19.40383871894588
970,21.784415963793496
971,14.686851798551809
972,9.474731093592654
973,8.151226468492595
974,7.785951173139731
975,18.846935344316684
976,5.411030452480313
977,2.104219976440681
978,-0.9351337306863723
979,13.517927492377687
980,5.940708029712887
981,13.695869540076469
982,-3.2305068022152073
983,16.4740164243314
984,17.187510433873445
985,5.003649823866366
986,10.734111135647542
987,5.425794782370512
988,23.795522849898827
989,20.28726036438259
990,4.740292115020825
991,-1.7230369243517012
992,2.3051008802375863
993,21.823490539504178
994,4.576430432523969
995,14.103070937644912
996,10.850326161197115
997,11.791243222745496
998,4.882682433783881
999,4.446545125125332
1000,16.688976017784686
1001,6.985766884897417
1002,17.95517869123563
1003,11.304672919762776
1004,-3.6561975995158207
1005,6.593888736082587
1006,11.500967099842047
1007,12.936747455761036
1008,15.10209351804903
1009,19.248452119214207
1010,23.107013483656708
1011,19.56173207486772
1012,14.539849254363286
1013,5.4930943212202825
1014,-0.010149301922130826
1015,22.271970695318988
1016,-7.294770523356269
1017,29.11866378121456
1018,9.876630764863162
1019,20.07421927079579
1020,1.2217631718125648
1021,11.365184353504224
1022,0.6116620584819179
1023,18.32151037695334
1024,11.166640186305486
1025,22.247345437525386
1026,19.786068296782823
1027,2.750940643602178
1028,18.65577712542783
1029,-1.0995741340400502
1030,1.2490132179608053
1031,4.3977243250768465
1032,13.955572232148421
1033,12.321550246289068
1034,23.48358439950859
1035,14.619842477613748
1036,11.3672699042315
1037,23.326835620585424
1038,5.093574619981835
1039,14.531618066602173
1040,9.797031874162023
1041,0.5809578628376398
1042,23.864289371735687
1043,15.427333937936973
1044,7.042883503000047
1045,1.5642626310929
1046,-13.02053012336345
1047,10.754222522103827
1048,23.925148742850666
1049,-6.683711199403977
1050,14.453617671411047
1051,15.002895347424895
1052,10.278128274378872
1053,10.007633038705336
1054,19.32830463476925
1055,12.943059307547495
1056,-14.503619126684717
1057,16.961968934217687
1058,2.853646555079281
1059,13.523461709441799
1060,25.362986144299793
1061,0.5619403055817955
1062,20.226787168252685
1063,20.011659830343977
1064,6.383262311100991
1065,1.3868156796457476
1066,27.425447477785426
1067,25.882550031755986
1068,21.892502032161868
1069,10.488364899584003
1070,6.260452400089829
1071,12.614703958824276
1072,9.223644089057538
1073,11.82126298639847
1074,-4.731145725946666
1075,15.796151318494957
1076,6.5474540013069875
1077,7.225953766857286
1078,11.649665111449817
1079,20.728774135943443
1080,8.971421235045034
1081,8.839044214092915
1082,14.656798066607996
1083,19.90808100254001
1084,7.7971979192993395
1085,10.957179364264766
1086,9.456741542221359
1087,19.47976896124853
1088,21.2254271180521
1089,4.980697047005348
1090,17.787112131139786
1091,15.398472628650135
1092,18.68013737280089
1093,-0.5870179794412964
1094,0.8548163880346511
1095,7.935918304201894
1096,13.114431336024692
1097,2.5770118950354544
1098,13.81724790969296
1099,14.248084175272256
1100,15.086717989208383
1101,6.754443392252967
1102,10.23892609631935
1103,-3.5947586895344763
1104,19.821775120616472
1105,7.5413334251639075
1106,22.383675268229304
1107,19.528994783211903
1108,26.0044296467932
1109,28.995199392162323
1110,-4.6178328896616625
1111,8.207559188266021
1112,10.674302203508192
1113,-6.466999570729637
1114,13.572606333118285
1115,16.21796269346538
1116,17.042254912304898
1117,12.484328246840226
1118,4.095922719647395
1119,20.35507734688009
1120,19.895520136434293
1121,3.8787656257726457
1122,17.40991294227048
1123,0.6708311634217192
1124,19.02363405500185
1125,9.298550797378661
1126,16.02274575259489
1127,12.565126700934986
1128,15.96358045934196
1129,6.521378505943071
1130,20.271284976724903
1131,10.526730493029595
1132,10.599397515056067
1133,13.18588436491108
1134,20.98468326895062
1135,13.132075286069862
1136,-0.8097401398451889
1137,6.882404829909524
1138,8.43953924496793
1139,22.165451659722148
1140,11.764502088357071
1141,18.909393955163146
1142,-1.2440128336978993
1143,17.84377915134425
1144,19.34553866717736
1145,1.3402682846557477
1146,15.713836466137899
1147,-2.2688211742294726
1148,1.6324091584033231
1149,4.8341261373836
1150,14.79111836274217
1151,6.307063626444988
1152,18.240552895024322
1153,7.009696011646319
1154,21.825448950482123
1155,17.121424836383948
1156,17.707509177541457
1157,5.820000344041947
1158,25.418887530275896
1159,2.385353498605799
1160,18.795621555248342
1161,23.49365094095734
1162,17.93521511509641
1163,-0.6795666824504673
1164,18.525797620771613
1165,22.69723214306442
1166,-24.347143053344514
1167,10.103597166888441
1168,16.59994192582523
1169,18.2311584429492
1170,15.814201065521338
1171,19.584115299324072
1172,18.145256828810282
1173,-1.642082586034489
1174,15.13076819816319
1175,16.748904611470373
1176,19.33034517869322
1177,19.492494450154904
1178,17.689081451838046
1179,7.613280168550282
1180,22.54214440636043
1181,21.7306780016221
1182,8.789800998952451
1183,23.9924438042494
1184,24.29602698279453
1185,24.028813507973798
1186,17.984497254496635
1187,13.772287861476434
1188,-20.099987542635116
1189,4.135275999052695
1190,3.6335109504072665
1191,21.88342476959057
1192,1.8512808393799072
1193,23.30673717181388
1194,12.894215194027504
1195,-1.4163794846728084
1196,6.931263061138271
1197,-3.719465034610189
1198,6.262426374834081
1199,20.993907222483195
1200,27.950623533526933
1201,11.427583324456378
1202,20.689782894774087
1203,19.80175208916258
1204,-5.911118549407338
1205,18.70361991508556
1206,3.2811805618755012
1207,23.02005700752882
1208,3.279784239909314
1209,6.524491292196811
1210,16.17987552907033
1211,20.58512419023346
1212,19.10236563757049
1213,16.250336081561787
1214,10.124639672961038
1215,15.786572962264392
1216,-3.9907589795799856
1217,26.407847980189228
1218,7.221834722718217
1219,13.175494921395059
1220,11.810138840725088
1221,26.217967025975994
1222,13.181552263369989
1223,12.392110773096169
1224,17.093948657131047
1225,-3.5176400868914386
1226,7.432520240547282
1227,15.257754294822693
1228,11.667448137383804
1229,3.377387896640572
1230,23.278766391970034
1231,11.322403965043783
1232,7.773714545551701
1233,19.84532473351091
1234,21.285461473314722
1235,10.549727722819409
1236,10.388037129701146
1237,14.873864882129375
1238,15.078196340667015
1239,12.320311261418597
1240,11.202828464062872
1241,9.225655009214083
1242,6.075142715518371
1243,3.315012983285422
1244,-2.051355043362368
1245,9.542250367871695
1246,4.4345529939506845
1247,11.007244480770735
1248,19.61221241708045
1249,5.8148021402230015
1250,13.219410020044759
1251,-5.72804928816787
1252,19.3434504211343
1253,16.353350826976303
1254,5.35939569946994
1255,27.787916354527876
1256,11.224842454868242
1257,-14.47776040895874
1258,12.46874524816782
1259,1.349667657290511
1260,22.810941292819177
1261,15.113121207261086
1262,24.55995362628383
1263,0.7431875351083349
1264,19.585438146898213
1265,6.831815199554578
1266,13.372314852946117
1267,24.198396366206186
1268,23.524712140947408
1269,27.949377138627174
1270,27.825879139464988
1271,15.950624830046518
1272,14.159690752299403
1273,21.07577290946849
1274,14.73236148747321
1275,-3.644943259135706
1276,18.466124180703883
1277,20.901984923384017
1278,8.571656753168833
1279,-13.909219526756976
1280,17.909565368078205
1281,19.720618461496283
1282,4.242526907554588
1283,-14.025710446844492
1284,7.392501640739646
1285,20.624437025442
1286,13.413602681182578
1287,19.82678550475111
1288,22.822150894060215
1289,10.274353489449647
1290,12.620192248695506
1291,6.858523769936171
1292,22.585191000380753
1293,8.019891958979343
1294,16.47721475158994
1295,9.512466637547348
1296,17.315560697666037
1297,14.48362215538703
1298,21.38722570167801
1299,11.848637964011239
1300,9.009483843177822
1301,-12.6507814787633
1302,19.81069060873198
1303,17.908442523993465
1304,17.40507022652745
1305,19.236718415408276
1306,17.155909620136057
1307,0.4938645772190402
1308,27.59530317121149
1309,5.537735219914133
1310,-5.423724560301088
1311,0.24641096181448666
1312,2.2446272759847976
1313,14.029180635289869
1314,25.240614739095495
1315,0.918949027850999
1316,22.071383828305255
1317,18.7222664002019
1318,14.939113964012488
1319,8.42713702982048
1320,5.965534921184526
1321,15.444787045557346
1322,5.841136203485114
1323,17.253883441058615
1324,26.181081431887453
1325,6.3314060988866965
1326,-3.3242472347336167
1327,7.8030880411410894
1328,25.482527566704796
1329,16.687888821519948
1330,4.124630668521652
1331,3.6716293325009346
1332,19.304501985526798
1333,2.5906611438035068
1334,16.47567622854862
1335,22.972608988199646
1336,15.955418180351757
1337,1.9090648402295638
1338,19.31450831473925
1339,0.4418419426454463
1340,12.102740471051758
1341,9.821875193878686
1342,0.9483822970171693
1343,19.782380801034122
1344,5.117174379412919
1345,11.954659917130352
1346,8.501378730823975
1347,18.96099492953566
1348,13.797534761039772
1349,14.067084020017928
1350,11.119077829750479
1351,10.836186850662306
1352,18.69859295670616
1353,-0.5229334288244658
1354,18.873988506761073
1355,14.29964097149745
1356,-1.2167240591013448
1357,-7.682302135572716
1358,27.20750521753261
1359,15.73826109624518
1360,22.16033025430583
1361,4.593837445764777
1362,20.03460286845527
1363,27.587087791626764
1364,16.076014478148327
1365,17.578585509768892
1366,9.010244252857284
1367,17.545731032654906
1368,19.848142284051807
1369,2.684375738488864
1370,25.09691547592776
1371,8.46809085702636
1372,14.311820934914435
1373,6.985991285017765
1374,7.028973123561018
1375,8.303538453082984
1376,9.037981780597969
1377,2.555316702276553
1378,23.474931395444624
1379,21.864490159102733
1380,5.8615786671030845
1381,15.036226832172515
1382,-3.498713155999092
1383,14.248125218273332
1384,-12.417723293722267
1385,6.460444965666924
1386,18.936256676770725
1387,16.88994356259848
1388,10.332948798247074
1389,9.08421203631521
1390,10.169296841063623
1391,18.941321616944176
1392,15.503947776173636
1393,21.16039221876385
1394,8.03467707382273
1395,-1.897255952748003
1396,20.649356212705566
1397,-20.889298317799
1398,18.830223852133518
1399,16.910588690423122
1400,15.312011085232305
1401,5.5168430692003305
1402,16.123086955242172
1403,13.070913049179184
1404,18.635096383454403
1405,7.248947399247293
1406,10.817482550662135
1407,8.847291841213178
1408,14.594981994660639
1409,13.251287426952873
1410,17.22164696972988
1411,14.780179524357159
1412,15.48788112798388
1413,6.57205996094371
1414,13.5488235599556
1415,4.467267614623911
1416,20.076893352344847
1417,12.4702501741337
1418,23.53821249141618
1419,0.8941929099915832
1420,21.33588971457041
1421,5.596507404746247
1422,-1.0557347026006125
1423,17.527079774089707
1424,20.821797297609223
1425,15.541914068938333
1426,6.752439435715624
1427,4.001015476074885
1428,12.687959949782469
1429,12.789939672217667
1430,8.790284456060755
1431,15.124514097295096
1432,18.404995754818117
1433,3.936907421430224
1434,10.787749912800402
1435,9.211578690117666
1436,9.347697994945515
1437,7.775662210161746
1438,10.91883322718946
1439,16.394025935265038
1440,12.780493066285187
1441,18.379768253159348
1442,7.690712957089196
1443,18.27283843451179
1444,-4.43987053715486
1445,9.88172716491494
1446,12.174518637990516
1447,12.59111606657961
1448,4.070753151762978
1449,-4.417183856903869
1450,-0.3942464506427451
1451,-1.1536072831683868
1452,24.338067832623036
1453,7.762540012550707
1454,9.628192269739367
1455,-5.106353860019213
1456,20.765709275442063
1457,3.077531965011873
1458,5.588964645788388
1459,8.183277565372844
1460,15.65957707733618
1461,12.11077346333701
1462,15.06015499996972
1463,-4.748214470029967
1464,20.28786712896232
1465,15.24117777036327
1466,22.558374417218047
1467,7.224299354221865
1468,18.40073204242162
1469,24.09087274222975
1470,10.386546883876338
1471,-4.261892867113698
1472,10.436721872624403
1473,17.0398482015399
1474,12.323642667131107
1475,14.715593619714555
1476,-17.08482141369601
1477,4.159743892506269
1478,13.151493273353633
1479,20.439521787109328
1480,20.093648323949893
1481,19.992591832400592
1482,19.0350553642065
1483,18.085707638676816
1484,9.64250308098954
1485,17.007502427414526
1486,13.562896510760357
1487,16.119577895775752
1488,21.305678740376692
1489,12.490243056849131
1490,7.565396024613746
1491,15.393184471640511
1492,13.557111950295413
1493,18.286549846486444
1494,9.249375687958596
1495,11.93322182134248
1496,7.91719373944391
1497,-14.48932435183436
1498,4.803456517729878
1499,20.830682290291247
1500,9.411721191044235
1501,14.074750580945585
1502,8.097233541321737
1503,4.058150788677519
1504,9.8532769201365
1505,14.78135186681553
1506,-1.7604423869059553
1507,27.301590104928295
1508,7.673061891417416
1509,16.852954943942834
1510,16.352490328931076
1511,5.127150145799923
1512,-5.789360876301378
1513,-4.1086049403222775
1514,6.3448920652343395
1515,25.891700863711126
1516,14.926259577182345
1517,13.654805624684906
1518,5.358554517380796
1519,13.103830519835643
1520,5.352300367266258
1521,14.500663731728956
1522,17.54409010019451
1523,9.755967798408358
1524,18.703876543820456
1525,6.274385854102043
1526,13.082188340893616
1527,15.245566381958223
1528,22.231248799048014
1529,-2.918229658297903
1530,-2.685813704711667
1531,4.3398934073296145
1532,-6.074128266823513
1533,18.020951428057792
1534,2.7307878999878237
1535,24.11858681270676
1536,9.20470576266389
1537,14.701439698246176
1538,6.741795757128167
1539,13.53880779257143
1540,16.49826414339472
1541,3.840748088149121
1542,5.948637607456467
1543,15.936641328205624
1544,12.3919712925109
1545,21.051432640328393
1546,10.08117503517301
1547,10.004676985896255
1548,-1.7314904048880229
1549,22.355891678612092
1550,11.837147589254437
1551,-5.311763820106355
1552,22.287525183015337
1553,13.303931933035742
1554,1.1240113236912308
1555,0.028043642017926834
1556,-5.505932552099548
1557,14.5299474092454
1558,2.262511585577444
1559,8.837312570374886
1560,19.064548909059855
1561,8.410415694859404
1562,9.043589320336622
1563,10.919945758692498
1564,17.27549312136853
1565,1.4334485262161363
1566,7.13652025698636
1567,6.318523799813764
1568,19.703619565700734
1569,15.786765522742963
1570,14.21065675841854
1571,10.085181828067018
1572,-9.016283011755428
1573,2.523289154581352
1574,-4.161405181285747
1575,12.253062798768516
1576,-7.736477488763758
1577,14.622381445893373
1578,10.20304390214729
1579,13.183143734036204
1580,-12.10956095034882
1581,7.152283276619769
1582,8.753050518006615
1583,26.793033489314404
1584,6.014765239368446
1585,11.568884819246211
1586,9.461669614629837
1587,-7.477440639198985
1588,24.006760833623233
1589,10.157961258140284
1590,5.029936950105247
1591,0.6419992810118783
1592,7.337611947690961
1593,13.124663611292444
1594,1.7211641064664482
1595,21.640184697776107
1596,24.77284301870474
1597,13.640417607783196
1598,9.20705123689213
1599,25.604167961730685
1600,5.497010028845482
1601,2.7377459186028847
1602,3.836129511190073
1603,2.3279662821743994
1604,-4.518864894996083
1605,17.22096580288493
1606,18.28059517218997
1607,-2.4134819250078716
1608,1.9382302430434006
1609,10.290911012713963
1610,15.693777083918835
1611,12.44786935207577
1612,21.896775437787795
1613,22.27079741628592
1614,9.131658911832135
1615,6.337722784023898
1616,-3.706322508355298
1617,8.517196447480416
1618,26.387453540988282
1619,26.42372567223226
1620,3.471717390791767
1621,3.1357912577678726
1622,23.029313610295485
1623,14.585808403472624
1624,16.015842730711718
1625,14.953895400836
1626,20.288673017771476
1627,12.530001684797718
1628,-0.4713199421768537
1629,12.826270971043575
1630,11.096701506567655
1631,5.902415172535079
1632,18.538627186200376
1633,21.95632021520173
1634,18.6607079396505
1635,8.838086024736244
1636,5.638492061954537
1637,9.462122652172535
1638,25.87047154769484
1639,-8.790549163806183
1640,24.97428921782266
1641,18.202069181940793
1642,8.999737393793154
1643,6.295991428149542
1644,15.100910640319773
1645,17.203372504773604
1646,20.980255573843245
1647,12.525868199310356
1648,18.385327464711693
1649,-1.6809416473564882
1650,7.814510022437595
1651,10.638396382388992
1652,15.222178152704728
1653,2.5834540337485956
1654,13.25389807265996
1655,1.0599847393373942
1656,16.052455034045938
1657,19.70651327877196
1658,10.321091957844606
1659,11.219131755514407
1660,2.915146597910982
1661,10.806102515250284
1662,24.91381129371731
1663,15.812716711359052
1664,17.845470412113897
1665,11.697344699888033
1666,13.909949006072749
1667,-0.8485897105949551
1668,7.841872221312093
1669,8.343262461082722
1670,21.774889774690344
1671,12.855899532364967
1672,14.223854728188932
1673,10.20890356227181
1674,2.553355775629816
1675,2.4812256402915427
1676,7.826760988876783
1677,-1.4781349513988578
1678,20.760018644467323
1679,13.305409379361048
1680,19.32539561064499
1681,4.38993425304401
1682,5.006883832628739
1683,2.373571764289246
1684,7.877875993381061
1685,-9.27659680950845
1686,27.487170677640552
1687,18.275111062814048
1688,12.22380685067232
1689,12.67126324145412
1690,10.499100645119917
1691,7.694417990652689
1692,12.248725161017624
1693,7.910931603697945
1694,11.478349714036366
1695,9.536215977658488
1696,11.570584594699252
1697,14.03438856738009
1698,4.1451687221542475
1699,18.31550731105313
1700,19.778338506848
1701,9.411610189953501
1702,17.81395509261299
1703,1.7197033035228064
1704,19.467488534362886
1705,-11.621560615627331
1706,9.051450284079891
1707,11.18776349877615
1708,2.405173732854421
1709,-4.2453694310508245
1710,9.281521139234226
1711,8.80713178214776
1712,20.374214213747567
1713,16.421960151480683
1714,7.860424930801386
1715,8.585930188638006
1716,8.973259817292895
1717,4.952864946807519
1718,14.153478342555468
1719,10.53435468751423
1720,9.499273174944065
1721,8.179471822224654
1722,-13.777199753776438
1723,-1.8400709407374252
1724,0.48672634975341716
1725,18.72974472302716
1726,3.1222616303667716
1727,16.731857345198396
1728,-4.0265596865912
1729,21.751935321978987
1730,-5.060848594962409
1731,6.20425197853023
1732,20.61710101482329
1733,29.156177740093213
1734,24.3378161484158
1735,25.559232216848898
1736,20.31291486174439
1737,1.9672016457055865
1738,19.584599695393273
1739,-0.7218573554929074
1740,19.276853937213158
1741,19.68109492694832
1742,3.2176030965551505
1743,19.39188608912834
1744,10.97322503208622
1745,5.5380389977684095
1746,21.716720733974636
1747,2.8891187330114025
1748,23.1874687345368
1749,11.962239603986289
1750,5.653120246695546
1751,14.620359066456638
1752,3.7455110500594806
1753,15.14728813806203
1754,9.39243515080131
1755,15.962925819776093
1756,12.972134322170223
1757,0.6690050359319306
1758,4.241137428336772
1759,0.8092475009045432
1760,14.093514124451527
1761,15.078135805561134
1762,15.528769072035594
1763,16.08025733588026
1764,17.454841801594554
1765,9.300009732178527
1766,12.695873511926253
1767,16.552493897350647
1768,-3.803966332480163
1769,6.41004978638589
1770,-2.0432573115463306
1771,-8.431467148542065
1772,22.071541466584648
1773,-13.811229295798348
1774,20.0331957992385
1775,18.64799692518786
1776,15.52043838417429
1777,21.738705976958457
1778,11.834713173635288
1779,15.503763330435145
1780,8.143946826387657
1781,15.101240059060599
1782,13.935180276091126
1783,26.458256697810494
1784,15.435025164768046
1785,26.491889843367172
1786,6.0469072063023255
1787,7.587705646844644
1788,18.01649922622794
1789,18.403020966042295
1790,10.04807365525325
1791,19.367841835492662
1792,1.2213928251053798
1793,12.685434441050615
1794,21.346498746748836
1795,7.420338111665392
1796,8.772120299856274
1797,9.701213061110819
1798,24.79240174961297
1799,11.34785398804238
1800,15.552015339052032
1801,4.835409260569733
1802,-7.698253362009753
1803,31.354083757088137
1804,14.265070708680362
1805,1.308662793290873
1806,16.502948817312504
1807,29.10899457910013
1808,18.937130366090983
1809,5.22621604275226
1810,-9.495700413594378
1811,13.463092293816043
1812,1.8969104228649947
1813,7.171799415430432
1814,24.980731277243898
1815,6.060245462291264
1816,17.522909979650024
1817,18.223329739147996
1818,5.694409198866605
1819,14.36190910823219
1820,27.414225933479102
1821,23.322179438848888
1822,12.176937631554082
1823,11.04192469702982
1824,2.6542269550017132
1825,6.667037698977309
1826,13.183008162320617
1827,-16.798799629043888
1828,13.19235410447457
1829,23.95036601776153
1830,-0.8957387314618104
1831,28.670558927827987
1832,13.147957956975121
1833,11.021743897281794
1834,8.182394078365226
1835,18.841255768780467
1836,-4.006158108612908
1837,14.312087186098344
1838,2.0849728563404275
1839,-5.380299609784714
1840,-5.506914068517011
1841,-1.4962672844393656
1842,20.351816857272524
1843,14.47619885450873
1844,29.946124031936524
1845,8.616161679022944
1846,15.377990026803399
1847,-5.170535645075274
1848,17.541526013867674
1849,0.7642724728237951
1850,9.98152309571147
1851,14.575955326898766
1852,20.13065453685332
1853,15.942368859733916
1854,17.85622183387902
1855,9.83688704993315
1856,10.772733679114232
1857,-4.869502688147972
1858,7.094943954889126
1859,2.7659887063140394
1860,4.0591190161512785
1861,15.130038654359751
1862,14.517753701752602
1863,-0.741517640654459
1864,12.344709844749964
1865,-9.290414565570373
1866,12.515493209039224
1867,-2.9977477838995075
1868,10.747788973182411
1869,19.641362962877803
1870,21.035266995030916
1871,2.9018720730969116
1872,20.870485191970992
1873,6.003777861504694
1874,2.834982642785311
1875,-14.327118111657121
1876,-2.5501429422013526
1877,25.668324455883216
1878,20.39982631854966
1879,12.912102789485841
1880,19.622493363517513
1881,16.645016442298825
1882,12.09292201433549
1883,-2.6661222734613657
1884,12.140695957966498
1885,15.200205871981236
1886,-3.620203537892189
1887,-3.1744993018543486
1888,6.35956674519168
1889,22.636222416105593
1890,-7.486517910130327
1891,1.4279531957107945
1892,24.523538174622328
1893,7.410972226885089
1894,20.08072010957617
1895,19.17877783293296
1896,13.586639354461191
1897,18.36787914294018
1898,17.75769809338125
1899,14.291718919178054
1900,8.860360305399853
1901,-3.2213338665782345
1902,2.369194993361191
1903,15.83119834933468
1904,19.58639271104384
1905,14.558237497240082
1906,7.891187916065418
1907,-3.2349267855590442
1908,22.810197732284966
1909,8.340130640496751
1910,15.865414982843818
1911,1.8717250206815725
1912,18.110019134842254
1913,-0.2026439604533411
1914,24.851389105160557
1915,6.455179043451661
1916,7.402395510307102
1917,25.149677670430364
1918,-3.614685776691673
1919,25.024510882441216
1920,12.51534650457112
1921,26.83076474989716
1922,12.7858520946669
1923,-1.154556993857293
1924,7.877036353574976
1925,12.719322004142187
1926,16.77912402658621
1927,7.566124150592072
1928,6.580777837588206
1929,2.447190264892538
1930,1.5639609489167645
1931,1.1008535023739145
1932,20.300520113965746
1933,16.925734745591157
1934,14.026136532574984
1935,30.356657428273063
1936,14.759873954116332
1937,9.593261744294049
1938,20.01494411422601
1939,0.8898077247974107
1940,15.631520719038178
1941,4.753057314373642
1942,13.339997414745737
1943,5.895277698512019
1944,11.032619816061231
1945,11.750899409288248
1946,10.093356844049705
1947,21.708213969454373
1948,20.435986364046318
1949,1.0431380687527243
1950,12.63061662318276
1951,17.700204585657655
1952,9.915212255332214
1953,-3.1476386601308226
1954,17.91292475080844
1955,16.412503690388853
1956,10.571465021822958
1957,10.851810682432355
1958,35.57215110965037
1959,22.840904714884015
1960,1.4602873469472284
1961,20.112282235058103
1962,-5.171746481449109
1963,10.634085234471598
1964,17.680347238633043
1965,22.690041566491548
1966,1.8166037841626272
1967,27.611818405703204
1968,7.899301901882069
1969,20.482423619346694
1970,-5.493422907536847
1971,25.66838952532762
1972,9.850246355940005
1973,8.84965544545211
1974,-2.03419512103912
1975,7.351420514098911
1976,15.48429310150175
1977,12.945903684655843
1978,6.049954625115967
1979,21.757065034883293
1980,15.863941098388326
1981,15.033468435734143
1982,15.716275572669403
1983,17.252160404826775
1984,9.862221911038185
1985,12.445340738067657
1986,16.240343196461883
1987,14.68752198212065
1988,15.380628831683264
1989,6.61446450770601
1990,18.404400666523244
1991,19.27920335756801
1992,16.565438397919646
1993,27.691228223279442
1994,7.364008894201081
1995,28.459564307516704
1996,13.220208701569582
1997,14.913670308185708
1998,11.230695195448908
1999,7.53151565678833
