,value_per_image
0,15.597542837538667
1,16.15584285758742
2,23.68287462584312
3,1.3924458330539191
4,16.256011821914335
5,19.152547183896086
6,28.412473693326216
7,15.07433720209299
8,14.489384945809437
9,17.391520821834053
10,23.445566454184277
11,20.9813649771687
12,-1.9556153715706324
13,27.17177888449398
14,8.922735712722394
15,25.709286390633896
16,8.506599292971398
17,7.983874444860689
18,1.333450149192516
19,19.53147779323085
20,27.085743006478104
21,-1.0193481390365702
22,7.5743143823298755
23,26.64016027448238
24,15.663911987382177
25,18.5808706641027
26,8.459502895815445
27,15.124987251391605
28,17.70288492788953
29,16.525743808969565
30,5.586932821225529
31,-6.445699064767637
32,18.179100292334617
33,21.960388301974803
34,5.21484826111405
35,19.73549129709279
36,22.754954486401587
37,15.421610546803723
38,-1.4877401610664336
39,23.371072889352547
40,23.05957475781696
41,16.174551055951756
42,22.012969195244267
43,10.510044861375274
44,18.56013730960798
45,16.20787288681724
46,3.66430049689186
47,9.932588489418249
48,20.68706596573764
49,15.547370259119669
50,-2.4108441759043675
51,6.227927209907149
52,9.957620309991064
53,6.237249795300247
54,15.415996587499102
55,17.448185976873912
56,19.573423684144817
57,7.266881129501317
58,21.739775568006547
59,-7.016570104000571
60,14.252029578114822
61,10.31212398607214
62,15.651128481008206
63,-1.019968211404698
64,4.009960960807076
65,4.088091919392939
66,11.664556092891518
67,20.036300000077652
68,5.857857024445536
69,20.89689231547396
70,28.929157525481546
71,14.227678677657556
72,9.96215671252325
73,13.389556974504211
74,17.34532591288409
75,13.642534174238634
76,5.673384391522666
77,18.34448906871452
78,24.172145201925748
79,7.517435926382779
80,11.583763075600615
81,-0.29285284562067765
82,9.9736371307457
83,19.968098905207807
84,10.320081020448931
85,-9.880826303404959
86,11.964980887410402
87,3.9475625441142137
88,7.8449611226628075
89,18.267167079298726
90,13.657997022241862
91,12.802201961999744
92,14.976820908831803
93,9.59386459514079
94,7.690046140812188
95,15.761406954677884
96,8.179550142848417
97,4.882495810027904
98,-7.148977579902128
99,20.35776028146679
100,15.041408413148242
101,2.4328599046021115
102,-6.025994394416594
103,21.433722404059175
104,12.789449755539382
105,27.540850268234234
106,22.59546120003183
107,23.09828400140733
108,23.28372098119394
109,12.88743261227557
110,20.74631566180772
111,-0.03980211243342403
112,7.335654345414702
113,14.542083988329289
114,9.098325803978252
115,10.34206083631566
116,1.6112109688811136
117,2.158878239996199
118,-1.1203887266900552
119,4.755082347528225
120,10.241462228409231
121,14.265676215793901
122,21.805169778998785
123,13.410373239088107
124,-8.833160927406151
125,1.4763865220019878
126,2.738095248138829
127,24.226663955313203
128,18.412306610022185
129,7.284616793091503
130,12.14610953935927
131,20.883613598969987
132,17.30789198094308
133,-2.550781198910131
134,15.36899144947793
135,22.919956639351774
136,10.822573101671841
137,-1.5969723653256613
138,-4.861268907584395
139,7.639495640156683
140,27.158302615509033
141,25.911013077979277
142,18.572446365291988
143,-2.4241137530803023
144,8.924968121136525
145,29.03589352130359
146,15.052921498866182
147,3.573478407367196
148,10.206654884376515
149,19.38064495602408
150,19.12180050771397
151,19.745721391065253
152,5.512897129555223
153,8.814854949115208
154,2.9167300563941048
155,-1.482349734228078
156,11.822167030037305
157,-1.0205449167518563
158,25.041083589234255
159,21.1160436944645
160,15.13448457406093
161,13.319818360126524
162,17.92887448534863
163,1.2074857344931962
164,5.75361622769301
165,5.279971886778264
166,15.08353509477123
167,11.564278094960098
168,15.801394599535147
169,8.79948607209651
170,7.89531965870518
171,26.00964499668018
172,-0.5901984304463862
173,5.467650473357045
174,15.5920727075742
175,19.92724179579879
176,6.05703367381264
177,0.19208412564635532
178,14.330103535889952
179,12.22099814573328
180,10.911997968667158
181,19.72643375936411
182,22.52126606777111
183,4.296303320584767
184,9.756431058573467
185,10.376142509205767
186,12.616527864323084
187,6.777276860611672
188,24.578915239620166
189,23.38512054317437
190,-7.462626559052812
191,3.4096948893602885
192,17.86321732138806
193,1.867785092820585
194,2.3741115870383296
195,9.630423512758421
196,13.772087123934632
197,26.31956872112117
198,0.6804963426131537
199,5.518320611335323
200,17.68067075809222
201,-1.7267342492981577
202,-3.8776477417363235
203,23.752916136435868
204,27.73759022329215
205,20.79479248400471
206,9.014817049886853
207,14.560528691357959
208,10.739532178869048
209,9.393146621652786
210,4.4247227376834575
211,18.255457702610425
212,10.034653894514557
213,21.493904788537122
214,14.690052461046026
215,10.629785793402096
216,18.209842843559976
217,21.373652388753545
218,15.891532669884496
219,10.007988623896258
220,22.69724731599783
221,-10.628163182634713
222,16.9554631660611
223,17.98379647513349
224,14.087136750417205
225,20.816231127007963
226,19.5563433092334
227,-1.3334487248198157
228,-8.933583300217583
229,25.39841758913596
230,3.4605726814520614
231,14.966596420718986
232,20.07743830192816
233,19.010656297144557
234,16.382264570795755
235,11.774773380215189
236,7.7429273595366
237,7.348850550242969
238,14.43670262598492
239,9.122671665041999
240,16.62515736236289
241,14.95515290516097
242,3.6258526472073354
243,12.774727873673365
244,6.377725351334433
245,17.656338641014585
246,17.152285655015973
247,-3.9861688804300437
248,9.570878470305605
249,10.594642713414903
250,10.584943558835526
251,15.735581751367947
252,22.237905295590718
253,12.44712898225664
254,21.30179390781133
255,12.866294226774963
256,20.699236031723803
257,15.474014487382282
258,19.74625211297795
259,17.538432761105845
260,10.247531387936021
261,15.790100712336073
262,3.6742780242102966
263,13.506037246273825
264,12.329248970522224
265,18.385216977221567
266,-2.9952511825159385
267,22.487060803401878
268,6.416620195911247
269,18.447608406363603
270,10.77621727851297
271,16.320702591895223
272,21.639510241604096
273,0.5278335878701971
274,18.37275322943868
275,11.468162295716883
276,20.47110008212058
277,-8.496352074975336
278,19.21083663590025
279,7.141855136131819
280,6.505407333920884
281,9.814940054835187
282,19.858248205768735
283,21.69077895752514
284,5.341792912994822
285,20.112094784290733
286,18.608002434596933
287,11.893836792813502
288,16.124270638820644
289,2.781761077479729
290,-13.18863038070016
291,20.35708297641694
292,-0.08077224873145518
293,11.4687651942178
294,-1.2564708447330575
295,-0.5498352460192445
296,15.54011356607654
297,-10.005310322886498
298,16.094211664808434
299,27.699431311760286
300,16.600373125850204
301,19.18497053327954
302,7.7224154909302145
303,8.253184481705059
304,0.8083039155747958
305,10.58078589026751
306,1.0112327958095528
307,5.026056431522195
308,15.490362918663068
309,4.391524115025872
310,16.844771270651762
311,23.675770161940342
312,17.263339121794903
313,16.75615461785151
314,1.2127689760114124
315,-1.9677209689072672
316,6.464728218361381
317,26.582194100205907
318,5.175763797876959
319,22.51360494360114
320,23.001073816530976
321,8.356636710673214
322,11.1757841222044
323,12.825838677699123
324,8.618377103507864
325,15.756933479603717
326,1.4255974486116758
327,1.4437880755409152
328,19.225336480597434
329,11.791082588376028
330,4.3054391374322085
331,8.251954723584204
332,20.19389162001612
333,22.294273173357507
334,13.911970204724389
335,21.956748109760433
336,8.077142564152897
337,28.732085992112403
338,25.748239697814977
339,16.256979486631256
340,13.44529767600492
341,17.347420580300767
342,18.07550065267654
343,14.895989748012004
344,1.7205076831025585
345,-5.844179130353891
346,2.5999741723009833
347,24.26966306382709
348,7.441720519317275
349,13.183835166198143
350,15.439151457349253
351,4.2343107451022854
352,31.730897145140016
353,19.365300928585317
354,10.757979985344376
355,12.648281401142713
356,5.3071990998583445
357,23.8663862828295
358,10.93257203956329
359,1.4213142033024797
360,4.822604343747947
361,22.351324498851923
362,-6.320822171679889
363,-7.760523582512219
364,24.904809551219074
365,29.38192776097298
366,9.157702859791012
367,7.262867598959832
368,14.762373110057688
369,11.38757556192768
370,25.664841799055438
371,7.714043968947821
372,12.425588709500873
373,5.016456743910787
374,9.440799002234872
375,15.900636375777657
376,9.85825308196766
377,1.3527890043239155
378,15.61203170197605
379,17.092122720451208
380,19.21504810498224
381,15.325254215950306
382,24.221296568274877
383,-6.709848768125992
384,14.415138159003348
385,8.463578256822386
386,11.424610923517458
387,11.993789057467321
388,11.517612198676511
389,9.302093410884419
390,4.264398764951837
391,7.373707216180896
392,17.851687120552956
393,11.941330212587637
394,12.41026606905705
395,13.314087937996835
396,13.213648001933732
397,4.070843088518061
398,9.608063536383575
399,11.518037514268771
400,16.99209105034147
401,-1.3828352269377775
402,-8.206015420570886
403,28.16693086110058
404,12.737644761812168
405,10.669152330006073
406,28.532353635331116
407,13.993699922702216
408,20.80624250975474
409,3.814155336505758
410,19.381410922422877
411,14.613730095660342
412,7.143866088003925
413,12.397813058806479
414,15.052246332736074
415,12.2622558788318
416,12.166947023345605
417,15.222953046628426
418,9.146281664266045
419,19.30031223223789
420,16.561750950706625
421,-3.515426818278289
422,25.575111199695744
423,13.039614967832282
424,1.8235064353273214
425,14.218526783653612
426,13.664283941114322
427,20.180901681649736
428,9.153425851360499
429,-1.0703663822700682
430,12.551049733446101
431,-8.19198679335045
432,9.542471494053679
433,9.604088961333556
434,14.89066361861211
435,14.162522737917723
436,15.109335626920199
437,17.832366390550515
438,8.11136527914118
439,7.431219576744542
440,14.454366016440403
441,-0.004084215250497617
442,0.7714235591275191
443,10.417640340592765
444,8.677016013254487
445,22.765762997944513
446,20.86859558144141
447,-1.0895314004493528
448,24.349473218604206
449,8.951322502272454
450,4.723180109134337
451,-4.994945474944741
452,18.41832271465296
453,28.558297036071583
454,16.10296587703183
455,14.422237823315129
456,2.7147509212076337
457,14.797229194186137
458,12.596533058619245
459,13.505691189309875
460,16.498944769417704
461,10.96836086423435
462,1.0657372624644084
463,24.639308793012365
464,10.012808107343409
465,5.016662179850769
466,15.179331051621569
467,23.003117637150307
468,19.00042304714208
469,16.45762602682147
470,23.313648403387205
471,15.61552005162761
472,4.0525398965107815
473,19.18461989006814
474,-3.7850323639045342
475,8.42043112002905
476,4.402342989555423
477,12.01092176619787
478,-9.050347623675641
479,28.165454821096215
480,18.048912291779555
481,7.680104608068369
482,24.84818624140453
483,23.958808027375408
484,14.03415714311104
485,10.703312659512584
486,-1.279365685367473
487,1.980208206844764
488,21.939189994870087
489,12.218976639327447
490,4.383727326411846
491,15.232257248926114
492,-3.661891800423826
493,28.658691523817243
494,12.840250664824097
495,8.529691878068812
496,19.881109432191167
497,9.31474198281099
498,-0.3424510960584809
499,16.995330673117415
500,13.496500050996337
501,-8.227531311251628
502,21.476005186577652
503,2.853817876911378
504,0.5818949425724279
505,7.272588402706868
506,-3.241452100115323
507,14.839710570343643
508,10.112468270915484
509,19.180059626792175
510,-7.290367265634667
511,4.894622224063008
512,-11.744488771207688
513,14.917777279005527
514,21.24763465887191
515,20.89962589804453
516,19.25703553399407
517,18.209639755340795
518,29.233335676742957
519,8.608105138165708
520,8.528515180499856
521,22.83203399424159
522,18.366278446151735
523,18.405342888402153
524,3.171185961950194
525,14.72906182162568
526,9.864552996789273
527,14.383081385091783
528,15.399291173246546
529,10.48930568769674
530,17.02706593868305
531,18.98797634589736
532,12.13655058916931
533,12.014408562527553
534,12.90655771575119
535,-9.672543589006155
536,4.4666679029553205
537,18.260487800756746
538,15.732325326733475
539,15.614044848242667
540,2.594428550234307
541,12.211646827638978
542,14.864830477890504
543,14.752319395643303
544,9.503631772759194
545,19.026845987295136
546,2.806694049630614
547,3.3799639379477644
548,18.765106996662777
549,4.020341272275414
550,7.614793906569959
551,-7.375162086947861
552,12.98443705891876
553,4.401803964929221
554,28.3886988915703
555,16.07243180430634
556,12.988565515836486
557,23.260598522139794
558,14.70628589122547
559,18.410298243242867
560,17.04746919058556
561,14.547182359495107
562,7.712742879392612
563,10.112460323971382
564,30.419429586450185
565,13.518064980797625
566,22.090741924620772
567,-3.3825576850091275
568,5.390447804971486
569,8.689046462577
570,23.51997057041562
571,0.3192605233125857
572,14.9178905043263
573,14.789864088424464
574,21.188993806071856
575,15.724574037724892
576,13.261272121820772
577,17.449804376336143
578,23.702156763825826
579,14.097656866307823
580,7.5390104886286355
581,24.845708557213765
582,16.159580991038982
583,12.836892657372898
584,23.56518486767524
585,22.707420694946414
586,25.163964965139176
587,-2.436115117443365
588,13.473214475524998
589,13.559188976734356
590,2.4764056967177104
591,21.233693435802873
592,15.62114207812101
593,2.607304457853738
594,19.732794753879073
595,4.9606241664450605
596,6.588470571866499
597,10.186369809716076
598,27.352926551379305
599,7.646941708559504
600,27.15549200079842
601,13.234113071206043
602,12.042905337391174
603,23.19779132078596
604,15.9809894033868
605,11.230549874593882
606,11.49458420496699
607,21.988716405952243
608,7.324085834404185
609,20.880981183035356
610,16.919685178826565
611,21.864957804493212
612,13.309470186538487
613,12.608715114633036
614,16.907290100274796
615,10.152369066383121
616,5.53425441557629
617,12.07433713567198
618,9.939245841848491
619,6.154957213131299
620,17.067991178572214
621,11.90132290442202
622,5.045258398491265
623,17.73525220305072
624,9.827262876032245
625,30.516268683098353
626,9.006907941835419
627,9.124185225289654
628,5.457524546317276
629,1.0593923735369821
630,10.47695971650902
631,19.422607934518354
632,-2.7962992422790975
633,5.392396978543873
634,27.799126514710615
635,1.4471832231454211
636,7.062083408897414
637,16.77897783380498
638,21.10021449372327
639,22.369509642131476
640,6.574011205806321
641,13.896836227362913
642,13.595499212761444
643,31.836450686418967
644,-8.624177838778088
645,4.683823863640747
646,12.036638564618015
647,27.862345646131807
648,7.041931255290922
649,20.176399858868276
650,16.89645763651666
651,20.77229508868169
652,8.949076180885628
653,17.012431476611276
654,12.896266076078748
655,4.389372766053034
656,-7.296186990328804
657,15.31028665726343
658,18.28494945290347
659,22.101308944101536
660,-5.067584311701583
661,4.170431345267671
662,14.23587466347488
663,14.915601362954785
664,11.549866170211839
665,-4.732151705717573
666,14.168603576713847
667,5.920953253889129
668,21.013522513981897
669,15.990748418748817
670,14.595548863150126
671,14.442466764637196
672,-0.9894049208708964
673,7.354962684807897
674,12.886342119912458
675,18.581741392560822
676,23.30138419077324
677,16.549084755932505
678,17.037434884108375
679,12.829138239476153
680,-14.89838016098092
681,18.49095460822111
682,19.823387285116734
683,11.812325318982973
684,11.624687420473999
685,24.46740532991317
686,9.271903001141666
687,23.952784720986045
688,-2.851912987810097
689,16.707405134556478
690,17.1104695475725
691,14.673859908498544
692,12.13935208382138
693,19.128775846200256
694,-3.9664292723214456
695,21.92396972996869
696,15.374743198229122
697,2.05193753848791
698,23.175903384137804
699,12.198458005064369
700,13.656976971654496
701,-17.747244957306776
702,17.878462629161707
703,18.218202245380656
704,3.1045287888033735
705,14.807105691838427
706,8.99914869901229
707,20.697188365590293
708,6.966483911208246
709,21.9564602046378
710,22.195549864562235
711,-7.5626259051025775
712,8.369707573176372
713,13.865863742008441
714,16.593725876678164
715,19.63182602313432
716,5.3897852581081676
717,20.387782398364436
718,22.231631533318925
719,6.302479684482504
720,19.36359672022338
721,17.922194255893494
722,12.132369970381434
723,-4.928007816966756
724,24.92025337256874
725,6.363904586751516
726,3.6585951547858158
727,17.30879809786003
728,14.178593133335536
729,23.63376546437177
730,15.341755018284816
731,8.056179926837553
732,15.10912535387656
733,14.358579397899586
734,11.672363436675667
735,20.750840047215902
736,4.6236449490116955
737,7.532255590891913
738,19.40930312798705
739,23.972194785606813
740,-3.1916414408691534
741,12.915401037636176
742,22.610880169076093
743,12.264281080715387
744,7.032082400849738
745,22.054639785735876
746,-5.920794415937643
747,28.359102277186057
748,8.7757034977896
749,20.826029522454583
750,24.945669514978864
751,13.487078916745585
752,-15.750612200487172
753,20.22383196248628
754,14.661732441912617
755,27.02931124002486
756,11.048492416174094
757,24.842809723894238
758,-9.32907150836371
759,12.696367099809617
760,13.994727267006159
761,2.4296971038923942
762,23.886928822666956
763,2.02286719128048
764,11.0720783084687
765,17.775366305225972
766,4.463961750727966
767,-2.0714801753708394
768,10.691650951070573
769,0.5477534869721955
770,10.640474707615692
771,18.783414348212524
772,15.662520547947944
773,15.804705420912168
774,22.54375264693801
775,19.28477726511141
776,17.445764565030064
777,10.891069082784123
778,-4.345421291708528
779,20.166980239697814
780,25.523359551260846
781,4.3040374031127495
782,12.079475144647775
783,0.44730615488621817
784,13.580047149999713
785,26.17630109986293
786,0.5723289633104953
787,15.521300958950269
788,16.024697596849762
789,10.523179169879857
790,19.07533364404577
791,21.957593054577814
792,20.80222003221305
793,-4.665741076377965
794,9.214182585352392
795,8.451069574648583
796,14.038439266651721
797,11.679456713463432
798,13.454608132548797
799,-13.267924620187665
800,-7.146500003530785
801,19.69008713182671
802,9.416054635102208
803,-0.8487702396489905
804,2.088482100409691
805,22.31659261448997
806,10.676055631586438
807,11.486248610671177
808,10.508620507489306
809,22.771006048893117
810,-2.1285650913223435
811,9.195332882122631
812,5.269602968371842
813,25.07753794780417
814,6.53541995096145
815,1.198309432555676
816,9.597929529585334
817,-0.5123517077406151
818,18.99598550852829
819,7.633878652937705
820,6.97390843439601
821,16.071623478690142
822,10.87211193387627
823,17.86014184033321
824,3.050798289315165
825,23.482612363122715
826,16.73536358685692
827,25.38574182379609
828,27.109849671674628
829,-7.042201724537655
830,0.8552441583905194
831,12.781790359707436
832,24.266765321497026
833,22.700061298248517
834,1.7278377771847142
835,13.040305962589366
836,-3.12221107928355
837,17.14199988378708
838,10.083403934108432
839,30.325947937876546
840,12.182938212097666
841,-3.14724816920394
842,12.611591771715924
843,6.627572572495596
844,7.076281640834179
845,11.196648596236553
846,-2.267756069858849
847,16.704504047360007
848,18.260134774801532
849,15.606175309729364
850,17.786690844430847
851,-1.0394488447269419
852,-19.985316844434134
853,16.352332806196113
854,11.649440344723411
855,29.279406312546673
856,8.126368470317662
857,8.630714451412114
858,14.951719505409912
859,1.2548905480903974
860,2.174941728714912
861,19.416976006585482
862,8.4827695250648
863,13.617260039844487
864,20.075868466155317
865,22.686131226101086
866,14.028465800580323
867,13.87186435418181
868,12.193770261773649
869,21.77751341614336
870,-9.24082010799103
871,10.72565736914805
872,11.0964256028237
873,6.820469329794336
874,5.3018279037515645
875,3.758129938748047
876,22.209009064898982
877,3.6289054876109894
878,18.48604931618773
879,19.084815366812236
880,-8.508705147995567
881,22.3242101380517
882,2.251187823237071
883,10.609284979978144
884,8.006051152324197
885,0.7377798391014626
886,10.103115564241094
887,14.939361852530844
888,20.111416657802796
889,8.090035981022348
890,-1.4830351404204214
891,21.690632772325273
892,-5.557344915022409
893,18.71038535563319
894,6.482696579431286
895,17.940732669339944
896,-0.4677344573433171
897,9.703919459250608
898,11.98006715211917
899,2.5290939048010492
900,12.95867501082879
901,13.842260782038808
902,1.3645461272999317
903,14.023097702382561
904,0.369065054556688
905,10.295407707299994
906,5.521861629800578
907,27.266806989215407
908,3.607459426619185
909,6.248659801821599
910,5.627967686972198
911,10.30793129838502
912,13.293452363615007
913,10.210223957661865
914,23.20364206891187
915,23.630262593507744
916,17.155776876117162
917,4.93987135586971
918,23.89744007334106
919,17.197283352136342
920,15.141809769781904
921,2.4966604312860716
922,15.247912119312216
923,26.11866168982466
924,16.34047587107823
925,17.184109843175428
926,13.68979966158396
927,12.07775530608089
928,4.222396450078902
929,-1.5472894753283466
930,16.932050158817074
931,16.696205707993077
932,19.676114206867737
933,9.998019740742334
934,22.622078038257563
935,-5.291386457715068
936,-1.2026165231296793
937,3.9648380428229006
938,10.61451560007019
939,6.3920637373937055
940,21.00817149205953
941,6.480203674932777
942,20.345828350898675
943,7.757483711156563
944,18.28743866274633
945,16.98189615210341
946,10.312108519317682
947,13.797270450774288
948,16.189927203116724
949,5.582612901153758
950,21.0326388970457
951,16.780174143087656
952,12.088049327063084
953,17.541478172387812
954,18.746500961589565
955,3.123716965929868
956,3.9392481876166205
957,14.779175094781582
958,6.212224424816149
959,14.680568121875266
960,7.984700604318224
961,23.470023510961568
962,10.051662243023571
963,19.24948321729444
964,18.693762639037768
965,1.872084058199352
966,8.308672739653975
967,4.257519026157906
968,0.6164569638457364
969,17.5878691783083
970,21.279259005433392
971,8.817012106133824
972,12.164549825099844
973,7.6481667901192
974,3.3893883393381947
975,18.13061826921196
976,6.107535630092683
977,2.694188716728119
978,2.314354656268513
979,12.406509501702832
980,-5.1159908114946875
981,12.825622831268952
982,-2.6359558401055248
983,18.8072237879465
984,20.715050272538083
985,8.839553235341503
986,10.627095815738263
987,1.3018489823401267
988,20.19423193123373
989,19.964917398642257
990,7.736772792761577
991,7.43860169239418
992,1.9409082001407818
993,20.64177305016514
994,7.299218328670963
995,9.10754998834516
996,16.866135777199514
997,5.24978617309236
998,3.8654490495598828
999,7.366835678054127
1000,17.67985326499377
1001,5.478799234458551
1002,19.35885889731141
1003,3.1720867767350276
1004,-12.77640556386671
1005,12.172465994163238
1006,18.95902975254291
1007,11.19009264607912
1008,16.181197633083233
1009,24.06960561600389
1010,26.824918751584693
1011,20.048406140801184
1012,13.207637569022415
1013,3.6375767523568596
1014,-1.3879260944691196
1015,19.521090454451
1016,-6.661820173502513
1017,30.541438513843428
1018,13.344206232113219
1019,22.00453337104689
1020,-11.9988536260988
1021,19.488732573737
1022,8.200021682485458
1023,20.164683473895522
1024,5.510216881204574
1025,12.951340442981842
1026,26.20053209476335
1027,1.3340002243130544
1028,17.616174833968685
1029,1.1863533908809492
1030,-2.795241954477737
1031,5.222576725708072
1032,13.514382245486763
1033,12.8151504234128
1034,25.326521623907503
1035,13.526743830907366
1036,13.9653321966568
1037,20.878594049817547
1038,2.9091546925717093
1039,15.891181088258591
1040,9.681399540959148
1041,-0.3858018132120018
1042,22.172735700887856
1043,0.7350382892708053
1044,10.751815341431765
1045,1.1476159624180584
1046,-10.734473057500868
1047,5.797064289191827
1048,22.697174460711842
1049,-7.202272372970615
1050,10.666703464547382
1051,15.869520826050573
1052,7.339080683050486
1053,12.91465927362638
1054,10.130878875837748
1055,6.561108679810907
1056,-2.942946802776932
1057,8.888160557369428
1058,-0.7518828374932409
1059,15.886851463115974
1060,21.913105497900037
1061,8.727863656700176
1062,20.938456285646712
1063,8.941010625702146
1064,-7.136973249325335
1065,2.5574205328456725
1066,31.1373908718694
1067,19.692211377587498
1068,17.890203215236028
1069,7.408775596909374
1070,5.496656119600679
1071,-6.414592445564291
1072,11.13795533012919
1073,4.875617663477985
1074,-3.407074553478053
1075,12.100872316942802
1076,11.716931238308723
1077,3.602036203930775
1078,15.663418528610439
1079,28.59879868168982
1080,-2.3177206912474975
1081,7.001912376560171
1082,19.187743671799947
1083,19.963556948511368
1084,4.4050848134984415
1085,7.807789150375223
1086,19.569716232116136
1087,15.866296987799185
1088,25.159358615301073
1089,4.158670266353274
1090,14.170702204437765
1091,18.602836111955458
1092,20.708139632919462
1093,1.2739065235950873
1094,0.7905773994110336
1095,10.362756384332751
1096,7.790834966517928
1097,5.694976690549036
1098,14.292174841380735
1099,10.051667211911944
1100,7.658786218993882
1101,7.238850408023558
1102,13.334239129372923
1103,-3.7421823881782337
1104,22.34563368196649
1105,6.074203347835177
1106,21.9859244093621
1107,18.608993324231584
1108,28.114051458844457
1109,29.231425823188186
1110,-12.466615458253377
1111,6.99218978696216
1112,2.4215350974244307
1113,-4.199473027181692
1114,15.735167929852773
1115,12.073967657543342
1116,5.657888799038289
1117,5.521579084384009
1118,-6.073331499833008
1119,18.249198075866
1120,21.230889991680566
1121,5.616436225620552
1122,16.82338962788367
1123,10.801109993096256
1124,18.347170587723344
1125,4.868078111434989
1126,16.011959270498302
1127,9.232026696442713
1128,19.341838076172817
1129,-10.371877864716001
1130,22.14814266558861
1131,8.435624179358395
1132,20.68694483536069
1133,14.86066768364478
1134,18.31909904409046
1135,15.806629825987908
1136,14.068346741751816
1137,15.267631422319313
1138,12.060811341696946
1139,20.251797544904537
1140,18.448422292999165
1141,16.825760829160874
1142,-2.9695044882721504
1143,16.515554365786038
1144,22.59277200878394
1145,-0.8494638360875872
1146,17.563652516499975
1147,-3.105083965540723
1148,7.607159234729268
1149,2.5140785961951835
1150,19.044562221907217
1151,8.426947873546293
1152,19.318307445780484
1153,-9.294187461872031
1154,18.3662206790869
1155,14.828001000233611
1156,15.976138753805646
1157,9.434384512250237
1158,14.671228717558309
1159,-0.5227782819775605
1160,18.791032132154363
1161,-3.547444142888659
1162,15.720519762148646
1163,12.792639355851982
1164,23.704051967119863
1165,17.301177972264384
1166,-6.767063468998034
1167,3.855473543678741
1168,16.977615402950182
1169,10.11346911400537
1170,17.009238181034807
1171,20.83516641173675
1172,21.166238587595338
1173,-6.618006390710278
1174,16.43481296639933
1175,18.709156263010513
1176,17.362782602945625
1177,17.30955087379905
1178,16.043470986455784
1179,12.188768628602729
1180,23.76506948900244
1181,17.542146076261027
1182,13.164951903998695
1183,25.89245710101957
1184,20.524509519668815
1185,21.62014046590688
1186,20.15509858162042
1187,6.930128779493768
1188,-18.099942192686267
1189,4.858762869248621
1190,11.397746357919365
1191,24.094626858624935
1192,5.692450213604114
1193,16.215637004434754
1194,10.421525247221153
1195,3.8892500599271806
1196,17.457499969859196
1197,1.713581717932061
1198,13.642438529014013
1199,11.313251355326416
1200,30.488580456489228
1201,22.721946310015596
1202,13.83076032383951
1203,18.33099473742147
1204,-4.548811597380982
1205,13.592807152195164
1206,8.317875441270118
1207,21.808204312872817
1208,13.023233120336174
1209,12.464088596158163
1210,10.58084435291463
1211,20.22177871124793
1212,14.922458728792
1213,17.26406965934605
1214,11.28253912172063
1215,16.344130989642494
1216,6.8933172400832206
1217,25.540313933324043
1218,11.63333599355787
1219,9.175438811434692
1220,5.007240328299067
1221,23.681939065262142
1222,12.580515954883383
1223,12.822905565626613
1224,19.619132711826115
1225,-3.470469364104146
1226,13.593765784098034
1227,14.152226346179688
1228,17.550069879568763
1229,16.00301041040244
1230,14.821271200907258
1231,-0.6935710726602391
1232,3.790254462955733
1233,25.573858993361856
1234,19.48978108027738
1235,12.97230644242914
1236,-1.339194117292107
1237,12.292956013498324
1238,16.044503485558337
1239,8.897821067081894
1240,7.0549739524795685
1241,11.892788094839844
1242,8.060361132157409
1243,4.282036369157752
1244,0.7114063732769024
1245,8.974952895894056
1246,-1.875658146088525
1247,2.5176981347570813
1248,17.03423130548783
1249,2.0664329622893605
1250,17.3390593328302
1251,8.624784607796391
1252,22.29220864533951
1253,15.016274471150073
1254,4.911045497540762
1255,31.867753573336902
1256,13.136033273616867
1257,-15.255153034368766
1258,11.06787050384252
1259,8.53056155728279
1260,26.580845040287883
1261,11.98424807382795
1262,16.791682968904553
1263,-9.329490519843983
1264,23.850854461443248
1265,8.536903861676382
1266,6.581687158887356
1267,21.711065608802617
1268,8.46273289320085
1269,27.411913350244344
1270,26.89243237121267
1271,15.704558066235526
1272,12.554601613946243
1273,20.80913091242286
1274,13.947695824815902
1275,0.6076614027982151
1276,17.639569063162625
1277,17.455587145469032
1278,8.62498064810914
1279,16.85537256760791
1280,14.703954366649944
1281,15.583535039681232
1282,-0.41479326853918635
1283,-16.7846358009333
1284,7.2657040828532375
1285,16.09520291903216
1286,10.145980159183662
1287,27.54403361859546
1288,22.293662068038127
1289,3.568263281579469
1290,14.73907718977277
1291,2.3057958311201365
1292,21.617909476115294
1293,15.151192840713783
1294,16.033199654112934
1295,11.665907581591787
1296,12.820641242481543
1297,14.022661253672606
1298,11.242705044077335
1299,11.515557674434751
1300,20.993946304646116
1301,-10.294228152230481
1302,17.983438692329944
1303,10.467759542725606
1304,20.39693104821753
1305,22.23022230891823
1306,16.852313279233993
1307,7.4400782117787525
1308,22.395945435910264
1309,5.593367750471715
1310,2.5749009007145363
1311,-0.07721725090920173
1312,5.649061092637082
1313,13.3514768206824
1314,24.67202220218426
1315,-0.5721005842287935
1316,22.26960780117317
1317,21.967108234771903
1318,-0.12708965248101406
1319,4.00173673980927
1320,2.7317484494612616
1321,19.056757173508846
1322,5.101840457023588
1323,11.370396877889172
1324,24.244550341844523
1325,10.89952105386988
1326,-2.7954401942960843
1327,7.975342129729241
1328,16.280057789840274
1329,20.92757227586813
1330,2.7975644764073704
1331,-0.346664501798512
1332,22.245368986551004
1333,1.3022153835180392
1334,13.245936176121074
1335,22.867718846666765
1336,11.59501912289583
1337,9.47802123517942
1338,15.368006233034205
1339,-5.252860265680997
1340,13.750413225990613
1341,11.498393125671287
1342,1.8100789057526432
1343,21.832927189746712
1344,16.375505252247947
1345,10.532315129521159
1346,12.514780757944907
1347,17.03087943147914
1348,14.34301948607825
1349,11.461875856936954
1350,11.62965826746671
1351,15.011239821975636
1352,7.70779514175749
1353,-0.6921706900934682
1354,15.749750766690342
1355,8.767652997217526
1356,3.4998319383956225
1357,-15.2782878564834
1358,25.42820656507422
1359,18.85605798261532
1360,23.725324349706906
1361,-2.938211590203039
1362,18.50217446877743
1363,21.973635209779005
1364,14.783501542302853
1365,11.1930325927201
1366,0.30312979336969653
1367,15.597477969562208
1368,11.102522935652065
1369,3.4877864425903446
1370,22.686142544763772
1371,10.126134366966937
1372,10.821839282686009
1373,1.2372483384417245
1374,4.664517227355053
1375,4.614330601367558
1376,11.233047374048663
1377,3.1459150043614588
1378,16.723107340001132
1379,26.95363577740238
1380,8.692115891928662
1381,11.853732209622528
1382,2.8915247196091682
1383,11.147703796554875
1384,-3.037112431182517
1385,6.698508477736041
1386,22.17491503063258
1387,16.18493309566797
1388,2.0837741519024395
1389,9.261705242698929
1390,10.025993757950665
1391,19.75623577574157
1392,17.328747686100737
1393,17.368101024747162
1394,2.545854496543705
1395,-3.614364360505896
1396,22.17382025782027
1397,-3.9745360978999376
1398,21.17456958137228
1399,13.065888505695582
1400,13.907494144735013
1401,2.5631849368574637
1402,8.8132719704157
1403,13.036412935636374
1404,18.121092346702476
1405,9.984743142591114
1406,10.41459555028133
1407,8.467131263082651
1408,11.993900893997395
1409,13.686483136727718
1410,18.291976304997238
1411,16.960992061804024
1412,15.442129982418603
1413,12.105865684965487
1414,4.330123011368354
1415,4.448114965286137
1416,17.815897481599777
1417,17.983192445009735
1418,22.29742795068251
1419,9.526228716898851
1420,24.144198822312532
1421,8.711630077316428
1422,13.701587756633835
1423,21.030577422236707
1424,21.691871602694295
1425,11.074246858371547
1426,6.36457214742107
1427,-2.7439027999210786
1428,16.468944241998585
1429,10.770694171548046
1430,10.788827676047081
1431,17.159215307421245
1432,8.95738925908536
1433,8.310959303573767
1434,13.08962089515729
1435,9.347051263665728
1436,5.713131143991443
1437,8.894325288830291
1438,21.716470871034463
1439,20.664851841904987
1440,10.304164342986597
1441,9.472302151365081
1442,11.226677771892872
1443,19.228014556978493
1444,-7.174994254768707
1445,10.73052645591299
1446,16.457822149941
1447,14.834120138353073
1448,-0.4050570575356676
1449,-1.0758435755727707
1450,-3.477071301146206
1451,-0.06900151898359204
1452,23.87628859067461
1453,11.110930504842123
1454,18.818488110944593
1455,-1.4354857887489192
1456,27.691412471893113
1457,4.408138307986458
1458,4.659882544139251
1459,9.161230700601344
1460,11.986885574004619
1461,15.195833486821714
1462,5.31149079874909
1463,2.0328822149962793
1464,21.35911738469599
1465,12.997242930782607
1466,13.339540696070815
1467,9.168400163668917
1468,22.593639525924367
1469,21.593323555500824
1470,8.801026220174345
1471,0.8214086522984367
1472,4.9657980748370285
1473,15.579651615389443
1474,8.611992340203193
1475,13.036573560935377
1476,-8.644144218457086
1477,6.804514115974525
1478,17.72751117814062
1479,14.953207552456153
1480,16.299510092150296
1481,19.321249810991635
1482,21.07361465206349
1483,22.04308085315207
1484,7.027174794681208
1485,4.855302459448704
1486,15.910811440916529
1487,11.037640122189341
1488,18.37596345639421
1489,5.532261720823116
1490,4.231866996976218
1491,9.215776584008523
1492,25.342973793069323
1493,20.02983098944587
1494,12.36641462245852
1495,10.582270665743273
1496,15.028915059858948
1497,-4.046065905080087
1498,2.0775645580123405
1499,17.208704525714925
1500,6.2963314868851015
1501,16.05914966865644
1502,11.417476885062776
1503,6.819455963495352
1504,9.576955127952457
1505,12.109870635372959
1506,-13.78374183544853
1507,23.89739357495889
1508,5.933048854363567
1509,14.510620546710788
1510,11.823384077742455
1511,10.358857945301757
1512,-6.055766025267474
1513,-4.840969623688059
1514,17.46706413181272
1515,36.05981704779918
1516,17.569762496341827
1517,9.232663371003682
1518,4.553284540514548
1519,11.239194344513908
1520,-2.3401628616311196
1521,20.26643440902541
1522,10.916797957601425
1523,-1.6842321100806594
1524,15.111088632275946
1525,13.682578371602787
1526,7.634102640337297
1527,14.086622752924832
1528,21.327531911492418
1529,-7.7472840969638925
1530,-9.977345732867946
1531,0.11936447525550804
1532,-17.93110362607549
1533,9.432774586383173
1534,-3.948404980427492
1535,19.443462283559374
1536,11.444767921657581
1537,11.571421808039707
1538,14.971179745505706
1539,15.72944952505255
1540,21.530442250965667
1541,3.606748911470964
1542,11.032418198703507
1543,19.96541028289635
1544,8.557414703285085
1545,21.916352930634034
1546,14.997151431030575
1547,17.413382247518264
1548,-0.9303074937448795
1549,19.904615587383383
1550,3.32521009831814
1551,-7.706144453527983
1552,16.59416248200195
1553,19.110562676986067
1554,-0.6421466433154833
1555,2.9745751113354024
1556,1.2250194978129536
1557,17.298894456395473
1558,5.238035972940045
1559,12.878362988082126
1560,17.712845277573127
1561,9.69052743637266
1562,12.830982485851695
1563,16.013275910007003
1564,23.77292640531781
1565,4.643873151453919
1566,8.834457748252264
1567,16.865758752311837
1568,20.442899432101218
1569,12.117604942901558
1570,13.305055026444842
1571,5.141132053723771
1572,-7.3895051805169825
1573,8.50511939790589
1574,1.1743242261168458
1575,6.20068634078401
1576,-8.065308236659325
1577,10.75624600670613
1578,7.003741105789593
1579,14.199656614510369
1580,-9.602274831275986
1581,2.5774405751304026
1582,10.9575791377188
1583,24.93515210306458
1584,6.975501898515151
1585,19.87720039404708
1586,15.294498828776927
1587,1.0576200961093234
1588,19.638329695717406
1589,9.063230307865004
1590,2.438752271903158
1591,10.373955044945149
1592,3.9208060371503883
1593,17.068205953672035
1594,2.7571454031601443
1595,20.757458157695304
1596,21.594839824731835
1597,10.844834119262178
1598,16.151256446704117
1599,26.055331280453462
1600,6.662708329169265
1601,8.584351940503456
1602,11.004961385475568
1603,3.731651250598542
1604,-1.554619021813436
1605,18.187637840844847
1606,19.80937173809727
1607,4.121978309790931
1608,12.630968714327254
1609,19.94121987632325
1610,20.189273189500923
1611,9.687926962025431
1612,18.702788846292595
1613,17.029160204096137
1614,3.6740989058466047
1615,4.24247646734901
1616,-1.305038110404779
1617,11.01680540999973
1618,24.389849665027917
1619,28.584871077436876
1620,1.973660179544966
1621,15.178844400415565
1622,20.880665484001803
1623,15.220487061707292
1624,17.06700553147061
1625,13.381555639492998
1626,19.66686445040305
1627,11.153484462624961
1628,-2.4080101365037865
1629,15.75974194129311
1630,10.792592490569627
1631,10.796128256904323
1632,16.083005015613303
1633,19.861535155637167
1634,11.164459574347571
1635,6.582195010710184
1636,0.4343684565371502
1637,6.546088965078088
1638,26.346593636068462
1639,-13.930164101396361
1640,24.865790433254826
1641,16.187661720568208
1642,11.746866794676114
1643,9.940093518386456
1644,15.463046499416114
1645,17.025846504312057
1646,18.449731486381875
1647,17.84693198010182
1648,15.257457116295178
1649,-1.2841749554932178
1650,0.30653355500471063
1651,2.341821922322147
1652,11.33172824666607
1653,-0.6087296581880896
1654,14.317559572134714
1655,-0.24189953291444422
1656,8.080690459903998
1657,23.529915576152064
1658,9.140951498014507
1659,9.416258794366254
1660,-10.540645828237372
1661,18.014125998537967
1662,25.47123115256457
1663,0.8780329022016682
1664,18.102516867011282
1665,20.251665351147484
1666,18.01119794715422
1667,12.455193938281624
1668,8.106304756955485
1669,11.36558806118311
1670,15.516565491384888
1671,10.27482813407463
1672,12.26269725640534
1673,17.4102739767168
1674,-6.317691094201899
1675,13.336436757107048
1676,7.35860325938727
1677,-1.1670196018227466
1678,24.29402730601662
1679,10.13719652331942
1680,22.238994180302818
1681,9.956857617857736
1682,7.096387366224959
1683,-8.001152185427085
1684,4.477379856811394
1685,-6.556920410179755
1686,29.55764349829749
1687,19.125546162515715
1688,11.134324350293568
1689,7.705188136302571
1690,9.024095375608098
1691,5.7609396285573204
1692,15.040470142661032
1693,-5.922368978563361
1694,8.594976952381165
1695,12.16866542065007
1696,12.537543500786853
1697,10.215256163565202
1698,1.3290209031877844
1699,22.79335440513149
1700,27.114763557709715
1701,4.437510948550961
1702,13.791180630793233
1703,-0.9387856825296467
1704,21.866384758525268
1705,-14.479102255989913
1706,17.836157966775318
1707,8.823256761345155
1708,10.073150402506698
1709,-20.041371272550393
1710,11.873776934787976
1711,3.37651459132157
1712,16.57336403667742
1713,16.23823532678266
1714,6.693454047674055
1715,9.845130410244737
1716,19.694185216813594
1717,2.0521371249884863
1718,9.115873656778437
1719,14.78162976840479
1720,17.507412958606473
1721,8.928902831876428
1722,-18.42774501172449
1723,6.506102679073452
1724,12.26095390124183
1725,15.36529677973404
1726,10.942949124261773
1727,17.710582779730043
1728,-5.551393256089822
1729,17.711562856623917
1730,-1.1031953516539486
1731,1.6696806484251348
1732,17.365125290974838
1733,25.55943698636541
1734,22.237610993585303
1735,27.01366909755133
1736,19.621031816442837
1737,1.3300932418011073
1738,11.220998938690057
1739,-2.456952183776407
1740,21.10168960016487
1741,23.468559482255504
1742,-5.788613630946196
1743,20.69630833243237
1744,14.51423134064202
1745,3.5884544911076004
1746,23.589720583307944
1747,0.19466223633864146
1748,24.24467968943577
1749,13.388174750953333
1750,1.065833383591321
1751,5.28966910622448
1752,5.468288397253449
1753,16.87265663527884
1754,12.321708255645136
1755,10.237446065782162
1756,14.975725730746612
1757,-0.8926745117690984
1758,8.58324867435171
1759,-3.369256928783743
1760,13.981943232033375
1761,10.13624284701803
1762,16.046257674184474
1763,18.672785257168403
1764,17.883366711072533
1765,-1.6601428427547993
1766,22.586941625025965
1767,11.765736863430439
1768,-3.5291711340119383
1769,2.716053692150885
1770,-1.3038928887944352
1771,9.86992060004704
1772,12.88716041452366
1773,-8.943110345872345
1774,1.4805072483343935
1775,16.819144391942622
1776,16.133328973273265
1777,23.90769273015898
1778,11.656532271257477
1779,17.160382201880086
1780,4.326742503438708
1781,10.838489260106229
1782,14.259442653057688
1783,28.930105007836097
1784,17.92044846205657
1785,23.871349920730516
1786,11.197474056013133
1787,7.80166327616724
1788,14.799337413854095
1789,17.38503674272341
1790,10.939052651001283
1791,20.222037837519764
1792,7.629934010946231
1793,16.224761658969864
1794,29.26973097256729
1795,16.90139605287656
1796,10.207255048011966
1797,6.3890157631280555
1798,27.296445554929633
1799,14.471121642073546
1800,12.533460889219054
1801,7.322686017605564
1802,-6.1048864305745205
1803,18.73187368064065
1804,16.296022556730115
1805,10.164330869379109
1806,9.315942818252056
1807,30.874539729215222
1808,17.915589119312035
1809,3.7903998155935072
1810,-11.116027294798206
1811,13.795254753226486
1812,8.664561499114342
1813,10.978421953843956
1814,23.231152349487164
1815,-6.567803568904101
1816,9.177492156577317
1817,19.894827144187712
1818,5.705388237650575
1819,12.572544180056077
1820,25.139470441256563
1821,26.111525701777996
1822,15.534190271179845
1823,11.629522618531563
1824,8.61340485688291
1825,10.783811654947318
1826,14.587710864521975
1827,-17.72469768251834
1828,14.33054802829256
1829,21.653954914504155
1830,2.777126122429614
1831,30.770233102315117
1832,7.290477915900459
1833,10.872633861170609
1834,6.242915145016652
1835,21.089314046143596
1836,4.991908704844223
1837,13.927209137006422
1838,-1.4434199211947714
1839,-1.5067623310636318
1840,-5.814636385136239
1841,5.29544648763041
1842,22.90935760601584
1843,24.072893536870616
1844,23.382430732535017
1845,11.171888825002243
1846,13.612806909851692
1847,-7.283154716299188
1848,17.475014359434045
1849,4.020344181849243
1850,9.20035546954149
1851,22.01417554944642
1852,16.739428181342962
1853,15.254657519750142
1854,13.746254360630113
1855,7.969683059366376
1856,6.909894589853764
1857,-3.9050609049982765
1858,3.6189746202577746
1859,2.78043551422134
1860,1.3363333328400329
1861,16.258235625717507
1862,14.589835920862035
1863,14.939515460038233
1864,18.10057746300101
1865,4.935084067451069
1866,21.518658774106605
1867,-2.2643056158035386
1868,15.864629912426405
1869,17.078043483019112
1870,19.007459124200608
1871,-8.214583620098697
1872,24.167189885700452
1873,-0.3169589971290265
1874,2.3305312139193717
1875,-9.615864733423706
1876,5.012565570266511
1877,27.072595188264465
1878,19.89369923609849
1879,14.862968803437584
1880,19.15940109749429
1881,18.344634180097515
1882,10.498718907289389
1883,3.3009119176279618
1884,13.713665010197566
1885,17.50817496017247
1886,-5.4747223431568806
1887,-1.7973054046443029
1888,7.87789922246033
1889,17.82191691643781
1890,-6.557035267908511
1891,4.240392362952429
1892,23.35970734061999
1893,6.451970721036139
1894,16.845519358956658
1895,19.742415051815396
1896,12.505746596237367
1897,9.959785359551455
1898,28.374985090753775
1899,9.700585335430468
1900,6.423358300907343
1901,-6.587415442092663
1902,0.9584377382077703
1903,15.568967316013635
1904,13.98777675194612
1905,18.663815868058876
1906,4.334053912155398
1907,-8.055728218520468
1908,16.010304078093302
1909,6.857271167617509
1910,17.991824904357596
1911,-16.268071043832716
1912,14.839611220245283
1913,-0.15242297997869253
1914,17.54533969879612
1915,1.10435250026346
1916,12.197136118744822
1917,21.88454914230006
1918,-15.237469245125796
1919,25.071224725847088
1920,18.384667063635263
1921,18.38462461425033
1922,21.64630963488518
1923,6.1640834887464235
1924,19.32492130416866
1925,3.1423658499392624
1926,3.2524927871306497
1927,1.459683929262887
1928,7.45519977047538
1929,-0.22712569363455326
1930,1.004394859932773
1931,12.278588177330699
1932,12.45270850237516
1933,19.636702359573835
1934,22.113169612113143
1935,23.058149915283984
1936,8.745559508315932
1937,9.7027323533511
1938,20.497384199757704
1939,0.2924599849404864
1940,18.207650540524153
1941,8.79794778452382
1942,21.29865657537605
1943,6.23474434624994
1944,15.781878779858282
1945,8.449835552459838
1946,-6.067413888362248
1947,19.94190270454259
1948,9.861029305352947
1949,-2.9112063569724023
1950,11.192202138688904
1951,11.490987806540257
1952,3.2143676480175207
1953,3.7207367784240364
1954,18.716077904946392
1955,17.6196627401572
1956,13.238390861697708
1957,5.052814062088557
1958,39.02650786482359
1959,20.68395978742708
1960,8.78002956927517
1961,12.593650465555099
1962,8.555702379178532
1963,10.1555147198932
1964,21.447629425521953
1965,12.535448283347922
1966,5.625788931657321
1967,27.36200924374048
1968,7.1589148149438255
1969,20.2277750938591
1970,-8.299570667652901
1971,28.24465374625077
1972,24.379017532785404
1973,9.96144363738245
1974,1.7315329618893065
1975,2.0836760374443153
1976,18.95277633643013
1977,17.632261765314343
1978,4.798209657848366
1979,21.654229437301378
1980,15.755611155973922
1981,16.77618627807356
1982,16.490684991710104
1983,15.642008335892202
1984,10.646269137658122
1985,16.42855785647863
1986,17.411506099051422
1987,15.788125506032964
1988,12.662640855865046
1989,-3.841586904294162
1990,15.634021864347986
1991,15.126999731566956
1992,23.62998364753133
1993,29.036642246054416
1994,15.383709118632202
1995,28.36106989727673
1996,15.875863073580742
1997,18.39203101262389
1998,10.216790879865071
1999,6.425818757302135
