,value_per_image
0,0.8865781775475514
1,0.016890400826592062
2,0.6398847906343357
3,0.3912481330303263
4,0.8267978305568584
5,0.5327175163980221
6,0.7349788138158774
7,0.6471920452900548
8,0.44922884870540863
9,0.10876035671582912
10,0.7890384806564936
11,0.484525455863885
12,0.32199888760937906
13,0.3439092731187388
14,0.2470871211999113
15,0.27135489368024074
16,0.6499593620952221
17,0.5017690879321846
18,0.35931410184401696
19,0.3983544464650739
20,0.5963295002470153
21,0.12981220136870325
22,0.21009013548508426
23,0.2870336723616661
24,0.5471987338660546
25,0.6596181251669675
26,0.6162563264524559
27,0.27749604601349426
28,0.6978060505097494
29,0.2747633957338064
30,0.6544652355610048
31,0.6399324200426793
32,0.0010570269523679787
33,0.05645377848898064
34,0.7447274909520065
35,0.30942130251068944
36,0.114994168626652
37,0.8808471194457957
38,0.11693519675169026
39,0.3236989091726017
40,0.5938438713456373
41,0.6344011535744545
42,0.1936541928370954
43,0.27845511951846197
44,0.13426740279375482
45,0.3427441913782574
46,0.26880346775677355
47,0.07354792441740234
48,0.6894975503796752
49,0.02168020571303082
50,0.24076893794793894
51,0.6897692148517904
52,0.16880971144507062
53,0.6595579117932355
54,0.4631462093506494
55,0.003562184250001632
56,0.3041668692049223
57,0.3406388201406658
58,0.5845266554780111
59,0.7802884265872194
60,0.19084385623787545
61,0.20266979019941928
62,0.8667711811833924
63,0.3859603782072204
64,0.2568881729239505
65,0.045516479607391136
66,0.6745999989966329
67,0.3292126443246581
68,0.2431472671320109
69,0.5317327999131964
70,0.6680276968117211
71,0.4040131617939017
72,0.7754668831138934
73,0.2079244381871613
74,0.2189982588756592
75,0.8918185978489805
76,0.6572949438570802
77,0.6076755386589014
78,0.6410236993280558
79,0.6087149531348732
80,0.2205079024831722
81,0.3365608609167315
82,0.6847507746104303
83,0.7263699168271605
84,0.05156050032948624
85,0.3717919976067415
86,0.13385799055211525
87,0.2956611103360508
88,0.4986593059490248
89,0.33508294576134645
90,0.5021273385343641
91,0.002243788795599984
92,0.6485781358001405
93,0.3724767801469394
94,0.6493480759718995
95,0.1513241470349545
96,0.08399436444454106
97,0.012844636918960579
98,0.20085921839260532
99,0.6572955517023232
100,0.3659864837353861
101,0.7003782804249445
102,0.3405483429332073
103,0.3753900317287409
104,0.15498265412110526
105,0.6495381036392669
106,0.2406805618560395
107,0.36681589680703097
108,0.2647598216956967
109,0.3204307032385941
110,0.09437173914613584
111,0.6457582593432334
112,0.5809112880700383
113,0.271146378198214
114,0.658005168628255
115,0.4975867085716413
116,0.3777040166851317
117,0.3321583306674979
118,0.26316035549466343
119,0.26321398336264346
120,0.7907950903272958
121,0.07275482824593428
122,0.7543906289534328
123,0.7684063646378643
124,0.0925250448937063
125,0.7564107272602424
126,0.5188602254426318
127,0.5183540587392363
128,0.7299718618862012
129,0.4096810678674176
130,0.7264284562278082
131,0.07031562817741614
132,0.7870024727977943
133,0.1126159715362703
134,0.5441353873857893
135,0.3863058802982861
136,0.4936835473363578
137,0.6430573109662059
138,0.7644136573506941
139,0.3278123778449636
140,0.7774925495982359
141,0.5634715026328707
142,0.4284651493096283
143,0.3750226245078069
144,0.5523093497193681
145,0.1534123669545563
146,0.2337317029448213
147,0.4500119474821768
148,0.3480056192388253
149,0.7552651168806065
150,0.054000862906449405
151,0.0368924315446832
152,0.2461870128701848
153,0.4368291235076584
154,0.4007964094620993
155,0.3558986923023405
156,0.030059056145908494
157,0.8662880230469445
158,0.29024760030634045
159,0.017753727083644415
160,0.7679001858386515
161,0.21489628682373926
162,0.0015900986171131868
163,0.694198872072964
164,0.1934806057255344
165,0.5906105652280838
166,0.7819884084470397
167,0.22323970956629927
168,0.2568576857143945
169,0.5416630417823551
170,0.17386994261243052
171,0.8312109713341724
172,0.06337180220751124
173,0.4350848853497619
174,0.7015153732307801
175,0.8095490002136544
176,0.032927418376861826
177,0.508814956820383
178,0.5222725778178211
179,0.7584420203336424
180,0.7196313050835894
181,0.7747960921601587
182,0.5939290367801484
183,0.2711056883737932
184,0.8771450056308265
185,0.7432686362343273
186,0.6642892553500913
187,0.7490329983319691
188,0.9651916434869808
189,0.6223605981838497
190,0.4588658385663299
191,0.4047169139513974
192,0.5924613256053821
193,0.3723176046329947
194,0.6244447695642336
195,0.6207947866504286
196,0.8690454914063901
197,0.5256037816298861
198,0.0865511553828898
199,0.4075108837043505
200,0.4953682975715646
201,0.02993834124688492
202,0.07661957389360842
203,0.3537548686801517
204,0.05825630005410235
205,0.7318891533124784
206,0.5560996797779791
207,0.7990370179004299
208,0.1509159780127515
209,0.3874688023936456
210,0.2727006109230692
211,0.1968794702146191
212,0.0727698195174693
213,0.3694269975946576
214,0.7201012924850809
215,0.32815244508201913
216,0.3731461933208105
217,0.034714158966249915
218,0.9233816304417658
219,0.30682061547410805
220,0.7999810194861849
221,0.30478385941170216
222,0.32596341148686425
223,0.1264284646096855
224,0.0965451803946092
225,0.12430751680084486
226,0.2832049201537783
227,0.5595299225597786
228,0.2484767034734246
229,0.28820819649166185
230,0.1863491865608657
231,0.5754289957562682
232,0.6010661767253092
233,0.7934516140884499
234,0.8280394015954469
235,0.6060504020070925
236,0.303441517544729
237,0.3890239266060156
238,0.8922520747428928
239,0.06039913585942836
240,0.3016691536631589
241,0.6087930236186525
242,0.4460335148390556
243,0.4135000640377005
244,0.1875750557869156
245,0.7391797201201586
246,0.7313687827881046
247,0.5981108271578526
248,0.026384787477796604
249,0.30305805528064605
250,0.7272015703751691
251,0.543414534171988
252,0.5780783775214988
253,0.6261625080627377
254,0.3981613652397733
255,0.0737443728181924
256,0.548905934365215
257,0.08000897582898757
258,0.8527218637370405
259,0.13018676799910106
260,0.09729013954971552
261,0.3750043627410024
262,0.3915794514743225
263,0.6612554532687837
264,0.44820574861478796
265,0.3839091330408117
266,0.04278491757187256
267,0.25759670151477193
268,0.6145199685170044
269,0.20002934214392684
270,0.5647693982491149
271,0.3367984544572457
272,0.4734730875985966
273,0.01964815573052718
274,0.19461445205429528
275,0.4368048620660064
276,0.3818871162173263
277,0.08740574767027777
278,0.07575405725953688
279,0.2715473613727824
280,0.4532139048506722
281,0.4828736938575733
282,0.750796654643192
283,0.2935041957044312
284,0.4424705820130548
285,0.5212844855554482
286,0.8992641269611406
287,0.011602995234870322
288,0.3016750251508753
289,0.22115641387206075
290,0.5133183979487381
291,0.12410049150929472
292,0.5671652837808717
293,0.682418635660509
294,0.15163192170861126
295,0.6199913262271429
296,0.7632357883781236
297,0.04753470607603752
298,0.30896256804701405
299,0.8568125447209947
300,0.267911095378122
301,0.4501342909254496
302,0.7294603375140587
303,0.33737077028940304
304,0.11441972965100088
305,0.6919770517494606
306,0.6680629533671003
307,0.522141174195245
308,0.6565536353417682
309,0.6998101263421337
310,0.6157970793441723
311,0.6828543137331808
312,0.2617460296208815
313,0.5784588247310005
314,0.4562608309680745
315,0.6961626760148307
316,0.604368476472286
317,0.3474535189085821
318,0.02445465533988336
319,0.8560987466997898
320,0.7664658208814807
321,0.3987804961486873
322,0.3148710616783106
323,0.27280931459558844
324,0.8517664609764519
325,0.4633610800851113
326,0.10881204974673048
327,0.460656911257139
328,0.37875443082039295
329,0.15491620030473613
330,0.10547559505752024
331,0.5058388620434711
332,0.8057903368030042
333,0.47341756730867296
334,0.3875433256074757
335,0.7409475343164824
336,0.22625041738171575
337,0.4208582728678584
338,0.6154518646110965
339,0.5126166625377391
340,0.1810973103480295
341,0.1910860586950893
342,0.5818991627360935
343,0.012369892689482909
344,0.1929235714898126
345,0.6930873683813294
346,0.6412721769615373
347,0.0940099492290554
348,0.8304794221240848
349,0.2430946427122675
350,0.5789175086340418
351,0.5381452149066833
352,0.0916389798277981
353,0.7699073189685258
354,0.14876463158236852
355,0.3183423957661837
356,0.6848220782677292
357,0.3393905962925631
358,0.18734168321230105
359,0.6343402016999921
360,0.4228975515708797
361,0.20988911073672625
362,0.6266835160966573
363,0.3373731531479112
364,0.32653245733872804
365,0.1075273063515834
366,0.05161395265009658
367,0.08013025413564058
368,0.4285205521173998
369,0.19929422410453326
370,0.017709726005545632
371,0.2039335713303541
372,0.5682902980610283
373,0.20095251178163212
374,0.4904657334021909
375,0.3361908863078158
376,0.23984298395141876
377,0.4491110528937789
378,0.5305861922112617
379,0.2437410484631108
380,0.2902965026042333
381,0.8507607559154637
382,0.2732810944044725
383,0.3977577038759117
384,0.4090390416496084
385,0.047491828446313736
386,0.6030431016763635
387,0.4720745578118534
388,0.368232267247992
389,0.6988626205489968
390,0.12487570118312745
391,0.7384996551408254
392,0.4062553342382955
393,0.3196963803450122
394,0.8361337580561032
395,0.33320804200161697
396,0.11402192827732055
397,0.2412797592481657
398,0.6248493423332712
399,0.4420845940034043
400,0.17095913726838813
401,0.570495941532718
402,0.4520465327425689
403,0.07103663267757213
404,0.748076054539389
405,0.08419934226368819
406,0.6597873063871467
407,0.4556081069687266
408,0.383919601836792
409,0.6387663635592615
410,0.5675021190568459
411,0.4932193874630538
412,0.12381137791399448
413,0.14417500033850447
414,0.5551529566368887
415,0.08573335130056065
416,0.5841532675415726
417,0.8640393840664173
418,0.028886855893981395
419,0.16299853059026104
420,0.85148899897965
421,0.11507670907087787
422,0.6758916285541605
423,0.07628703832049302
424,0.5160871810639924
425,0.8169600227611705
426,0.6707601896100981
427,0.7709419077218241
428,0.9226972855786632
429,0.12139582746664855
430,0.2814630508537991
431,0.4567607159048551
432,0.6854160235206188
433,0.7249998149697571
434,0.2054859553938359
435,0.41260141523604543
436,0.5871088948931611
437,0.7524151261173001
438,0.3641990789476934
439,0.7294665228673499
440,0.4633863196457744
441,0.2751948152965585
442,0.04088595114303028
443,0.8786867793648543
444,0.10332899988454547
445,0.6388423101541879
446,0.5387975679106379
447,0.3746428730371752
448,0.3989744481632837
449,0.4064047586424947
450,0.6664810287889193
451,0.4596038831806669
452,0.7376426934497939
453,0.36885059816926896
454,0.04465296453879914
455,0.6189498970319849
456,0.6060089567851239
457,0.6635686593732575
458,0.4745107202390284
459,0.558833443733489
460,0.03831831944652981
461,0.7367534352138858
462,0.7590702783504606
463,0.2256612520423609
464,0.5380100091838127
465,0.540988782471381
466,0.6107931237754647
467,0.030685237612692973
468,0.1827442108238871
469,0.6568932725294312
470,0.6750294653246156
471,0.6508450006496799
472,0.0977204432283379
473,0.5457970174299456
474,0.5029341696912452
475,0.6073293539841104
476,0.6859408898631961
477,0.4185144207229223
478,0.2977004074642179
479,0.13612417996865042
480,0.5189854215020708
481,0.6219143578780021
482,0.700498959039204
483,0.759873836914956
484,0.4863263930908591
485,0.7756380713519982
486,0.08681513664944833
487,0.19240298207508305
488,0.5176449375132101
489,0.1078129693257376
490,0.5186092425169516
491,0.768468457201096
492,0.07073722480202146
493,0.3811239411680021
494,0.6637810259779838
495,0.25710596140910913
496,0.20395163669705885
497,0.13462031998374155
498,0.3806973804678596
499,0.276937363401082
500,0.4014111210001056
501,0.01050837367830481
502,0.8181651753303956
503,0.3536914616321442
504,0.012856965077947629
505,0.2053802471138232
506,0.1859126969565314
507,0.4385293275829435
508,0.21242410110420606
509,0.4544066750166584
510,0.1479211629527194
511,0.4821910382299326
512,0.2381594413789541
513,0.2498116069283248
514,0.4329825196831965
515,0.5039468717371787
516,0.889046441066608
517,0.1334304487524463
518,0.3269249226306419
519,0.5312213155705083
520,0.5515803593639046
521,0.4835299089966498
522,0.41738891829674496
523,0.7537641714225557
524,0.2202905112463598
525,0.3216984450443088
526,0.6372832987107655
527,0.8619139806123213
528,0.2406434649390729
529,0.12899144599921056
530,0.3734465782891554
531,0.31458251626706396
532,0.3151825941853313
533,0.1871717844646544
534,0.6907772580666228
535,0.3185912114692969
536,0.4187888785952124
537,0.8934708806276148
538,0.6083780201395428
539,0.740254623080816
540,0.11986447108427073
541,0.5388919955422611
542,0.6752766367326019
543,0.5578172086274624
544,0.7047093818767793
545,0.3295978348934423
546,0.4830939496917138
547,0.4540391671693029
548,0.2336089201283484
549,0.17254419097349674
550,0.7841731028614269
551,0.3486988544537095
552,0.7460427005610971
553,0.6576214912571836
554,0.5699167371828375
555,0.3872838232378727
556,0.206633726044803
557,0.8180510544770125
558,0.8420579686214676
559,0.0915438885101218
560,0.5003796750317584
561,0.2419029281248981
562,0.26619958393828336
563,0.2505004506853725
564,0.6818369031749479
565,0.5850032633377182
566,0.4915275800323946
567,0.3693905964580583
568,0.4317031810259695
569,0.8211389409688941
570,0.7795070320832227
571,0.6100965630394524
572,0.4131446456447381
573,0.029798037927479457
574,0.25888372497355666
575,0.21420650581298653
576,0.11448988618919805
577,0.60711566119146
578,0.6678430191230066
579,0.110885338024559
580,0.5466527925021099
581,0.2759680739108403
582,0.5033816096653465
583,0.4429871151588449
584,0.03915356504932844
585,0.4378295287374471
586,0.30217053854264536
587,0.33210793146777
588,0.17102381514589773
589,0.5789835455886789
590,0.2941513719323636
591,0.4472824368082561
592,0.8447617107649675
593,0.2008617423920772
594,0.3706175356638872
595,0.4530911924568866
596,0.33895570960555965
597,0.31034483051703804
598,0.6905254808267347
599,0.2857421337974452
600,0.06398329026312484
601,0.3861700950036981
602,0.058799703641207415
603,0.5272274394550568
604,0.3955145190044148
605,0.18771718419936395
606,0.07025135061095021
607,0.30039782380903224
608,0.0032529046813774345
609,0.660111677892703
610,0.4599759850981349
611,0.6532153217275684
612,0.2411942637524235
613,0.5669920622170511
614,0.035330557657929314
615,0.4181417864677047
616,0.6357651710574926
617,0.7681788894720006
618,0.850472651856208
619,0.1534190901348004
620,0.8555567053040707
621,0.15179011429024078
622,0.4983308051739408
623,0.6656071012809062
624,0.3119840641840877
625,0.9114515260376264
626,0.4555481227893695
627,0.6927650369583
628,0.36375088820430657
629,0.25312558195370743
630,0.7229373316813879
631,0.17520003572733184
632,0.2897322970390432
633,0.6373233954363677
634,0.6558535907897145
635,0.11214550787744994
636,0.6788323127297535
637,0.3408988346869407
638,0.03367703167125663
639,0.08584124836033917
640,0.2820786909448872
641,0.03389641384011849
642,0.3250700710003289
643,0.10733523097851083
644,0.10783730475343363
645,0.2914276694566353
646,0.05785084224278996
647,0.05751888831098809
648,0.01019941743628264
649,0.5653085736377361
650,0.8295788071770316
651,0.14437673727210432
652,0.7634425905748792
653,0.5250710853337902
654,0.7377040531260914
655,0.8040997432794859
656,0.4858044167534436
657,0.9251984501843128
658,0.5080530897290123
659,0.4080693001349725
660,0.2427368868067389
661,0.8586413268142703
662,0.1002566438784334
663,0.3918913463347765
664,0.4349743244181651
665,0.15205171428974926
666,0.2513099429527456
667,0.7810440218238777
668,0.76350575483742
669,0.0941492202743602
670,0.17375907668024432
671,0.4216477570226291
672,0.15116399038672956
673,0.3830914339941881
674,0.1064800129347742
675,0.6794788453971977
676,0.7889129146993656
677,0.031701628389396726
678,0.21761796635021102
679,0.3077000321405112
680,0.3695352936746917
681,0.780507119104155
682,0.4879047104582162
683,0.4716387886001098
684,0.2272592274036106
685,0.1928870867002441
686,0.21192018820874914
687,0.24096703479085474
688,0.4227053104208234
689,0.5209015619060063
690,0.6432619771070556
691,0.3218012354784958
692,0.5153655893151581
693,0.2640783048493385
694,0.247157899898886
695,0.25276805969953176
696,0.40586434526184
697,0.7758381864319999
698,0.8119277826147298
699,0.17468996918491764
700,0.08447705669825925
701,0.4531439315552429
702,0.7443038631340825
703,0.28280256718296626
704,0.5032809562892403
705,0.18428088061207432
706,0.07483645577887152
707,0.31399865920382103
708,0.3302223652395366
709,0.5815221968750656
710,0.2899770194031029
711,0.16213929079222886
712,0.5484444694928261
713,0.7265610968049858
714,0.2410178411670872
715,0.6063990743705157
716,0.24836422322196294
717,0.3624567636604013
718,0.2386198882965141
719,0.04079904688729128
720,0.6477763048972561
721,0.453086527858003
722,0.16540864811465736
723,0.08048821926719646
724,0.06184986139349026
725,0.5202104030206285
726,0.6725037620002299
727,0.5929689571659308
728,0.5370411392568929
729,0.6516016469495867
730,0.13974021343354268
731,0.5170027271577233
732,0.17588282566766522
733,0.2506274112410359
734,0.044273119039187146
735,0.4425350775562717
736,0.05072646917073159
737,0.5256421923198804
738,0.6779090826978739
739,0.2855282895544797
740,0.01825862025532627
741,0.3691471237556413
742,0.5108856385616358
743,0.7552563569250379
744,0.08117870325123913
745,0.19054210005790376
746,0.3323931824159719
747,0.20151951368723445
748,0.2340554325799857
749,0.4327802874149877
750,0.8303755467030258
751,0.09540735462650482
752,0.5302405565015187
753,0.7611780174933667
754,0.18084642916044985
755,0.30664171368491233
756,0.2445507896714605
757,0.7182290676315993
758,0.1638882812106184
759,0.8004164230060773
760,0.7118793064048397
761,0.5221205989979953
762,0.37663132420581097
763,0.20923826535006115
764,0.7017719835840348
765,0.7336613064970309
766,0.4321398095310145
767,0.4943749191296914
768,0.5091185510657659
769,0.024968785476699784
770,0.036726372261229975
771,0.17955878246007262
772,0.546177208556214
773,0.17885770160830633
774,0.7369660714492556
775,0.4230895212130131
776,0.20822245264207306
777,0.3847113887591507
778,0.45027909110180986
779,0.6986664264890922
780,0.8542177274945373
781,0.4546951392640748
782,0.7702611562195082
783,0.3101298617346753
784,0.7319325102701592
785,0.8156708160632965
786,0.5235783269601806
787,0.5279346828317243
788,0.8047408835716165
789,0.5902719277325643
790,0.8433796215526268
791,0.17766699183669596
792,0.18960244179928287
793,0.0184496821511632
794,0.3195306633888868
795,0.05375746249342804
796,0.6022852473232699
797,0.640062538319
798,0.00922328346547132
799,0.4065035927128092
800,0.02138091228640782
801,0.6898688688647441
802,0.22002820981124155
803,0.2832746504696881
804,0.7882390943213472
805,0.7751696814233586
806,0.5487159278137473
807,0.3386385790403861
808,0.5603555766063689
809,0.7878901438393631
810,0.5514081678130314
811,0.2084575076813239
812,0.6992681995786305
813,0.12496229828752276
814,0.8519508552190052
815,0.8384266742233187
816,0.5487309691995597
817,0.7573753873525324
818,0.6004759210551082
819,0.01926238897293517
820,0.4351758597824493
821,0.7603146482994956
822,0.1415637658492196
823,0.1853284189062156
824,0.261262867948501
825,0.4251086207525857
826,0.2646367832343578
827,0.5651830756416335
828,0.2805302235155244
829,0.2862389715149588
830,0.3815505707304048
831,0.28517156172304337
832,0.29230555149109594
833,0.655788255815031
834,0.25885829862653986
835,0.2775232277333532
836,0.061088015927818574
837,0.15337580847454668
838,0.5372508164387358
839,0.0137121668568406
840,0.17977940150317195
841,0.6816420372010336
842,0.0031415918766037397
843,0.24985762282516824
844,0.3276504904260177
845,0.4167882126049735
846,0.21258089752949544
847,0.722797535654216
848,0.4911454561549247
849,0.323358085309061
850,0.7252227334066627
851,0.012221992051459228
852,0.22397879462025336
853,0.8533742502348356
854,0.7659715118022765
855,0.6998691192203209
856,0.3985175804618266
857,0.7247344007394599
858,0.635512339817399
859,0.0642523313459737
860,0.23352029672317734
861,0.14554714579760625
862,0.3965253247569813
863,0.221853148305748
864,0.2181585110341216
865,0.6298229371745816
866,0.5273192223579657
867,0.01965199164032244
868,0.8082660547935848
869,0.7070085894512779
870,0.5314317905799557
871,0.16372635893667353
872,0.13702867918385742
873,0.6486323864142683
874,0.44108935134969257
875,0.14483739194861722
876,0.30959923642695336
877,0.8433335733067091
878,0.1530134584228819
879,0.6783108022553973
880,0.5877181873330883
881,0.19908223549780504
882,0.55288856479651
883,0.5993155597883886
884,0.4261070739302517
885,0.21056912430455288
886,0.4684432188634397
887,0.6273643699080127
888,0.41413822389713256
889,0.4768678293892895
890,0.5620109094313914
891,0.4134500567641525
892,0.6875930515877728
893,0.42042803165764986
894,0.5262294101169775
895,0.5422744616064776
896,0.07630113944658601
897,0.4877959402924259
898,0.011820399145401535
899,0.4308190232822785
900,0.3049824960547415
901,0.7185267215843334
902,0.18829792627673456
903,0.7765465647949549
904,0.1881389220103852
905,0.09731659018111864
906,0.15310213032886758
907,0.12242342825011546
908,0.08423299401172259
909,0.4146431548723161
910,0.7603951917269769
911,0.008748750858468268
912,0.30554780752982835
913,0.14789040000798245
914,0.5681461189801702
915,0.11309805659173575
916,0.3858089370883464
917,0.7155773686482823
918,0.5875325304214966
919,0.17594138594908315
920,0.4411273097319377
921,0.3517488280848112
922,0.8120744658970345
923,0.1365093340526658
924,0.4029288960126719
925,0.32329496946310343
926,0.3588132550367385
927,0.7155276790994183
928,0.7864697350234459
929,0.21380485783914807
930,0.492467572486464
931,0.14610984232706006
932,0.6019493611266127
933,0.0643031044426399
934,0.2727774332730826
935,0.6262909072446623
936,0.5017851554775044
937,0.7797870894955008
938,0.3803580281753137
939,0.5050382047454856
940,0.7117526740491186
941,0.4325689791310104
942,0.4946360585755848
943,0.36423963597065
944,0.22172025558977487
945,0.4966903152965696
946,0.011834895272420872
947,0.1904460649710872
948,0.4084752152615515
949,0.6886303532168783
950,0.1248416273544486
951,0.5436535780811396
952,0.3798601792340591
953,0.6184533121209081
954,0.6255927964292521
955,0.5902550219588596
956,0.7946657510746372
957,0.0300781661275585
958,0.32671715904049536
959,0.3137623559968298
960,0.5962522954972176
961,0.4143761962547453
962,0.8372601109982322
963,0.3914327748189427
964,0.7449706530940469
965,0.016171880746770617
966,0.7188309381703953
967,0.8271129450808212
968,0.7519208925810044
969,0.34865714562108474
970,0.8059470873836208
971,0.4156031428350158
972,0.7773134059394531
973,0.32814622800366955
974,0.31427447421211
975,0.6340426653696498
976,0.2980813553521137
977,0.1955396475316564
978,0.06806798033253575
979,0.510853312987723
980,0.37286385272374944
981,0.5268832131462035
982,0.044311307097416576
983,0.13961038036272172
984,0.7786088055626914
985,0.6420917751293489
986,0.34674168743636913
987,0.2035736539861445
988,0.4011001780262145
989,0.6200684822400107
990,0.5619614316344999
991,0.06563629847473312
992,0.09497748236272184
993,0.7554263157691021
994,0.5248978665635081
995,0.7954760582158391
996,0.4181819308990534
997,0.29262175444632343
998,0.027369315958460202
999,0.5628690261854473
1000,0.42461679996243057
1001,0.23601915325539186
1002,0.5936141984815524
1003,0.4938441240927768
1004,0.6370918852162765
1005,0.53493037146412
1006,0.6136173464053656
1007,0.9188385994628762
1008,0.05487653781996546
1009,0.43075622615646497
1010,0.5702399072029546
1011,0.2673249125787681
1012,0.03755455610167601
1013,0.2328288362667407
1014,0.4473119488115127
1015,0.7105215856498936
1016,0.598483232150183
1017,0.35788339013476794
1018,0.21556427754922225
1019,0.4674324549765106
1020,0.7421488044438661
1021,0.5728924590664989
1022,0.3167914437714575
1023,0.29384148873467864
1024,0.4249514727925894
1025,0.032338159067218375
1026,0.8638532266623581
1027,0.4282905657935573
1028,0.5899645717221724
1029,0.1735973079015362
1030,0.10351163943882856
1031,0.6576830916358973
1032,0.06283395963993993
1033,0.0181645316025068
1034,0.9412332033867028
1035,0.08464745876059737
1036,0.4021911965058516
1037,0.2956962998831873
1038,0.5585873636983758
1039,0.7421680831668305
1040,0.055478837135697935
1041,0.8305573954204509
1042,0.3422521376050246
1043,0.29713682946955433
1044,0.2940529928391193
1045,0.3993994337573614
1046,0.6555835363280994
1047,0.05991949015332921
1048,0.12095573748404675
1049,0.6729203169519844
1050,0.20893692760104948
1051,0.1859434162862809
1052,0.03709499328816962
1053,0.4861253976566742
1054,0.11543460984680184
1055,0.11497333207401107
1056,0.11745784285795476
1057,0.32255852509353444
1058,0.35307885899574
1059,0.20019614117917486
1060,0.5410189769409137
1061,0.7387359043277434
1062,0.2754146095987795
1063,0.07282789605646578
1064,0.16729369408897427
1065,0.4087705737517995
1066,0.6997627097880358
1067,0.4632135768243845
1068,0.7173227891603393
1069,0.798840731029813
1070,0.26694599406549424
1071,0.13196014741990048
1072,0.8298687746083347
1073,0.2319985173419988
1074,0.2321530062239868
1075,0.6133718728096795
1076,0.479934968217753
1077,0.2392442294404017
1078,0.3690267232396528
1079,0.037135365564064035
1080,0.4737267909982698
1081,0.8532130684585417
1082,0.15306348676062045
1083,0.09121267662517
1084,0.6101223717230688
1085,0.026707142472610218
1086,0.7443152993344502
1087,0.1423600855162212
1088,0.5311072853476275
1089,0.23014056142132014
1090,0.04888393828923453
1091,0.5603012016361203
1092,0.3087676716323729
1093,0.6140408864363647
1094,0.13383469908251336
1095,0.05348221945146701
1096,0.6290009964655984
1097,0.365598700062068
1098,0.4645118527873501
1099,0.05994409573294464
1100,0.2500265709566033
1101,0.117216130237322
1102,0.6345984818385341
1103,0.16121780650968984
1104,0.058734483070891276
1105,0.8743498637712559
1106,0.31505913880972725
1107,0.0065111964986332704
1108,0.22298251276310035
1109,0.1520649208122186
1110,0.058624216639566525
1111,0.012927752835048108
1112,0.10350613106693617
1113,0.4892159862294643
1114,0.7830976411246067
1115,0.4232829614987238
1116,0.08136766004649254
1117,0.0430612878680296
1118,0.7130947189037249
1119,0.5636910146858529
1120,0.865887320175592
1121,0.0073433807316546406
1122,0.4102270226804411
1123,0.3192811110474023
1124,0.03121425297293052
1125,0.5487841306150156
1126,0.5424102580852759
1127,0.06021106813755121
1128,0.151505325877207
1129,0.3914440631310511
1130,0.2222149371333502
1131,0.5844256370215577
1132,0.595314891234994
1133,0.1664902487546963
1134,0.8874236608646475
1135,0.3177666201653321
1136,0.452698722937536
1137,0.7673179447715952
1138,0.2324654035608893
1139,0.4078409977814648
1140,0.8169104562565233
1141,0.2752661166587075
1142,0.4910438814222896
1143,0.6573462350712833
1144,0.4031559187862127
1145,0.4750101513698098
1146,0.5324461373303176
1147,0.6453307617586972
1148,0.04704191050881231
1149,0.3711957959685488
1150,0.4473743383427419
1151,0.7359084742696105
1152,0.5408159351959316
1153,0.2978301370208443
1154,0.2036576992220548
1155,0.7586396495984086
1156,0.38380762092919374
1157,0.458228217970259
1158,0.024009316455833485
1159,0.3000299260254633
1160,0.4612937095850839
1161,0.4629805300586842
1162,0.4988527959066774
1163,0.3805414909245669
1164,0.4085786460871179
1165,0.9063097809554179
1166,0.5180570851873701
1167,0.4885158152393528
1168,0.469497483347078
1169,0.1860645872827695
1170,0.7268933972958277
1171,0.7190718914779309
1172,0.5643416780966717
1173,0.3228934090937461
1174,0.7780381810302164
1175,0.036615274595799295
1176,0.44714233335431536
1177,0.2651154146599641
1178,0.3541268777906249
1179,0.5822846615243037
1180,0.002967457090092454
1181,0.4076565975974697
1182,0.27261941669884315
1183,0.8730544403152662
1184,0.25789596835858897
1185,0.6921834652044391
1186,0.588417702056823
1187,0.18889966573196895
1188,0.27995204914339433
1189,0.2667903174091037
1190,0.4874391296494509
1191,0.3940476715746964
1192,0.6307863903789549
1193,0.21280617203610444
1194,0.0683034459618563
1195,0.15356062124749467
1196,0.1731096673142974
1197,0.154711746261673
1198,0.6559209663825577
1199,0.07717922720098874
1200,0.9049584488425549
1201,0.30335292101967626
1202,0.3343101693869497
1203,0.20264542714239686
1204,0.6908192796705901
1205,0.02925531834970351
1206,0.8260325840312022
1207,0.31720581770866985
1208,0.13285185179370598
1209,0.7418558174105973
1210,0.4545669511026186
1211,0.2830563196462862
1212,0.29587597100559193
1213,0.1394565941385521
1214,0.5352745203684626
1215,0.524273229145489
1216,0.36989710116717023
1217,0.7420587852305901
1218,0.6971548617632737
1219,0.3428545839652837
1220,0.03281370543676135
1221,0.6002588673515636
1222,0.5512264617162492
1223,0.07073910632324326
1224,0.6026124969220835
1225,0.6496297929005016
1226,0.4822019085483799
1227,0.3618211528802918
1228,0.0031978543182049225
1229,0.07688968794819484
1230,0.04552086038523207
1231,0.5506612303044471
1232,0.047071112581389615
1233,0.6102632790918223
1234,0.7537993813608386
1235,0.5423513005796743
1236,0.2493172283974081
1237,0.7717398174151937
1238,0.0845119868070931
1239,0.3449324489021223
1240,0.04866607723761715
1241,0.40871053023137693
1242,0.2093828579677572
1243,0.8294059526149269
1244,0.17992474058992514
1245,0.5793012748813818
1246,0.5766785229243228
1247,0.5947536118148898
1248,0.4447112701227893
1249,0.09655962195774033
1250,0.8171348393114352
1251,0.10020283040266446
1252,0.6620007471430642
1253,0.17652809813373035
1254,0.6897336090797983
1255,0.4768488039844431
1256,0.5073472422568264
1257,0.3187039753624304
1258,0.4513963940975317
1259,0.8668441527420501
1260,0.466241802568901
1261,0.6804525094198013
1262,0.7290131107443865
1263,0.3233733624040863
1264,0.07606916055298511
1265,0.09148572927902153
1266,0.2462663284836277
1267,0.7021942315155978
1268,0.05212379089751463
1269,0.17409010449111026
1270,0.7879917745589007
1271,0.6246128852007038
1272,0.3956194832722349
1273,0.6620310451065774
1274,0.3501448907703069
1275,0.1945192624969875
1276,0.4360351674647456
1277,0.18267041854228652
1278,0.10441857881719133
1279,0.5645797198960482
1280,0.6680419321470878
1281,0.05342694112860115
1282,0.39682608396770136
1283,0.5515130633005619
1284,0.3787499578564678
1285,0.27320784602776793
1286,0.4671520126485098
1287,0.4109306073588053
1288,0.0492362281868138
1289,0.5197368977088533
1290,0.7705048740708292
1291,0.500999600425163
1292,0.018246298922102458
1293,0.5566310416392334
1294,0.7444099790613329
1295,0.5573885558512914
1296,0.1434085995016076
1297,0.5925606070164492
1298,0.3887104094142128
1299,0.015012646325371791
1300,0.15486775466598252
1301,0.3922059351143895
1302,0.34293102485286103
1303,0.461769847462477
1304,0.214275534622326
1305,0.5046974397156251
1306,0.2312937151403829
1307,0.17058886384698307
1308,0.2986391614447303
1309,0.4051562514793101
1310,0.054905086510552405
1311,0.4353938192302552
1312,0.2975382746553069
1313,0.6112544307580956
1314,0.3131684234109887
1315,0.5968235478503218
1316,0.6956817427705
1317,0.10534281009494134
1318,0.7147438275204729
1319,0.4064910275932953
1320,0.5079504401580097
1321,0.5840561441705155
1322,0.0720932886466619
1323,0.2879389897992045
1324,0.455820208453543
1325,0.4901198552663014
1326,0.125960339532646
1327,0.7278125379907233
1328,0.13767326910378952
1329,0.8654332371921204
1330,0.4053524509750331
1331,0.5819893326244263
1332,0.7656707185530609
1333,0.5191001023192291
1334,0.6104239960755287
1335,0.33407233997799235
1336,0.8110721826500844
1337,0.10535866206423994
1338,0.15384445938753186
1339,0.02926701916031005
1340,0.7183230808003904
1341,0.011128836606374034
1342,0.5453171610286225
1343,0.4187965218324052
1344,0.4419921886609365
1345,0.6832384851094301
1346,0.28317795452975325
1347,0.30317904672051604
1348,0.029298399913616168
1349,0.7829230150808301
1350,0.6550094396514731
1351,0.5061814413708317
1352,0.5121809644919487
1353,0.5468463025485872
1354,0.9146495885569348
1355,0.1753670313688142
1356,0.6823857568519729
1357,0.6912804148715188
1358,0.7200593231878611
1359,0.70385067200177
1360,0.5845558738450721
1361,0.1863712055049667
1362,0.1307449146649246
1363,0.5362598031322595
1364,0.6726010300909998
1365,0.2336558270218901
1366,0.309009132095224
1367,0.002557714152727427
1368,0.015029090046070497
1369,0.1311731766600284
1370,0.3917088107770801
1371,0.21037289047961588
1372,0.11536937138105907
1373,0.7074303122118273
1374,0.4722035681067965
1375,0.2949411467721164
1376,0.18776152188042625
1377,0.3692625910387456
1378,0.5477543667529841
1379,0.4429568500237755
1380,0.4893650014464387
1381,0.34705077223258063
1382,0.3818893912123236
1383,0.6837591794327316
1384,0.2071150364088053
1385,0.10819024344167996
1386,0.2789337348981315
1387,0.19907984866479345
1388,0.3860853752791954
1389,0.1182672912188816
1390,0.5374954970170227
1391,0.14362044804024476
1392,0.2834581485418369
1393,0.4733098008440396
1394,0.393130076035844
1395,0.18602986152274045
1396,0.2355407740753364
1397,0.1606164003232632
1398,0.4568154770481193
1399,0.8410589891192611
1400,0.06308608525272917
1401,0.2417256943818005
1402,0.1238320642823925
1403,0.43689721595811626
1404,0.2887288415640805
1405,0.09456612631725222
1406,0.12005519362012353
1407,0.3107051568260675
1408,0.07400782809795718
1409,0.1080342541328374
1410,0.29287292708076257
1411,0.7134680692958986
1412,0.3783109311459335
1413,0.20313409601431354
1414,0.5422052043536603
1415,0.04978911202623999
1416,0.2640702596982666
1417,0.5034445228028039
1418,0.5457124281180883
1419,0.02091739942568396
1420,0.6546069226308261
1421,0.2964912264791171
1422,0.19648219878851134
1423,0.3370113334489163
1424,0.7064785078649082
1425,0.6555922219593312
1426,0.3281331440761908
1427,0.5413727136687598
1428,0.8924067312785218
1429,0.5539293716615337
1430,0.3645337719635116
1431,0.2224401677459951
1432,0.15444135031784634
1433,0.421886694576022
1434,0.6156241343680849
1435,0.4142489121149385
1436,0.8126525517409784
1437,0.7347845203034176
1438,0.056081963586494164
1439,0.5330589781909749
1440,0.2284769564267693
1441,0.08124896902219443
1442,0.5494955494604559
1443,0.3897569339037122
1444,0.516527805754128
1445,0.252128169124351
1446,0.11567833860950982
1447,0.5880584880233328
1448,0.35845876331887644
1449,0.37197931299487663
1450,0.5721115302874996
1451,0.5469535292266291
1452,0.7923591735146573
1453,0.6395353180420669
1454,0.12192582962273164
1455,0.005576977878269961
1456,0.8700269443403674
1457,0.8407571618217857
1458,0.15807854582835906
1459,0.0035964255389371452
1460,0.11991359455899653
1461,0.2714303081056829
1462,0.4250724321723595
1463,0.8440051213824054
1464,0.2898388796188817
1465,0.5146328587896181
1466,0.26515302886655034
1467,0.6148068793699656
1468,0.8137507869827665
1469,0.10245690129002008
1470,0.694609537752029
1471,0.5376029471651285
1472,0.6839688155300203
1473,0.7756299060022924
1474,0.8117141887925747
1475,0.20479230556752773
1476,0.6490314553064784
1477,0.5248878610951639
1478,0.15757115304075306
1479,0.012972651729083145
1480,0.2960787313422972
1481,0.658148476548345
1482,0.8181933021933985
1483,0.25852520352041003
1484,0.17760219487877885
1485,0.42847992696172266
1486,0.2285992965981673
1487,0.22410782553459874
1488,0.1331265718412848
1489,0.6829754997839721
1490,0.3750519885227414
1491,0.4342335923043248
1492,0.1000222553822841
1493,0.634958386753213
1494,0.64115965042184
1495,0.3516843149231084
1496,0.10992953628674752
1497,0.18626679560019094
1498,0.12700988030686994
1499,0.3255685576153404
1500,0.5786941990670447
1501,0.16744846848144546
1502,0.7407810363382227
1503,0.6010542737503918
1504,0.3376512124648772
1505,0.6216686977135168
1506,0.7497087761949371
1507,0.8374223227094886
1508,0.4134637163846176
1509,0.7886796923005859
1510,0.6121490097063215
1511,0.1027067926186538
1512,0.11615152001895344
1513,0.037472227784025695
1514,0.4841991159121623
1515,0.5208071698170298
1516,0.32033543296025124
1517,0.15377214789026028
1518,0.039759055457412866
1519,0.7895880353086079
1520,0.5176469579861609
1521,0.18933200797980188
1522,0.4237289954237968
1523,0.29075029024346977
1524,0.5459688474420905
1525,0.7498569795699472
1526,0.8438997108803094
1527,0.013471387281654198
1528,0.6029628743467227
1529,0.44563670747325534
1530,0.021841978898820592
1531,0.4214298697017429
1532,0.3052250724670616
1533,0.0611654866506444
1534,0.3583574417601411
1535,0.613995843826876
1536,0.4936985192328607
1537,0.5761671991884478
1538,0.7286467773169623
1539,0.9222024749593258
1540,0.7781732534127144
1541,0.8012255430024382
1542,0.8343976720122191
1543,0.19314309473066693
1544,0.36119217983770224
1545,0.7690370094386885
1546,0.30247611479795666
1547,0.13951666559592418
1548,0.2154499351846008
1549,0.6132547285301441
1550,0.7321104184375449
1551,0.03336340024891178
1552,0.8475510447164512
1553,0.7346535732476702
1554,0.07384633077692877
1555,0.5345893298705522
1556,0.4890361256787858
1557,0.2320778282635762
1558,0.3690028002262668
1559,0.6428806000041368
1560,0.6463975962324209
1561,0.4977056492750051
1562,0.697277763918956
1563,0.15435056890962984
1564,0.6956752540086819
1565,0.31655136936902284
1566,0.3436331085169856
1567,0.6791433881429944
1568,0.4677267570173166
1569,0.5231570029735109
1570,0.719366063058667
1571,0.24088800093265256
1572,0.7565908259664615
1573,0.4142280908044128
1574,0.0351751779884001
1575,0.8034776876910514
1576,0.6359479167496451
1577,0.774926583962026
1578,0.38490955590544185
1579,0.5301525537051757
1580,0.5817697809609886
1581,0.6984614422263382
1582,0.3892701713701581
1583,0.4933550730054978
1584,0.4567201611888357
1585,0.23614844737881774
1586,0.6376065350634846
1587,0.032766447302462316
1588,0.2545268626238521
1589,0.8518942096340687
1590,0.26378590479598946
1591,0.22483034974080807
1592,0.07308503461158912
1593,0.5980985249939633
1594,0.10269880807251194
1595,0.6246455676413809
1596,0.040697226511517096
1597,0.6849357157342975
1598,0.2382144947702509
1599,0.5007959306059234
1600,0.6667605840342328
1601,0.4163042640667671
1602,0.4925337305575714
1603,0.7946603098651998
1604,0.5089565152547946
1605,0.8085982126050715
1606,0.7032120416208529
1607,0.197619012753402
1608,0.23784163518472656
1609,0.30945233178276954
1610,0.865296765198728
1611,0.2035300371503648
1612,0.8079358983191283
1613,0.5827116003916589
1614,0.2547034664092429
1615,0.7738530462751537
1616,0.1085726762425114
1617,0.44712156629082417
1618,0.6029550046318295
1619,0.8725229075995218
1620,0.6284776378013257
1621,0.13410958669698994
1622,0.4542114589008317
1623,0.37874213897335696
1624,0.7498822846622144
1625,0.5974979895887634
1626,0.5054159267281246
1627,0.4264352347779796
1628,0.046434659271225066
1629,0.31550828968904776
1630,0.4707986503083717
1631,0.5034386255201522
1632,0.3069978544120614
1633,0.28029155561700125
1634,0.26620664160421115
1635,0.6625417847297828
1636,0.20578236091403465
1637,0.3377264403430749
1638,0.40401437108351
1639,0.1337950394975148
1640,0.6203305746017288
1641,0.7441720048999084
1642,0.04193991309705117
1643,0.1246685086146705
1644,0.599775921003005
1645,0.3896770368663416
1646,0.6495674538459474
1647,0.5707387039442086
1648,0.1283719278871358
1649,0.1543760698933152
1650,0.3903272897769042
1651,0.25643157951872664
1652,0.3581718094409394
1653,0.9012395676319988
1654,0.09170553053099853
1655,0.4643273238615442
1656,0.41573829789936795
1657,0.2570109892156479
1658,0.5143660065505469
1659,0.4562496916056791
1660,0.041100361198396135
1661,0.8879705384586203
1662,0.4566132823828076
1663,0.4148225639595634
1664,0.4147223691133677
1665,0.7721080286099198
1666,0.6410742753067751
1667,0.5980563929179394
1668,0.6488713306370183
1669,0.009394440698009723
1670,0.6674851650507949
1671,0.2247278822720204
1672,0.8354494348568929
1673,0.17967024928571007
1674,0.35139141106174954
1675,0.2051291561658868
1676,0.8766903789191351
1677,0.03198118224215561
1678,0.5789701979173972
1679,0.652914233458026
1680,0.3123347068056573
1681,0.12493166398875158
1682,0.09737419650645356
1683,0.027497488729992917
1684,0.14001285524317816
1685,0.16447181950641387
1686,0.8682240265299517
1687,0.5418801463194042
1688,0.4957085627099743
1689,0.10672191468716988
1690,0.40226202294069857
1691,0.03043329089996758
1692,0.25681992811965915
1693,0.3983952392641507
1694,0.3503014804840099
1695,0.22405462691452416
1696,0.5534814628989366
1697,0.6569749047211945
1698,0.5210333627194008
1699,0.4218407996047716
1700,0.6484208100748319
1701,0.23257575668095135
1702,0.3605825100819309
1703,0.8918552707346663
1704,0.19315060096148368
1705,0.29896024953182176
1706,0.05225310727207162
1707,0.13294488693284118
1708,0.016815600705128834
1709,0.21349706943247845
1710,0.7557432735087242
1711,0.1206897464070348
1712,0.3135392647646376
1713,0.7334827044885888
1714,0.6968968692780261
1715,0.7228876649267868
1716,0.4654718154458607
1717,0.7572383173271477
1718,0.1814764706753072
1719,0.2612249266185317
1720,0.0923480072608338
1721,0.7425029046072756
1722,0.5397667309323977
1723,0.4226482389829061
1724,0.1677572108912977
1725,0.2715739676580123
1726,0.21469431732246508
1727,0.2645896568498047
1728,0.5057816403618793
1729,0.08469628496566524
1730,0.2123639512597496
1731,0.4380294540559956
1732,0.5584159855606696
1733,0.2277154447880161
1734,0.4709033559762518
1735,0.5256782267607093
1736,0.26952515255603593
1737,0.2089188636477712
1738,0.31638619984274746
1739,0.2039651263155482
1740,0.01995545068178348
1741,0.6879355834603165
1742,0.5146728021458133
1743,0.8173997559075614
1744,0.6895049883888951
1745,0.11705861299911348
1746,0.6439772277157482
1747,0.7197987932947721
1748,0.4349163365963401
1749,0.402832278540616
1750,0.6710089407991012
1751,0.29502663132367235
1752,0.409809778794696
1753,0.2528302353502961
1754,0.5142230677049072
1755,0.29845978556286645
1756,0.7708151803371381
1757,0.19073569174944568
1758,0.2790283554940326
1759,0.17281721380676268
1760,0.2502846177327783
1761,0.3424760222953053
1762,0.4922337512256862
1763,0.20383260359007305
1764,0.7884282347189934
1765,0.349012322894596
1766,0.4511541289651888
1767,0.4662720715942816
1768,0.2977701183761998
1769,0.7392332189017827
1770,0.5636429597433394
1771,0.4107309604146998
1772,0.6227543217166573
1773,0.44670490552428427
1774,0.6283943466674039
1775,0.08709274826314685
1776,0.005831388883555937
1777,0.7025558437508576
1778,0.8545728154201911
1779,0.11302547402661367
1780,0.6648007938800253
1781,0.17781667416071525
1782,0.07110938856859035
1783,0.8679706293103995
1784,0.08369527860365858
1785,0.3362052511115913
1786,0.005739435413913693
1787,0.8296494756794127
1788,0.5109430450592082
1789,0.2694911471094438
1790,0.4852681128307976
1791,0.38555739258097255
1792,0.4269747743622274
1793,0.4656599636110478
1794,0.7051605708965896
1795,0.5576374760580249
1796,0.4680394753683969
1797,0.4395966421904103
1798,0.6358225901228294
1799,0.15457932014633882
1800,0.6238894239970754
1801,0.4283308532912608
1802,0.4104775349641735
1803,0.8500668453577438
1804,0.11201298178933916
1805,0.007262638802128699
1806,0.4157247091923748
1807,0.6145530534102043
1808,0.5287764762781533
1809,0.08877511408654816
1810,0.2879778835638035
1811,0.3774921348773285
1812,0.8749186128287558
1813,0.7276159122856363
1814,0.6908189461472649
1815,0.7504553705019057
1816,0.1254133978547153
1817,0.488830456373567
1818,0.1300688912989053
1819,0.5512515928894769
1820,0.7067064758810804
1821,0.7340931194044997
1822,0.02963200533075358
1823,0.3472451915513025
1824,0.2428855015421561
1825,0.6691741188013942
1826,0.3296120937625255
1827,0.16629274381124776
1828,0.1377179943059154
1829,0.3782092615641575
1830,0.6340681597972528
1831,0.7745489123886751
1832,0.18314818979869515
1833,0.6396023663383543
1834,0.3936822385712303
1835,0.27795260176329384
1836,0.4228684653374573
1837,0.8480169935570089
1838,0.4105913105111163
1839,0.758761949949921
1840,0.7615620421856193
1841,0.4348414606711837
1842,0.6310145253754103
1843,0.07807716266716824
1844,0.3500893187767714
1845,0.3700848922655125
1846,0.19716512857673865
1847,0.7587857449052935
1848,0.8765310925443042
1849,0.34583574539481104
1850,0.2796198648638908
1851,0.32924427330856554
1852,0.4727473116723007
1853,0.4465986702216218
1854,0.3330249751968815
1855,0.5928372568790335
1856,0.2912841526459694
1857,0.11974237787640706
1858,0.1389179094041763
1859,0.5580950959086053
1860,0.09367180550377688
1861,0.4052378166443832
1862,0.12279074221138965
1863,0.8897236616828527
1864,0.5888205188539792
1865,0.2278806994784201
1866,0.3137657449071742
1867,0.14255152052553655
1868,0.7217745930121655
1869,0.8495508439802982
1870,0.2505178256887092
1871,0.0910595814299127
1872,0.13430683174722136
1873,0.6440169683466368
1874,0.3493787031944061
1875,0.8344281721493227
1876,0.14783914485524466
1877,0.6234799095859269
1878,0.7037540830770603
1879,0.13840991785580134
1880,0.3545690575684464
1881,0.22092214735794027
1882,0.5490530602168782
1883,0.6848818947114694
1884,0.08100081539812433
1885,0.1279975344715108
1886,0.6911569886251622
1887,0.5994229810729779
1888,0.5352333693799004
1889,0.7307808624056022
1890,0.7048739123417123
1891,0.2717298978109796
1892,0.5469876477013274
1893,0.2749345164970856
1894,0.27774539757752065
1895,0.3737489477419621
1896,0.5610887868503183
1897,0.2838732056092175
1898,0.05563399955640247
1899,0.3851671358158273
1900,0.7133911833181386
1901,0.0900162263814687
1902,0.2490801909272249
1903,0.5896716881427149
1904,0.13514691304005974
1905,0.05430012447405698
1906,0.3836530744730008
1907,0.21069747854515875
1908,0.5906626730716831
1909,0.04302186367757164
1910,0.5270652436214548
1911,0.5504385080138456
1912,0.28315398766795097
1913,0.1997348818225597
1914,0.06345522386636303
1915,0.4574035837669511
1916,0.3024480679638758
1917,0.4269789566952416
1918,0.2411604536530645
1919,0.4732026779413482
1920,0.6562631906170091
1921,0.43800764805838144
1922,0.5024789759220211
1923,0.672918870741026
1924,0.08274625569013011
1925,0.2720465376198956
1926,0.3649945454648869
1927,0.024803015707190026
1928,0.16394323899937202
1929,0.6009263013183492
1930,0.5892832743039562
1931,0.4606068541394722
1932,0.6354356662563418
1933,0.29836217610314664
1934,0.786059843137661
1935,0.4362855510290303
1936,0.034878648330990976
1937,0.19435776020787032
1938,0.12013149938315433
1939,0.3796301563305484
1940,0.08331806114525507
1941,0.16921715997225514
1942,0.09183691372645872
1943,0.3108496750590185
1944,0.4629682500716792
1945,0.5258618072997733
1946,0.5426597690785462
1947,0.9133777600950262
1948,0.6341860943775777
1949,0.30381054177391376
1950,0.5363377260671834
1951,0.6932678069759636
1952,0.2298317792140162
1953,0.3703348536009311
1954,0.5156144412540773
1955,0.16083525993426487
1956,0.481619549592961
1957,0.0520172126024919
1958,0.3909734680364828
1959,0.07135675603750606
1960,0.4339663953024496
1961,0.5193979274274388
1962,0.491144137808096
1963,0.11242871961038517
1964,0.6104660373222492
1965,0.4925797303457992
1966,0.5635387503514949
1967,0.430752358503545
1968,0.363080886309208
1969,0.5649591720140958
1970,0.0038117176638654045
1971,0.2691569562668322
1972,0.5695795239951845
1973,0.657774774474158
1974,0.14903654963500212
1975,0.10613724712468213
1976,0.6231454129628611
1977,0.3622436970812217
1978,0.2450238152423548
1979,0.4570778302555473
1980,0.5092900649508678
1981,0.5702891915975985
1982,0.3851274796009342
1983,0.6545793292945324
1984,0.7040889782061781
1985,0.5210798315851087
1986,0.13075798126514335
1987,0.19770040064100391
1988,0.4847104186550617
1989,0.2377039761344161
1990,0.18582448700594292
1991,0.034879953081851434
1992,0.05991751349612485
1993,0.5761482252080077
1994,0.7578529289095266
1995,0.35731421776166195
1996,0.5993049828088333
1997,0.36828463651643695
1998,0.8789906990973382
1999,0.4848669844225374
