,value_per_image
0,-53.575389928372516
1,-14.222412430155146
2,-19.91204550943803
3,-16.55576413855707
4,-57.86908649758357
5,-17.122440919396468
6,-13.627928901347332
7,-25.743810478380055
8,-30.17113450778203
9,-65.78371097142235
10,-26.459259733452058
11,-50.28440525798942
12,-4.576953983259955
13,-0.04078790596201998
14,-2.3288817565480713
15,-1.0306352934888992
16,-53.42494555458188
17,-18.374231078076264
18,-32.08663888938844
19,-18.563410286820726
20,-45.896008253510445
21,-0.10546478846823959
22,-13.079661399391625
23,-5.406321061557378
24,-54.98259360326301
25,-39.31370338034367
26,-49.24268785167078
27,-0.05943325987736614
28,-40.16082623515655
29,-54.04912723248174
30,-30.57264872034284
31,-5.215019578914848
32,-1.316308296624392
33,-38.89290163576277
34,-16.81960063559336
35,-0.20893292054438461
36,-11.926656345027368
37,-15.25691093590558
38,-82.51132320195029
39,-39.48512004334134
40,-21.54103709730775
41,-36.24903474760865
42,-11.332700031185858
43,-0.8899164693502826
44,-37.234697445775055
45,-2.8628526136744767
46,-0.15423176052158283
47,-18.35937801527325
48,-47.83682492127525
49,-46.17654161446069
50,-5.320203145845483
51,-6.648507774189284
52,-51.393583158354886
53,-35.49705574486137
54,-31.59325002753758
55,-0.25621334500627624
56,-22.220045908994507
57,-36.376103724981306
58,-39.57091851810924
59,-0.7762094032186724
60,-58.77331998275622
61,-55.594969973793695
62,-41.12991120319748
63,-48.34788448957897
64,-1.0447997036310666
65,-32.84539166127797
66,-55.062337568149815
67,-66.57307896434068
68,-15.498411288330317
69,-11.850641491675105
70,-38.74346289111418
71,-41.906726628903016
72,-21.09250773846317
73,-13.608436684124172
74,-49.807408187102965
75,-30.393437060048427
76,-8.110176978747404
77,-58.281632640910175
78,-45.13470002218537
79,-43.59383385803085
80,-6.426046951062432
81,-18.091175989017984
82,-50.0609056326432
83,-58.27523106402532
84,-45.52350389599249
85,-4.924058037408571
86,-7.355134648164267
87,-8.888831701275194
88,-26.344288699875676
89,-42.50973188546777
90,-12.818792707760508
91,-27.415278264917045
92,-59.281132989728576
93,-33.27925136457452
94,-44.73968189072673
95,-37.42310897617858
96,-50.82876394078147
97,-26.883946943497904
98,-0.3184424348328321
99,-37.90979634448968
100,-1.0993772582985457
101,-9.36833650678227
102,-4.6122556904447265
103,-40.977817608729836
104,-1.4198541131181628
105,-32.662143417321374
106,-29.671777237737388
107,-11.169852423462885
108,-39.658080844205074
109,-45.42244269001458
110,-36.03347306857741
111,-24.182719019570868
112,-3.592980993228821
113,-38.562651548760186
114,-22.56182985083433
115,-11.793992321996484
116,-27.09715342448021
117,-10.18439157746792
118,-24.350736497787864
119,-7.007872169371694
120,-19.990592643067824
121,-22.352612737136837
122,-40.79994375367096
123,-0.5776400763234051
124,-51.14118088313398
125,-5.6115864537623565
126,-44.62982732507112
127,-0.11545982058950699
128,-3.735554431856144
129,-0.8167573411287776
130,-43.9622968314834
131,-50.97153003537096
132,-54.19775633368039
133,-16.020834853816723
134,-37.86631022719939
135,-70.94409575635291
136,-21.573196226046093
137,-5.462716771086889
138,-30.260296950760015
139,-39.214757914954134
140,-41.72798783244448
141,-6.624386178349425
142,-20.21356422981603
143,-0.16229147566946267
144,-31.19229623866704
145,-48.782855620225746
146,-51.549603629544436
147,-30.986138427973827
148,-6.66428459519102
149,-61.24486700957823
150,-75.1643213619214
151,-53.52580421692119
152,-0.3850150432681403
153,-57.17238733034719
154,-53.5046962635206
155,-9.780618357336607
156,-44.11068779094785
157,-3.1771916803396536
158,-64.30879472245937
159,-67.24900597028818
160,-13.486885719258485
161,-19.388124943661126
162,-1.0422754561003984
163,-2.032947649292282
164,-0.1432589106461819
165,-20.66983031057701
166,-43.963758576746145
167,-43.85606041376013
168,-3.8109500135178678
169,-0.732688368869276
170,-26.794519270044475
171,-21.705041706934274
172,-23.1245944087171
173,-0.6109882904379305
174,-34.90869334969466
175,-10.051364150487927
176,-0.996023537350311
177,-10.61183357272239
178,-23.977635118589365
179,-23.439270101012426
180,-32.9000723282079
181,-15.43927779677324
182,-8.888198384963232
183,-21.75858789803152
184,-65.88761462772572
185,-16.379643334688197
186,-47.69079355008944
187,-24.159756291123813
188,-12.853636303957945
189,-0.6623725785757415
190,-14.840058239791887
191,-2.901339557414758
192,-17.56084077660664
193,-6.206628936317884
194,-37.393499806926684
195,-52.89458000620033
196,-8.91735893812818
197,-52.25429712559833
198,-33.160900659157335
199,-0.20775335482994706
200,-24.04875554769069
201,-0.5087863059943629
202,-6.895028470196166
203,-42.695631259365044
204,-37.16599046722649
205,-46.34905046793483
206,-15.813534756016452
207,-43.64957407041061
208,-1.416399611081033
209,-23.413112454249585
210,-0.05383310380693729
211,-42.29957151434811
212,-135.0886992625601
213,-40.84619078906928
214,-22.906933178647762
215,-54.351947014848975
216,-0.300461932307698
217,-60.66002197335658
218,-48.68952561814581
219,-0.010090990070237997
220,-42.82452663832328
221,-5.365591167124137
222,-12.48593648380347
223,-44.24722928760656
224,-0.1716698397739549
225,-69.04112608195283
226,-33.0392473112006
227,-22.003595870203753
228,-0.31671251909892817
229,-49.70917583099373
230,-0.1248756344357389
231,-4.786131171114448
232,-58.28493094691174
233,-66.8978867084079
234,-4.911104548796175
235,-23.825046788613236
236,-47.909176139824375
237,-11.71460344724619
238,-12.507859156594122
239,-49.53856429456437
240,-42.93901827298811
241,-7.5704857752571115
242,-13.892519242275739
243,-1.7094936308276374
244,-6.301780706620775
245,-51.14137719099563
246,-11.365288942955885
247,-9.110991829310649
248,-44.189527743496
249,-14.393792253220454
250,-59.7591407525324
251,-35.21070020987048
252,-51.853018392464946
253,-23.4704161772831
254,-60.862447887785095
255,-55.13276556148594
256,-13.85500523341932
257,-3.028946256788913
258,-38.15318434246274
259,-11.850393172571785
260,-2.68144592604267
261,-0.0742440154876931
262,-18.65535444982106
263,-8.152267317033278
264,-1.187326383853872
265,-32.037643938310794
266,-44.6553147675877
267,-36.49214933946632
268,-0.8351445913438265
269,-3.7010324186412618
270,-50.94606468826423
271,-0.6170551292726714
272,-48.41223230317701
273,-4.344161678727687
274,-3.496708626727923
275,-37.1294509875579
276,-0.8139175704666712
277,-40.86451879050583
278,-35.3789705849795
279,-17.393058030022075
280,-58.61434895315688
281,-0.48230737113044597
282,-22.24277418315145
283,-54.76669906759588
284,-30.88615866536884
285,-4.438594817529747
286,-38.87602691372376
287,-39.44522715366941
288,-8.225933711160906
289,-0.006889891462776632
290,-0.08414251851445442
291,-3.2184108943240517
292,-28.03996446641031
293,-57.09803922601168
294,-28.207732530682506
295,-0.02688771655743949
296,-16.885285981174093
297,-1.600460264927733
298,-55.801105513145814
299,-26.425615420150734
300,-25.984822499299245
301,-59.90224667965228
302,-2.0495378263349266
303,-4.2151651968561055
304,-0.05982807049440453
305,-57.956423238510524
306,-18.82787474593676
307,-38.56690268457541
308,-40.95133494257243
309,-71.41389341220565
310,-18.396752190966225
311,-0.7328846923102219
312,-35.90736126176533
313,-0.3252079985681462
314,-3.0418078317353547
315,-0.43180352097169816
316,-7.1333827150883735
317,-64.1908127892766
318,-2.5943712076996235
319,-2.6198113269920213
320,-34.86883923706273
321,-4.296001255977899
322,-45.47537062762285
323,-54.41890080340045
324,-1.938039568494828
325,-34.65626989379234
326,-38.93270532372844
327,-17.432469192219685
328,-50.875702642740634
329,-46.755532268085915
330,-57.21300767733828
331,-44.03238326307951
332,-45.37098468861427
333,-5.733273422647301
334,-22.425554739094494
335,-39.761028075280365
336,-25.73986461773852
337,-27.918336700011423
338,-49.900173310205766
339,-15.47379745731996
340,-1.9343197852713274
341,-37.99498749491477
342,-1.218626016734902
343,-38.95154174516938
344,-1.2526260862941854
345,-0.34633618308814107
346,-8.973716513304424
347,-29.1124811705821
348,-53.13692320443806
349,-41.06920326940758
350,-6.9123649512583825
351,-102.62670272099786
352,-68.10754568048242
353,-15.022676088013668
354,-70.602537562605
355,-77.63114068153664
356,-79.66909521706111
357,-74.76149189482385
358,-123.28298287396319
359,-1.9441425379700377
360,-0.9479814270398492
361,-36.24549853421763
362,-0.17450118804481463
363,-1.3232664793285949
364,-41.06505546203698
365,-68.93660931653969
366,-28.50399804422854
367,-15.753642989764558
368,-7.495222908703909
369,-53.21253154087282
370,-38.16224623961671
371,-41.729040051612
372,-1.9949124929153186
373,-8.228013104177535
374,-58.4955700688588
375,-33.9552796388283
376,-18.64784435920592
377,-10.077039978081302
378,-55.421846540175665
379,-27.591657523265894
380,-20.558632718583453
381,-0.23331985061750515
382,-10.436719208831164
383,-10.160112897318868
384,-8.484564913549093
385,-26.311073831455133
386,-23.445793228049297
387,-63.88725554558914
388,-53.44884542498767
389,-0.04755503845774456
390,-31.242332176040634
391,-1.9722976627847402
392,-0.014389772842832826
393,-59.31935428358099
394,-49.14978569830447
395,-46.92808755498324
396,-26.453766668593744
397,-37.67128253348619
398,-7.958490246255678
399,-15.699590102132788
400,-58.47052971504735
401,-3.65881471454486
402,-21.65394590038477
403,-43.90239455120718
404,-21.591761121732816
405,-4.505446569567312
406,-54.34369597584646
407,-58.76260768639622
408,-73.54759377081973
409,-7.865635462914149
410,-56.50431476459062
411,-81.5460610666596
412,-6.389278351259421
413,-0.02322955193733378
414,-0.4347503787939786
415,-9.440644457152658
416,-18.59395236598266
417,-2.8039048846445667
418,-51.45970473795751
419,-45.60387663891632
420,-38.486257719294144
421,-41.512521821633754
422,-41.84590637994961
423,-54.130226956772276
424,-14.427205495816679
425,-34.281733538246954
426,-40.40673302580609
427,-35.39827748605481
428,-37.42577654803608
429,-0.40555065308581106
430,-14.55699782450074
431,-32.43071224459709
432,-8.92109838290557
433,-17.8930767617494
434,-45.61973098696079
435,-51.69134869118645
436,-51.46054564906308
437,-48.77040636025822
438,-38.554990568344124
439,-16.12917778967494
440,-52.20883846149991
441,-21.440422134399995
442,-32.75689142035844
443,-21.12013411036685
444,-9.279149770808544
445,-28.24879181790675
446,-52.40319359897512
447,-1.3823939143442772
448,-53.93371765136537
449,-23.147851951536722
450,-47.836974311459926
451,-4.994276973626256
452,-35.913293104065815
453,-68.52012531262153
454,-20.33247853568173
455,-0.014722277077190427
456,-1.9594340300445765
457,-7.127093424423492
458,-66.7569946041508
459,-23.548754172888614
460,-1.8179750125798364
461,-37.9316189711526
462,-64.19750383828068
463,-2.207613846156164
464,-44.974695964421926
465,-42.91046464858641
466,-34.626211593684275
467,-45.14731625676643
468,-75.28581423831929
469,-22.30861916735691
470,-64.53598233446519
471,-41.13452412539402
472,-32.36290128113683
473,-0.5656040245058875
474,-0.34301739840157097
475,-2.408044267436253
476,-33.69003244418491
477,-62.80197189376304
478,-63.845526151748345
479,-55.88204130995764
480,-50.7454755817148
481,-1.2172477869571594
482,-48.451663406840225
483,-3.195747851905253
484,-7.75630408170926
485,-44.83668492038021
486,-19.76529384780474
487,-5.029446081971855
488,-48.55585739219646
489,-0.028827995701249165
490,-15.66277801102433
491,-30.411459036096176
492,-39.63452642702032
493,-0.19546394821372814
494,-50.55384697382641
495,-48.8704796959226
496,-51.04458509166432
497,-40.93276655545725
498,-9.136429075544584
499,-45.42103443510342
500,-5.401287753991937
501,-41.65004911986853
502,-51.336204097347945
503,-4.523975272844837
504,-0.7802699090825627
505,-29.223578253222513
506,-0.017613067164887752
507,-50.99148582482462
508,-7.592588807506928
509,-20.32702043023471
510,-16.006372360174055
511,-5.701494377101653
512,-2.786246240330115
513,-73.7881004247829
514,-12.583244622239306
515,-37.331938243693
516,-26.31605831020714
517,-50.219105226376314
518,-56.83723225834818
519,-4.592232847226114
520,-10.388150460826125
521,-6.472729587210665
522,-8.147432470579247
523,-44.42401037484524
524,-11.888695233903945
525,-49.31895162492401
526,-14.021784050471993
527,-17.34398158552756
528,-36.140142586676205
529,-0.08461601139811137
530,-50.67955642480774
531,-43.12882936363849
532,-23.90676994862315
533,-34.8151252659095
534,-29.43511506970968
535,-13.394185455172192
536,-44.84323227754794
537,-39.141195607678924
538,-43.15223923688313
539,-51.84312619616526
540,-5.718614676648485
541,-4.1336591115245085
542,-42.73875227559461
543,-0.4488389062353235
544,-48.114904237342216
545,-70.3090295640286
546,-24.596675243555637
547,-5.688742352733925
548,-75.82677923222224
549,-65.43657385179165
550,-42.79856856197148
551,-0.009936050033104493
552,-64.34132797127677
553,-28.705831111894895
554,-41.24674717799189
555,-45.67952951920516
556,-0.13802636141484825
557,-1.355164510880968
558,-9.685643019736744
559,-0.5775779606174183
560,-39.194820273020014
561,-40.827180443033285
562,-22.596065078808003
563,-70.27425724499358
564,-80.87591864168144
565,-51.904268758568946
566,-34.41759980459781
567,-38.28135330049554
568,-7.802759342104736
569,-2.902635424080586
570,-1.000737709249961
571,-47.309890016622376
572,-0.24180880941631244
573,-20.31564827330901
574,-52.47978102792331
575,-34.153818313192374
576,-20.21264435366811
577,-55.13901112424173
578,-38.97952140750645
579,-17.12367705280394
580,-53.24795400790026
581,-12.15396174609387
582,-20.387635093810786
583,-30.065783296329826
584,-3.4037630093353073
585,-3.071042077751315
586,-37.25126406913405
587,-39.445871594923176
588,-8.521460883419262
589,-27.548220452806163
590,-44.14385488608605
591,-47.80045987432215
592,-40.13061121784915
593,-0.13970670384651385
594,-67.15766947289535
595,-2.1319725791181554
596,-33.06900417442375
597,-7.2011837337195175
598,-0.07441651622608703
599,-0.23187650441832375
600,-72.55812522202541
601,-58.28480136345328
602,-52.460180552418024
603,-0.1911562135301672
604,-4.009857171315616
605,-0.508623475170225
606,-7.760694053539822
607,-30.92568214624589
608,-47.31822365860785
609,-49.74831996877762
610,-51.499783654253406
611,-36.78932738893718
612,-0.07931440467835671
613,-8.504194190274639
614,-55.713727917114966
615,-67.43880799886028
616,-76.67927787490518
617,-52.086984558579516
618,-3.3861421015623137
619,-4.810955623492191
620,-26.786418358493023
621,-7.375158561540992
622,-15.963576469715917
623,-47.41577086116848
624,-28.082368852804393
625,-13.30479835371716
626,-15.970846046002407
627,-68.89606000603635
628,-3.1022082338486143
629,-12.981415931398452
630,-28.15585647167927
631,-44.30050448988595
632,-0.9287288879750122
633,-36.3862483284729
634,-28.702265276901926
635,-61.73594953717111
636,-23.879312717661634
637,-2.046619155556982
638,-9.94304348458536
639,-31.99456250370531
640,-34.00416020547209
641,-0.02578645151152159
642,-51.64248849704438
643,-34.32259389560999
644,-11.277138722368363
645,-25.699455020516396
646,-4.018093693986884
647,-41.15084066509735
648,-20.710394701612472
649,-33.34180141222532
650,-68.55274130434555
651,-0.7134231306930587
652,-37.95195476748595
653,-0.19902707135254438
654,-12.083070600640895
655,-0.05638875847412117
656,-25.0281721382172
657,-3.321236514618846
658,-21.354627385112963
659,-25.050062570865432
660,-46.82349054152731
661,-22.264512237223244
662,-1.030043562791647
663,-0.029661625871902686
664,-0.3203564501324081
665,-73.23400841828698
666,-0.13690922784189752
667,-35.65018175344767
668,-22.71734299151285
669,-19.516045384508075
670,-1.073333813350473
671,-21.165814411940005
672,-10.673001439738812
673,-38.62980146834161
674,-43.54731082042878
675,-39.15503088473088
676,-2.1210779610578356
677,-70.17227265157271
678,-5.181547460517265
679,-56.44544331708107
680,-67.9700384298003
681,-37.46559073748358
682,-61.43359533399598
683,-2.0124337661145546
684,-0.15094163518733694
685,-55.58247441863614
686,-40.28399108823578
687,-3.4788620916569926
688,-1.803391555637063
689,-73.2477417801274
690,-10.927148617139892
691,-75.0829028853841
692,-24.114195806707357
693,-40.31173555697933
694,-26.188162306811137
695,-102.74523416201555
696,-1.2778149927117965
697,-38.43337609579066
698,-16.416359160338402
699,-0.6083183434341048
700,-0.9036215051528416
701,-5.002377703547268
702,-56.25413187789127
703,-2.249610664605882
704,-10.565675401023327
705,-17.06313188711647
706,-23.45087342968327
707,-16.512034961403515
708,-19.288292623590678
709,-43.83608992263885
710,-0.18403262187348446
711,-17.377722621486043
712,-17.844027703322354
713,-50.41048333136132
714,-12.980983007823625
715,-72.35704528113531
716,-70.00763097244635
717,-45.380334022828265
718,-0.9049462368157037
719,-4.94342680725822
720,-35.32757416231857
721,-39.175489275301516
722,-4.772298166322322
723,-0.44219117041893696
724,-0.7990314074995695
725,-50.229574384269654
726,-42.25606787007928
727,-49.884279805210554
728,-46.27915628760098
729,-2.072104987702687
730,-2.7675171593182313
731,-25.12921292617648
732,-19.348136177044253
733,-33.34830986172892
734,-28.888949538377346
735,-22.73128605594775
736,-1.6910012481839658
737,-51.148358487196674
738,-36.60719211801441
739,-11.297635613578393
740,-0.24912539175420534
741,-0.14632207161751865
742,-56.27287759118417
743,-15.59052583526136
744,-25.407203721786573
745,-87.41445232728984
746,-13.688701226678404
747,-51.50285890965347
748,-57.91461025843455
749,-1.913250111222169
750,-5.334358129576685
751,-4.754555951090879
752,-30.62744358887778
753,-21.51344019848875
754,-25.030724779347963
755,-49.33419325459636
756,-18.096261992435757
757,-44.19002267063479
758,-0.005558937782694784
759,-2.192762590926577
760,-38.22270216122929
761,-9.03858183930788
762,-65.65761420454055
763,-2.8591407739131682
764,-23.438887887525198
765,-13.559902614090944
766,-4.868898905752474
767,-22.719820906627888
768,-13.143587249537632
769,-0.9456969226470733
770,-0.31629787797282916
771,-25.906338022265118
772,-10.466076913113739
773,-41.34683323754257
774,-28.254672540626643
775,-58.63222016256594
776,-32.58376535438583
777,-20.84691747438046
778,-12.883873959268385
779,-25.594754971178247
780,-50.88516109813304
781,-41.11879940890503
782,-9.576832453980614
783,-9.918654623555085
784,-44.696096521969594
785,-26.023104350108497
786,-68.15609465813031
787,-28.432906684877523
788,-0.8039387086349912
789,-59.24940711745239
790,-55.96718085929067
791,-25.17871775450476
792,-54.065012038136956
793,-7.664573889160238
794,-32.08962021343288
795,-17.658878705864595
796,-29.816568863010616
797,-4.441249136492843
798,-43.592707398493076
799,-66.34202531881255
800,-1.9829755576568004
801,-24.754711038890264
802,-63.62417218212795
803,-34.34694517679236
804,-3.6350769985466016
805,-3.885144691267041
806,-39.22736447753141
807,-12.33751939203384
808,-33.113131011942414
809,-46.88000317280239
810,-3.4981795339731434
811,-40.37752521828787
812,-14.010222587038015
813,-29.872273401881102
814,-32.499827739770765
815,-0.051315260638226334
816,-0.8000215320425923
817,-20.345669040548273
818,-56.45228617857629
819,-18.29866170954574
820,-41.44465384378873
821,-0.182175003795237
822,-46.72304263827937
823,-62.6119050728706
824,-6.038476042611194
825,-57.06188217631052
826,-16.56886167970356
827,-39.01445970971599
828,-0.727851728983751
829,-49.1579085419653
830,-41.50547604876556
831,-22.844717390529695
832,-4.523749052663334
833,-5.097636919982506
834,-0.20110311318512686
835,-34.241779691999454
836,-0.4487623666300351
837,-57.91363054622525
838,-7.428337018404427
839,-16.244730553677073
840,-34.60315422549442
841,-9.285565917229562
842,-29.372099593774237
843,-46.02067796770075
844,-5.928396706294734
845,-34.61505375003672
846,-10.651968271331327
847,-22.217669841095724
848,-0.5892357108587021
849,-2.08116997297833
850,-48.01777489682877
851,-0.01762784553679353
852,-11.331593942399195
853,-18.70520210510014
854,-24.456346249965463
855,-3.7888702983327676
856,-8.501596746850943
857,-0.1603674748002959
858,-19.33650276962726
859,-2.157180173445795
860,-23.166455787802988
861,-52.88346138982752
862,-36.04026321755555
863,-0.4047586997095607
864,-1.5535377412722369
865,-77.34825764923698
866,-41.003474298773654
867,-10.81510855360284
868,-50.80848402038282
869,-48.704306958409006
870,-2.8224927359574394
871,-72.58973753574242
872,-25.82830321131223
873,-28.65806860376324
874,-0.003683453522610236
875,-44.85260846457231
876,-2.269980540396631
877,-2.0384047002298757
878,-15.042563810518686
879,-0.2752694470922279
880,-21.07230049649388
881,-52.97688313475675
882,-8.439517783590418
883,-13.011416573605857
884,-18.66190445943812
885,-8.927619638254441
886,-1.733702388126403
887,-21.54726633510927
888,-72.03738371450072
889,-21.006391229107976
890,-1.6815184229881197
891,-33.790516373337596
892,-0.12196100709843449
893,-54.71092095044162
894,-23.70171511344597
895,-2.29973935223238
896,-0.31224883202185083
897,-41.95595156125046
898,-0.21670097782771336
899,-9.454508202312354
900,-45.38286967666656
901,-52.414130432356615
902,-18.53425496204727
903,-0.6822389363760237
904,-49.59690258285991
905,-56.25867211383593
906,-4.197340495622484
907,-68.47098032708163
908,-0.3528070875352398
909,-1.6459426181239678
910,-5.10163009134169
911,-0.573855007183738
912,-1.2557667981782288
913,-2.5781156234737708
914,-43.3568483289986
915,-43.55768700212457
916,-18.399283992301207
917,-5.799855693349855
918,-45.96861708212941
919,-46.79383585059077
920,-19.785097036239705
921,-73.38379198385519
922,-42.14201074796665
923,-42.30964822689851
924,-55.075485218119866
925,-26.62016094061363
926,-20.304276139475405
927,-12.770391349794409
928,-41.31885151677125
929,-1.6985932577663334
930,-37.71734781307856
931,-11.959833912699196
932,-35.31943706792663
933,-52.33927234601836
934,-24.95759615936754
935,-7.662165075020056
936,-34.518684406331886
937,-11.748833261001366
938,-18.672338502283196
939,-27.250104242129055
940,-2.158425543406338
941,-0.4993214945534419
942,-12.91214036165411
943,-24.54278738969748
944,-23.339717468939853
945,-1.455377914257042
946,-0.1383923390703785
947,-9.11250534130977
948,-50.181311009592946
949,-18.875603055297688
950,-0.04732639687472329
951,-1.5671589536477768
952,-0.1516753645046265
953,-48.57634254978379
954,-20.16405958822952
955,-2.980267885108077
956,-45.949007455359656
957,-29.652257655111214
958,-6.1785677288208944
959,-42.22914745911976
960,-83.17318378974505
961,-36.77978312423947
962,-31.683901689727463
963,-0.8958693903448136
964,-36.53813134619759
965,-11.71979755001189
966,-41.14607225862346
967,-0.14823080155110802
968,-0.1130553705006605
969,-50.53299467612851
970,-13.773264250627392
971,-81.59588205188629
972,-50.29212749378985
973,-45.54459433370553
974,-0.4238571848522952
975,-41.588367518385496
976,-0.4123852026532404
977,-0.02622976889225015
978,-7.861951084265684
979,-25.338799060083176
980,-38.01660544679271
981,-20.798427227100404
982,-34.38051292009186
983,-9.601226781916921
984,-8.051430205243378
985,-7.748514674672265
986,-54.70325788072705
987,-17.56173632379955
988,-21.432014722115127
989,-47.87270289938897
990,-9.365287508088159
991,-101.38298434452736
992,-10.876731285075948
993,-24.73472107886846
994,-17.282091989948185
995,-24.42334226289222
996,-2.8305633434283664
997,-39.87997192606008
998,-46.735870290076704
999,-43.90880451464909
1000,-9.911573595098616
1001,-61.89022583782025
1002,-56.93010162927931
1003,-0.22386926307717658
1004,-0.26674332076800056
1005,-8.875339788086421
1006,-9.138806463756282
1007,-29.274851965463313
1008,-50.885740403615614
1009,-57.99699174710304
1010,-40.90695924553833
1011,-49.05946663218492
1012,-6.0663689138309564
1013,-43.80297033548334
1014,-7.713170883445855
1015,-16.91377140611803
1016,-10.391701996763004
1017,-3.109600462936214
1018,-41.0790741995788
1019,-4.921074531052
1020,-2.7052936168306587
1021,-19.67448704411072
1022,-55.763835049154295
1023,-58.59759303979897
1024,-46.90266385411451
1025,-60.33209081247651
1026,-8.848359832965798
1027,-0.3412071415355058
1028,-43.83754657819645
1029,-6.611037179958657
1030,-21.590518209410334
1031,-23.930852777907376
1032,-23.064182427867365
1033,-48.90060653149851
1034,-39.124552168083596
1035,-31.93662333690895
1036,-2.382629282922153
1037,-7.490474906021348
1038,-20.49071084690513
1039,-5.985077299061231
1040,-3.284085093128283
1041,-43.07594910375167
1042,-32.817176309743445
1043,-39.87253077925379
1044,-19.435634186927928
1045,-28.214100308099006
1046,-3.8099392506492222
1047,-44.39291001487254
1048,-0.5291329182437039
1049,-46.51730347892226
1050,-2.865579203112972
1051,-3.4698200638085837
1052,-51.14212123447214
1053,-47.03400413395502
1054,-5.861264102800078
1055,-4.268005305217997
1056,-0.8994791214528846
1057,-11.177137949801033
1058,-0.16266815424469172
1059,-38.886966948579385
1060,-40.15777610262421
1061,-21.115656601696628
1062,-1.1769635709633803
1063,-40.01995553612437
1064,-3.297703809221275
1065,-39.3886216905812
1066,-70.1147218516835
1067,-44.81043514364114
1068,-50.83696592100023
1069,-0.5724384750392346
1070,-53.732860117559085
1071,-22.688643192641393
1072,-20.140861987043763
1073,-64.98454885855426
1074,-27.63541777079763
1075,-4.7813759316248365
1076,-3.938878130848707
1077,-18.322962095190718
1078,-23.359773473497967
1079,-30.61701166095736
1080,-34.029136066122646
1081,-1.253979303229137
1082,-18.757935442325625
1083,-2.5801937430365083
1084,-5.28304645764365
1085,-3.059831961756572
1086,-23.40592595587134
1087,-1.453889272241213
1088,-39.134996626187785
1089,-26.033138607840897
1090,-12.034233509708429
1091,-38.96295796615932
1092,-58.091026336049254
1093,-4.606762101066124
1094,-15.614542079481907
1095,-41.622461373608076
1096,-33.457166264736315
1097,-4.311725096528562
1098,-53.375668083673645
1099,-66.0645847830092
1100,-27.59196920780232
1101,-3.9579347326589414
1102,-25.14612710884545
1103,-22.781105383990507
1104,-0.19125809507886515
1105,-24.246870456193392
1106,-31.2055275268811
1107,-45.69895330540642
1108,-23.7541690441185
1109,-68.53586217612497
1110,-35.821341522889725
1111,-11.398672452647816
1112,-2.24643132645906
1113,-1.2243397935344547
1114,-4.347512926282121
1115,-15.973331919318298
1116,-32.36453465543059
1117,-2.849734939593125
1118,-0.10028520891114567
1119,-37.65154828720597
1120,-19.157491135470536
1121,-0.23922216654955264
1122,-21.276672305312857
1123,-22.869550387178606
1124,-34.83819587076937
1125,-43.19360784959281
1126,-50.15635351450328
1127,-2.436132181328629
1128,-32.10808698342145
1129,-0.2657667521392577
1130,-35.9677720117179
1131,-18.29865755872038
1132,-25.380938883463386
1133,-35.896829191577126
1134,-16.432674711210634
1135,-30.005417267304892
1136,-0.7205875248741904
1137,-6.186356004560366
1138,-3.2527612816544433
1139,-15.171447984788301
1140,-0.8797593300223525
1141,-27.08522192509946
1142,-46.56892677934957
1143,-30.03854024555767
1144,-50.97530020138947
1145,-21.444578857700435
1146,-41.333612776327755
1147,-36.36062649646328
1148,-7.575543070408457
1149,-2.6106112469194045
1150,-18.181270864513728
1151,-17.441517905480815
1152,-32.81622958837079
1153,-1.6322023455379622
1154,-43.70278762306228
1155,-39.60326081166005
1156,-5.8370187760799865
1157,-38.014857151476576
1158,-2.730287202157342
1159,-0.22964312586191227
1160,-3.4673224199159165
1161,-0.06582480667884738
1162,-13.68822671908788
1163,-12.327460779516969
1164,-1.0507559465386294
1165,-24.638214457887894
1166,-99.20404565414356
1167,-26.436061003167993
1168,-45.01527802452006
1169,-0.6216744224552713
1170,-71.2201734100206
1171,-4.568161552557044
1172,-32.41717122528098
1173,-1.1647735457372619
1174,-52.76540627235546
1175,-15.498754264528543
1176,-5.267616893617401
1177,-25.736701849590048
1178,-47.637754171154256
1179,-0.7146851824873011
1180,-61.10501613820679
1181,-24.974973441109334
1182,-10.619017430790336
1183,-64.44206952109856
1184,-35.61882457459647
1185,-70.03793155704625
1186,-41.71063586875971
1187,-48.556236756179715
1188,-46.715171081596054
1189,-18.894072768881713
1190,-0.6605781974067213
1191,-32.75760840565249
1192,-15.353979654755676
1193,-17.446820973418653
1194,-41.71586977869811
1195,-0.03315909126445149
1196,-24.957825358190945
1197,-0.12098005717645322
1198,-17.681073206138706
1199,-0.7085287261052144
1200,-24.826957200828474
1201,-0.01909836613282323
1202,-30.709548614049936
1203,-7.471719533327814
1204,-39.875063238388975
1205,-40.83644382262912
1206,-51.02498168418788
1207,-37.485427473475454
1208,-42.670202169099255
1209,-27.35360004810525
1210,-0.7855702274100622
1211,-48.16198789768373
1212,-82.52487971878145
1213,-6.839052124370937
1214,-12.974402268267113
1215,-43.06720871119792
1216,-0.0512332771949886
1217,-3.8281188988121357
1218,-53.83772045704495
1219,-27.597198492676398
1220,-12.975145741656888
1221,-22.342737343928547
1222,-63.976586745964596
1223,-3.603113005962541
1224,-64.15059282941365
1225,-9.01976687430738
1226,-0.5344803909547302
1227,-6.49276130346729
1228,-17.869018551438515
1229,-0.4119837641774211
1230,-22.899493954439095
1231,-108.78264784003841
1232,-6.105342516237556
1233,-11.997917710414868
1234,-38.08844374608452
1235,-60.48777036612864
1236,-3.8597482409250006
1237,-24.560837164705788
1238,-16.517625415975772
1239,-67.70000383030492
1240,-28.35547990010855
1241,-34.65936074327624
1242,-0.3364304993447149
1243,-30.76980587436401
1244,-35.37999711820157
1245,-54.35407129332884
1246,-26.342248013839708
1247,-54.339262660898385
1248,-35.88863734115671
1249,-38.66596983978525
1250,-5.57356393113993
1251,-0.01580163182597971
1252,-41.7708281313798
1253,-24.56836023352662
1254,-60.69799790421257
1255,-25.630823811206938
1256,-23.799328858087847
1257,-5.336499223805731
1258,-50.89305183540182
1259,-25.32718164975813
1260,-46.23083589907037
1261,-0.3031100630320225
1262,-0.41137905949123876
1263,-28.620289168975432
1264,-8.657578504499952
1265,-28.66186701226752
1266,-30.93285145997652
1267,-12.285062385737092
1268,-0.010616593448901313
1269,-71.30174488152988
1270,-35.99672815160011
1271,-4.4307265914893605
1272,-69.280664425135
1273,-0.8037779404821777
1274,-44.48244583253461
1275,-4.796504225564377
1276,-51.142037197481386
1277,-24.69288140132511
1278,-61.15674769581756
1279,-0.20496818540323147
1280,-0.4677667072443441
1281,-0.5040995284324197
1282,-23.443729173955035
1283,-11.984950399435775
1284,-2.4289248134591617
1285,-7.602916782512239
1286,-5.973900587855496
1287,-1.0286208694451489
1288,-4.512869799780248
1289,-41.93653705299948
1290,-18.18213013464151
1291,-11.735414996624058
1292,-41.29835323803252
1293,-26.863741080339423
1294,-63.46965740063234
1295,-33.49233372074946
1296,-67.33130106283716
1297,-7.56546376273036
1298,-3.7987767097533833
1299,-39.877507647688674
1300,-2.9289555970990477
1301,-0.02011021791160772
1302,-12.882846540573155
1303,-17.607924260423275
1304,-76.57094482699677
1305,-39.13710116199218
1306,-46.95004864297914
1307,-15.562219987747085
1308,-49.211816555802756
1309,-37.621693078179305
1310,-17.78694540593642
1311,-19.299501237052027
1312,-68.95720098134188
1313,-2.3764527144116983
1314,-7.4410895200271625
1315,-15.19486171051176
1316,-24.097966459094764
1317,-21.86021249553151
1318,-0.08436865430508078
1319,-15.585165553031935
1320,-29.659811411953115
1321,-39.85925774333006
1322,-0.42302143680717563
1323,-9.523273604760107
1324,-67.24855189867958
1325,-53.590766418218664
1326,-12.89836368795659
1327,-46.35266510458581
1328,-60.62993257084963
1329,-51.56600025994703
1330,-1.9402690866305647
1331,-82.56829894510793
1332,-39.52225393209346
1333,-6.1781857174573815
1334,-28.499693823454436
1335,-52.46070916501077
1336,-37.744511904612864
1337,-0.16912756789241712
1338,-15.156990937749299
1339,-0.368923019431012
1340,-56.61807697533368
1341,-5.341123167570913
1342,-39.793283688220434
1343,-5.206853650778214
1344,-21.229148660939245
1345,-61.97512933244252
1346,-36.77355805443949
1347,-14.93927219315347
1348,-49.28685175366627
1349,-15.40386799337648
1350,-24.015041575400573
1351,-61.894565497565054
1352,-75.9755630754953
1353,-65.3880484762783
1354,-0.8513088071318489
1355,-53.618522798156846
1356,-0.11505417237299298
1357,-12.435566047327711
1358,-16.161170395095397
1359,-83.26206079410917
1360,-47.716482944685254
1361,-48.221607572049834
1362,-79.98551158525515
1363,-9.790804590984862
1364,-57.850013308003554
1365,-77.8654613730323
1366,-3.722231037940503
1367,-5.337224617570428
1368,-89.1535243022663
1369,-2.397742341954654
1370,-70.27902791343331
1371,-5.355794523791701
1372,-37.12354562018754
1373,-0.006498000649287405
1374,-8.067201676375074
1375,-6.003703718848101
1376,-25.42560171284333
1377,-49.47942106514529
1378,-38.80389641075635
1379,-36.79849898055943
1380,-38.03071968617769
1381,-24.529532882864288
1382,-2.8476506062902445
1383,-33.52723280898556
1384,-6.321580970707146
1385,-47.45543425483131
1386,-44.34995114681442
1387,-19.788516577434166
1388,-3.9720336091581316
1389,-0.2252064840733965
1390,-49.02716703384982
1391,-52.125786411420336
1392,-27.609855603294363
1393,-33.80135103425303
1394,-9.899672745377757
1395,-8.38798169603433
1396,-36.608140402329866
1397,-0.07727909979894321
1398,-40.42788180133846
1399,-4.6474214528091125
1400,-55.91045618237979
1401,-19.51603722313258
1402,-0.015529659629976322
1403,-30.803600997921876
1404,-1.177192323928466
1405,-19.744284778067495
1406,-21.221991610636707
1407,-24.03546954446415
1408,-38.339179535935784
1409,-2.696302053564068
1410,-53.2454553317657
1411,-0.04415568022885452
1412,-1.3182713175410754
1413,-0.03511471566162072
1414,-5.358022568248543
1415,-0.44812218184564756
1416,-1.416912042406814
1417,-33.14425861902987
1418,-37.85252789995107
1419,-17.750400259865273
1420,-13.815409902108513
1421,-46.593036638335434
1422,-9.79337787158147
1423,-42.829906608181545
1424,-49.135656656455154
1425,-19.29019525446097
1426,-17.602173503488302
1427,-22.31939273779244
1428,-41.404070689436594
1429,-42.535100169472116
1430,-6.976554185355781
1431,-11.429229878655619
1432,-4.0313683061777965
1433,-0.13173768655565254
1434,-31.247796592622763
1435,-0.7228181544887775
1436,-11.131604998330658
1437,-22.565796825663316
1438,-26.707663096691476
1439,-18.522857224610107
1440,-9.867412660278205
1441,-38.510436602195114
1442,-19.135272459152475
1443,-0.18334091506403638
1444,-36.36242332707752
1445,-2.823167107950667
1446,-33.23652701566823
1447,-1.5434529706617468
1448,-32.68205588249134
1449,-17.769726483813884
1450,-4.40333006234323
1451,-16.644993023520783
1452,-38.25816784970448
1453,-45.77867535824589
1454,-21.24871045547252
1455,-27.905987886675575
1456,-17.56480548656816
1457,-0.1965423673096116
1458,-27.14008754317092
1459,-0.4210026393402586
1460,-35.848780189489844
1461,-65.77982112793688
1462,-30.878135794937407
1463,-2.672544173006486
1464,-35.082208784782324
1465,-48.19028356402123
1466,-6.136939360076212
1467,-39.63775674222052
1468,-38.62406286711848
1469,-41.25903322361058
1470,-19.502519357336837
1471,-11.688070286150207
1472,-1.7326600730852988
1473,-29.423594582923442
1474,-18.976899584728812
1475,-31.562299619679244
1476,-0.2976478377759122
1477,-0.0054228508974253865
1478,-33.77581315440621
1479,-37.2905691589375
1480,-11.233176213373554
1481,-42.2399884957988
1482,-10.217128243758253
1483,-7.47618196338226
1484,-58.346496640338344
1485,-31.768499080842957
1486,-23.03728404711819
1487,-0.5810109759631246
1488,-30.012749194187677
1489,-11.939557611211967
1490,-16.72231821124933
1491,-16.612301600565843
1492,-1.9546200179726156
1493,-40.920426268843585
1494,-15.10158493022675
1495,-46.45288864930535
1496,-0.1449283636668497
1497,-0.10093595608094574
1498,-54.90618800162338
1499,-3.289093444119999
1500,-15.831905383874329
1501,-9.899701946711502
1502,-107.28838301477663
1503,-0.8661620429193135
1504,-3.624708483753352
1505,-1.4845316010278111
1506,-34.93153029982932
1507,-37.784143685954604
1508,-10.635250849967179
1509,-8.107719832843259
1510,-44.57772093184235
1511,-2.9933570987598728
1512,-1.9338566460895663
1513,-10.091265852750439
1514,-0.024325727375071438
1515,-56.60121248612086
1516,-16.107769390962517
1517,-6.311034476970235
1518,-54.39538247962628
1519,-31.193120152101073
1520,-3.047389374039703
1521,-62.689289760470274
1522,-1.6737780662742807
1523,-4.913860200237195
1524,-67.86450457480726
1525,-19.32672104381773
1526,-33.134993824918865
1527,-3.685252129129367
1528,-3.599655325961521
1529,-9.361452787110693
1530,-2.8024279932125093
1531,-11.374702896243434
1532,-2.059357184343753
1533,-73.68563061859459
1534,-7.642663973958406
1535,-9.763369912915497
1536,-30.381151515332363
1537,-38.86777369142874
1538,-11.867187290521542
1539,-29.16359927817208
1540,-7.347443263745163
1541,-53.84645934233413
1542,-41.95835796472966
1543,-20.14359966739903
1544,-0.07429310121688104
1545,-32.76181999131859
1546,-11.336427245856438
1547,-10.201066913668853
1548,-15.045734420605186
1549,-32.522828560460766
1550,-28.49610886845403
1551,-17.063188914384227
1552,-48.366456701614226
1553,-39.591996896964446
1554,-5.495238720350244
1555,-17.955107290458955
1556,-0.35843531250429805
1557,-20.542318530703426
1558,-0.8009390346451255
1559,-19.06736401486443
1560,-35.0322308461447
1561,-33.99656101367913
1562,-0.516283964185277
1563,-19.36382835735276
1564,-7.864569864490477
1565,-0.34207793794871577
1566,-13.409348407894868
1567,-41.735585533730045
1568,-62.84142347395414
1569,-29.21345630158612
1570,-80.96519646101478
1571,-19.124267025597305
1572,-0.7926856091405767
1573,-8.957496598623152
1574,-50.03966151827308
1575,-8.372540258623474
1576,-0.08740731645139022
1577,-26.673138554977072
1578,-27.794187861130922
1579,-12.886051398272329
1580,-38.95211673173253
1581,-19.967033758645883
1582,-18.133484967453477
1583,-4.459798454289057
1584,-20.607185137453655
1585,-59.305446733604185
1586,-7.2788110996885536
1587,-2.9911148579558358
1588,-26.989155189201938
1589,-20.633077144597138
1590,-24.438682870111677
1591,-29.766287811457005
1592,-17.012554172040836
1593,-7.5997997296002495
1594,-24.718466426937084
1595,-26.247887614207748
1596,-12.219241542490636
1597,-7.782207168348322
1598,-68.24203046492767
1599,-43.88534335219776
1600,-37.59680874352489
1601,-7.57423869194205
1602,-32.16086629682877
1603,-6.205403315251587
1604,-0.044332966989884426
1605,-16.179335361578467
1606,-0.13679189057506846
1607,-45.72039915849581
1608,-0.17803143492039908
1609,-51.71442398106376
1610,-38.291423257998005
1611,-9.517661817723706
1612,-24.136648758820556
1613,-4.028820239430706
1614,-27.89677206422789
1615,-4.195849627722055
1616,-35.69788635915927
1617,-15.491632849988946
1618,-38.79951566646923
1619,-42.629044219094794
1620,-49.79639828090967
1621,-3.4514397597390314
1622,-17.436743716636556
1623,-10.329673458634034
1624,-4.78627192260592
1625,-84.94942576210451
1626,-37.629553029330054
1627,-47.00198501086197
1628,-0.4051496623433195
1629,-65.55363605676393
1630,-14.353296154422424
1631,-26.93913671230439
1632,-14.50478422855673
1633,-2.2110987789365026
1634,-0.8287525259427966
1635,-29.3285487894982
1636,-5.164337283473287
1637,-4.735672144972341
1638,-26.81259611909087
1639,-35.73855733471828
1640,-16.10979171486161
1641,-32.50254494715068
1642,-21.49498533291907
1643,-14.846335556323538
1644,-18.254148902513407
1645,-6.868436165790408
1646,-48.3222516007919
1647,-2.6497160515253313
1648,-31.85353542985365
1649,-36.07425012588897
1650,-43.05450273408201
1651,-39.58760467078537
1652,-2.183166682666183
1653,-14.375614311575191
1654,-42.49223962646465
1655,-17.555973655069444
1656,-0.02597573776924378
1657,-32.205956612129285
1658,-37.53810023677727
1659,-30.29810068415736
1660,-12.592378418179578
1661,-6.419861967946417
1662,-39.17278127460871
1663,-17.51218397174671
1664,-0.13151517178653194
1665,-23.00470422950707
1666,-46.811580703604704
1667,-6.710780375171453
1668,-0.04163705442891796
1669,-3.928328427534325
1670,-60.566597220910126
1671,-51.04049697984783
1672,-16.165000893565797
1673,-2.130040574716986
1674,-13.258435342456323
1675,-0.4894561797427741
1676,-1.3596669661808392
1677,-35.34328955333342
1678,-45.16091706780984
1679,-26.34595698945422
1680,-38.72215884275439
1681,-2.0314373261935543
1682,-31.23104108400821
1683,-73.51801091482048
1684,-1.7121890042815266
1685,-70.07322452613153
1686,-52.09987721055245
1687,-38.570813246311445
1688,-42.49636943393447
1689,-0.30922973570704926
1690,-60.91860338655465
1691,-33.21572717266281
1692,-44.57668197874591
1693,-2.2837149986589793
1694,-44.48253267439759
1695,-44.554583599008765
1696,-3.7407726458259276
1697,-15.505888794355997
1698,-0.1756621157196605
1699,-42.6866577104347
1700,-36.82719216628702
1701,-0.019208591127947705
1702,-63.45539109862875
1703,-41.20422899513544
1704,-41.059314456246625
1705,-27.16968836868091
1706,-38.34093591383896
1707,-19.700925378456304
1708,-14.125725678362869
1709,-45.9950920038209
1710,-62.625484378906435
1711,-8.172886149492115
1712,-22.87681547783211
1713,-51.573489926558906
1714,-3.4122189078916563
1715,-75.02600077481475
1716,-61.25600368421874
1717,-31.178355929582125
1718,-18.52717513197922
1719,-70.35865007938992
1720,-10.514784254450717
1721,-27.252731845265885
1722,-62.31264971501241
1723,-53.7247828718464
1724,-37.08337305378518
1725,-30.6219655127843
1726,-11.127662500726728
1727,-52.02499344851822
1728,-68.987865429885
1729,-43.7757624310525
1730,-28.862311391028925
1731,-66.84006232083266
1732,-26.62578408630725
1733,-51.50631163230992
1734,-38.93307153689966
1735,-8.877199064845627
1736,-18.066312675422523
1737,-10.831512925083643
1738,-0.3065877714307135
1739,-2.6134977256092498
1740,-41.32056385854628
1741,-50.24502992681937
1742,-41.94376691261276
1743,-53.26702168720021
1744,-24.994377745720612
1745,-53.055306268505774
1746,-4.024188532354314
1747,-21.858732182416134
1748,-55.062801904674416
1749,-45.14622251704577
1750,-21.124496856346525
1751,-31.870641110036104
1752,-48.65253479992316
1753,-0.10397744551255528
1754,-47.52427550999346
1755,-37.030825415840255
1756,-51.241734527330706
1757,-9.48659055694256
1758,-54.09427888539514
1759,-16.622828121970088
1760,-9.68348043502374
1761,-24.089196909765718
1762,-58.915964452965284
1763,-1.4119217170082266
1764,-53.59906645284468
1765,-22.006151241053885
1766,-27.36875148555106
1767,-21.987074565532225
1768,-37.7968736636285
1769,-60.63327856020442
1770,-8.390814126643818
1771,-0.15710817596664128
1772,-12.540391976257638
1773,-1.405550244299775
1774,-0.3555023636217811
1775,-24.653294272502535
1776,-36.3491531935632
1777,-20.602001647458337
1778,-47.88686224994672
1779,-41.844854821976696
1780,-19.982163538327654
1781,-45.76843251367245
1782,-40.975575486489106
1783,-59.002439749832774
1784,-9.138724893266044
1785,-1.4870974839968767
1786,-42.21811769251207
1787,-19.728167625850347
1788,-30.659158220383688
1789,-29.251499374217445
1790,-9.79680081067147
1791,-54.802133193696136
1792,-2.8048742085011327
1793,-68.62779677854542
1794,-21.533339405448714
1795,-38.62175337924006
1796,-34.34656052491823
1797,-79.99487244018746
1798,-54.938008817248374
1799,-38.41659104507153
1800,-16.633630816301775
1801,-51.601918948990715
1802,-0.11145636002879655
1803,-20.863024756425787
1804,-30.463335055610514
1805,-2.4878130357461146
1806,-15.170283607668352
1807,-34.93706671095788
1808,-3.2026837818557397
1809,-58.09577521624669
1810,-6.975905302602769
1811,-39.422836334713566
1812,-0.09982666006885665
1813,-0.10589164509374882
1814,-35.191036212651966
1815,-20.40399967225676
1816,-66.18627775838877
1817,-28.11642460756184
1818,-24.868533507633956
1819,-6.921223169374571
1820,-49.61407849133789
1821,-20.29632659550836
1822,-6.318533897004954
1823,-56.495066849358864
1824,-35.81637696188376
1825,-33.89548833224762
1826,-2.2825929210380878
1827,-11.524515370780136
1828,-42.32632343453826
1829,-37.54919678700787
1830,-0.46504285141354984
1831,-19.79216446823557
1832,-54.252975141315574
1833,-43.916724426358684
1834,-33.74731947488322
1835,-63.63950020308056
1836,-9.3006521136017
1837,-42.13080907326935
1838,-2.552084145398112
1839,-22.4950892467932
1840,-45.44889373628348
1841,-70.94978891502342
1842,-31.66397463073008
1843,-44.184651548012255
1844,-18.197150272455474
1845,-21.55834914175547
1846,-22.734883106564666
1847,-9.881469066043792
1848,-37.04857244302217
1849,-60.854084415273974
1850,-30.503433313633195
1851,-17.422282653344155
1852,-39.116874975678
1853,-50.675491230460466
1854,-12.74722729914356
1855,-34.646147067098354
1856,-24.306785532767208
1857,-0.21148556343723612
1858,-31.66764128572504
1859,-22.588473159474233
1860,-45.63933219743194
1861,-47.05573653614738
1862,-57.98878460977721
1863,-19.102942563559964
1864,-29.029526346946966
1865,-34.83095876047446
1866,-1.9340317846799735
1867,-3.423458175415263
1868,-28.258615161739726
1869,-41.03491012075938
1870,-64.18317174990224
1871,-0.012638370249192121
1872,-88.45479645574926
1873,-5.102365161350463
1874,-26.313611221896394
1875,-41.03430484338605
1876,-13.28119236877319
1877,-1.3030295749765628
1878,-18.779112183354414
1879,-43.35762777614221
1880,-33.96612382801686
1881,-32.91287908587401
1882,-10.057093872504183
1883,-15.459018614694287
1884,-12.410565708635225
1885,-13.863644966570405
1886,-1.7709823075308577
1887,-6.177134755387215
1888,-3.912705371818447
1889,-0.03980245374872027
1890,-11.187249025082565
1891,-17.145648810125977
1892,-33.5056011390443
1893,-21.271006921583886
1894,-13.028487662068528
1895,-52.203073667915305
1896,-37.43278323122598
1897,-24.889978733505586
1898,-15.744517489866666
1899,-13.185306826080478
1900,-42.903793745607345
1901,-12.604130279842138
1902,-32.61817196901305
1903,-74.39140539198706
1904,-36.4034221941472
1905,-0.6552805235387495
1906,-42.738853222253965
1907,-45.57593442822787
1908,-37.16208657842708
1909,-12.469086522618454
1910,-48.03706644917952
1911,-0.30865303390510235
1912,-57.75057034165684
1913,-38.36329991154685
1914,-48.2419268210019
1915,-42.71762061907833
1916,-30.079477729292194
1917,-52.34762363961201
1918,-20.462447261542167
1919,-69.35696991385885
1920,-8.852693762739364
1921,-84.28908245853745
1922,-8.350115150819562
1923,-1.845838965465191
1924,-8.61731549473916
1925,-6.270389522442098
1926,-43.436248856557086
1927,-10.11081810732503
1928,-0.5234429444585658
1929,-27.520905334828058
1930,-16.09427745854748
1931,-21.139229945469197
1932,-39.09137397510676
1933,-30.797434674255044
1934,-9.476357153921299
1935,-23.807219239723054
1936,-48.407784146867925
1937,-21.128011303913013
1938,-47.788622663352726
1939,-41.21830573696363
1940,-0.09496277196376468
1941,-0.15727162715757004
1942,-4.022816975093519
1943,-27.53129970337386
1944,-34.18843419146083
1945,-31.426115693466272
1946,-0.1559188991013798
1947,-4.251768469897712
1948,-48.61556742383942
1949,-43.51949104205778
1950,-43.29662925440155
1951,-37.5975788721139
1952,-63.09883622829716
1953,-0.06151653567303583
1954,-10.1054447424508
1955,-31.93766447511819
1956,-22.3639940841349
1957,-56.8136449384765
1958,-79.6300316946581
1959,-44.171461870839266
1960,-1.4182812696963083
1961,-71.15533007140039
1962,-20.580366645939648
1963,-0.9329019976576092
1964,-3.736321584047232
1965,-57.24288899743988
1966,-35.22534974949667
1967,-38.615918217026774
1968,-28.02579674794788
1969,-68.29818296448138
1970,-22.552179512000293
1971,-49.59426054616051
1972,-0.2279659628471018
1973,-93.46741611308244
1974,-73.91067204478895
1975,-39.5900988273188
1976,-11.604847442349637
1977,-63.502950773028715
1978,-0.33554458614446503
1979,-41.702942273386725
1980,-73.3706030981848
1981,-2.2127048843226476
1982,-54.596703673538286
1983,-49.18595669242677
1984,-18.858610023131178
1985,-27.10184696905617
1986,-2.5639950656491237
1987,-12.943774874832343
1988,-14.593335783760267
1989,-0.2799491865498567
1990,-12.182374218653422
1991,-20.917475564268443
1992,-32.612633711684396
1993,-49.03018450182463
1994,-36.49225103176286
1995,-31.09156758852214
1996,-14.48081580397593
1997,-0.5779219632293007
1998,-23.640853800904637
1999,-3.097542081028223
