,value_per_image
0,-15821.525343275884
1,-17677.513517885065
2,-17712.20226580425
3,-23565.408029934395
4,-8721.044207715991
5,-3618.19005965924
6,-2684.8182577095167
7,-3967.220974179603
8,-3445.2960359650874
9,-13769.901630240236
10,-2124.91116996552
11,-1571.208240493763
12,-1015.5800023464693
13,-55273.42405307068
14,-45399.1725752238
15,-8697.154235533906
16,-18879.52668321065
17,-9966.15604790962
18,-1679.073990819787
19,-6435.374193161031
20,-7405.901685063399
21,-6058.966484814384
22,-9864.778742366827
23,-12657.615656251279
24,-8009.9413679299105
25,-2745.685313128981
26,-4438.180622091457
27,-19094.295658840518
28,-2603.03965795027
29,-4344.583779040265
30,-165822.24688468385
31,-4906.774340610721
32,-1526.9474393575783
33,-4578.345591932808
34,-2485.6813825088448
35,-4780.20104786526
36,-7758.430428660875
37,-1363.9880856105035
38,-5250.596912137685
39,-55762.5170113621
40,-948.431058855232
41,-12346.804840642017
42,-8757.1554936091
43,-2010.7995281757248
44,-11398.38108965921
45,-655.5051722384477
46,-7402.270188779879
47,-56124.908784485124
48,-22228.219023818063
49,-4669.473672230782
50,-1642.2930081226648
51,-4975.517943447536
52,-9945.55599311092
53,-1520.8502573823887
54,-10201.530565899662
55,-4216.629723082903
56,-9041.837365035959
57,-4875.998756023763
58,-3455.502764598291
59,-11810.369528776731
60,-18790.6339363995
61,-3794.8452907118412
62,-3507.60788506906
63,-5603.811286962964
64,-2449.754306198614
65,-172802.25587272266
66,-3290.146196527273
67,-14075.179400198684
68,-8523.734900162459
69,-2065.307368132062
70,-4503.067881373764
71,-5210.206608170598
72,-3085.527904104709
73,-3228.669724749935
74,-1306.4396349973829
75,-144938.1786976366
76,-3159.534839316853
77,-6650.365850913455
78,-16413.665558054938
79,-6577.0774356304
80,-1808.427510635605
81,-9032.987480468117
82,-3527.1239602850337
83,-3616.317122050616
84,-9850.878538298586
85,-6042.044977260569
86,-1590.0972412109982
87,-8077.159427294716
88,-4980.2924915545145
89,-8685.049612824792
90,-56266.29982068794
91,-17465.11929125695
92,-3496.534585565732
93,-2672.420307034285
94,-63310.55717816454
95,-18382.68229961493
96,-2755.936489050412
97,-2851.232281882409
98,-10505.054289763884
99,-37897.059610603865
100,-159645.24946887253
101,-1878.0462525059
102,-31040.50152106161
103,-1838.3777085183212
104,-8427.912967388085
105,-6862.8599881585005
106,-817.5118838921672
107,-1002.144379712606
108,-5772.505805824944
109,-189525.7635210797
110,-4365.375946911179
111,-3770.087971551249
112,-3587.049395085141
113,-104682.48927350447
114,-9755.924661677573
115,-2642.7386870427404
116,-4525.184129218328
117,-4007.319268105819
118,-4338.300689421955
119,-2494.294095838797
120,-2331.7372378064765
121,-8694.989715516871
122,-4608.721336683181
123,-5485.799032535245
124,-6161.906664301992
125,-1561.2003709798817
126,-14730.464288105037
127,-4956.359860846677
128,-7498.701462979853
129,-11988.58501368156
130,-3347.5385444695557
131,-4521.964705593732
132,-4757.665210700276
133,-5869.885669062943
134,-1632.71646988517
135,-29719.262873365587
136,-9732.758542218302
137,-2351.8751315061622
138,-3497.216969496129
139,-1527.4796678531036
140,-1202.0583964780906
141,-45656.463144996065
142,-1237.8975361788832
143,-14946.638723010808
144,-5257.914682517648
145,-27798.412384827632
146,-1072.6804720123223
147,-2322.169168308872
148,-5297.220683064357
149,-4004.3833568782206
150,-3541.897391382721
151,-3975.378186755001
152,-1319.8505302133647
153,-3704.1647857278062
154,-2890.076941879144
155,-144609.90110616447
156,-3004.1044957044423
157,-997.1124879231093
158,-5715.977123932004
159,-7836.820212544111
160,-6611.789364192133
161,-2038.5321511690736
162,-7473.442087444585
163,-94392.8374181459
164,-41024.48437560946
165,-2226.65193632646
166,-11868.171090238397
167,-2899.3182624122755
168,-2882.09715757162
169,-16406.033604379816
170,-4508.754568210736
171,-11959.983530120542
172,-1964.0011049533828
173,-5227.519270657301
174,-6228.746974153485
175,-4100.719217791193
176,-3190.0433082784857
177,-3355.3306973418617
178,-4492.189674878501
179,-5732.67962262958
180,-5195.89969138384
181,-13839.149458894912
182,-1429.1621084510614
183,-1889.30774881042
184,-3689.6729180881093
185,-2210.4820566310777
186,-14405.541006113595
187,-3748.549571293896
188,-27798.194763195166
189,-5109.703546578013
190,-1256.7890323861666
191,-65767.22772915478
192,-2586.5013095346703
193,-2754.696172473274
194,-6781.637657916349
195,-4117.579657531061
196,-6275.738228574233
197,-2607.3505557590147
198,-7516.918659135556
199,-6269.5466462529175
200,-8891.420758271495
201,-3453.018467970396
202,-21223.705969975912
203,-5028.094559194735
204,-4228.861110702548
205,-38548.642939763726
206,-11249.865135549417
207,-9924.563024321562
208,-20069.686860508566
209,-2529.930147844945
210,-18411.154716370107
211,-1730.266867712594
212,-5897.813118676325
213,-2935.436783431144
214,-9498.031954368857
215,-60637.620000154035
216,-1932.385130321644
217,-7059.648580795236
218,-35464.21275441673
219,-1990.38858164057
220,-1725.253908586505
221,-6766.907439382412
222,-220485.48193745984
223,-1011801.5763398992
224,-1266.1512257145607
225,-6200.1936745403245
226,-2904.8120106858264
227,-36174.29412182773
228,-17345.433752596837
229,-3452.173334530596
230,-3788.284139933798
231,-22471.10474834584
232,-2524.416493069214
233,-10702.330794432526
234,-5322.536449484997
235,-984.3273695298383
236,-7595.985127315371
237,-15411.97238238704
238,-12945.995455189985
239,-2575.587480747706
240,-18538.962615133165
241,-8678.918509135614
242,-1871.5987937998318
243,-28484.58588477917
244,-3806.583024998697
245,-2613.579249347615
246,-1744.282337395117
247,-22046.060794420635
248,-18464.639754468302
249,-7399.555455650924
250,-172277.8385760519
251,-1738.8361946382768
252,-10410.353343717174
253,-9421.802193685915
254,-4670.659085255623
255,-8794.629042041875
256,-1272.703507685863
257,-46457.17543559509
258,-6111.482781625732
259,-2386.659878698332
260,-2558.769051696124
261,-2612.5738930213315
262,-151760.58948794127
263,-43639.22485333516
264,-9348.582129254724
265,-2824.4878947518846
266,-2118.656758331293
267,-6644.7879487922655
268,-1195.5521792880409
269,-3825.181734368209
270,-11979.95694594335
271,-13744.403150761254
272,-6800.136261643312
273,-1204.4763911404586
274,-5897.915648853758
275,-2605.032904835686
276,-831.9658333746079
277,-929.8714011960193
278,-4682.403938594453
279,-3998.187238128823
280,-17604.02183839272
281,-5148.88483515474
282,-146322.12530758188
283,-3944.540093859911
284,-5682.3824548385355
285,-2640.4263543023253
286,-2156.836496471419
287,-14153.286716139006
288,-9878.0088460693
289,-4334.701568354889
290,-5362.138050805633
291,-11759.010537157274
292,-20233.64835967001
293,-4215.319351741938
294,-1366.199810499902
295,-3831.6323713365887
296,-4327.021351431977
297,-2060.65870304494
298,-7639.6956385564245
299,-6067.153247269585
300,-2299.3935004851205
301,-7851.786000795086
302,-4346.2722498067205
303,-6483.868766574055
304,-794.3398834204808
305,-23346.01890685749
306,-1278.6308670366486
307,-21557.37675944716
308,-575.4776855688451
309,-4187.837604558001
310,-2358.3241725882785
311,-734.5417076449347
312,-6481.74376683418
313,-1949.9852854699186
314,-9179.064350782062
315,-2472.387533685918
316,-4649.677832440302
317,-2231.499846982545
318,-4498.408328048059
319,-3998.429811783585
320,-2636.5136762469947
321,-5914.751053030202
322,-14147.397561929869
323,-3191.8545805528365
324,-1967.2697561379086
325,-1014.3670933342174
326,-8763.924745755468
327,-7850.8619340300975
328,-4710.530676187274
329,-8769.910360091622
330,-52984.52421448713
331,-3864.879303060976
332,-98206.85959250668
333,-6338.8870663824155
334,-4209.3484531345475
335,-2311.4731188479786
336,-42349.96388702223
337,-2155.4228149466917
338,-7204.948849301482
339,-3081.802013953105
340,-4428.768966549021
341,-27810.427730960866
342,-1197.4019284312376
343,-5162.202934227621
344,-2854.269429032068
345,-8178.054831494618
346,-10244.889654265759
347,-4548.131057172864
348,-65653.53867644868
349,-8763.932641895593
350,-12013.76842184128
351,-14482.279786678826
352,-1136.0960245140172
353,-657.5368512576159
354,-3578.951967326025
355,-31981.46084462899
356,-7715.207350579701
357,-38362.96465063806
358,-3210.477725385648
359,-1437.5894240364248
360,-27665.442206283828
361,-9571.338305813017
362,-5833.429134855223
363,-2289.203930169548
364,-1475.8709114807755
365,-3958.3165402660247
366,-30153.202699006808
367,-47101.926786104035
368,-1850.1534530249328
369,-4526.199512595828
370,-7056.146596374338
371,-1488.92842724193
372,-10646.552891050991
373,-6198.838743265512
374,-4522.020409203796
375,-100921.27735415383
376,-1056.066296324504
377,-1850.096935023169
378,-8435.483130732628
379,-9995.896707505006
380,-4331.0737839860585
381,-1409.9599078329318
382,-7733.630568616579
383,-325733.8313846042
384,-2912.146257566
385,-43196.90407250357
386,-64951.92235193247
387,-10736.794877107848
388,-3072.3907091632936
389,-5715.153456073169
390,-6536.701571170531
391,-6336.3204355188545
392,-5588.151941528856
393,-16457.936928763702
394,-2936.0201435658964
395,-7073.96943691828
396,-5369.925601607101
397,-5258.698114600113
398,-3886.0624731376442
399,-7247.725023287034
400,-1734.8731159139936
401,-3217.718796108968
402,-3838.47053904805
403,-4735.888434710216
404,-2371.235004359159
405,-4693.996255057589
406,-2487.570902714691
407,-3985.106506030658
408,-1665.1271114976541
409,-1960.9206843711859
410,-31240.966228191508
411,-3509.155846607587
412,-3507.4773842231652
413,-2897.2469721636357
414,-1058.5196975223068
415,-1708.804991386367
416,-2050.5951952519367
417,-967.2848263496668
418,-5092.241837763207
419,-3245.554535607458
420,-12606.497733593616
421,-10905.992932025727
422,-3294.3340804897875
423,-5576.748983085835
424,-2639.4322957320205
425,-5073.854645381258
426,-6077.890923546166
427,-2007.4694193388239
428,-1095.2955370516029
429,-7454.4937683267435
430,-10172.378472006689
431,-7424.355248549396
432,-1748.5896422479834
433,-8353.738078949626
434,-7330.106622709899
435,-9764.768877410395
436,-1596.665696108267
437,-8852.098147710192
438,-2292.069943062496
439,-2754.743877732069
440,-1189.223454305948
441,-5310.220851139105
442,-3174.792101059857
443,-1700.030685792353
444,-1522.1020092089902
445,-6889.20601458352
446,-18576.377645519857
447,-3114.744560549444
448,-5737.74088682908
449,-73250.03322368293
450,-29788.130830623086
451,-20503.511599028785
452,-3392.313453987498
453,-2069.4328844328875
454,-28230.228436577596
455,-27381.571152547636
456,-19906.958160790902
457,-6362.235035968247
458,-2954.3999926231486
459,-1901.900100894924
460,-7991.536047657118
461,-2015.7767545942638
462,-10907.419111406864
463,-5981.404062879522
464,-1620.1550190919065
465,-1117.9102538005468
466,-16400.152005236825
467,-3575.0205028230957
468,-385489.1363976672
469,-4409.670286898645
470,-2002.3807476222405
471,-6865.436171827467
472,-4072.101282920849
473,-1442.1505219266994
474,-878.7995609253902
475,-4427.674290533225
476,-5391.309967520358
477,-1736.8271924149747
478,-3541.299652135671
479,-873.7314539504378
480,-1275.5325138227095
481,-1527.609491558783
482,-351181.4553238928
483,-9577.016641577728
484,-1016.6356964771097
485,-3383.763179929673
486,-1363.555993630692
487,-3096.314280849464
488,-7384.965237948086
489,-26066.204491256678
490,-6604.174853145772
491,-47359.29497014068
492,-4279.1298242407975
493,-11294.315326214795
494,-8259.606122474794
495,-3558.152691255243
496,-1579.5933232620735
497,-3371.1567870852864
498,-1292.158216484794
499,-37347.73747638735
500,-2906.8095475464684
501,-6709.712558494872
502,-19618.33396129074
503,-1281.4993200301014
504,-8952.187411245692
505,-10446.076928164592
506,-18559.45359810166
507,-5669.925326855934
508,-28747.239506902217
509,-3086.0358689722166
510,-3396.732859347649
511,-6888.757639559682
512,-923.1548540216223
513,-48293.202656981535
514,-166329.08542517663
515,-11575.070431015984
516,-5464.671840567376
517,-9028.753869436508
518,-10322.299571506159
519,-4933.361987314721
520,-2469.765888907389
521,-10263.70728295428
522,-959.0063242762263
523,-5493.125199114021
524,-4424.870993155264
525,-10724.441079844952
526,-20892.50546481554
527,-15806.52107746242
528,-24370.055809615573
529,-1660.156132834297
530,-8081.079235320965
531,-3573.954554152857
532,-10894.377887300669
533,-9687.060578743516
534,-11789.430657408546
535,-87767.552525726
536,-5786.362802124635
537,-2912.770612789328
538,-6358.343957827618
539,-15000.742892681543
540,-7772.761433289269
541,-4156.372596115005
542,-2350.2319308702195
543,-1879.1523977940449
544,-44694.79095714066
545,-18801.845513019616
546,-7605.625349039834
547,-101036.92938453644
548,-937.627024912132
549,-4172.999397394601
550,-14099.196461954843
551,-21305.39863686544
552,-1430.8806068151785
553,-15759.768770112812
554,-7094.61393918013
555,-5581.269402488559
556,-5596.3866003582825
557,-2269.440323246814
558,-1310.6774199697004
559,-88494.90783426432
560,-1728.2085848518661
561,-10188.134415652208
562,-395383.4227726492
563,-4135.9814009986885
564,-1943.3286490527219
565,-6528.530656996115
566,-3012.323677566043
567,-40491.18280017872
568,-5156.6237389389535
569,-1474.2601000331601
570,-7870.8771396973425
571,-8072.5682477643995
572,-2901.9281131321754
573,-24037.583167819063
574,-1388.694905639698
575,-2906.9895095924126
576,-3099.999991885083
577,-1731.8054890296262
578,-4259.195572766011
579,-1101.0943209178113
580,-2676.005906872257
581,-3433.187396643249
582,-9524.935406095829
583,-121004.78386077426
584,-3451.527740177503
585,-3297.478625522484
586,-5494.473493217477
587,-7295.181412071337
588,-12134.668837222749
589,-35220.532254612175
590,-2377.7818823899474
591,-7363.507022527451
592,-29723.45242063668
593,-3587.731148963525
594,-1462.414280245926
595,-7660.1086479672085
596,-1982.0925805449085
597,-1803.4941228641067
598,-7507.733147102759
599,-1583.1647350330663
600,-9487.256192175057
601,-14065.081886918184
602,-9333.138674644399
603,-5494.289949943836
604,-1386.261140692879
605,-6485.785396763607
606,-33441.204147657954
607,-13659.686066328095
608,-19140.807962138704
609,-6831.346559190672
610,-1471.3006018753085
611,-45784.52983931491
612,-43527.20170178228
613,-9266.415902071474
614,-47145.86141338602
615,-6095.297669941522
616,-13070.789520075115
617,-11181.461820890268
618,-1490.6875823136616
619,-12553.372834682406
620,-2129.0779374085605
621,-5637.578242415275
622,-18662.25877815145
623,-7433.791520813975
624,-2293.8800979078987
625,-810.8034260678467
626,-8292.932013666317
627,-6091.526089763458
628,-12202.298294460174
629,-86848.67845447327
630,-846.5386002721208
631,-4709.590542945633
632,-1240.2228898063527
633,-3556.115771012855
634,-4656.6965269639895
635,-2455.5421261194674
636,-2707.198620792655
637,-3437.5378588962517
638,-3544.278903026226
639,-1629.8728863382742
640,-6244.937598510798
641,-89421.02561867461
642,-5148.87657529651
643,-3851.480668859908
644,-8900.315573201598
645,-3347.068806724671
646,-4035.92319516614
647,-8984.961806022799
648,-1754.0101830422516
649,-2777.247837764256
650,-8148.999964228647
651,-7516.482018983773
652,-2472.854622649752
653,-1054.92439503111
654,-3617.752569244251
655,-3611.943376603384
656,-4657.220437403772
657,-9997.32280423187
658,-2297.1525156390403
659,-12601.87186881018
660,-5956.8131785676815
661,-13250.400430306318
662,-8010.149019923683
663,-3062.6463900588647
664,-4516.1196845907725
665,-4401.619204362126
666,-1783.4923236229508
667,-6494.322422713621
668,-27641.486817859794
669,-10137.758768668029
670,-17502.360229350776
671,-2537.609976698883
672,-16466.681381640145
673,-7157.235984158619
674,-2646.6250390987434
675,-6710.320838850161
676,-2956.0095176826317
677,-6967.711569423942
678,-69123.70579204873
679,-2185.24106808546
680,-2513.5740450906897
681,-9889.586580520345
682,-9788.898517976178
683,-6082.0303221929935
684,-10950.902886097707
685,-4363.868840419729
686,-4454.310081641075
687,-4905.5823034303085
688,-2261.7824120862633
689,-2226.713837998638
690,-12988.942722810525
691,-2308.425070064949
692,-8858.825300486087
693,-29170.45974486315
694,-4083.637341863147
695,-5565.1788806521545
696,-15052.151407016523
697,-2163.033311683367
698,-2309.008751157804
699,-1638.5709150687023
700,-3253.2278391755376
701,-59233.16609632204
702,-1529.3643306920658
703,-5042.032407284237
704,-3577.1567076007354
705,-15464.327790046462
706,-1832.4754732488889
707,-17473.740877152974
708,-2476.579720668471
709,-5218.231515326307
710,-4446.874550238176
711,-2186.705753044844
712,-9063.377101196962
713,-404213.2665240221
714,-1666.6724631009486
715,-2950.384179829312
716,-1480.2775010445553
717,-2609.421376162163
718,-13360.02563299488
719,-4498.527042343419
720,-1088.1404520211274
721,-1528.8765167642855
722,-6143.568348349492
723,-9994.993881674283
724,-1486.7571431372323
725,-1251.2216820722292
726,-11392.174952024268
727,-9372.442569042632
728,-4865.6376776211955
729,-861.7516142526068
730,-6511.037140973347
731,-7015.412331050774
732,-16621.385301795002
733,-2000.6898175552053
734,-934.614226920601
735,-1047.3212677534725
736,-12043.367862062212
737,-3237.116733765842
738,-6503.146646670853
739,-4474.14595936979
740,-1385.5453722782336
741,-4653.133906119954
742,-2960.281989087612
743,-338616.80839519826
744,-13398.028038975152
745,-1034.6925827509083
746,-2313.7049244828413
747,-5593.216950877171
748,-11687.919189524755
749,-1189.6419999339998
750,-1190.2550437152013
751,-3637.370156670287
752,-1482.3259208094382
753,-5942.806800241639
754,-18082.6105918126
755,-5227.5058500797195
756,-38158.68129495204
757,-2576.5366009610666
758,-8581.224587033215
759,-13486.394777398413
760,-4927.7589038777205
761,-5020.67945958655
762,-9970.719405017157
763,-3753.8655110166783
764,-2464.373722653178
765,-72459.88522429003
766,-1994.1704083620145
767,-7024.945318328197
768,-29347.681652927822
769,-955.7362501865796
770,-3243.472823940133
771,-2952.095599379817
772,-8913.031778219074
773,-13527.967137227626
774,-5915.937382153411
775,-2929.425904951337
776,-4339.018468078183
777,-2191.78852766526
778,-6653.554436828214
779,-1955.6177554978024
780,-884.1067120001561
781,-6457.982852210951
782,-2875.086498170379
783,-51963.32720720373
784,-2205.8399971579065
785,-2884.9054569604077
786,-2786.832993754898
787,-7959.567252467243
788,-10137.105888394342
789,-1309.203806807971
790,-12517.968285096473
791,-8276.232242949682
792,-2419.533007966549
793,-3985.6397243237902
794,-40832.48688948474
795,-1682.7845022045574
796,-10579.530510809775
797,-2025.2768415285736
798,-3492.105770826527
799,-331239.341967108
800,-10652.49333925566
801,-6397.026189872148
802,-4041.176798242878
803,-5281.319517292029
804,-32596.4078353049
805,-21668.751408611275
806,-32074.909672251928
807,-3507.2291291259025
808,-7695.52427193597
809,-2431.892332482045
810,-75279.51116833325
811,-37031.16210541356
812,-3108.065905254449
813,-15535.21136323038
814,-1726.1385746669823
815,-1497.244586923068
816,-8282.987060919097
817,-7746.54415849989
818,-12451.821448831675
819,-23858.79279688165
820,-10030.562533491644
821,-10580.786674828938
822,-3114.5147701702226
823,-1015.768741176606
824,-1880.567196863314
825,-1779.7262126220364
826,-6700.606235513744
827,-7385.634638396275
828,-3964.682313008704
829,-1989.984386481469
830,-6593.528832710117
831,-5600.473133313881
832,-1341.8022108968366
833,-17261.787817329197
834,-3512.675036887504
835,-10322.27327992301
836,-15870.861421227082
837,-2216.910809587921
838,-8428.523406994282
839,-4862.427253356775
840,-4338.1193594176975
841,-8962.78526577706
842,-2866.596134293937
843,-5649.606552563487
844,-2281.1159943526322
845,-6493.7322207922225
846,-22054.300621544986
847,-3212.973480492046
848,-1556.9093743046167
849,-2170.6563197661653
850,-26153.631027762665
851,-5245.229351383934
852,-8398.434225517036
853,-1620.450641187117
854,-16739.608003317848
855,-8054.095590688377
856,-1379.4251871211459
857,-5628.231694280558
858,-13935.64813144526
859,-7470.338241110568
860,-12485.581576352924
861,-7039.263401969933
862,-4308.707079558165
863,-15686.795741741596
864,-20219.870360843608
865,-4892.94053199717
866,-10606.060987789217
867,-1237.410128152281
868,-2011.946396014274
869,-5481.35482154591
870,-3322.0987311664653
871,-1867.2067138600007
872,-8460.172175981115
873,-15028.268738245386
874,-1516.6729019642307
875,-3087.440956605537
876,-8054.1383126405435
877,-122309.42194246518
878,-26170.504776472466
879,-3234.7974433023383
880,-22316.110576170297
881,-6634.8623412899215
882,-2267.015777264929
883,-6631.339677597869
884,-19346.173744563246
885,-12040.642408005971
886,-3888.331054029966
887,-9751.656389177657
888,-5411.948099782494
889,-6170.746687821881
890,-2624.534847531868
891,-777819.682494487
892,-19178.91557379299
893,-15025.047972517694
894,-25808.82476633709
895,-3072.544095942028
896,-2426.5170478095442
897,-5667.615071727498
898,-4125.922039442184
899,-8446.287460176973
900,-7533.301137069688
901,-5444.830017163293
902,-7010.199587427859
903,-15739.12390203954
904,-3193.7491857920986
905,-7125.974276389801
906,-163649.12090195587
907,-4581.438562320745
908,-1840.2157902881847
909,-3246.913367932493
910,-2528.651601950021
911,-14564.809532482805
912,-2866.0425127427147
913,-7147.182251138233
914,-2320.655825951026
915,-2647.176676790751
916,-1655.4178939516846
917,-875.6021771469051
918,-2090.2832831560213
919,-35364.21447469131
920,-9342.605244958582
921,-2464.666863054013
922,-5130.595641068849
923,-3652.6530072259416
924,-1796.389578762991
925,-8041.380897606551
926,-5959.355222918582
927,-3403.5639143319395
928,-6799.8978443144815
929,-2764.395622659353
930,-6955.614711064337
931,-1764.3186944392264
932,-4651.886637701226
933,-5087.6886445860055
934,-1440.4719757744244
935,-5981.992909425764
936,-4236.680880599253
937,-2007.6316063812305
938,-32808.19716811494
939,-4026.6953047281872
940,-1017.396813742494
941,-23267.99372148501
942,-23050.68790216141
943,-5665.100353740586
944,-4142.560963258821
945,-10348.30724925813
946,-4264.685291452502
947,-1295.3302411802429
948,-2214.2902175671684
949,-1818.8542495202207
950,-11282.91156331607
951,-2842.0562761981073
952,-14479.80654843411
953,-3382.9332044888733
954,-3685.666649677896
955,-1515.8280769780704
956,-3942.316444964864
957,-3463.959424169671
958,-2544.3746721545967
959,-25086.605863554767
960,-1056.8427645814986
961,-7800.595901249749
962,-6479.631662795096
963,-34877.985460851865
964,-1043.4992358864883
965,-21149.75190261269
966,-1368.5574814851109
967,-10237.365300681877
968,-10526.016773624677
969,-4211.897156796857
970,-2817.491046929366
971,-17413.4473788901
972,-1112.5663708196705
973,-8397.780863431384
974,-4844.442195294836
975,-3804.985857465527
976,-1965.025342987316
977,-15016.880359089993
978,-1296.0910000507395
979,-1560.3182905324873
980,-11222.552393234488
981,-116629.52425168766
982,-1914.5138888940603
983,-3843.5874790871912
984,-2659.438778994906
985,-197402.5517697976
986,-8770.105003598337
987,-7461.453311084814
988,-4652.444521430079
989,-5371.919144715587
990,-6692.905786032754
991,-8795.621545001955
992,-2451.513283256829
993,-811.2947192972879
994,-3223.475110655593
995,-4251.915439019098
996,-1216.7419655006292
997,-6046.572270929738
998,-33755.01019157732
999,-3322.539647691689
1000,-2551.4784428624
1001,-4661.108995508014
1002,-11362.526596608712
1003,-3007.375985501316
1004,-9006.399431000928
1005,-1944.9150107370087
1006,-120143.94948505276
1007,-47003.68927381088
1008,-4950.568875476863
1009,-11777.298637101867
1010,-1869.8652429114572
1011,-9224.039224408758
1012,-3201.2462446066725
1013,-5213.5348543685905
1014,-18225.97718621397
1015,-6497.807385114923
1016,-1966.463376021168
1017,-2907.0867055139906
1018,-3753.212081632416
1019,-5311.067192162085
1020,-2352.538247968647
1021,-3776.905209936331
1022,-30527.62839555348
1023,-6658.45758840193
1024,-4160.231886039161
1025,-4190.412900539212
1026,-6253.854033715085
1027,-6548.977314565845
1028,-1865.7716114011712
1029,-136550.82173950988
1030,-1880.577898804607
1031,-3462.0324939367133
1032,-1706.2221574668824
1033,-3341.8115117360326
1034,-2037.4314253483496
1035,-14566.000107995358
1036,-12588.73172258353
1037,-6102.212579340732
1038,-5835.750397866299
1039,-1826.763108673788
1040,-55301.79944997617
1041,-847.1669203909056
1042,-6587.9122866017115
1043,-12025.503252348672
1044,-1170.2554699326981
1045,-8880.029806814768
1046,-2617.658444366726
1047,-2086.021727493292
1048,-16308.393135917708
1049,-9026.753571734142
1050,-2784.076288648185
1051,-913.8509835159443
1052,-46109.35188858356
1053,-17552.44430315146
1054,-4183.386553940812
1055,-41878.182683683386
1056,-14660.470814942882
1057,-3905.2162363525936
1058,-2176.696078708294
1059,-2275.3513807097197
1060,-6780.657139236822
1061,-12944.845130896536
1062,-1641.6245251292112
1063,-12544.410135573104
1064,-46903.42806626257
1065,-5463.375990967371
1066,-26287.17802119063
1067,-2165.701722972798
1068,-2017.146248965976
1069,-6305.317537518261
1070,-17147.967800056027
1071,-1333.31073959065
1072,-3476.090857845608
1073,-12189.032595733797
1074,-9054.153566891977
1075,-1737.412498856737
1076,-20891.232687092837
1077,-1822.0031034951671
1078,-29406.314512778066
1079,-3511.2887002867824
1080,-3500.706553450871
1081,-1027.7972599137433
1082,-5213.441653133104
1083,-1286.3781789199404
1084,-1946.691750694716
1085,-6699.6595674176415
1086,-2660.6306309768183
1087,-3235.4817646759816
1088,-3154.6163566474706
1089,-74306.41461441253
1090,-2113.151303068151
1091,-8696.384143642379
1092,-1419.1296114229044
1093,-5793.851562723255
1094,-938713.7942874506
1095,-8796.655453008434
1096,-17871.681486465284
1097,-960.790462835906
1098,-9183.157860971978
1099,-98771.65895796914
1100,-62041.149330652246
1101,-52655.32781672293
1102,-6464.128051145011
1103,-41785.037960399466
1104,-1620.3476257106565
1105,-2539.8971791373824
1106,-2560.977961907115
1107,-9052.200666142791
1108,-2529.303021871888
1109,-1510.1493994707016
1110,-16254.903699059905
1111,-2711.5021374013395
1112,-3992.862772540924
1113,-2497.2618219786755
1114,-3247.596067179525
1115,-3644.709735370642
1116,-18381.073263425016
1117,-3142.7895023966466
1118,-5330.455948953842
1119,-1829.2666774526426
1120,-8138.163330161697
1121,-9304.02627569069
1122,-1948.2613590858982
1123,-2733.314176371527
1124,-13950.495541053931
1125,-3520.352161860668
1126,-2722.1070961559617
1127,-11181.740032182108
1128,-22373.073646017445
1129,-2749.3693173685883
1130,-11862.31068164617
1131,-17307.58817587023
1132,-2700.705861025754
1133,-12335.167346390945
1134,-1415.026795015028
1135,-763.3718843005933
1136,-56751.40891251081
1137,-2975.322453815334
1138,-12800.114535674904
1139,-31401.99296309251
1140,-9180.754258106084
1141,-1504.025329795219
1142,-3278.0348056592766
1143,-2374.585100677582
1144,-4827.382359277061
1145,-15019.46211813919
1146,-8489.126512451327
1147,-5497.47113727059
1148,-2658.263756287321
1149,-152743.6108602011
1150,-9574.781296577341
1151,-5342.195850809908
1152,-35298.1993685322
1153,-1493.899271683066
1154,-129574.97117780214
1155,-5362.4999609763345
1156,-3093.1783378058153
1157,-3196.001197139606
1158,-18791.033095752213
1159,-41568.41142908838
1160,-103328.46151884568
1161,-1603.100373374536
1162,-7013.713341496785
1163,-22768.241702417003
1164,-12113.278572292436
1165,-16282.109696675901
1166,-2173.0048761992484
1167,-4459.849672561504
1168,-1892.2385371151386
1169,-3118.4077401725945
1170,-12471.505944336492
1171,-14750.682590974693
1172,-5241.268436788232
1173,-38392.55561211956
1174,-5793.140573508001
1175,-2943.091513897889
1176,-12320.951203625642
1177,-2897.070468379762
1178,-13667.722048013056
1179,-2742.399498008389
1180,-1286.3497809800979
1181,-3568.2838808907445
1182,-5664.3539206294845
1183,-5251.423398891549
1184,-963.499170970421
1185,-110817.03097949576
1186,-1327.6831211741105
1187,-6069.0055988045615
1188,-20935.040049421
1189,-7328.040822031585
1190,-3308.2621337508594
1191,-3972.8524936763374
1192,-2027.5970134882614
1193,-11414.465002869109
1194,-1384.9481795404768
1195,-8322.505599805238
1196,-2645.760718210411
1197,-10995.839795966016
1198,-2180.718867312714
1199,-3242.011460080127
1200,-64729.80760842771
1201,-3430.597973017669
1202,-2959.3270556169423
1203,-1855.1633586803898
1204,-2110.9797098625572
1205,-10462.348608873392
1206,-1790.6547123917317
1207,-3579.7347958560786
1208,-136755.74890186626
1209,-1558.0066893461228
1210,-4711.539356176151
1211,-17075.50055540943
1212,-3394.125776365008
1213,-2490.579225306593
1214,-6954.093849248786
1215,-66324.49455299134
1216,-12152.135876767637
1217,-2855.058753303667
1218,-705.8277140312158
1219,-9332.35444201078
1220,-8686.053586300284
1221,-1552218.5606657541
1222,-3899.8455697920704
1223,-7229.918303745979
1224,-2607.320077755693
1225,-223315.98000787466
1226,-10636.495210500776
1227,-2570.300520379313
1228,-86718.95602418813
1229,-2231.8377761940906
1230,-8197.186879132702
1231,-4207.417560545254
1232,-5917.32848532034
1233,-6842.142886866168
1234,-2683.315935767219
1235,-28336.36073495884
1236,-1450.2003932091404
1237,-2821.5658250178626
1238,-29174.79573676353
1239,-4497.899345077509
1240,-4440.546452028339
1241,-2207.4951863871847
1242,-2574.3040844512648
1243,-3386.5855982884086
1244,-5712.942219719531
1245,-7606.720436760655
1246,-3218.118702864552
1247,-10298.946316753525
1248,-36503.53828888596
1249,-28986.406467478788
1250,-1093.9066218941314
1251,-2067.351311864946
1252,-4256.299077046075
1253,-124389.04954974975
1254,-5218.2065538746665
1255,-2747.5444419006026
1256,-1143.5602977763735
1257,-11165.492232466555
1258,-4858.858375679109
1259,-17362.099420480077
1260,-3454.291087626409
1261,-32535.562877204102
1262,-3936.0634614315472
1263,-3653.303746375079
1264,-2565.808435854357
1265,-5206.817172448205
1266,-33157.527062073554
1267,-2495.596632899675
1268,-1525.1515298116196
1269,-10017.541132239596
1270,-3404.677970324231
1271,-119740.67293302108
1272,-148153.5591457656
1273,-1247.2908180519505
1274,-42442.32662100246
1275,-10099.68337410146
1276,-40019.522973127976
1277,-13484.145543431323
1278,-7855.938064507768
1279,-2871.381803489848
1280,-2573.8951783537327
1281,-3171.6465943235607
1282,-2638.5826412176243
1283,-10058.7715914423
1284,-5484.463635086557
1285,-9079.74904702383
1286,-1508.6293732051206
1287,-54803.974755121395
1288,-103627.86036220072
1289,-5935.7452442396025
1290,-9846.22097988569
1291,-5913.89307744913
1292,-8880.220138846767
1293,-7950.981089880797
1294,-2281.162552772209
1295,-15376.337019011891
1296,-32205.3763694546
1297,-15516.764545982514
1298,-1844.6805692722887
1299,-6257.050100122779
1300,-4741.308063140313
1301,-8663.401382677223
1302,-22441.41127734374
1303,-21304.24576102765
1304,-1547.4084069086991
1305,-3883.7148473972175
1306,-234609.1144676361
1307,-53515.620848571765
1308,-8817.653742062019
1309,-21087.94665072794
1310,-120012.38353386596
1311,-3062.417024982329
1312,-1664.1017763793134
1313,-24597.771112487266
1314,-1120.925175145127
1315,-4528.5659799641135
1316,-8828.052777065941
1317,-26534.417286655484
1318,-3244.1646764890825
1319,-2621.793804648704
1320,-2072.211660077233
1321,-3344.767339888457
1322,-10671.302049775357
1323,-7912.439611467807
1324,-896.1487308022671
1325,-4013.544860180094
1326,-26315.711203583727
1327,-995.6361944149517
1328,-2190.5839157456776
1329,-20672.21869483746
1330,-2324.9427853440548
1331,-5832.023515045716
1332,-53094.91982981629
1333,-3934.7903063122053
1334,-7502.176628437186
1335,-78349.61974458612
1336,-2821.1943503428247
1337,-1350.4807809247802
1338,-5349.325885133201
1339,-3170.288803733645
1340,-6549.08266171546
1341,-16966.582621327005
1342,-1957.6069217066765
1343,-3854.114173222317
1344,-3061.1542561469355
1345,-3126.273206829783
1346,-1538.2913789403024
1347,-8827.834135012834
1348,-6664.962592972192
1349,-1218.8249753106509
1350,-2470.238616957183
1351,-3238.0903515273376
1352,-5905.681417840864
1353,-6309.167942760326
1354,-14969.557547532293
1355,-6735.482565925857
1356,-69607.4044590324
1357,-3718.021922634799
1358,-2651.596301981714
1359,-3933.9255646133333
1360,-2615.703720391615
1361,-7429.704377785601
1362,-8735.13144952485
1363,-51152.1665789245
1364,-1638.2846796892984
1365,-7239.755035201997
1366,-2215.466067250183
1367,-938.0744648329531
1368,-3100.355156156087
1369,-15951.222195106546
1370,-7132.288371206397
1371,-2526.1977210121318
1372,-7485.6544681697715
1373,-6130.797614289903
1374,-2022.660646467431
1375,-1696.171897950522
1376,-2750.251858051819
1377,-13952.00988295914
1378,-8527.295589160916
1379,-7561.834535850422
1380,-3349.285290583897
1381,-39215.78409185061
1382,-1385.7458761341375
1383,-6135.732225824814
1384,-31625.41704989276
1385,-1551.5644061482406
1386,-8116.721810276413
1387,-20422.30341526555
1388,-21122.58678055941
1389,-66029.72887194518
1390,-8728.616516109583
1391,-2306.660340360278
1392,-17743.56008992226
1393,-6625.664386334918
1394,-1187.7892192237734
1395,-3470.3349422776664
1396,-2496.149191833355
1397,-8444.768333884154
1398,-3034.8702896650407
1399,-32507.40872447025
1400,-14012.931127890792
1401,-1601.131953491178
1402,-3012.701264578675
1403,-2116.5282638760063
1404,-3102.871409705261
1405,-6076.916435426486
1406,-13253.874718670213
1407,-1763.421000451999
1408,-1872.7303649103485
1409,-2393.020803753482
1410,-2964.9604078816496
1411,-438.4373463242826
1412,-11227.64621295656
1413,-1502.2021067378048
1414,-931.2073127667675
1415,-9717.229265240623
1416,-118845.65369945095
1417,-11559.66346415569
1418,-4188.690096207454
1419,-15976.709639206749
1420,-27459.46136210131
1421,-1951.763912343637
1422,-11174.890684634309
1423,-283607.954483415
1424,-3495.611318871595
1425,-5871.536851626456
1426,-3984.459867382651
1427,-10010.4951737408
1428,-4856.496761490153
1429,-6459.249137501493
1430,-908.6928916098564
1431,-3118.392387908637
1432,-26057.12502776968
1433,-3309.1568288757653
1434,-2162.8763845858216
1435,-5215.322923495275
1436,-30823.591431343488
1437,-6322.357008105216
1438,-2862.584312689441
1439,-2259.814359464633
1440,-1789.5747325859759
1441,-6482.901940368447
1442,-9572.234992787777
1443,-8304.728075853029
1444,-4703.970305721629
1445,-18295.764287186987
1446,-1856.800297586568
1447,-23728.839346120352
1448,-2108.131548640603
1449,-3952.0109824782458
1450,-4717.07653664128
1451,-24099.828389651226
1452,-4015.3847715356983
1453,-7861.68736391484
1454,-2366.780924790425
1455,-4045.5778379425465
1456,-3162.640528217103
1457,-27817.086048018828
1458,-2001.9115774812976
1459,-6737.5845781553235
1460,-2971.4206121012603
1461,-9933.564159173311
1462,-2543.458176741968
1463,-8540.239152642123
1464,-202621.33785480357
1465,-2627.856483877105
1466,-13219.680215664632
1467,-13463.005877429663
1468,-183925.13566627397
1469,-11347.598432032994
1470,-64626.15924409086
1471,-1419.0590517825797
1472,-26552.65109983489
1473,-5388.334405621598
1474,-2824.32363651967
1475,-5331.448669933673
1476,-1894.6368483174533
1477,-47109.818242995905
1478,-2096.07724512532
1479,-27892.862136503707
1480,-4529.094567797466
1481,-1996.1691607877688
1482,-16578.557466376893
1483,-3495.5985780476085
1484,-4589.742245410431
1485,-15151.130233078931
1486,-345398.8382059711
1487,-1285118.345452687
1488,-2144.376477979283
1489,-16211.890845960696
1490,-16358.324610517195
1491,-2384.5284446868955
1492,-8215.777068918149
1493,-7178.710234389778
1494,-1524.314340241317
1495,-2658.035063002294
1496,-2046.6321793153204
1497,-8942.777342584093
1498,-2459.677735933411
1499,-2959.2396189163405
1500,-5864.695947138697
1501,-1273.050803436206
1502,-9092.550959015232
1503,-28398.096825566317
1504,-6223.413763612986
1505,-16102.054015040916
1506,-9638.88502501125
1507,-1794.2419590970185
1508,-104073.60050957676
1509,-1221.0943267468106
1510,-19027.563888167293
1511,-3716.9727692211322
1512,-2451.996802300899
1513,-2392.279378375697
1514,-12951.518032534896
1515,-5143.287866433664
1516,-2701.7077823451154
1517,-8191.663282718162
1518,-3789.371556267251
1519,-28218.689418062946
1520,-6139.599040510111
1521,-13788.3885655366
1522,-1333.4308729893974
1523,-16352.50618404989
1524,-30109.232485209235
1525,-4269.77742535937
1526,-3164.3389961449957
1527,-4741.106706847813
1528,-1220.1410148400178
1529,-7112.093311354239
1530,-7387.673283570529
1531,-1773.8157174701728
1532,-10656.559591186227
1533,-1426.7492474932
1534,-3591.2135794827386
1535,-3272.584207755967
1536,-2372.724124002093
1537,-69746.69596375727
1538,-8320.159113353591
1539,-1931.093419284964
1540,-3186.852438618411
1541,-3443.851561617529
1542,-30544.50153128065
1543,-2866.809276855227
1544,-6552.335632812771
1545,-3724.591011305214
1546,-3969.866932193397
1547,-4417.351491260555
1548,-6420.407093184887
1549,-3894.648403355908
1550,-2179.470695178259
1551,-5304.390521926762
1552,-8807.14348421529
1553,-11399.201740253518
1554,-3911.037111852611
1555,-6563.797041275426
1556,-2062.383342186569
1557,-1587.9653297151528
1558,-1026.610509560177
1559,-518.6148334171946
1560,-1914.6489509688101
1561,-28756.4830663901
1562,-8532.219786489453
1563,-6875.732116747411
1564,-1083.449747896667
1565,-6852.768814630992
1566,-99665.28795754432
1567,-4693.250052636758
1568,-4349.674449518749
1569,-2272.224609978328
1570,-7082.866499045316
1571,-9101.322636442776
1572,-3947.212272010118
1573,-3581.563721142953
1574,-2432.954599464263
1575,-1328.0045222324104
1576,-2068.2310678717045
1577,-7936.7939799023
1578,-2605.0260500135896
1579,-1163.3791421823635
1580,-5455.753246324963
1581,-4486.597868025647
1582,-11821.202416443797
1583,-3621.310246685448
1584,-1025.1132292146808
1585,-1479.5959724218005
1586,-15184.819613910284
1587,-6780.25008220435
1588,-2874.695175558315
1589,-12388.469015704224
1590,-49660.467160458415
1591,-159641.6507288843
1592,-2654.9013867631547
1593,-3817.479177620132
1594,-4647.426215723031
1595,-2785.537632697399
1596,-594.2164774681687
1597,-9418.801792720458
1598,-6822.914415935608
1599,-3583.864593860464
1600,-1354.7923934172393
1601,-3443.1695902807
1602,-2294.776148334125
1603,-37835.095220025716
1604,-2158.161604008272
1605,-4698.248571634375
1606,-14312.20281934686
1607,-4204.918743158747
1608,-3062.7080683893864
1609,-846.6039916794213
1610,-1801.7655173640467
1611,-2721.8692823515257
1612,-6214.169158600135
1613,-4092.4538161240052
1614,-6042.287009958044
1615,-1803.6033382350752
1616,-207393.54909887924
1617,-16861.751801381473
1618,-4307.954843918822
1619,-867.1053655450557
1620,-21555.882550616112
1621,-1754.6251972814002
1622,-3962.782770178081
1623,-9521.949250412863
1624,-2710.917516905159
1625,-2124.7443459470755
1626,-3263.853736728233
1627,-3485.3444449048925
1628,-7139.429038161969
1629,-1353.054525974437
1630,-3334.3671990098305
1631,-6733.0866144816055
1632,-23048.08711977729
1633,-6636.841070103462
1634,-1537.6018418508718
1635,-2944.232138099564
1636,-5141.512793061726
1637,-8070.675487592622
1638,-8286.865788685493
1639,-9286.343566937254
1640,-6590.823754935603
1641,-82180.20706078754
1642,-3230.839089734505
1643,-7604.911300958164
1644,-17564.314429037324
1645,-3079.4712714150105
1646,-1261.8433188667336
1647,-3948.170852543904
1648,-4650.069958828269
1649,-9701.209620117475
1650,-5824.0926976895325
1651,-10609.656449919628
1652,-2000.146455773754
1653,-1303.0334290479975
1654,-2207.145909555091
1655,-2269.849071401609
1656,-1623.4177614205869
1657,-9755.37522585726
1658,-9811.342739969283
1659,-2947.085202190023
1660,-12999.131700284905
1661,-6330.4459184030575
1662,-10043.825556123744
1663,-4993.790062586485
1664,-1200.3108873474325
1665,-7796.85389765242
1666,-10462.523357762062
1667,-3748.658713538762
1668,-4442.024257875391
1669,-8147.8166444765075
1670,-4960.633324757538
1671,-4205.41149358418
1672,-19840.7824370953
1673,-3824.534714506578
1674,-2369425.8636267725
1675,-10068.226725468743
1676,-13979.83606769906
1677,-8680.540076479876
1678,-2839.083496261611
1679,-2806.7525537910906
1680,-8476.918380001593
1681,-2071.5754246698457
1682,-29356.73264406573
1683,-1642.7994974116232
1684,-19492.13823474385
1685,-64386.141811410555
1686,-98439.80300939467
1687,-1288.0760429374056
1688,-2897.740330907332
1689,-1750.0541356282044
1690,-26326.575863425693
1691,-2238.2751450298897
1692,-5947.678049559716
1693,-12517.45088042555
1694,-2050.890597917371
1695,-7319.952060045405
1696,-6337.217154811739
1697,-7655.198425101822
1698,-11139.232490188147
1699,-10298.251449840564
1700,-3855.8687139945287
1701,-1965.8369441499924
1702,-11134.843414998584
1703,-7159.354923027759
1704,-9221.253212186648
1705,-8080.158341532491
1706,-10504.838398773112
1707,-4093.834573886155
1708,-556.656759943029
1709,-6799.657404144731
1710,-5736.386970919866
1711,-10315.088800803098
1712,-9700.472229946865
1713,-12126.759166905169
1714,-1442.3811822566242
1715,-2083.0973576651404
1716,-904.358536419474
1717,-7165.363051301877
1718,-14589.040904731934
1719,-669150.4615052029
1720,-17290.624616336798
1721,-5045.8837583370705
1722,-3620.4090133028935
1723,-6533.268511489072
1724,-14689.958243131192
1725,-4456.348918743039
1726,-60897.30836923498
1727,-169669.43452121507
1728,-1874.5647292459191
1729,-4731.165821536546
1730,-7815.488937074247
1731,-2365.388831937391
1732,-17019.543256422825
1733,-3003.6811802306293
1734,-14841.783472258685
1735,-8283.951105901946
1736,-6187.412324702642
1737,-1854.2902037745685
1738,-22477.236019033444
1739,-5879.261913940121
1740,-4312.107336037809
1741,-20265.58621039907
1742,-1402.8977971646787
1743,-10882.81626022528
1744,-1144.5155149914156
1745,-9748.577839956408
1746,-11223.760849064309
1747,-37833.02766394885
1748,-24720.772207284237
1749,-4235.737985628181
1750,-9053.857388306309
1751,-1141.5549713478106
1752,-2681.8050744985158
1753,-1545.5825223607956
1754,-3128.5551364709168
1755,-7650.796883592783
1756,-38880.82646036285
1757,-30208.23579342012
1758,-6090.172892083654
1759,-5095.487883120278
1760,-46016.29184965342
1761,-10884.8576590878
1762,-3705.9478233496734
1763,-8868.068676568442
1764,-2071.1103616206096
1765,-3635.811118354506
1766,-6847.750036665868
1767,-6105.992645559604
1768,-5196.95527599924
1769,-3029.8506136531514
1770,-1470.8713182873307
1771,-2666.5468576880185
1772,-2096.4041006068
1773,-27056.206810140386
1774,-7538.7576156842515
1775,-10807.016772379724
1776,-2834.927826335745
1777,-25353.55341069314
1778,-772.2330616763536
1779,-1171.7000182382974
1780,-3614.7860653002253
1781,-9655.67702446208
1782,-619.9102197754597
1783,-3307.324706535469
1784,-1724.535637768197
1785,-5520.400587882226
1786,-5323.109238738928
1787,-5000.272472099305
1788,-2799.2383102373938
1789,-789.1553663168605
1790,-4377.8326069245895
1791,-5212.803622657536
1792,-3659.583812083917
1793,-1209.9563138493015
1794,-1175.3434922190927
1795,-1930.342450105402
1796,-18590.57312958981
1797,-11258.037400717805
1798,-193657.24340307584
1799,-5405.142772933745
1800,-7861.650529344025
1801,-31484.408392097026
1802,-7083.530846711935
1803,-11523.46485702161
1804,-15299.397953954522
1805,-9940.757686131854
1806,-1968.053787899097
1807,-3004.518109880783
1808,-15428.266483464136
1809,-2971.6009624024964
1810,-1476.5537375226459
1811,-1811.309912424418
1812,-17432.847904498198
1813,-2791.6720921403844
1814,-9789.55910085671
1815,-1694.2802572719181
1816,-7763.391030890937
1817,-19154.48910248103
1818,-2400.078260573885
1819,-1696.9088716612696
1820,-3489.4872179400572
1821,-3792.029097941248
1822,-537.3520645628663
1823,-11515.978654096732
1824,-2111.3120540246773
1825,-2687.092115456487
1826,-1950.907036108623
1827,-729.5953095240483
1828,-5042.964952873357
1829,-15242.478911277587
1830,-10162.7009167466
1831,-19650.313391050502
1832,-3868.987251308555
1833,-3361.1845587088933
1834,-847.466246540245
1835,-17950.68857774817
1836,-2530.481525628103
1837,-3197.114280367123
1838,-1493.86743254996
1839,-9498.400590709827
1840,-434805.423794164
1841,-4401.946995382585
1842,-2484.9077599102498
1843,-2127.6383617170613
1844,-2551.5061856426278
1845,-3421.3622312488683
1846,-10210.529898859117
1847,-7350.768698719409
1848,-12553.328260948867
1849,-10790.935916248493
1850,-22485.15692424742
1851,-4031.9760236885504
1852,-4021.879026367901
1853,-5151.290032461973
1854,-3748.132638677798
1855,-6072.57316261826
1856,-1030.1011260729663
1857,-19531.37067033644
1858,-2042.7058301661014
1859,-2755.1143422414807
1860,-3746.8497595311737
1861,-11703.36177996346
1862,-8619.796080419923
1863,-887.18467862949
1864,-43585.718939144484
1865,-13363.05315818894
1866,-3869.769159417651
1867,-20780.79908262704
1868,-12150.700530642784
1869,-49338.13305115227
1870,-3122.328832998977
1871,-5663.600349126881
1872,-29958.20569462612
1873,-6720.735112076222
1874,-3065.98224289932
1875,-3911.5291672958147
1876,-985.8646273897533
1877,-29015.97724297692
1878,-5858.355811463845
1879,-2276.610525722453
1880,-1136.5724681693102
1881,-48013.079493979036
1882,-1621.1286841302801
1883,-3198.578347178915
1884,-2642.4187013092364
1885,-4484.146562243872
1886,-4155.583810034737
1887,-1949.8532910190813
1888,-65097.28710866912
1889,-82502.51132390919
1890,-39594.27498433615
1891,-19326.398764292582
1892,-3405.1115210409
1893,-6948.1065728900085
1894,-22110.45627121731
1895,-3954.682853014696
1896,-8333.147953687803
1897,-2047.6952351354087
1898,-1796.827350973455
1899,-8243.239324676779
1900,-1322.3642202155588
1901,-2891.6749334250267
1902,-2945.959389666322
1903,-85657.33492187501
1904,-1155.6175990985964
1905,-12613.72952320158
1906,-2710.268049087863
1907,-4453.206920558426
1908,-731790.2678062409
1909,-651.9144865444097
1910,-7074.509213262695
1911,-252009.5007018509
1912,-11579.656894961172
1913,-17466.47586380081
1914,-6949.805848847856
1915,-11282.526435797552
1916,-4482.775797154154
1917,-15280.48995372728
1918,-7941.450600897499
1919,-1909.4781922271936
1920,-1565.8392744681594
1921,-1037.437997700257
1922,-1319.4648200767658
1923,-8715.875095375772
1924,-5465.09173910263
1925,-2074.4266417240697
1926,-21847.262100615382
1927,-4276.866945379164
1928,-4635.327667255276
1929,-2899.197774615593
1930,-4887.560036614177
1931,-2882.015056951064
1932,-5316.62593344714
1933,-7145.4673562049375
1934,-7586.831992878556
1935,-1448.0079474258066
1936,-7093.293393461718
1937,-1396.3691362513478
1938,-146698.0203749703
1939,-1610.5231495929736
1940,-5440.944737700995
1941,-7818.848178939616
1942,-6059.045557505467
1943,-4131.666772389753
1944,-1483.8212914639525
1945,-21458.616308483983
1946,-86498.85246317735
1947,-12899.793987999668
1948,-24030.919791151406
1949,-6485.967972587662
1950,-1759.9504518685626
1951,-4534.7838070715525
1952,-3132.2450085574133
1953,-2575.188487253378
1954,-5844.568271739602
1955,-10994.70272467799
1956,-3275.241709056247
1957,-1313.034614241952
1958,-2090.867633272765
1959,-15102.082890916336
1960,-1716.9063528032395
1961,-8070.560154728089
1962,-3827.918223075299
1963,-25876.54408375021
1964,-14054.219550185591
1965,-1257.6613779130435
1966,-2877.733873984921
1967,-1277.301244803159
1968,-738.2835411373079
1969,-2009.1090492770045
1970,-13636.4253141913
1971,-5787.298036562667
1972,-10797.568544960512
1973,-55567.70869390405
1974,-9622.870977675435
1975,-6986.158308697018
1976,-515817.6699177536
1977,-2532.949817615111
1978,-1848.0681979843107
1979,-2823.3029415904984
1980,-64383.89267835768
1981,-6187.520950892724
1982,-20919.34490984906
1983,-4827.920229475582
1984,-5876.708614724037
1985,-2275.473480797042
1986,-1070.5801929833278
1987,-2585.911185545233
1988,-9810.959620066757
1989,-6925.1083778830825
1990,-2937.820725691125
1991,-18531.11928677533
1992,-5795.790800914752
1993,-4391.7926144729245
1994,-288925.1682592886
1995,-10103.911147153816
1996,-11451.186057304329
1997,-2449.7479218744706
1998,-486115.6175810757
1999,-26912.27847065592
