,value_per_image
0,-5.3787087694252875
1,-27.20637523678397
2,-5.68973062825944
3,-21.274495425649093
4,-37.386020479626495
5,-37.13554784026928
6,-5.371980487199835
7,-33.77082920716498
8,-11.000130285497619
9,-40.2358954513993
10,-44.79830569861152
11,-70.7868383830646
12,-3.231172292271367
13,-0.05481886068628228
14,-5.095855383368871
15,-0.8753537443180903
16,-56.55875314140769
17,-24.034149215625803
18,-13.52584252904198
19,-21.065283562566037
20,-52.98554119775599
21,-0.16323064079426786
22,-16.763157369943656
23,-3.1524135407571805
24,-65.84903758364817
25,-56.70013565522174
26,-69.26482585577469
27,-0.005138888868543745
28,-36.464291657114494
29,-55.08673989765265
30,-24.53106688477419
31,-5.785286464895876
32,-1.563339597459235
33,-41.117565112465854
34,-9.485935245204018
35,-0.10823744388437717
36,-2.4137961337564775
37,-26.46985930593479
38,-81.50782808834629
39,-39.33652382065293
40,-36.17278618323749
41,-50.48639329420888
42,-14.604310140199274
43,-1.8613832998917132
44,-35.215600186272695
45,-1.315785329672508
46,-0.6606581013856498
47,-15.857981707929866
48,-49.35970485115206
49,-28.45990238015623
50,-4.07814454950244
51,-2.8963804611767046
52,-65.31484258605451
53,-50.83197843904759
54,-48.43577467293653
55,-0.7061595169144191
56,-4.605768112582155
57,-51.41431755543522
58,-35.504451217136875
59,-5.189695703434381
60,-43.187344675425265
61,-73.26234323702352
62,-57.534584833625104
63,-61.55543752595986
64,-0.848139487991149
65,-68.88387383718509
66,-61.00644231046135
67,-52.880272308508495
68,-10.421006246922843
69,-2.5506831615639385
70,-36.96228903588781
71,-63.25941414064437
72,-6.154060161519624
73,-22.3643254431081
74,-55.535787055967376
75,-37.136615502183645
76,-16.724209646992676
77,-55.223674205068164
78,-52.899190730446776
79,-73.94456314092895
80,-6.846149065525701
81,-16.171249216288288
82,-36.44470682353722
83,-51.627901241275254
84,-5.573028568001845
85,-3.8870715964721967
86,-45.57284456941295
87,-27.03749145310576
88,-29.055583607833398
89,-41.17858977818105
90,-5.2868033977949835
91,-87.69263321459084
92,-11.737278246015194
93,-67.14415725507024
94,-57.019080896258856
95,-6.113405092109019
96,-49.78802131952699
97,-7.83699716340066
98,-0.335523548128549
99,-12.966490481879703
100,-0.47866643534641184
101,-28.58354325808554
102,-4.825928510633275
103,-64.21193726071894
104,-1.1542880889563776
105,-6.712328777401979
106,-5.286910658066347
107,-4.364602969062275
108,-40.10835142619089
109,-53.679285301342134
110,-21.107903105751348
111,-29.42197801863773
112,-11.11936846193339
113,-26.632666877034808
114,-25.350361246528337
115,-35.9405812225159
116,-13.64113575191368
117,-7.961619635154605
118,-34.84452043944964
119,-5.844994637198397
120,-66.6815790897927
121,-14.586989482332726
122,-39.12510879710135
123,-1.2082563534422661
124,-11.271979007825443
125,-15.954711726575624
126,-80.72171123294524
127,-0.032374140894383174
128,-0.6067350985540543
129,-1.9020085890228984
130,-73.47478469822181
131,-62.53698615526537
132,-43.386500791030755
133,-24.05679424097434
134,-9.199527891755395
135,-86.14079195452541
136,-21.05835260469223
137,-6.914965906707948
138,-50.48574847149081
139,-67.00920286385553
140,-35.510865976386114
141,-3.1680942506734198
142,-31.49708399080737
143,-0.384026049354361
144,-72.42011147024459
145,-8.258161731867403
146,-31.351834166391427
147,-38.04880095933555
148,-20.159968251973623
149,-59.78453038335283
150,-41.562832775496645
151,-68.79555226915545
152,-0.43628951730624976
153,-20.709891882630473
154,-44.87416517346901
155,-13.357113962649692
156,-40.50182088539623
157,-4.937858724843957
158,-49.84644606792307
159,-39.28049215851718
160,-8.076237475789668
161,-12.226188159816616
162,-0.6273935164279578
163,-8.257900527788479
164,-0.17642142286831586
165,-25.579354884606413
166,-38.297444650704435
167,-64.07596848572666
168,-1.0407300963161106
169,-1.2366319192412902
170,-51.060934623586945
171,-22.706164950729494
172,-26.92175103018539
173,-4.426496484967949
174,-52.02424993586101
175,-1.7586152541077809
176,-0.8152451473309839
177,-16.202060849782356
178,-50.9077860979394
179,-38.03649480180684
180,-78.54826901009073
181,-28.470733154263144
182,-4.370224371785639
183,-75.62585014139314
184,-21.19052944827672
185,-5.311601704338955
186,-49.44030242484217
187,-21.768824958366167
188,-13.528768831281809
189,-0.7503939348098356
190,-13.259370246202451
191,-2.3596059309838893
192,-26.69013292976106
193,-21.093118223421698
194,-26.896327916022926
195,-27.071950181004496
196,-12.137782760863274
197,-21.608623844347676
198,-15.508150256602732
199,-0.2637266420349249
200,-4.876515892115094
201,-0.458021790447674
202,-25.770976520634576
203,-63.249137144156485
204,-31.583578299035935
205,-18.860826623712455
206,-14.695307232846972
207,-8.247974461096192
208,-0.6049505351220432
209,-31.824527261971525
210,-0.18244488228788214
211,-32.22364742989488
212,-135.91259043020546
213,-36.635956747175356
214,-15.433690658085297
215,-132.0033708270173
216,-0.9350872128060246
217,-21.791061520555445
218,-67.60718624027186
219,-0.015120179644471099
220,-40.872498211118454
221,-5.1665602050492225
222,-53.68489086319414
223,-45.38172417909209
224,-0.09621090615388539
225,-117.02957819327276
226,-20.50113191211858
227,-36.66616416471834
228,-1.1896970178621586
229,-53.755250847167474
230,-0.12432945716500399
231,-2.0720628798244434
232,-59.99747080099365
233,-54.02033830838627
234,-1.6651172583915468
235,-11.692085465680861
236,-81.51571710760948
237,-26.732740129683407
238,-12.607265772116989
239,-69.35187870880691
240,-20.210994347475207
241,-9.650556873622918
242,-2.2768453955068253
243,-0.976811674732744
244,-6.97514292949927
245,-73.52159465194109
246,-27.532552799793848
247,-11.758291942858818
248,-82.17675004113698
249,-20.063991638307925
250,-85.19612463895464
251,-32.03319393545536
252,-67.36002767443591
253,-33.00493838622921
254,-76.79971275914204
255,-55.08315310177886
256,-11.200224341187266
257,-2.2339447267440846
258,-20.755934793439792
259,-8.293440039040433
260,-0.4528559395389493
261,-0.10838654921190027
262,-10.703439111128318
263,-2.811311612372691
264,-1.9681188630047473
265,-52.759221933018125
266,-46.12551866660215
267,-37.05351513757796
268,-1.2144850383806052
269,-3.864657360703859
270,-56.046867704513474
271,-2.6091677071820243
272,-67.65485467942199
273,-28.01085655631323
274,-2.376875221991213
275,-28.676517648976244
276,-1.0097676767364785
277,-70.49574828517507
278,-76.36621385852439
279,-22.188918938860297
280,-55.59642773121277
281,-0.4715416545222979
282,-66.36403095776618
283,-66.41575702826248
284,-28.378401764064108
285,-18.50498713257207
286,-34.288661523104416
287,-60.71062364561931
288,-10.524307736879564
289,-0.0050708572574649224
290,-0.12305748015899098
291,-2.229556984458668
292,-22.18011532165292
293,-3.1980947368438137
294,-62.47463291929262
295,-0.010563851546748992
296,-32.065333075181115
297,-1.9650079728096017
298,-11.26299060116338
299,-36.01469113536132
300,-22.64958030296082
301,-51.943178433851244
302,-3.471323611862317
303,-7.359107048599981
304,-0.17069337901739345
305,-77.32742919720476
306,-5.932587928672492
307,-24.87306419793981
308,-73.48888028302463
309,-38.92397156614243
310,-18.456153528069535
311,-0.11231008976852763
312,-37.922737847377725
313,-0.3391413715546605
314,-1.2407017175589772
315,-0.19700705291322151
316,-17.763650146039254
317,-43.19943670988869
318,-1.1135969554325698
319,-4.949749193507159
320,-53.79437427169921
321,-5.522506543089548
322,-46.392923853431796
323,-85.88658798146162
324,-1.1179193125999376
325,-81.9569320946134
326,-39.45963143776453
327,-51.92740338795136
328,-57.96275302629738
329,-74.27130680048867
330,-98.55480117103795
331,-89.12227551320393
332,-21.009590174602636
333,-7.395065616363013
334,-30.141570898299918
335,-53.43798307991642
336,-14.086253474598031
337,-18.899373369526813
338,-12.681104235965227
339,-35.622255471545145
340,-5.667918139291032
341,-20.787515140286928
342,-1.945306838212673
343,-34.82438624978022
344,-2.3657235509017482
345,-0.37558836597042955
346,-4.8870849628629
347,-12.28970214701107
348,-27.882607098959852
349,-37.89595802196345
350,-2.104644694908302
351,-104.80251180585765
352,-23.73254195036384
353,-23.36116675566609
354,-58.3047190144207
355,-98.0603150754614
356,-65.56280958560819
357,-67.02295349890483
358,-191.41739731223788
359,-4.731440711443611
360,-0.7862933093326774
361,-37.367953494069354
362,-0.4501013853805489
363,-1.0749724449633504
364,-27.648915269416648
365,-45.27250252587692
366,-30.265642613788486
367,-23.758791637204922
368,-8.319278540355299
369,-46.06931482725696
370,-33.92706555760233
371,-80.30664256432306
372,-0.5001112075515266
373,-16.449910493835887
374,-56.15583363212863
375,-30.199204140071743
376,-5.318048296500365
377,-4.346046563051459
378,-48.596589646728965
379,-32.917902709879854
380,-12.742160076047412
381,-1.4832953110907994
382,-10.59167216763558
383,-5.9779253846400024
384,-35.61375900173584
385,-50.30124572256864
386,-39.520681149020675
387,-85.39828486717306
388,-18.240766424293724
389,-0.0499573416730712
390,-70.16436110526422
391,-2.1299568643280393
392,-0.009420244834359437
393,-59.14164206112828
394,-47.444393582605485
395,-25.474609637508625
396,-22.49085684642705
397,-47.92936846154771
398,-18.28319137485323
399,-25.36748793879633
400,-86.42662998007316
401,-2.636228971707169
402,-19.33282404844067
403,-52.698582615452324
404,-12.994639683134665
405,-9.01116706594297
406,-43.149837017583195
407,-45.54294362894143
408,-82.0490800462394
409,-5.39567349544677
410,-33.4480349168488
411,-83.45769485387169
412,-14.884572004662687
413,-0.015829720291208105
414,-0.5996440305898432
415,-4.5558512872684105
416,-14.79514760051643
417,-0.17396264538842843
418,-77.78256561505532
419,-60.74540418642539
420,-35.49411672000849
421,-54.7597710526461
422,-38.52825414601102
423,-35.90259025656269
424,-41.72892010415762
425,-22.67608966061158
426,-53.96980327510029
427,-37.07231847165942
428,-31.005746449853177
429,-5.823180327692171
430,-30.837665660085804
431,-14.178867457525484
432,-35.738056388269456
433,-15.275942538835807
434,-54.25118555070404
435,-74.63133229886034
436,-67.51681384232279
437,-77.06680072957352
438,-54.23447623473726
439,-6.513843035708078
440,-53.18333606577107
441,-21.05302742504904
442,-14.945025258828537
443,-66.99130993063022
444,-8.18981175739441
445,-24.79431865716299
446,-38.85518046565812
447,-6.551198913517624
448,-20.72469774144286
449,-8.605927088006865
450,-94.46536584267596
451,-7.135846037341253
452,-25.117141387672746
453,-49.85650636412174
454,-20.804703373280063
455,-0.03152681772318999
456,-1.466175696845312
457,-5.3011213444827945
458,-45.15480595135409
459,-9.421489750914557
460,-3.445195917167041
461,-47.77932802415853
462,-28.753749114461243
463,-4.0436868799652075
464,-40.524241420025646
465,-33.287111061228984
466,-31.359366675213096
467,-28.818545032306005
468,-57.27724224039457
469,-26.135418878712812
470,-65.17550759837377
471,-49.24461389425327
472,-77.68867671416228
473,-0.38451730704673537
474,-0.3605363477690844
475,-10.30831524261157
476,-33.35838093001075
477,-99.32670107589195
478,-40.585537059389026
479,-41.145622520947654
480,-52.34701755847118
481,-3.0613667689831345
482,-13.324444703725192
483,-1.769016359543457
484,-4.762472679494422
485,-21.76002560818074
486,-16.068369916808933
487,-3.9639613432350416
488,-21.268822187496653
489,-0.07134062170325706
490,-29.960763504978786
491,-37.422901278175004
492,-17.083899904071586
493,-0.346115797032553
494,-56.44011766341475
495,-34.382852553385845
496,-43.33273907839646
497,-60.20711815375216
498,-14.809935406412308
499,-41.717544334063504
500,-14.264752486510588
501,-18.90161959483521
502,-21.55227403254503
503,-11.168824979235069
504,-7.595281183036491
505,-43.785202417614414
506,-0.008886923825002668
507,-42.450148179840994
508,-10.236848336427485
509,-44.947880751605226
510,-23.373773074970586
511,-8.225890913187413
512,-1.8545672607953065
513,-57.16203338599007
514,-20.89627936064244
515,-41.79353811863166
516,-56.500230991781294
517,-59.36726198088172
518,-65.95634778447526
519,-6.196377692511305
520,-32.52928349097098
521,-0.8607828380172577
522,-3.5473785469259838
523,-92.55879501911113
524,-13.254589101412876
525,-38.44512469440542
526,-27.62632936208733
527,-54.96857835348908
528,-23.371430775322807
529,-0.1082642456949543
530,-69.58796596999673
531,-13.645719022013509
532,-27.238136448035966
533,-47.5878953542674
534,-67.65139409426592
535,-43.45383407510235
536,-38.015694587433245
537,-60.387430675102905
538,-18.623879577571643
539,-55.875671929979944
540,-16.965918470222505
541,-6.943849050563527
542,-50.760292977591234
543,-0.30011121667848784
544,-55.43392464000908
545,-43.967574588168645
546,-42.2557014176391
547,-11.625067675298396
548,-49.039665478710276
549,-61.28501742405433
550,-63.61597552464809
551,-0.006720258636232046
552,-55.3389990472715
553,-59.10143774328117
554,-36.58666449631221
555,-7.406534796474546
556,-0.639367534709038
557,-0.029275794021486945
558,-20.74383343756199
559,-0.20367472028374323
560,-36.44826508805727
561,-41.323646801613904
562,-34.16397674928953
563,-68.80625586619846
564,-25.86472713437979
565,-68.57398551273468
566,-18.652089974415414
567,-37.564850996786845
568,-15.6689725823543
569,-2.810197942793309
570,-0.5356465474378638
571,-66.94371408487973
572,-0.2262377439392651
573,-42.946902520967384
574,-37.172206958475726
575,-40.29805556694628
576,-8.52132885175979
577,-73.6132409823856
578,-32.91598604600326
579,-27.93812415078378
580,-24.576618989987765
581,-13.760422872008746
582,-45.28175622139224
583,-41.82699387129023
584,-8.661733451132477
585,-2.071807717815645
586,-31.182684071693785
587,-19.389942142132746
588,-7.603681371241529
589,-53.24863899301545
590,-97.16601580975839
591,-59.23169699086259
592,-14.17111202309411
593,-0.4106866779563916
594,-68.46266106062149
595,-3.9539972530692467
596,-70.59368472977405
597,-10.482358829613077
598,-0.2182479017584542
599,-0.026829026228597286
600,-90.0125327249325
601,-22.86726624762059
602,-61.68865444352582
603,-0.10309547016917486
604,-0.676270432123431
605,-0.6316738798279857
606,-11.401614303294593
607,-48.1425320561375
608,-67.35120536886379
609,-44.925303726512205
610,-66.30664640566738
611,-18.206441432028782
612,-0.6277422475264842
613,-12.610991033172695
614,-43.34384570533177
615,-127.69460396782961
616,-87.88302032437844
617,-69.2890596818108
618,-9.698777926640417
619,-15.154870517304516
620,-5.1802913013102625
621,-7.735913643301686
622,-37.607292303658596
623,-27.33846322217275
624,-30.95974994727801
625,-22.783810941873526
626,-13.99246068575303
627,-42.90982754033121
628,-4.096979555276448
629,-19.830428160672607
630,-27.64678597886848
631,-52.0500351580728
632,-1.6329793094919296
633,-58.53291111773433
634,-13.8133881154954
635,-72.23793415923865
636,-54.94232580881378
637,-3.06541462120731
638,-8.092592281253019
639,-32.36014411674478
640,-72.91414285355563
641,-0.033021411752997665
642,-44.72321109000313
643,-11.372130749672934
644,-11.50245722978434
645,-53.67662174670535
646,-4.598903129988685
647,-21.96505452739075
648,-13.963672905109775
649,-9.488198848065394
650,-20.129607704206137
651,-4.015390808069888
652,-53.6080184572167
653,-0.11416782399908598
654,-3.278993830524996
655,-0.13846090775883013
656,-105.86651044564633
657,-0.6591091504319309
658,-12.685488545032968
659,-48.91980742948936
660,-45.59870591984708
661,-25.647378953139423
662,-1.1416087054385287
663,-0.016597235182260306
664,-0.7300062993549545
665,-61.89442052951108
666,-0.0383231327964495
667,-44.351986429267754
668,-5.144144777872498
669,-24.241100744701356
670,-0.8172059514654393
671,-42.79040959534816
672,-26.088598721021526
673,-66.69385879347101
674,-11.646266534895332
675,-36.45481297196554
676,-3.8141179190192815
677,-66.50694927250265
678,-3.808167412759758
679,-49.235942129784235
680,-64.80882415783594
681,-7.303394109752844
682,-8.99906648958131
683,-2.2883909652009606
684,-2.3419824816410255
685,-19.242847751531656
686,-72.11642241236586
687,-3.3442198393622675
688,-3.6179648095967423
689,-48.693867240450345
690,-1.9865906691769482
691,-61.833323175673286
692,-16.747840177199578
693,-57.360008609077454
694,-44.000022066310066
695,-80.47307431618992
696,-4.588182872370567
697,-22.00591709192304
698,-27.404088830131244
699,-0.4921530869024773
700,-0.32218844931399104
701,-3.370106271489931
702,-54.42900287741577
703,-2.600660903998005
704,-16.546071088414465
705,-44.01807722594822
706,-25.005108547273267
707,-13.74224956888429
708,-17.688030459627043
709,-24.16838465762521
710,-0.18550650312681682
711,-11.193548758653424
712,-57.5463022517215
713,-87.93359305740069
714,-58.59392877146365
715,-28.252633652523173
716,-42.368954246235035
717,-40.41056078053953
718,-2.1609657657357957
719,-3.299475677202281
720,-39.06374903389906
721,-9.33076629405332
722,-13.433826173135586
723,-0.329447827336935
724,-0.3407134953295099
725,-13.822134597443451
726,-19.493468039565414
727,-61.91506630645347
728,-17.774856214557303
729,-2.003674548406707
730,-5.930900610961544
731,-69.90359029139518
732,-22.13406987001926
733,-27.737544254363456
734,-20.74757623966434
735,-31.968707088537485
736,-2.044595648389077
737,-45.62835026567518
738,-41.18917721184539
739,-10.857477578271336
740,-0.5887765655606927
741,-0.16238286987027095
742,-48.66158302713302
743,-27.63174932230597
744,-28.475583777088104
745,-94.88141660668407
746,-11.948375280613618
747,-58.54427542025405
748,-74.21486286786717
749,-2.6510088137392813
750,-1.3312216620681738
751,-3.1984139840933494
752,-39.34647278126795
753,-17.612427738683948
754,-24.93083965822828
755,-50.03399768496945
756,-29.85004386644323
757,-14.824189649903929
758,-0.00803370991835095
759,-6.2491724430609565
760,-21.63913209132006
761,-5.225454097728971
762,-38.99598665779922
763,-1.2182852617905837
764,-85.97860216286062
765,-9.478248341281883
766,-7.288055607802664
767,-34.547251776491066
768,-31.882706827687798
769,-0.2465724400182978
770,-1.3942704101573327
771,-59.00978581836762
772,-17.376900324772578
773,-70.68417070836891
774,-17.745183508977902
775,-81.96720176011286
776,-52.95249515747582
777,-17.85898484482277
778,-32.71618101009517
779,-29.74466913544296
780,-10.954528032290412
781,-16.4980355749708
782,-8.588366868328876
783,-8.172386966217118
784,-82.18285287509207
785,-15.552272065195211
786,-46.430892675271025
787,-26.788332624611087
788,-0.9925604311993155
789,-29.61021503551774
790,-68.68656053864174
791,-28.094421440269798
792,-53.46699787312173
793,-13.358348274711261
794,-46.92672189612229
795,-31.450131251569417
796,-35.79947615809397
797,-3.6745086403607274
798,-34.57824898117178
799,-28.980520675694834
800,-1.1310047067511277
801,-33.9852315755013
802,-49.93237817250338
803,-47.78340208564623
804,-16.219582456782064
805,-2.5075645578333905
806,-49.88443987231494
807,-13.270707111659704
808,-15.003375867986335
809,-20.035094417402433
810,-1.4152900740427867
811,-50.96444478383316
812,-14.751431939018115
813,-15.444500439596595
814,-44.44521331948317
815,-0.07333497837983316
816,-0.6222899109707214
817,-42.15515095743649
818,-46.67347572750208
819,-21.142392291736314
820,-90.90699092947034
821,-0.10289969889348072
822,-22.24074630844825
823,-33.13475326619425
824,-30.510670339552703
825,-39.97808653894759
826,-16.624876350578916
827,-12.589825604179481
828,-1.644786651659615
829,-34.87906078137166
830,-57.58131316872459
831,-7.4299227880255785
832,-9.253337608650327
833,-3.9157360140130777
834,-0.3385572479928669
835,-13.37581290509388
836,-0.21336150654406083
837,-70.38383259188413
838,-3.6664332041767267
839,-10.895469529816182
840,-47.770555328266965
841,-53.6056072539601
842,-32.61760745782814
843,-33.766546907029536
844,-12.186988721528905
845,-66.11611293713113
846,-21.050677188129896
847,-28.76174774263933
848,-1.4182328536553541
849,-1.8746996231306525
850,-36.970629787874614
851,-0.054193072721275826
852,-6.903518772807729
853,-60.15600220466564
854,-14.500178059553946
855,-1.7961662182351574
856,-12.062060229541572
857,-0.7085991052781537
858,-50.19256816474808
859,-2.153467796109908
860,-30.992890008346876
861,-52.70365913919956
862,-71.74697049107044
863,-0.4881084328178531
864,-1.1161453161626014
865,-24.49563812588167
866,-34.20324792718566
867,-5.470430437089817
868,-74.02654153741969
869,-51.32508863500084
870,-2.1760702218603
871,-43.811416169790846
872,-54.552295123079716
873,-11.40395249310859
874,-0.0087392699262141
875,-6.474825488548959
876,-7.364393530019299
877,-1.95184209132276
878,-14.426231461986845
879,-0.3703671707319245
880,-43.333009796275064
881,-49.08882333917268
882,-5.998685520986328
883,-19.1372259239007
884,-8.342399509770189
885,-26.206144639527338
886,-1.7592271140019875
887,-57.9415133653589
888,-35.6439562543103
889,-21.453504528355552
890,-3.3039282370359615
891,-42.950198922131676
892,-0.1021063881853479
893,-88.39379580393106
894,-21.913528800541826
895,-2.4884975420064386
896,-0.48793698871486413
897,-47.83149284909558
898,-0.10793768729627118
899,-18.35302644085914
900,-53.96890414002041
901,-54.03604039536367
902,-26.945896843997616
903,-0.48214383077223033
904,-46.02475632203277
905,-69.44319234291834
906,-14.074834147264482
907,-43.17816653296177
908,-1.043132902642384
909,-6.013741845798677
910,-1.069961471912933
911,-0.37727105603698874
912,-0.27961553977911535
913,-4.264004276208041
914,-30.83430042059433
915,-51.74466101047199
916,-26.491497651149984
917,-1.0943614669924635
918,-41.206256430292754
919,-37.128337166832694
920,-43.92352820218723
921,-93.97185532550793
922,-55.96662905180233
923,-51.51645269035251
924,-70.9802960767829
925,-7.5885608677689795
926,-31.949620873783715
927,-13.410889196466542
928,-46.5190550881498
929,-1.0383073127534317
930,-16.855002273168793
931,-29.807912053926884
932,-45.58370623325027
933,-34.26348469102551
934,-40.194603684117055
935,-2.3436258943527264
936,-15.727559775669931
937,-27.760980865320562
938,-39.559087574514706
939,-38.74394371302333
940,-2.223448421048488
941,-0.4587193520585515
942,-11.066181447565668
943,-54.40795615361114
944,-25.49919443998442
945,-1.9899578640211075
946,-0.2647376305067439
947,-11.938026630862396
948,-68.72249786228701
949,-26.710355129631353
950,-0.07560958751832914
951,-0.4629983096286878
952,-0.2608636120930896
953,-80.5768563044112
954,-13.76599674725719
955,-2.526226440937833
956,-26.52052243028163
957,-28.204516656236137
958,-32.196927316442554
959,-30.790780093719377
960,-68.30504108643392
961,-37.30123071132789
962,-17.22736652243384
963,-3.2752045947178168
964,-28.642388010117543
965,-3.6353330546467078
966,-60.345034918866986
967,-0.05760594510638839
968,-0.42061132475828344
969,-54.237238504786546
970,-4.306021682712057
971,-123.49851926126212
972,-69.23487914026418
973,-40.217138848315116
974,-0.3842204513248362
975,-33.63683110941017
976,-0.26869935731701844
977,-0.025049697251631642
978,-76.72872548501206
979,-30.752601143020627
980,-57.674096428057055
981,-30.820551645784704
982,-37.71277840809125
983,-9.325833415823581
984,-13.078825686914115
985,-5.658802640551546
986,-49.301067176913875
987,-20.352485819629557
988,-6.358771946182969
989,-63.73783125290356
990,-11.216960296358138
991,-44.06390704626256
992,-3.664776096207788
993,-12.913716657941649
994,-24.342139656584777
995,-16.245873809204568
996,-1.889475394424153
997,-42.50703062254911
998,-24.63104158213173
999,-77.71556879449054
1000,-5.30750676431569
1001,-70.81951029256174
1002,-53.33808204697834
1003,-0.4155078552835221
1004,-0.21625556764774956
1005,-8.60420562451327
1006,-2.93299307979305
1007,-68.2612433443428
1008,-50.6985315808094
1009,-55.312009191650304
1010,-32.9313378397603
1011,-57.41584827650877
1012,-29.089095728108077
1013,-64.77001599256562
1014,-10.914957467321074
1015,-27.71993260781619
1016,-3.565660444328387
1017,-1.1474990728183911
1018,-40.09659006904679
1019,-10.551980801946229
1020,-6.779600613374896
1021,-29.093137550771644
1022,-26.82730549929056
1023,-22.303570429811515
1024,-29.696203065563168
1025,-43.61121349461246
1026,-17.01650165015633
1027,-0.34355861723815906
1028,-51.96506764460304
1029,-22.35417461480756
1030,-46.77729626178382
1031,-29.655918992236593
1032,-34.77361185825902
1033,-70.77858939462692
1034,-38.105733186271436
1035,-45.32119687362683
1036,-1.4131042743850344
1037,-7.786047811201897
1038,-48.12041355610563
1039,-14.819710392246634
1040,-1.3869512876226509
1041,-29.223809329979872
1042,-23.755587859057414
1043,-48.17917515772206
1044,-20.532819930944243
1045,-63.41309838218092
1046,-3.3662785591677675
1047,-48.78032544615644
1048,-0.2974623998179595
1049,-63.913406893607316
1050,-1.6935601374761688
1051,-3.8848805563739006
1052,-61.68204704239906
1053,-40.79608161920987
1054,-10.820398418101377
1055,-0.2895788797205796
1056,-0.6550421540050593
1057,-4.525969571472324
1058,-0.03295988689296969
1059,-41.77333187229469
1060,-53.11828288725337
1061,-58.05238593805353
1062,-0.7720548956060043
1063,-52.399507271674395
1064,-1.0812627984050778
1065,-63.09686306806179
1066,-49.071251969209015
1067,-69.1322123715754
1068,-64.78780795627608
1069,-1.1392473562445957
1070,-82.91353028768208
1071,-35.974532210384496
1072,-35.151589015915306
1073,-66.27436350892049
1074,-55.2010494827191
1075,-8.590227649891858
1076,-0.7968677924487793
1077,-29.576803979084843
1078,-50.523610072770225
1079,-20.32833675618099
1080,-39.62968525743213
1081,-11.178115350057602
1082,-3.481089942970357
1083,-2.0607448590946555
1084,-1.124243002559524
1085,-6.393960430519655
1086,-56.476452874412644
1087,-0.6636871832981228
1088,-16.77038286874449
1089,-36.51644890030116
1090,-16.135465465966263
1091,-62.88225236449594
1092,-55.68231515585012
1093,-12.77729172679392
1094,-30.978707469740584
1095,-30.595247428068433
1096,-22.043967055160465
1097,-3.9904766985582683
1098,-12.138617992887475
1099,-54.660670761302754
1100,-8.685979306450463
1101,-8.496007326235485
1102,-20.288668778051957
1103,-13.530630723133072
1104,-0.08519559016849598
1105,-27.42578533265805
1106,-38.98579151065325
1107,-16.935267596180523
1108,-14.465873116471869
1109,-15.821673047212471
1110,-40.47324398054843
1111,-15.267982913127526
1112,-2.2062607533043774
1113,-1.8977261447544151
1114,-15.088131610377118
1115,-12.552103976660874
1116,-48.47921374800944
1117,-20.939582976389786
1118,-0.6061466313021953
1119,-39.95875774848719
1120,-9.19189424953447
1121,-0.18423736608565378
1122,-15.243090709344274
1123,-8.943625080580205
1124,-65.39966798435375
1125,-71.23306668067579
1126,-18.316756537780748
1127,-8.729070999323277
1128,-16.803973596696167
1129,-0.42033664457304987
1130,-10.93203912624449
1131,-38.477907841558135
1132,-21.371256731654285
1133,-51.514715018172865
1134,-9.147554568631062
1135,-70.35898538896254
1136,-1.412753508063247
1137,-7.372120035928674
1138,-5.192605696509418
1139,-10.031562933168857
1140,-3.3910377964516556
1141,-19.527467165744156
1142,-38.318853013333865
1143,-33.051268753337354
1144,-70.55088965048742
1145,-31.512566789766424
1146,-47.385179243967286
1147,-57.99960403907971
1148,-21.095168040577846
1149,-2.8166877633093463
1150,-14.182015707970379
1151,-25.068971114917495
1152,-27.809132829404007
1153,-3.573262305149484
1154,-72.57220521419123
1155,-39.41243005742692
1156,-1.449135211913621
1157,-79.2597480201691
1158,-8.009165514882625
1159,-0.09242561266182747
1160,-0.6948303909357492
1161,-0.11562436990755032
1162,-35.205648288049815
1163,-28.585665222999523
1164,-1.2249667094438337
1165,-10.021326653406518
1166,-104.46125269445474
1167,-39.109702389651886
1168,-19.33678335931927
1169,-0.38166234350251216
1170,-67.05504421936985
1171,-7.100093315729964
1172,-57.72491925394752
1173,-0.4705182058857531
1174,-51.484626588728176
1175,-7.2019556154217526
1176,-11.621702547300288
1177,-44.5517537619117
1178,-44.131408382729205
1179,-7.231336827802352
1180,-12.924718456648407
1181,-29.85117316315871
1182,-12.643473987583093
1183,-12.264987802851369
1184,-26.297229464528883
1185,-67.55039846815635
1186,-57.31528704001721
1187,-13.423668829265807
1188,-34.2355103136797
1189,-22.3587167469113
1190,-1.1396440642365633
1191,-7.584972175868415
1192,-31.341306029255065
1193,-19.12965064175296
1194,-58.203228160273284
1195,-0.013479417427333829
1196,-61.22482640099065
1197,-0.2008201251974242
1198,-42.184900341304456
1199,-0.5841987674029951
1200,-10.222391520677775
1201,-0.1245602353628783
1202,-21.474081771119472
1203,-7.937245997461105
1204,-30.62946636234483
1205,-42.23498402395895
1206,-38.24127465623678
1207,-18.62806616621674
1208,-80.0649582799682
1209,-13.051038378004282
1210,-1.665346244801185
1211,-18.12107611258216
1212,-75.54668351588771
1213,-13.878740460285826
1214,-27.694017505577563
1215,-34.13637377110757
1216,-0.037592378996464504
1217,-0.8392612132015529
1218,-58.46014295840383
1219,-32.132196701033536
1220,-10.72832922590078
1221,-34.011971035487136
1222,-68.50025395100147
1223,-24.970771790096364
1224,-87.54051682481077
1225,-16.217671675166457
1226,-0.39897122210095404
1227,-4.830149421943929
1228,-35.488803829380856
1229,-0.23893710976699367
1230,-13.240863711460406
1231,-52.28090946932207
1232,-8.211012265448517
1233,-10.910108343467869
1234,-48.99586815118164
1235,-26.775676182126745
1236,-8.508161301521795
1237,-34.5149257018003
1238,-11.65558752637935
1239,-49.51275587819691
1240,-38.82978559100377
1241,-36.19646902879157
1242,-0.3859404926733987
1243,-45.89758171647725
1244,-37.94251930480823
1245,-47.770337365565126
1246,-27.17606710761038
1247,-65.74503834096322
1248,-63.975273138338494
1249,-47.858366322820075
1250,-3.3800318200312915
1251,-0.0469961128308114
1252,-57.736593650767205
1253,-40.31053023003551
1254,-65.51835833534858
1255,-15.477648463382138
1256,-48.345692719232375
1257,-26.63252609943447
1258,-69.51368301023695
1259,-36.257033029178274
1260,-105.25690596672939
1261,-0.08915688512126962
1262,-0.2823823255592117
1263,-51.309545960808464
1264,-12.073780377923867
1265,-14.413263895583441
1266,-72.23328330900404
1267,-13.637316965182976
1268,-0.004618329588792491
1269,-66.67039083733471
1270,-4.007694148545852
1271,-7.324286233932099
1272,-45.07248419180587
1273,-1.0386389740797313
1274,-60.46674939660727
1275,-7.806198022246008
1276,-12.967892028178085
1277,-36.78027493295288
1278,-33.17331869148438
1279,-0.08826200643215998
1280,-0.853357399117145
1281,-0.7873528673500232
1282,-20.739354512975297
1283,-36.26166205209438
1284,-1.968066434172215
1285,-2.545753359720038
1286,-1.463428455929261
1287,-1.261151669525134
1288,-4.7548204811502615
1289,-57.21458497361709
1290,-42.208922420084605
1291,-17.533028737013865
1292,-48.39981521422487
1293,-28.925638693457586
1294,-54.14017896242967
1295,-26.097570261344686
1296,-59.668759788131865
1297,-4.665031531243585
1298,-0.9105713083365572
1299,-68.11137533068904
1300,-2.19299193189363
1301,-0.007064004515247468
1302,-8.927406568989682
1303,-18.863105818243923
1304,-50.72703801747048
1305,-27.237839170673396
1306,-65.21184623073799
1307,-16.14559646512214
1308,-54.72169032444114
1309,-10.686276871879727
1310,-9.191649231397605
1311,-16.30319145412068
1312,-82.96447500796057
1313,-1.8396503271608253
1314,-15.502508331701392
1315,-16.9899244725475
1316,-31.87893820572183
1317,-8.794010651250801
1318,-0.06615556327096783
1319,-6.549500054081207
1320,-39.94223092819857
1321,-19.171348124984213
1322,-0.02592925894629161
1323,-7.329283869788924
1324,-50.36772895033573
1325,-38.59575608818341
1326,-28.001206338558404
1327,-40.66629076603208
1328,-69.8294855657623
1329,-42.74790943754488
1330,-1.142035236578863
1331,-91.88036159430919
1332,-42.59620414125129
1333,-14.25039431611549
1334,-28.260733381672253
1335,-8.524379918749219
1336,-42.41053006699346
1337,-0.09694293312986701
1338,-7.478876472991971
1339,-0.21566018047399033
1340,-62.0636252955137
1341,-2.370245547458353
1342,-36.69739721095118
1343,-8.951354295397323
1344,-12.731400100445171
1345,-55.48520186224232
1346,-15.885266617726302
1347,-31.276045385557268
1348,-52.651851878319576
1349,-42.0103365484365
1350,-78.54339119893848
1351,-24.94818068701261
1352,-105.97206563291547
1353,-59.32171454011245
1354,-5.855017726482025
1355,-99.93306619436953
1356,-0.1676516469769922
1357,-15.815699672222763
1358,-2.7788306196638928
1359,-76.47187596867752
1360,-11.485079563505849
1361,-66.75219526374713
1362,-56.73724346558447
1363,-5.543225959810769
1364,-21.997726817603137
1365,-69.38004929036833
1366,-3.339779761107934
1367,-3.328783076678974
1368,-86.4796177392418
1369,-0.9258657099480843
1370,-54.558936888139215
1371,-1.0996078030366334
1372,-78.02659333312477
1373,-0.0075557250452220615
1374,-11.289806208324464
1375,-11.507044091227499
1376,-28.379053625578848
1377,-38.40387455729069
1378,-38.19063623951661
1379,-29.483857380233616
1380,-1.9224360205107587
1381,-31.969087868072116
1382,-5.6611557214928325
1383,-37.46168432301624
1384,-6.925657766783843
1385,-36.22482069856172
1386,-23.301292872629347
1387,-38.87151376519705
1388,-6.90432748407693
1389,-0.2661105062816489
1390,-54.60013205471682
1391,-24.686469761765238
1392,-21.480716442272296
1393,-47.43141139678422
1394,-17.780070886947215
1395,-19.293459570706545
1396,-22.10003117734164
1397,-0.08248324829321518
1398,-65.48168444211368
1399,-2.205561450556843
1400,-52.85037369380552
1401,-19.670662527286368
1402,-0.0310486120832536
1403,-48.56325593416227
1404,-1.038443774843472
1405,-41.843825990968355
1406,-7.605777574122453
1407,-64.75881453519264
1408,-46.65330407312729
1409,-3.574590303665161
1410,-39.69968847779728
1411,-0.10376244597671302
1412,-1.7342757913293099
1413,-0.01687054086369244
1414,-5.528313820314224
1415,-1.4276208995902664
1416,-6.695149097569959
1417,-56.31475818394301
1418,-8.10132867171103
1419,-29.436513615838976
1420,-10.553338730707765
1421,-47.813419188705666
1422,-6.516088182841486
1423,-49.09628009537515
1424,-44.86835776214957
1425,-16.592467640253147
1426,-11.262222807039507
1427,-9.10280944939177
1428,-32.74231451514845
1429,-57.25781778611281
1430,-5.680098622462538
1431,-8.225904594881882
1432,-4.150747315792501
1433,-0.22160872114523045
1434,-34.829650625557406
1435,-5.467442703018605
1436,-11.80294972453703
1437,-38.55718927010264
1438,-22.66576422987265
1439,-2.488893563033571
1440,-1.2720865106457495
1441,-12.113407759534311
1442,-30.704328592910315
1443,-0.2845273169259599
1444,-26.224603327813384
1445,-3.8642446884564663
1446,-20.838870448684162
1447,-1.774297668493091
1448,-54.78527599770133
1449,-45.63866827891525
1450,-3.8958344658094575
1451,-21.110070946540873
1452,-5.075776784529353
1453,-90.17059307749253
1454,-80.30972271429891
1455,-40.79146358442381
1456,-31.76863484012182
1457,-0.10893273101683576
1458,-19.111375126653
1459,-0.6449991401941588
1460,-59.69042504022218
1461,-63.17168259708342
1462,-48.86984598511481
1463,-4.600862195419978
1464,-47.07231378742797
1465,-11.83380753504025
1466,-4.335854776127235
1467,-57.85907169055281
1468,-15.314959580620325
1469,-12.935277885333328
1470,-65.17306788557312
1471,-10.40488998728415
1472,-2.9073823917515256
1473,-57.74904510214458
1474,-23.033677900660678
1475,-55.61021134491453
1476,-0.3698284312195028
1477,-0.005351235971559148
1478,-24.75258642408312
1479,-50.407379063183726
1480,-13.062557126039792
1481,-42.004592933065226
1482,-4.526066330528707
1483,-7.62080611006968
1484,-41.22270130334776
1485,-16.826008444660147
1486,-3.905980158222519
1487,-1.9936381808983015
1488,-44.08276622747254
1489,-14.40195123370313
1490,-16.182276075272966
1491,-25.778561343422552
1492,-2.156265758513655
1493,-47.76345746859624
1494,-17.839180776954464
1495,-45.843456664746014
1496,-0.13510458856683272
1497,-0.3155407482108785
1498,-55.15319620029186
1499,-4.933937984944805
1500,-29.931634627168307
1501,-3.5346310607092164
1502,-69.74112095745295
1503,-1.725878531604394
1504,-6.500148658151495
1505,-0.8707650594114966
1506,-38.70033375227649
1507,-20.179614714707835
1508,-6.110465486472094
1509,-7.308646882366588
1510,-26.48666999373826
1511,-2.9942397377096768
1512,-2.9328177239749493
1513,-5.7297453484316065
1514,-0.014283987669216458
1515,-9.381166495746584
1516,-29.16414188848171
1517,-11.52787096069153
1518,-15.89392930032318
1519,-38.61150824118954
1520,-4.915098712734027
1521,-54.048851403909794
1522,-0.17090566390925233
1523,-6.726136943021629
1524,-74.25763127034043
1525,-49.49479682080039
1526,-29.477352604064897
1527,-8.59564802388195
1528,-0.969021084400083
1529,-20.215885272564265
1530,-1.4112371575055604
1531,-21.794447696056523
1532,-2.704349230247317
1533,-76.02235780594128
1534,-18.771896318534345
1535,-7.243942608913002
1536,-81.06364162189813
1537,-43.61112238419548
1538,-6.622817410786411
1539,-40.55118895821316
1540,-8.039767913918354
1541,-12.972929679457593
1542,-53.56664893530251
1543,-11.601024029522364
1544,-0.10925648470879423
1545,-37.51266953806726
1546,-2.4577303674593742
1547,-32.46942365419824
1548,-23.29370284737388
1549,-3.152407790756115
1550,-30.57011920784737
1551,-11.619337266314687
1552,-22.425705702422164
1553,-57.86897560740124
1554,-15.055011378870404
1555,-13.534707058030484
1556,-0.6873758392612217
1557,-11.670342821409122
1558,-0.7154602269790757
1559,-51.71658058087715
1560,-45.34803790883976
1561,-57.33812130599563
1562,-0.6852604810865159
1563,-51.97197050368413
1564,-19.716131739063712
1565,-0.4334759143393967
1566,-24.936441634017683
1567,-57.007145370202124
1568,-42.5732107789849
1569,-36.25054914356588
1570,-79.13180572277088
1571,-32.75459922675145
1572,-0.6654695682987182
1573,-6.593580082510499
1574,-25.00569511229878
1575,-13.737974615685232
1576,-0.1785552290493797
1577,-36.63049464950089
1578,-27.51513720503135
1579,-10.624277126808007
1580,-25.94845378786522
1581,-31.85728598232489
1582,-62.34839345084799
1583,-0.2028693607202996
1584,-24.712812219507214
1585,-107.27036038419465
1586,-3.550999165402022
1587,-1.6335044354491401
1588,-21.02306637776917
1589,-55.635581240690726
1590,-18.81093360238856
1591,-37.18510426492139
1592,-9.997756851851591
1593,-12.102580863740684
1594,-16.30606039504346
1595,-10.181317251329732
1596,-5.734966911297306
1597,-6.472414801084398
1598,-68.74505784139092
1599,-25.932026032232578
1600,-82.34565800997916
1601,-62.12187843485208
1602,-36.43200689271896
1603,-14.537902282548657
1604,-0.035940550863983844
1605,-29.030513274966097
1606,-0.046528611489605964
1607,-60.91570765817448
1608,-0.02667808536176608
1609,-54.0806694612985
1610,-70.40639130474597
1611,-4.315670572390445
1612,-34.520453707817545
1613,-4.6473296312900345
1614,-50.78561458999707
1615,-7.59325807687128
1616,-69.84134722255342
1617,-21.025127479565526
1618,-14.599604236602318
1619,-39.25955920787237
1620,-59.576019445233214
1621,-4.358368754926573
1622,-8.892221469957803
1623,-21.14704423926014
1624,-4.527098440380087
1625,-96.95054393982718
1626,-69.46876504754619
1627,-35.28013525359165
1628,-0.8464974011585582
1629,-56.074738998177054
1630,-4.465379393875082
1631,-24.58367282725976
1632,-6.759422535198631
1633,-0.35984975154633503
1634,-2.8857541680804975
1635,-61.643472415351425
1636,-8.927009838755112
1637,-11.206644174613757
1638,-8.871134406931674
1639,-43.75664104630232
1640,-8.356981172471379
1641,-30.40312996776558
1642,-48.97065687425615
1643,-23.861597869483376
1644,-12.614120190179321
1645,-3.1281725174550425
1646,-20.85954609913216
1647,-0.30750605708033163
1648,-19.187013191740675
1649,-53.31404520711118
1650,-63.15059278223316
1651,-18.185942393087316
1652,-2.098564542965505
1653,-33.839492562721716
1654,-14.118233979256729
1655,-16.271743544287006
1656,-0.04822604690571097
1657,-68.59781020930723
1658,-53.93327548748209
1659,-61.556737217770205
1660,-22.328833415187546
1661,-12.196423081790272
1662,-33.70393661533319
1663,-37.34086835673952
1664,-0.21010308060044736
1665,-16.00850824142867
1666,-62.68118281229545
1667,-8.683728610325488
1668,-0.03471801122719853
1669,-11.604385683956934
1670,-25.22977694902511
1671,-68.44861945403727
1672,-14.885853130980877
1673,-3.8043698015535483
1674,-5.732763118944604
1675,-1.0002748717051873
1676,-0.4748498308113085
1677,-30.091236735953316
1678,-18.326103963199063
1679,-83.34133456035468
1680,-38.970541097838556
1681,-2.994555303710513
1682,-55.7277337725709
1683,-66.41245934224571
1684,-0.9515933566498234
1685,-102.61989222024567
1686,-62.41134272045588
1687,-47.66596170358571
1688,-18.015113390815777
1689,-0.7056970146509229
1690,-68.94238265231661
1691,-42.98986186309139
1692,-40.92822672533657
1693,-2.563052220881218
1694,-42.04919671480957
1695,-51.20570127921792
1696,-6.329045714500353
1697,-24.822106420637283
1698,-0.6495578179014956
1699,-34.49628291287155
1700,-39.24443676926363
1701,-0.003338003900795118
1702,-75.8735302578425
1703,-73.55679653582355
1704,-52.85808359288319
1705,-29.076710521838322
1706,-39.85582388348337
1707,-12.18876312145494
1708,-40.19269455047515
1709,-35.9122662228765
1710,-84.54990795501726
1711,-8.875576653867029
1712,-30.5782357328262
1713,-4.263041017540161
1714,-2.6523232588169776
1715,-85.01482461229898
1716,-9.775643096061174
1717,-44.71877502789535
1718,-8.647671066423612
1719,-85.79953375719924
1720,-13.467717688104926
1721,-26.881412207375433
1722,-83.00401052916277
1723,-67.0318607729605
1724,-45.65421386824346
1725,-35.57929309486735
1726,-22.15701624128633
1727,-54.48251099989284
1728,-72.89667094272227
1729,-34.38939149617363
1730,-35.64199789652412
1731,-90.35150677913771
1732,-31.29894137043084
1733,-49.022121782282966
1734,-27.44043104366574
1735,-4.8527079803479864
1736,-13.103437024983577
1737,-25.643072637384194
1738,-0.42235866350483775
1739,-5.492746089887532
1740,-34.30828859694441
1741,-6.591405699967254
1742,-40.736104562680566
1743,-57.658123521514426
1744,-69.17375061205507
1745,-46.953246799057524
1746,-1.6012428436185768
1747,-36.53951156459061
1748,-29.919930534155355
1749,-57.85310674421362
1750,-102.42316568429553
1751,-65.6346862913233
1752,-56.40757255930657
1753,-0.3577832833823038
1754,-72.49513292290504
1755,-23.824804724267334
1756,-12.945487193119675
1757,-6.30737493188326
1758,-38.48908137298912
1759,-29.207437957164075
1760,-27.417527484201855
1761,-41.81484336705836
1762,-39.86223822173747
1763,-0.4902915509919694
1764,-53.04818954344637
1765,-30.063404395315956
1766,-18.830959855018218
1767,-27.14963674493788
1768,-33.64414057526483
1769,-84.17847147836937
1770,-9.112342627049657
1771,-0.13304674179926224
1772,-29.880574774934757
1773,-1.819939014589636
1774,-0.3425319725083682
1775,-3.420958103650264
1776,-17.081861119828204
1777,-30.49454780258526
1778,-58.20273086106499
1779,-24.842466067690452
1780,-30.993463181395782
1781,-21.208019751514257
1782,-47.16658427530638
1783,-25.089573415895984
1784,-2.994797711937281
1785,-1.695306540626916
1786,-14.847643645933431
1787,-19.66005842764116
1788,-57.29379485399113
1789,-35.4575765153579
1790,-7.060471529262173
1791,-63.48241174306344
1792,-1.171564016938646
1793,-73.06818870850213
1794,-31.18516565317441
1795,-52.53567804577958
1796,-63.768076316040606
1797,-76.02242997887879
1798,-72.39561324445685
1799,-26.161362853175433
1800,-33.926876065128454
1801,-22.833530611729657
1802,-0.13035161718477184
1803,-36.407887366104745
1804,-31.342687508746167
1805,-1.6463388364451674
1806,-28.222760675242625
1807,-3.4859044249460567
1808,-7.096960941911675
1809,-59.155527807671206
1810,-3.055140512959042
1811,-44.284567832044786
1812,-0.36714714278491556
1813,-1.3525861231980798
1814,-34.128663355849085
1815,-18.083913725800812
1816,-49.89553243204318
1817,-54.83457983248081
1818,-13.569156350597765
1819,-14.803826206177746
1820,-43.77887213158701
1821,-4.969200836449332
1822,-2.655660730439422
1823,-67.03832981604046
1824,-50.31362575991295
1825,-79.39634601727084
1826,-2.354712566375838
1827,-12.458544780125521
1828,-25.76282942233837
1829,-34.48555527861794
1830,-0.8741162291626665
1831,-30.973875863441208
1832,-40.11660071210747
1833,-54.619570802479664
1834,-18.519333551526472
1835,-31.952203313420227
1836,-18.450956066293656
1837,-26.433053652960325
1838,-0.8373111272812821
1839,-27.797090990457036
1840,-14.868972906141153
1841,-32.229985676348406
1842,-17.763788248530545
1843,-118.04546238187231
1844,-4.961710864827182
1845,-23.2856942186355
1846,-12.72418420485269
1847,-14.077119663737676
1848,-38.44516926372559
1849,-78.3902940399712
1850,-51.19451001755897
1851,-20.295871512265876
1852,-63.76052386727042
1853,-28.8934214754845
1854,-23.973848986931728
1855,-47.0923550370635
1856,-4.7450140455642895
1857,-3.1740589348846697
1858,-43.97047588845453
1859,-25.599757845036947
1860,-62.56667175457187
1861,-25.0291372421501
1862,-91.35195839662629
1863,-34.4696099469852
1864,-35.69297704794121
1865,-22.933766078291228
1866,-3.2233074955911434
1867,-3.07146466958595
1868,-31.405820671694983
1869,-39.13697350432267
1870,-49.79039201015449
1871,-0.011456403510138102
1872,-58.56175002727434
1873,-3.413591865790295
1874,-27.948339429829275
1875,-41.96920184042392
1876,-5.272305119153316
1877,-1.8709834725268024
1878,-10.406876645782944
1879,-40.2082105667066
1880,-68.77941849181661
1881,-61.435557159496966
1882,-22.065566434760978
1883,-19.68134515046404
1884,-6.128659612237001
1885,-2.9519758809028644
1886,-9.457816178586633
1887,-6.179576931241371
1888,-5.429174728342332
1889,-0.025252365155438383
1890,-20.93852019013866
1891,-26.845375551474717
1892,-23.17253590848395
1893,-57.9680664368731
1894,-23.348099701602223
1895,-50.73777913183767
1896,-22.07742186436613
1897,-46.56701548792887
1898,-4.7218043724478775
1899,-7.442596313192553
1900,-49.8208657077987
1901,-12.92687804436298
1902,-22.61678667706991
1903,-54.81464415633127
1904,-32.22382333375498
1905,-1.0043089645041618
1906,-49.99437754994142
1907,-47.025908110636465
1908,-61.71851549853227
1909,-7.976326835256941
1910,-51.15849664914913
1911,-0.13770466354685595
1912,-40.98078277219838
1913,-39.616331481935276
1914,-31.941384027240815
1915,-79.07699151190991
1916,-16.66679606402613
1917,-5.796506075667111
1918,-16.62417629112393
1919,-62.40830111964169
1920,-9.366446084401105
1921,-70.18360304555972
1922,-8.828493500946024
1923,-5.449910434425192
1924,-6.14093590756238
1925,-23.437909863466583
1926,-47.6412870022059
1927,-11.106955102019128
1928,-0.4461332474365918
1929,-46.15731211067214
1930,-47.967444944299814
1931,-21.359928695082544
1932,-15.920217944316391
1933,-31.65123671854836
1934,-0.5625961505322721
1935,-4.013833672706824
1936,-76.30528051013152
1937,-42.363916289530906
1938,-36.47531707534654
1939,-70.31494228088104
1940,-0.15349086839273696
1941,-0.05832116602914539
1942,-4.397810219823441
1943,-60.17672179119472
1944,-15.167926572577244
1945,-34.97056329626139
1946,-0.13626599577946763
1947,-0.5312018463114896
1948,-91.8752018778705
1949,-98.31221862270468
1950,-32.873976884140546
1951,-17.68068833384575
1952,-34.06523776573772
1953,-0.020302707329392433
1954,-5.46243646595326
1955,-67.29603801130997
1956,-18.54036528355755
1957,-72.20997994814388
1958,-70.28627157081792
1959,-47.76174898374302
1960,-1.484816701951786
1961,-42.1335072889342
1962,-27.142846248498245
1963,-1.740525410561986
1964,-5.422887038331453
1965,-47.841079014389834
1966,-50.532196266955
1967,-37.27422431572222
1968,-68.6289462217037
1969,-36.034108978757786
1970,-13.303509236076934
1971,-42.52627780598414
1972,-0.14307763543304475
1973,-96.75954562796687
1974,-145.91937557584606
1975,-62.9095814412442
1976,-10.35907993762703
1977,-67.88277596796252
1978,-2.8795958928635628
1979,-30.96384522756307
1980,-69.0110254639585
1981,-2.562199848223486
1982,-53.774032301676925
1983,-39.950984386814724
1984,-10.133415860124956
1985,-24.85538683868549
1986,-5.560927752122552
1987,-32.617774528138625
1988,-37.95781652317055
1989,-0.2624250756452966
1990,-15.575350014783908
1991,-53.43515421592019
1992,-19.185845782004606
1993,-37.219699309310386
1994,-36.9660481607425
1995,-7.316546592446002
1996,-6.162473042443025
1997,-0.3504540899245967
1998,-38.93503003556363
1999,-6.294331178971333
